0 6365.5 1.000269087200408 1.565461413776911 294.15 0
0.0001 6365.503427800441 1.000269000466509 1.565377391468082 294.1277192971369 0
0.0002 6365.50690908876 1.000268912401095 1.565293367095387 294.1050909230597 0
0.0003 6365.510443866409 1.000268823005142 1.565209340540131 294.0821148683393 0
0.0004 6365.514032134917 1.000268732279639 1.565125311686161 294.0587911230381 0
0.0005 6365.517673895889 1.00026864022559 1.565041280419893 294.0351196767218 0
0.0006000000000000001 6365.521369151003 1.00026854684401 1.564957246629982 294.0111005184834 0
0.0007 6365.52511790201 1.000268452135931 1.564873210207213 293.986733636937 0
0.0008 6365.528920150735 1.000268356102394 1.564789171044487 293.9620190202235 0
0.0009000000000000001 6365.532775899071 1.000268258744458 1.564705129036619 293.9369566560407 0
0.001 6365.53668514898 1.000268160063192 1.564621084080335 293.9115465316312 0
0.0011 6365.540647902494 1.000268060059679 1.564537036073982 293.8857886337881 0
0.0012 6365.544664161711 1.000267958735018 1.564452984917633 293.8596829488791 0
0.0013 6365.548733928794 1.000267856090318 1.564368930512872 293.8332294628402 0
0.0014 6365.552857205969 1.000267752126706 1.564284872762882 293.8064281611995 0
0.0015 6365.55703399553 1.000267646845317 1.564200811572211 293.7792790290536 0
0.0016 6365.561264299831 1.000267540247305 1.564116746846686 293.7517820510969 0
0.0017 6365.565548121289 1.000267432333833 1.564032678493481 293.7239372116222 0
0.0018 6365.56988546238 1.000267323106082 1.563948606421003 293.6957444945318 0
0.0019 6365.574276325645 1.000267212565243 1.56386453053877 293.6672038833084 0
0.002 6365.57872071368 1.000267100712522 1.563780450757486 293.6383153610799 0
0.0021 6365.583218629144 1.00026698754914 1.563696366988831 293.6090789105664 0
0.0022 6365.58777007475 1.000266873076328 1.563612279145546 293.5794945141273 0
0.0023 6365.592375053272 1.000266757295334 1.563528187141339 293.5495621537319 0
0.0024 6365.597033567541 1.000266640207419 1.563444090890813 293.519281810983 0
0.0025 6365.601745620444 1.000266521813856 1.56335999030948 293.4886534671167 0
0.0026 6365.606511214922 1.000266402115934 1.563275885313724 293.4576771030087 0
0.0027 6365.611330353972 1.000266281114954 1.563191775820693 293.4263526991798 0
0.0028 6365.61620304065 1.000266158812231 1.563107661748361 293.3946802357785 0
0.0029 6365.621129278061 1.000266035209093 1.56302354301544 293.3626596926046 0
0.003 6365.626109069365 1.000265910306884 1.562939419541326 293.3302910491265 0
0.0031 6365.631142417778 1.000265784106958 1.562855291246107 293.2975742844404 0
0.0032 6365.636229326568 1.000265656610686 1.562771158050554 293.2645093773057 0
0.0033 6365.641369799054 1.00026552781945 1.562687019876181 293.2310963061503 0
0.0034 6365.646563838608 1.000265397734648 1.562602876644883 293.1973350490479 0
0.0035 6365.651811448654 1.000265266357691 1.562518728279334 293.1632255837466 0
0.0036 6365.657112632668 1.000265133690001 1.562434574702746 293.1287678876578 0
0.0037 6365.662467394175 1.000264999733017 1.562350415838794 293.0939619378618 0
0.0038 6365.667875736753 1.00026486448819 1.562266251611811 293.0588077111078 0
0.0039 6365.673337664029 1.000264727956985 1.562182081946528 293.0233051838139 0
0.004 6365.678853179681 1.000264590140881 1.562097906768206 292.9874543320733 0
0.0041 6365.684422287435 1.000264451041369 1.562013726002648 292.9512551316715 0
0.004200000000000001 6365.690044991069 1.000264310659955 1.561929539576014 292.9147075580512 0
0.0043 6365.695721294407 1.000264168998159 1.561845347415015 292.8778115863537 0
0.0044 6365.701451201326 1.000264026057513 1.56176114944665 292.8405671913832 0
0.004500000000000001 6365.707234715746 1.000263881839563 1.56167694559848 292.8029743476485 0
0.0046 6365.713071841641 1.000263736345869 1.561592735798393 292.765033029333 0
0.0047 6365.718962583029 1.000263589578005 1.561508519974698 292.726743210313 0
0.0048 6365.724906943977 1.000263441537558 1.561424298056084 292.6881048641511 0
0.0049 6365.730904928601 1.000263292226127 1.561340069971612 292.6491179640969 0
0.005 6365.73695654106 1.000263141645328 1.561255835650659 292.6097824831103 0
0.0051 6365.743061785566 1.000262989796787 1.561171595022979 292.5700983938199 0
0.005200000000000001 6365.749220666375 1.000262836682144 1.561087348018701 292.5300656685648 0
0.0053 6365.755433187788 1.000262682303055 1.561003094568199 292.4896842793768 0
0.0054 6365.761699354156 1.000262526661188 1.560918834602232 292.4489541979859 0
0.005500000000000001 6365.768019169874 1.000262369758222 1.560834568051855 292.407875395821 0
0.0056 6365.774392639382 1.000262211595854 1.560750294848445 292.3664478440149 0
0.0057 6365.780819767168 1.000262052175791 1.560666014923599 292.3246715134054 0
0.005800000000000001 6365.787300557767 1.000261891499755 1.560581728209286 292.2825463745165 0
0.0059 6365.793835015755 1.00026172956948 1.560497434637709 292.2400723975946 0
0.006 6365.800423145755 1.000261566386715 1.560413134141352 292.1972495525905 0
0.0061 6365.807064952439 1.000261401953221 1.560328826653008 292.1540778091475 0
0.006200000000000001 6365.813760440518 1.000261236270773 1.560244512105615 292.110557136631 0
0.0063 6365.820509614752 1.00026106934116 1.560160190432516 292.066687504111 0
0.0064 6365.827312479944 1.000260901166183 1.56007586156721 292.0224688803618 0
0.006500000000000001 6365.834169040943 1.000260731747658 1.559991525443403 291.977901233868 0
0.0066 6365.841079302641 1.000260561087411 1.55990718199513 291.9329845328365 0
0.0067 6365.848043269972 1.000260389187286 1.559822831156643 291.8877187451843 0
0.006800000000000001 6365.855060947918 1.000260216049135 1.559738472862372 291.842103838533 0
0.006900000000000001 6365.862132341505 1.000260041674829 1.559654107046961 291.7961397802204 0
0.007 6365.869257455799 1.000259866066247 1.559569733645354 291.7498265373064 0
0.0071 6365.876436295912 1.000259689225283 1.559485352592652 291.703164076573 0
0.007200000000000001 6365.883668866999 1.000259511153847 1.559400963824137 291.6561523645067 0
0.0073 6365.890955174259 1.000259331853858 1.559316567275385 291.6087913673163 0
0.0074 6365.898295222934 1.00025915132725 1.55923216288209 291.5610810509264 0
0.007500000000000001 6365.905689018309 1.000258969575971 1.559147750580164 291.5130213809902 0
0.0076 6365.913136565711 1.000258786601981 1.559063330305763 291.4646123228766 0
0.0077 6365.920637870512 1.000258602407252 1.55897890199516 291.4158538416713 0
0.007800000000000001 6365.928192938124 1.000258416993772 1.558894465584882 291.3667459021934 0
0.007900000000000001 6365.935801774004 1.000258230363539 1.558810021011578 291.3172884689728 0
0.008 6365.943464383651 1.000258042518567 1.558725568212119 291.2674815062673 0
0.0081 6365.951180772605 1.000257853460881 1.55864110712357 291.2173249780684 0
0.008200000000000001 6365.958950946449 1.00025766319252 1.558556637683124 291.1668188480843 0
0.0083 6365.966774910809 1.000257471715534 1.558472159828185 291.115963079745 0
0.008400000000000001 6365.974652671352 1.00025727903199 1.558387673496314 291.0647576362147 0
0.008500000000000001 6365.982584233788 1.000257085143963 1.55830317862525 291.0132024803796 0
0.0086 6365.990569603868 1.000256890053545 1.558218675152862 290.9612975748599 0
0.008700000000000001 6365.998608787385 1.000256693762839 1.558134163017234 290.9090428819981 0
0.008800000000000001 6366.006701790174 1.000256496273962 1.558049642156565 290.8564383638703 0
0.0089 6366.014848618111 1.000256297589041 1.557965112509276 290.8034839822811 0
0.009000000000000001 6366.023049277112 1.000256097710221 1.557880574013875 290.7501796987748 0
0.0091 6366.031303773138 1.000255896639655 1.557796026609057 290.6965254746059 0
0.0092 6366.039612112188 1.000255694379511 1.55771147023369 290.6425212707808 0
0.009300000000000001 6366.047974300303 1.00025549093197 1.55762690482675 290.5881670480338 0
0.0094 6366.056390343566 1.000255286299225 1.557542330327409 290.5334627668216 0
0.0095 6366.0648602481 1.000255080483481 1.557457746674952 290.4784083873523 0
0.009600000000000001 6366.073384020068 1.000254873486959 1.557373153808848 290.4230038695563 0
0.0097 6366.081961665677 1.000254665311888 1.557288551668644 290.367249173098 0
0.0098 6366.090593191173 1.000254455960514 1.557203940194108 290.3111442573758 0
0.009900000000000001 6366.09927860284 1.000254245435093 1.557119319325124 290.2546890815396 0
0.01 6366.108017907005 1.000254033737895 1.557034689001692 290.1978836044676 0
0.0101 6366.116811110035 1.000253820871202 1.556950049163968 290.1407277847719 0
0.0102 6366.125658218339 1.000253606837309 1.556865399752266 290.0832215807985 0
0.0103 6366.134559238363 1.000253391638523 1.556780740707016 290.0253649506393 0
0.0104 6366.143514176595 1.000253175277163 1.556696071968803 289.9671578521319 0
0.0105 6366.152523039564 1.000252957755563 1.55661139347831 289.9086002428361 0
0.0106 6366.161585833836 1.000252739076067 1.556526705176389 289.8496920800634 0
0.0107 6366.170702566021 1.000252519241033 1.556442007004005 289.7904333208652 0
0.0108 6366.179873242763 1.000252298252831 1.556357298902286 289.7308239220387 0
0.0109 6366.189097870753 1.000252076113843 1.556272580812458 289.6708638401032 0
0.011 6366.198376456717 1.000251852826464 1.556187852675866 289.6105530313415 0
0.0111 6366.207709007419 1.0002516283931 1.556103114434051 289.5498914517765 0
0.0112 6366.217095529667 1.000251402816172 1.556018366028622 289.4888790571648 0
0.0113 6366.226536030306 1.000251176098112 1.555933607401354 289.427515803009 0
0.0114 6366.236030516221 1.000250948241363 1.555848838494083 289.3658016445633 0
0.0115 6366.245578994335 1.000250719248383 1.555764059248844 289.3037365368217 0
0.0116 6366.255181471611 1.00025048912164 1.555679269607793 289.2413204345302 0
0.0117 6366.264837955051 1.000250257863615 1.555594469513165 289.1785532921684 0
0.0118 6366.274548451697 1.000250025476801 1.555509658907333 289.115435063968 0
0.0119 6366.28431296863 1.000249791963705 1.555424837732834 289.0519657039062 0
0.012 6366.294131512967 1.000249557326843 1.555340005932282 288.9881451657119 0
0.0121 6366.304004091868 1.000249321568746 1.555255163448449 288.92397340286 0
0.0122 6366.313930712527 1.000249084691956 1.555170310224181 288.8594503685771 0
0.0123 6366.32391138218 1.000248846699026 1.555085446202503 288.7945760158294 0
0.0124 6366.333946108101 1.000248607592522 1.555000571326529 288.729350297347 0
0.0125 6366.344034897601 1.000248367375024 1.554915685539496 288.6637731655936 0
0.0126 6366.354177758032 1.000248126049121 1.554830788784775 288.5978445727909 0
0.0127 6366.364374696783 1.000247883617415 1.554745881005835 288.531564470912 0
0.0128 6366.37462572128 1.000247640082521 1.55466096214629 288.4649328116819 0
0.0129 6366.384930838987 1.000247395447064 1.55457603214984 288.3979495465832 0
0.013 6366.39529005741 1.000247149713683 1.554491090960365 288.3306146268322 0
0.0131 6366.405703384089 1.000246902885028 1.554406138521778 288.2629280034211 0
0.0132 6366.416170826604 1.000246654963761 1.554321174778174 288.1948896270754 0
0.0133 6366.426692392572 1.000246405952554 1.554236199673753 288.1264994482848 0
0.0134 6366.437268089647 1.000246155854095 1.554151213152823 288.0577574172961 0
0.0135 6366.447897925523 1.000245904671078 1.554066215159818 287.9886634841022 0
0.0136 6366.458581907929 1.000245652406215 1.5539812056393 287.9192175984593 0
0.0137 6366.469320044635 1.000245399062225 1.553896184535889 287.8494197098697 0
0.0138 6366.480112343446 1.000245144641841 1.553811151794412 287.779269767599 0
0.0139 6366.490958812204 1.000244889147807 1.553726107359754 287.7087677206763 0
0.014 6366.501859458789 1.000244632582878 1.553641051176931 287.6379135178707 0
0.0141 6366.512814291121 1.000244374949823 1.553555983191053 287.5667071077149 0
0.0142 6366.523823317152 1.000244116251419 1.553470903347404 287.4951484385109 0
0.0143 6366.534886544877 1.000243856490458 1.553385811591314 287.4232374583006 0
0.0144 6366.546003982322 1.000243595669741 1.553300707868303 287.3509741149072 0
0.0145 6366.557175637555 1.000243333792082 1.553215592123935 287.2783583558938 0
0.0146 6366.568401518679 1.000243070860305 1.553130464303927 287.2053901285871 0
0.0147 6366.579681633834 1.000242806877247 1.553045324354104 287.132069380077 0
0.0148 6366.591015991196 1.000242541845756 1.552960172220408 287.0583960572234 0
0.0149 6366.60240459898 1.000242275768691 1.552875007848923 286.9843701066315 0
0.015 6366.613847465434 1.000242008648923 1.552789831185798 286.9099914746761 0
0.0151 6366.625344598846 1.000241740489333 1.552704642177341 286.8352601075015 0
0.0152 6366.636896007539 1.000241471292814 1.552619440769928 286.7601759509979 0
0.0153 6366.648501699872 1.000241201062271 1.552534226910096 286.6847389508306 0
0.0154 6366.660161684243 1.000240929800619 1.552449000544487 286.6089490524226 0
0.0155 6366.671875969082 1.000240657510785 1.552363761619855 286.5328062009666 0
0.0156 6366.683644562859 1.000240384195707 1.552278510083058 286.4563103414183 0
0.0157 6366.695467474077 1.000240109858334 1.552193245881066 286.3794614184975 0
0.0158 6366.707344711279 1.000239834501626 1.552107968961001 286.3022593766872 0
0.0159 6366.719276283041 1.000239558128555 1.552022679270064 286.224704160234 0
0.016 6366.731262197975 1.000239280742102 1.551937376755591 286.1467957131657 0
0.0161 6366.74330246473 1.000239002345261 1.551852061365022 286.0685339792561 0
0.0162 6366.755397091991 1.000238722941037 1.551766733045916 285.9899189020601 0
0.0163 6366.767546088478 1.000238442532444 1.551681391745926 285.9109504248962 0
0.0164 6366.779749462946 1.000238161122508 1.551596037412888 285.8316284908523 0
0.0165 6366.792007224187 1.000237878714267 1.551510669994672 285.7519530427857 0
0.0166 6366.804319381028 1.000237595310768 1.55142528943933 285.6719240233173 0
0.0167 6366.816685942332 1.000237310915069 1.551339895694978 285.5915413748434 0
0.0168 6366.829106916995 1.000237025530241 1.551254488709883 285.5108050395355 0
0.0169 6366.84158231395 1.000236739159364 1.55116906843241 285.429714959323 0
0.017 6366.854112142167 1.000236451805527 1.551083634811054 285.3482710759162 0
0.0171 6366.866696410649 1.000236163471834 1.550998187794414 285.2664733307832 0
0.0172 6366.879335128433 1.000235874161395 1.550912727331211 285.1843216651854 0
0.0173 6366.892028304594 1.000235583877334 1.550827253370276 285.1018160201414 0
0.0174 6366.904775948239 1.000235292622784 1.55074176586059 285.0189563364455 0
0.0175 6366.917578068512 1.00023500040089 1.550656264751191 284.9357425546731 0
0.0176 6366.930434674591 1.000234707214804 1.550570749991283 284.8521746151572 0
0.0177 6366.94334577569 1.000234413067693 1.550485221530175 284.7682524580181 0
0.0178 6366.956311381054 1.000234117962731 1.550399679317287 284.6839760231513 0
0.0179 6366.969331499967 1.000233821903105 1.55031412330215 284.5993452502161 0
0.018 6366.982406141745 1.000233524892011 1.550228553434425 284.5143600786586 0
0.0181 6366.995535315738 1.000233226932654 1.55014296966389 284.4290204477005 0
0.0182 6367.008719031333 1.000232928028252 1.550057371940447 284.343326296333 0
0.0183 6367.02195729795 1.000232628182032 1.549971760214091 284.2572775633283 0
0.0184 6367.035250125039 1.00023232739723 1.54988613443497 284.1708741872461 0
0.0185 6367.048597522092 1.000232025677095 1.549800494553325 284.0841161064035 0
0.0186 6367.061999498629 1.000231723024884 1.549714840519517 283.9970032589107 0
0.0187 6367.075456064207 1.000231419443865 1.549629172284031 283.9095355826534 0
0.0188 6367.088967228416 1.000231114937315 1.549543489797488 283.8217130152983 0
0.0189 6367.102533000879 1.000230809508523 1.549457793010606 283.7335354942878 0
0.019 6367.116153391254 1.000230503160785 1.549372081874226 283.6450029568513 0
0.0191 6367.129828409231 1.000230195897411 1.549286356339314 283.5561153399993 0
0.0192 6367.143558064538 1.000229887721718 1.549200616356948 283.4668725805062 0
0.0193 6367.15734236693 1.000229578637033 1.549114861878336 283.377274614957 0
0.0194 6367.171181326201 1.000229268646694 1.549029092854813 283.2873213796942 0
0.0195 6367.185074952176 1.000228957754049 1.548943309237801 283.1970128108595 0
0.0196 6367.199023254711 1.000228645962455 1.548857510978887 283.1063488443759 0
0.0197 6367.213026243702 1.000228333275278 1.548771698029746 283.0153294159358 0
0.0198 6367.227083929072 1.000228019695896 1.548685870342188 282.9239544610304 0
0.0199 6367.241196320781 1.000227705227694 1.548600027868147 282.8322239149264 0
0.02 6367.255363428818 1.00022738987407 1.548514170559653 282.7401377126838 0
0.0201 6367.269585263207 1.000227073638427 1.548428298368908 282.6476957891554 0
0.0202 6367.283861834007 1.000226756524182 1.548342411248183 282.5548980789516 0
0.0203 6367.298193151308 1.000226438534759 1.548256509149907 282.4617445164998 0
0.0204 6367.31257922523 1.000226119673592 1.548170592026627 282.3682350360085 0
0.0205 6367.32702006593 1.000225799944126 1.548084659830977 282.2743695714556 0
0.0206 6367.341515683595 1.000225479349812 1.547998712515768 282.18014805663 0
0.0207 6367.356066088447 1.000225157894114 1.547912750033905 282.0855704250956 0
0.0208 6367.370671290737 1.000224835580504 1.547826772338408 281.9906366102099 0
0.0209 6367.385331300751 1.000224512412461 1.547740779382441 281.8953465451172 0
0.021 6367.400046128807 1.000224188393477 1.547654771119286 281.7997001627549 0
0.0211 6367.414815785253 1.000223863527052 1.547568747502343 281.7036973958537 0
0.0212 6367.429640280472 1.000223537816693 1.547482708485136 281.6073381769314 0
0.0213 6367.444519624878 1.000223211265919 1.547396654021319 281.5106224382929 0
0.0214 6367.459453828916 1.000222883878256 1.547310584064683 281.413550112048 0
0.0215 6367.474442903063 1.000222555657242 1.547224498569113 281.3161211300879 0
0.0216 6367.48948685783 1.00022222660642 1.547138397488651 281.2183354241028 0
0.0217 6367.504585703758 1.000221896729344 1.547052280777452 281.1201929255757 0
0.0218 6367.519739451417 1.000221566029579 1.546966148389799 281.021693565789 0
0.0219 6367.534948111415 1.000221234510694 1.546880000280088 280.9228372758001 0
0.022 6367.550211694386 1.000220902176273 1.546793836402863 280.8236239864895 0
0.0221 6367.565530210998 1.000220569029902 1.546707656712776 280.7240536285125 0
0.0222 6367.58090367195 1.000220235075182 1.546621461164621 280.6241261323238 0
0.0223 6367.596332087972 1.000219900315718 1.546535249713304 280.5238414281829 0
0.0224 6367.611815469824 1.000219564755128 1.546449022313891 280.4231994461424 0
0.0225 6367.6273538283 1.000219228397034 1.546362778921523 280.3222001160478 0
0.0226 6367.642947174223 1.00021889124507 1.546276519491522 280.22084336755 0
0.0227 6367.658595518446 1.000218553302877 1.546190243979311 280.1191291301042 0
0.0228 6367.674298871854 1.000218214574107 1.546103952340425 280.0170573329473 0
0.0229 6367.690057245365 1.000217875062416 1.546017644530585 279.9146279051269 0
0.023 6367.705870649924 1.000217534771472 1.54593132050558 279.8118407754954 0
0.0231 6367.721739096508 1.00021719370495 1.545844980221371 279.7086958726985 0
0.0232 6367.737662596126 1.000216851866534 1.545758623634016 279.6051931251808 0
0.0233 6367.753641159817 1.000216509259917 1.545672250699724 279.5013324611917 0
0.0234 6367.769674798647 1.000216165888798 1.545585861374837 279.3971138087917 0
0.0235 6367.785763523719 1.000215821756885 1.545499455615802 279.2925370958282 0
0.0236 6367.801907346158 1.000215476867896 1.545413033379249 279.1876022499713 0
0.0237 6367.818106277127 1.000215131225556 1.545326594621873 279.0823091986725 0
0.0238 6367.834360327814 1.000214784833596 1.545240139300555 278.9766578692119 0
0.0239 6367.850669509438 1.000214437695759 1.545153667372267 278.8706481886565 0
0.024 6367.867033833249 1.000214089815793 1.545067178794152 278.7642800838843 0
0.0241 6367.883453310526 1.000213741197455 1.544980673523452 278.6575534815842 0
0.0242 6367.899927952578 1.00021339184451 1.544894151517558 278.5504683082439 0
0.0243 6367.916457770745 1.00021304176073 1.544807612733987 278.4430244901563 0
0.0244 6367.933042776394 1.000212690949897 1.544721057130404 278.3352219534366 0
0.0245 6367.949682980923 1.000212339415798 1.544634484664595 278.2270606239994 0
0.0246 6367.966378395759 1.00021198716223 1.544547895294478 278.1185404275637 0
0.0247 6367.983129032358 1.000211634192996 1.544461288978119 278.0096612896717 0
0.0248 6367.999934902207 1.000211280511907 1.544374665673691 277.9004231356524 0
0.0249 6368.016796016821 1.000210926122784 1.544288025339536 277.7908258906635 0
0.025 6368.033712387743 1.000210571029452 1.544201367934097 277.6808694796677 0
0.0251 6368.050684026547 1.000210215235745 1.544114693415995 277.5705538274441 0
0.0252 6368.067710944834 1.000209858745505 1.544028001743932 277.4598788585771 0
0.0253 6368.084793154236 1.000209501562581 1.543941292876797 277.3488444974677 0
0.0254 6368.101930666411 1.000209143690829 1.543854566773587 277.2374506683276 0
0.0255 6368.119123493049 1.000208785134114 1.543767823393435 277.1256972951795 0
0.0256 6368.136371645866 1.000208425896305 1.543681062695624 277.0135843018687 0
0.0257 6368.153675136608 1.000208065981281 1.543594284639569 276.9011116120513 0
0.0258 6368.171033977048 1.000207705392927 1.543507489184815 276.7882791491883 0
0.0259 6368.188448178988 1.000207344135137 1.543420676291055 276.6750868365751 0
0.026 6368.205917754259 1.000206982211809 1.543333845918121 276.5615345973182 0
0.0261 6368.223442714719 1.00020661962685 1.543246998025979 276.4476223543287 0
0.0262 6368.241023072254 1.000206256384174 1.543160132574705 276.3333500303464 0
0.0263 6368.258658838781 1.000205892487702 1.54307324952457 276.218717547922 0
0.0264 6368.276350026241 1.00020552794136 1.542986348835945 276.1037248294346 0
0.0265 6368.294096646604 1.000205162749084 1.542899430469355 275.9883717970741 0
0.0266 6368.311898711868 1.000204796914815 1.542812494385459 275.8726583728593 0
0.0267 6368.329756234059 1.0002044304425 1.542725540545051 275.7565844786194 0
0.0268 6368.34766922523 1.000204063336095 1.542638568909083 275.6401500360065 0
0.0269 6368.365637697462 1.00020369559956 1.542551579438626 275.5233549664953 0
0.027 6368.383661662864 1.000203327236863 1.542464572094898 275.4061991913831 0
0.0271 6368.401741133571 1.00020295825198 1.54237754683928 275.2886826317898 0
0.0272 6368.419876121745 1.00020258864889 1.542290503633271 275.1708052086582 0
0.0273 6368.438066639576 1.000202218431582 1.542203442438505 275.0525668427534 0
0.0274 6368.456312699283 1.00020184760405 1.542116363216775 274.9339674546635 0
0.0275 6368.474614313106 1.000201476170294 1.542029265930015 274.8150069648108 0
0.0276 6368.492971493319 1.00020110413432 1.541942150540315 274.6956852934285 0
0.0277 6368.511384252217 1.000200731500142 1.541855017009861 274.5760023605902 0
0.0278 6368.529852602126 1.000200358271778 1.541767865301026 274.4559580861804 0
0.0279 6368.548376555395 1.000199984453254 1.541680695376325 274.3355523899298 0
0.028 6368.566956124404 1.000199610048601 1.541593507198387 274.2147851913741 0
0.0281 6368.585591321555 1.000199235061857 1.541506300730016 274.0936564098951 0
0.0282 6368.604282159278 1.000198859497066 1.541419075934124 273.9721659646915 0
0.0283 6368.62302865003 1.000198483358276 1.541331832773826 273.8503137748024 0
0.0284 6368.641830806293 1.000198106649544 1.541244571212323 273.7280997590955 0
0.0285 6368.660688640575 1.000197729374931 1.541157291212996 273.6055238362609 0
0.0286 6368.679602165411 1.000197351538503 1.541069992739352 273.4825859248293 0
0.0287 6368.698571393362 1.000196973144334 1.540982675755063 273.3592859431482 0
0.0288 6368.717596337014 1.000196594196503 1.540895340223925 273.2356238094111 0
0.0289 6368.736677008978 1.000196214699093 1.540807986109904 273.1115994416404 0
0.029 6368.755813421893 1.000195834656195 1.540720613377102 272.9872127576986 0
0.0291 6368.77500558842 1.000195454071904 1.540633221989761 272.862463675271 0
0.0292 6368.79425352125 1.000195072950321 1.540545811912273 272.7373521118774 0
0.0293 6368.813557233095 1.000194691295553 1.540458383109182 272.6118779848838 0
0.0294 6368.832916736695 1.000194309111711 1.540370935545183 272.4860412114848 0
0.0295 6368.852332044814 1.000193926402914 1.540283469185124 272.3598417087095 0
0.0296 6368.871803170242 1.000193543173282 1.540195983993979 272.2332793934273 0
0.0297 6368.891330125793 1.000193159426945 1.540108479936885 272.1063541823481 0
0.0298 6368.910912924306 1.000192775168036 1.540020956979132 271.9790659920103 0
0.0299 6368.930551578645 1.000192390400691 1.539933415086153 271.8514147388104 0
0.03 6368.950246101699 1.000192005129056 1.539845854223535 271.7234003389557 0
0.0301 6368.969996506381 1.000191619357277 1.539758274357014 271.5950227085235 0
0.0302 6368.989802805631 1.00019123308951 1.539670675452461 271.466281763402 0
0.0303 6369.009665012408 1.00019084632991 1.539583057475924 271.3371774193491 0
0.0304 6369.029583139702 1.000190459082643 1.539495420393592 271.2077095919398 0
0.0305 6369.049557200521 1.000190071351875 1.539407764171789 271.0778781966127 0
0.0306 6369.069587207901 1.000189683141781 1.539320088777005 270.9476831486412 0
0.0307 6369.089673174903 1.000189294456536 1.539232394175894 270.8171243631331 0
0.0308 6369.109815114607 1.000188905300323 1.539144680335237 270.6862017550542 0
0.0309 6369.130013040122 1.00018851567733 1.539056947221971 270.5549152392049 0
0.031 6369.150266964578 1.000188125591747 1.53896919480321 270.4232647302437 0
0.0311 6369.17057690113 1.000187735047771 1.538881423046191 270.2912501426575 0
0.0312 6369.190942862956 1.000187344049601 1.538793631918317 270.1588713907858 0
0.0313 6369.211364863257 1.000186952601443 1.538705821387136 270.0261283888316 0
0.0314 6369.231842915258 1.000186560707505 1.538617991420377 269.893021050821 0
0.0315 6369.252377032209 1.000186168372001 1.538530141985883 269.7595492906438 0
0.0316 6369.272967227378 1.000185775599149 1.538442273051681 269.6257130220423 0
0.0317 6369.293613514063 1.00018538239317 1.53835438458594 269.4915121585931 0
0.0318 6369.314315905579 1.00018498875829 1.53826647655699 269.3569466137368 0
0.03190000000000001 6369.335074415268 1.000184594698739 1.538178548933304 269.2220163007604 0
0.032 6369.355889056493 1.000184200218752 1.538090601683527 269.0867211327972 0
0.0321 6369.376759842639 1.000183805322566 1.538002634776449 268.9510610228443 0
0.0322 6369.397686787117 1.000183410014423 1.537914648181008 268.8150358837396 0
0.0323 6369.418669903357 1.000183014298569 1.537826641866317 268.6786456281787 0
0.0324 6369.439709204812 1.000182618179253 1.537738615801633 268.5418901687216 0
0.0325 6369.460804704959 1.000182221660729 1.537650569956381 268.4047694177683 0
0.0326 6369.481956417296 1.000181824747254 1.53756250430012 268.2672832875772 0
0.0327 6369.503164355343 1.000181427443088 1.537474418802587 268.1294316902707 0
0.0328 6369.524428532644 1.000181029752495 1.537386313433675 267.9912145378174 0
0.0329 6369.545748962762 1.000180631679744 1.53729818816343 267.85263174205 0
0.033 6369.567125659283 1.000180233229104 1.537210042962049 267.7136832146592 0
0.0331 6369.588558635817 1.000179834404852 1.537121877799898 267.5743688671881 0
0.0332 6369.610047905992 1.000179435211263 1.537033692647495 267.4346886110496 0
0.0333 6369.631593483462 1.000179035652621 1.536945487475519 267.2946423574971 0
0.0334 6369.653195381897 1.000178635733209 1.536857262254816 267.1542300176715 0
0.0335 6369.674853614992 1.000178235457314 1.536769016956377 267.0134515025542 0
0.03360000000000001 6369.696568196462 1.000177834829228 1.536680751551363 266.8723067229965 0
0.0337 6369.718339140045 1.000177433853244 1.536592466011085 266.730795589708 0
0.0338 6369.740166459497 1.000177032533658 1.536504160307033 266.588918013268 0
0.0339 6369.762050168599 1.000176630874772 1.53641583441083 266.446673904108 0
0.034 6369.783990281148 1.000176228880886 1.536327488294285 266.3040631725415 0
0.0341 6369.805986810966 1.000175826556306 1.536239121929354 266.1610857287222 0
0.0342 6369.828039771894 1.000175423905341 1.536150735288157 266.0177414826916 0
0.0343 6369.850149177792 1.000175020932302 1.536062328342977 265.8740303443491 0
0.0344 6369.872315042546 1.000174617641501 1.535973901066257 265.7299522234524 0
0.0345 6369.894537380054 1.000174214037255 1.535885453430595 265.5855070296469 0
0.0346 6369.916816204242 1.000173810123883 1.535796985408777 265.4406946724301 0
0.0347 6369.939151529051 1.000173405905706 1.535708496973718 265.2955150611696 0
0.03480000000000001 6369.961543368445 1.000173001387047 1.535619988098513 265.1499681051085 0
0.0349 6369.983991736407 1.000172596572232 1.535531458756417 265.0040537133544 0
0.035 6370.00649664694 1.000172191465589 1.535442908920854 264.8577717948905 0
0.0351 6370.029058114066 1.000171786071448 1.535354338565405 264.7111222585698 0
0.0352 6370.051676151828 1.000171380394143 1.535265747663817 264.5641050131156 0
0.03530000000000001 6370.074350774289 1.000170974438008 1.535177136189996 264.4167199671209 0
0.0354 6370.097081995528 1.00017056820738 1.535088504118015 264.2689670290664 0
0.0355 6370.119869829648 1.000170161706597 1.534999851422125 264.120846107291 0
0.0356 6370.142714290767 1.00016975494 1.534911178076718 263.9723571100152 0
0.0357 6370.165615393026 1.000169347911932 1.534822484056363 263.8234999453297 0
0.0358 6370.188573150584 1.000168940626737 1.534733769335797 263.6742745212067 0
0.0359 6370.211587577616 1.000168533088761 1.534645033889919 263.5246807454945 0
0.036 6370.23465868832 1.000168125302352 1.534556277693799 263.374718525923 0
0.0361 6370.25778649691 1.00016771727186 1.534467500722654 263.2243877700861 0
0.0362 6370.280971017619 1.000167309001635 1.534378702951893 263.0736883854773 0
0.0363 6370.3042122647 1.000166900496031 1.534289884357076 262.9226202794483 0
0.0364 6370.327510252425 1.000166491759401 1.53420104491393 262.7711833592383 0
0.03650000000000001 6370.350864995081 1.000166082796101 1.534112184598357 262.6193775319742 0
0.0366 6370.374276506976 1.000165673610487 1.53402330338641 262.4672027046589 0
0.0367 6370.397744802434 1.000165264206917 1.533934401254339 262.3146587841769 0
0.0368 6370.421269895801 1.000164854589752 1.53384547817853 262.1617456772946 0
0.0369 6370.444851801437 1.00016444476335 1.53375653413555 262.00846329066 0
0.03700000000000001 6370.468490533721 1.000164034732074 1.533667569102138 261.8548115308148 0
0.0371 6370.49218610705 1.000163624500286 1.5335785830552 261.7007903041766 0
0.0372 6370.515938535838 1.000163214072349 1.533489575971796 261.5463995170507 0
0.0373 6370.539747834519 1.000162803452629 1.533400547829179 261.3916390756298 0
0.0374 6370.56361401754 1.00016239264549 1.533311498604749 261.2365088859887 0
0.0375 6370.58753709937 1.000161981655298 1.533222428276091 261.0810088540956 0
0.0376 6370.611517094491 1.00016157048642 1.533133336820955 260.9251388858064 0
0.0377 6370.635554017405 1.000161159143223 1.533044224217258 260.7688988868648 0
0.0378 6370.659647882631 1.000160747630075 1.532955090443084 260.6122887628961 0
0.0379 6370.683798704704 1.000160335951345 1.53286593547669 260.4553084194253 0
0.038 6370.708006498174 1.000159924111401 1.532776759296502 260.2979577618706 0
0.0381 6370.73227127761 1.000159512114614 1.53268756188113 260.1402366955325 0
0.03820000000000001 6370.756593057599 1.000159099965353 1.532598343209335 259.9821451256047 0
0.0383 6370.780971852741 1.000158687667986 1.532509103260065 259.8236829571864 0
0.0384 6370.805407677653 1.000158275226886 1.532419842012426 259.6648500952528 0
0.0385 6370.829900546972 1.000157862646423 1.532330559445697 259.5056464446842 0
0.0386 6370.854450475345 1.000157449930965 1.532241255539344 259.3460719102549 0
0.03870000000000001 6370.879057477441 1.000157037084885 1.532151930272987 259.1861263966324 0
0.0388 6370.903721567942 1.000156624112553 1.532062583626424 259.0258098083781 0
0.0389 6370.928442761544 1.000156211018338 1.531973215579632 258.8651220499645 0
0.039 6370.953221072963 1.000155797806612 1.531883826112751 258.7040630257401 0
0.0391 6370.978056516928 1.000155384481744 1.531794415206102 258.5426326399705 0
0.0392 6371.002949108184 1.000154971048103 1.531704982840166 258.3808307968033 0
0.0393 6371.027898861492 1.000154557510059 1.531615528995606 258.218657400303 0
0.0394 6371.052905791627 1.000154143871981 1.531526053653272 258.0561123544279 0
0.0395 6371.077969913379 1.000153730138237 1.53143655679416 257.8931955630359 0
0.0396 6371.103091241556 1.000153316313195 1.531347038399463 257.7299069298841 0
0.0397 6371.128269790978 1.000152902401222 1.531257498450532 257.5662463586413 0
0.0398 6371.153505576482 1.000152488406685 1.531167936928893 257.4022137528694 0
0.03990000000000001 6371.178798612916 1.000152074333949 1.531078353816269 257.2378090160481 0
0.04 6371.204148915147 1.00015166018738 1.530988749094532 257.0730320515444 0
0.0401 6371.229556498055 1.000151245971342 1.530899122745733 256.9078827626425 0
0.0402 6371.255021376534 1.000150831690198 1.530809474752101 256.7423610525265 0
0.0403 6371.280543565494 1.00015041734831 1.530719805096045 256.5764668242913 0
0.04040000000000001 6371.306123079855 1.000150002950039 1.530630113760152 256.4101999809435 0
0.0405 6371.331759934556 1.000149588499745 1.530540400727171 256.2435604253891 0
0.0406 6371.357454144547 1.000149174001787 1.530450665980035 256.0765480604454 0
0.0407 6371.383205724794 1.000148759460523 1.530360909501861 255.9091627888409 0
0.0408 6371.409014690274 1.000148344880308 1.530271131275917 255.7414045132217 0
0.0409 6371.43488105598 1.000147930265499 1.530181331285673 255.5732731361271 0
0.041 6371.460804836919 1.000147515620447 1.530091509514765 255.4047685600257 0
0.04110000000000001 6371.486786048109 1.000147100949505 1.53000166594701 255.2358906872913 0
0.0412 6371.512824704583 1.000146686257023 1.52991180056639 255.0666394202093 0
0.0413 6371.538920821388 1.00014627154735 1.529821913357079 254.8970146609762 0
0.0414 6371.565074413583 1.000145856824832 1.529732004303419 254.7270163117117 0
0.0415 6371.591285496239 1.000145442093815 1.529642073389935 254.556644274447 0
0.04160000000000001 6371.617554084442 1.000145027358642 1.529552120601322 254.3858984511302 0
0.0417 6371.643880193288 1.000144612623654 1.529462145922462 254.2147787436269 0
0.0418 6371.670263837889 1.000144197893191 1.529372149338411 254.0432850537198 0
0.0419 6371.696705033368 1.00014378317159 1.529282130834399 253.8714172831091 0
0.042 6371.723203794861 1.000143368463186 1.529192090395839 253.6991753334058 0
0.04210000000000001 6371.749760137515 1.000142953772313 1.529102028008322 253.5265591061506 0
0.0422 6371.77637407649 1.0001425391033 1.52901194365762 253.3535685028127 0
0.0423 6371.80304562696 1.000142124460477 1.528921837329676 253.1802034247611 0
0.0424 6371.829774804108 1.000141709848169 1.528831709010615 253.0064637732997 0
0.0425 6371.85656162313 1.000141295270701 1.528741558686752 252.8323494496557 0
0.0426 6371.883406099235 1.000140880732392 1.528651386344565 252.6578603549732 0
0.0427 6371.910308247642 1.000140466237563 1.528561191970721 252.4829963903256 0
0.04280000000000001 6371.937268083582 1.000140051790528 1.528470975552062 252.3077574567154 0
0.0429 6371.964285622299 1.000139637395601 1.528380737075613 252.1321434550563 0
0.043 6371.991360879047 1.000139223057093 1.528290476528581 251.9561542861969 0
0.0431 6372.01849386909 1.00013880877931 1.528200193898353 251.7797898509151 0
0.0432 6372.045684607707 1.000138394566557 1.52810988917248 251.6030500499059 0
0.04330000000000001 6372.072933110184 1.000137980423137 1.528019562338718 251.425934783805 0
0.0434 6372.10023939182 1.000137566353348 1.527929213384984 251.2484439531717 0
0.0435 6372.127603467924 1.000137152361484 1.527838842299391 251.0705774584939 0
0.0436 6372.155025353816 1.00013673845184 1.527748449070225 250.8923352001947 0
0.0437 6372.182505064828 1.000136324628702 1.527658033685956 250.7137170786203 0
0.0438 6372.210042616299 1.000135910896358 1.527567596135225 250.5347229940579 0
0.0439 6372.237638023581 1.00013549725909 1.52747713640687 250.3553528467236 0
0.044 6372.265291302037 1.000135083721176 1.527386654489897 250.1756065367625 0
0.0441 6372.293002467036 1.000134670286893 1.527296150373503 249.9954839642668 0
0.0442 6372.320771533963 1.000134256960511 1.527205624047061 249.8149850292397 0
0.0443 6372.348598518208 1.000133843746299 1.527115075500134 249.634109631649 0
0.0444 6372.376483435172 1.000133430648521 1.527024504722448 249.45285767138 0
0.04450000000000001 6372.404426300268 1.000133017671438 1.526933911703938 249.2712290482585 0
0.0446 6372.432427128915 1.000132604819307 1.526843296434698 249.0892236620515 0
0.0447 6372.460485936545 1.00013219209638 1.526752658905024 248.9068414124607 0
0.0448 6372.488602738595 1.000131779506906 1.526661999105374 248.7240821991348 0
0.0449 6372.516777550515 1.000131367055131 1.526571317026402 248.5409459216515 0
0.04500000000000001 6372.545010387764 1.000130954745294 1.526480612658947 248.3574324795353 0
0.0451 6372.573301265808 1.000130542581633 1.526389885994016 248.1735417722515 0
0.0452 6372.601650200121 1.000130130568379 1.526299137022815 247.9892736992123 0
0.0453 6372.630057206191 1.00012971870976 1.526208365736725 247.8046281597589 0
0.0454 6372.658522299508 1.00012930701 1.526117572127322 247.619605053197 0
0.0455 6372.687045495576 1.000128895473317 1.526026756186337 247.4342042787556 0
0.0456 6372.715626809904 1.000128484103927 1.525935917905715 247.2484257356222 0
0.04570000000000001 6372.744266258011 1.000128072906038 1.525845057277574 247.062269322931 0
0.0458 6372.772963855423 1.000127661883857 1.52575417429421 246.8757349397514 0
0.0459 6372.801719617674 1.000127251041582 1.525663268948113 246.6888224851172 0
0.046 6372.830533560309 1.000126840383411 1.525572341231941 246.5015318579912 0
0.0461 6372.859405698877 1.000126429913533 1.525481391138555 246.3138629573008 0
0.04620000000000001 6372.888336048936 1.000126019636135 1.525390418660995 246.1258156819143 0
0.0463 6372.917324626053 1.000125609555397 1.525299423792479 245.9373899306587 0
0.0464 6372.946371445801 1.000125199675494 1.52520840652641 245.7485856022958 0
0.0465 6372.975476523761 1.000124790000598 1.525117366856374 245.5594025955519 0
0.0466 6373.004639875521 1.000124380534873 1.525026304776154 245.3698408091121 0
0.04670000000000001 6373.033861516677 1.00012397128248 1.524935220279708 245.1799001416024 0
0.0468 6373.063141462831 1.000123562247573 1.524844113361172 244.9895804916013 0
0.0469 6373.092479729591 1.000123153434301 1.524752984014888 244.7988817576578 0
0.047 6373.121876332576 1.000122744846807 1.524661832235363 244.607803838256 0
0.0471 6373.151331287407 1.000122336489231 1.524570658017299 244.4163466318563 0
0.0472 6373.180844609713 1.000121928365704 1.524479461355574 244.2245100368658 0
0.0473 6373.210416315132 1.000121520480353 1.524388242245261 244.0322939516444 0
0.04740000000000001 6373.240046419303 1.000121112837299 1.524297000681622 243.8396982745284 0
0.0475 6373.269734937878 1.000120705440658 1.524205736660095 243.6467229037947 0
0.0476 6373.29948188651 1.000120298294537 1.524114450176298 243.4533677376852 0
0.0477 6373.32928728086 1.000119891403042 1.524023141226051 243.2596326744118 0
0.0478 6373.359151136595 1.000119484770268 1.523931809805347 243.0655176121335 0
0.04790000000000001 6373.389073469387 1.000119078400307 1.523840455910373 242.8710224489854 0
0.048 6373.419054294915 1.000118672297244 1.523749079537497 242.6761470830555 0
0.0481 6373.449093628861 1.000118266465157 1.523657680683271 242.4808914124022 0
0.0482 6373.479191486916 1.000117860908119 1.523566259344442 242.2852553350484 0
0.0483 6373.509347884772 1.000117455630195 1.523474815517933 242.0892387489815 0
0.04840000000000001 6373.539562838131 1.000117050635445 1.523383349200866 241.8928415521476 0
0.0485 6373.569836362697 1.000116645927921 1.523291860390528 241.6960636424691 0
0.0486 6373.600168474179 1.000116241511671 1.523200349084416 241.4989049178388 0
0.0487 6373.630559188292 1.000115837390733 1.523108815280192 241.3013652761023 0
0.0488 6373.661008520755 1.000115433569141 1.523017258975727 241.1034446150933 0
0.0489 6373.691516487293 1.00011503005092 1.522925680169058 240.9051428325982 0
0.049 6373.722083103634 1.00011462684009 1.522834078858417 240.70645982638 0
0.04910000000000001 6373.75270838551 1.000114223940662 1.522742455042226 240.5073954941835 0
0.0492 6373.78339234866 1.000113821356643 1.522650808719089 240.3079497337125 0
0.0493 6373.814135008824 1.000113419092029 1.522559139887798 240.108122442647 0
0.0494 6373.844936381747 1.000113017150813 1.522467448547331 239.9079135186433 0
0.0495 6373.87579648318 1.000112615536978 1.522375734696851 239.7073228593284 0
0.04960000000000001 6373.906715328874 1.000112214254499 1.522283998335718 239.5063503623172 0
0.0497 6373.937692934587 1.000111813307347 1.522192239463467 239.3049959251833 0
0.0498 6373.96872931608 1.000111412699483 1.522100458079823 239.1032594454827 0
0.0499 6373.999824489115 1.000111012434861 1.522008654184696 238.9011408207533 0
0.05 6374.030978469462 1.000110612517427 1.521916827778193 238.698639948498 0
0.05010000000000001 6374.06219127289 1.000110212951121 1.521824978860598 238.4957567262135 0
0.0502 6374.093462915173 1.000109813739873 1.521733107432388 238.2924910513729 0
0.0503 6374.124793412088 1.000109414887607 1.521641213494223 238.0888428214315 0
0.0504 6374.156182779411 1.000109016398239 1.521549297046958 237.8848119338271 0
0.0505 6374.187631032929 1.000108618275676 1.521457358091614 237.6803982859618 0
0.0506 6374.219138188424 1.000108220523818 1.521365396629431 237.4756017752437 0
0.0507 6374.250704261685 1.000107823146557 1.521273412661806 237.2704222990454 0
0.05080000000000001 6374.282329268503 1.000107426147776 1.521181406190346 237.0648597547337 0
0.0509 6374.314013224666 1.000107029531349 1.521089377216836 236.8589140396692 0
0.051 6374.345756145973 1.000106633301146 1.52099732574324 236.6525850511774 0
0.0511 6374.377558048217 1.000106237461023 1.520905251771729 236.4458726865895 0
0.0512 6374.409418947199 1.000105842014832 1.520813155304643 236.2387768432071 0
0.05130000000000001 6374.441338858717 1.000105446966414 1.52072103634452 236.0312974183379 0
0.0514 6374.473317798575 1.000105052319602 1.520628894894085 235.8234343092657 0
0.0515 6374.505355782575 1.000104658078222 1.520536730956239 235.6151874132628 0
0.0516 6374.537452826523 1.000104264246088 1.520444544534089 235.4065566276012 0
0.0517 6374.569608946224 1.00010387082701 1.520352335630911 235.1975418495412 0
0.05180000000000001 6374.601824157488 1.000103477824784 1.520260104250181 234.9881429763253 0
0.0519 6374.634098476123 1.000103085243201 1.520167850395556 234.7783599052021 0
0.05200000000000001 6374.666431917938 1.000102693086041 1.520075574070882 234.5681925334023 0
0.0521 6374.698824498744 1.000102301357075 1.519983275280199 234.3576407581626 0
0.0522 6374.731276234353 1.000101910060067 1.519890954027726 234.1467044767077 0
0.0523 6374.763787140577 1.00010151919877 1.519798610317873 233.9353835862506 0
0.0524 6374.796357233228 1.000101128776928 1.519706244155232 233.7236779840163 0
0.05250000000000001 6374.828986528121 1.000100738798275 1.519613855544589 233.5115875672117 0
0.0526 6374.861675041067 1.000100349266537 1.519521444490922 233.2991122330617 0
0.0527 6374.894422787882 1.000099960185431 1.519429010999379 233.0862518787675 0
0.0528 6374.927229784379 1.000099571558663 1.519336555075313 232.8730064015361 0
0.0529 6374.960096046371 1.000099183389929 1.519244076724257 232.6593756985866 0
0.05300000000000001 6374.993021589673 1.000098795682918 1.519151575951929 232.4453596671259 0
0.0531 6375.026006430097 1.000098408441307 1.519059052764241 232.230958204373 0
0.0532 6375.059050583456 1.000098021668764 1.518966507167288 232.016171207535 0
0.0533 6375.092154065564 1.000097635368947 1.518873939167345 231.8009985738366 0
0.0534 6375.125316892232 1.000097249545504 1.51878134877089 231.585440200491 0
0.05350000000000001 6375.158539079271 1.000096864202073 1.518688735984582 231.3694959847406 0
0.0536 6375.191820642491 1.000096479342283 1.518596100815259 231.1531658238104 0
0.05370000000000001 6375.225161597701 1.000096094969752 1.518503443269956 230.9364496149427 0
0.0538 6375.258561960711 1.000095711088087 1.518410763355886 230.7193472553803 0
0.0539 6375.292021747326 1.000095327700886 1.518318061080461 230.5018586423834 0
0.054 6375.325540973353 1.000094944811737 1.518225336451278 230.2839836732063 0
0.0541 6375.359119654596 1.000094562424217 1.518132589476102 230.0657222451272 0
0.05420000000000001 6375.392757806857 1.000094180541891 1.518039820162915 229.8470742554299 0
0.0543 6375.426455445937 1.000093799168316 1.517947028519864 229.6280396014103 0
0.0544 6375.460212587636 1.000093418307038 1.517854214555287 229.408618180364 0
0.0545 6375.49402924775 1.000093037961591 1.51776137827772 229.1888098896224 0
0.0546 6375.527905442076 1.000092658135499 1.517668519695867 228.9686146265048 0
0.05470000000000001 6375.561841186408 1.000092278832276 1.517575638818631 228.7480322883483 0
0.0548 6375.595836496535 1.000091900055424 1.5174827356551 228.5270627725257 0
0.0549 6375.629891388246 1.000091521808435 1.517389810214548 228.3057059764036 0
0.055 6375.664005877326 1.000091144094788 1.517296862506435 228.0839617973783 0
0.0551 6375.69817997956 1.000090766917954 1.517203892540415 227.8618301328578 0
0.05520000000000001 6375.73241371073 1.000090390281391 1.517110900326308 227.6393108802562 0
0.0553 6375.766707086611 1.000090014188547 1.517017885874135 227.4164039370288 0
0.05540000000000001 6375.801060122981 1.000089638642856 1.516924849194115 227.1931092006251 0
0.0555 6375.835472835609 1.000089263647745 1.516831790296626 226.969426568542 0
0.0556 6375.869945240266 1.000088889206625 1.516738709192249 226.7453559382701 0
0.0557 6375.904477352717 1.0000885153229 1.51664560589175 226.5208972073418 0
0.0558 6375.939069188723 1.000088141999959 1.516552480406078 226.2960502733012 0
0.05590000000000001 6375.973720764044 1.00008776924118 1.516459332746366 226.0708150337158 0
0.056 6376.008432094433 1.000087397049932 1.516366162923936 225.845191386189 0
0.0561 6376.043203195642 1.00008702542957 1.5162729709503 225.6191792283297 0
0.0562 6376.078034083419 1.000086654383436 1.516179756837145 225.3927784577767 0
0.0563 6376.112924773507 1.000086283914863 1.516086520596348 225.165988972204 0
0.05640000000000001 6376.147875281645 1.000085914027171 1.51599326223998 224.9388106693094 0
0.0565 6376.182885623565 1.000085544723668 1.515899981780281 224.7112434468262 0
0.0566 6376.217955815001 1.00008517600765 1.515806679229688 224.4832872024934 0
0.0567 6376.253085871678 1.000084807882399 1.515713354600817 224.2549418340917 0
0.0568 6376.288275809318 1.000084440351189 1.515620007906478 224.0262072394311 0
0.05690000000000001 6376.323525643637 1.000084073417278 1.515526639159651 223.7970833163571 0
0.057 6376.358835390348 1.000083707083913 1.51543324837352 223.567569962739 0
0.05710000000000001 6376.394205065157 1.00008334135433 1.515339835561436 223.3376670764814 0
0.0572 6376.429634683766 1.00008297623175 1.515246400736939 223.1073745555244 0
0.0573 6376.465124261872 1.000082611719383 1.51515294391376 222.8766922978319 0
0.0574 6376.500673815167 1.000082247820427 1.515059465105809 222.645620201415 0
0.0575 6376.536283359337 1.000081884538066 1.514965964327184 222.4141581643083 0
0.05760000000000001 6376.571952910063 1.000081521875472 1.514872441592161 222.1823060845881 0
0.0577 6376.607682483021 1.000081159835804 1.514778896915202 221.9500638603657 0
0.0578 6376.643472093879 1.000080798422209 1.514685330310955 221.7174313897884 0
0.0579 6376.6793217583 1.000080437637821 1.514591741794255 221.4844085710505 0
0.058 6376.715231491942 1.00008007748576 1.514498131380113 221.2509953023758 0
0.05810000000000001 6376.751201310458 1.000079717969133 1.514404499083722 221.0171914820238 0
0.0582 6376.787231229491 1.000079359091036 1.514310844920472 220.782997008307 0
0.05830000000000001 6376.823321264682 1.000079000854549 1.514217168905919 220.5484117795676 0
0.0584 6376.859471431662 1.00007864326274 1.514123471055819 220.3134356941949 0
0.0585 6376.895681746059 1.000078286318666 1.514029751386091 220.0780686506199 0
0.05860000000000001 6376.93195222349 1.000077930025368 1.51393600991285 219.8423105473147 0
0.0587 6376.968282879569 1.000077574385873 1.513842246652394 219.6061612827988 0
0.05880000000000001 6377.004673729902 1.000077219403198 1.513748461621199 219.369620755639 0
0.0589 6377.041124790088 1.000076865080342 1.513654654835926 219.1326888644315 0
0.059 6377.077636075716 1.000076511420295 1.513560826313416 218.8953655078439 0
0.0591 6377.114207602373 1.000076158426029 1.513466976070689 218.6576505845727 0
0.0592 6377.150839385637 1.000075806100507 1.513373104124955 218.4195439933623 0
0.05930000000000001 6377.187531441075 1.000075454446674 1.513279210493595 218.1810456330157 0
0.0594 6377.22428378425 1.000075103467464 1.513185295194184 217.9421554023778 0
0.0595 6377.261096430716 1.000074753165795 1.513091358244463 217.7028732003463 0
0.0596 6377.297969396021 1.000074403544574 1.512997399662367 217.4631989258663 0
0.0597 6377.334902695703 1.00007405460669 1.512903419466009 217.2231324779303 0
0.05980000000000001 6377.371896345292 1.000073706355022 1.512809417673676 216.9826737556017 0
0.0599 6377.408950360312 1.000073358792432 1.512715394303843 216.7418226579733 0
0.06000000000000001 6377.446064756276 1.000073011921769 1.512621349375165 216.5005790842032 0
0.0601 6377.483239548691 1.000072665745868 1.512527282906471 216.2589429335084 0
0.0602 6377.520474753053 1.000072320267549 1.512433194916777 216.0169141051532 0
0.0603 6377.557770384853 1.000071975489618 1.512339085425272 215.7744924984553 0
0.0604 6377.59512645957 1.000071631414868 1.512244954451327 215.5316780127972 0
0.06050000000000001 6377.632542992675 1.000071288046074 1.512150802014501 215.2884705476148 0
0.0606 6377.67001999963 1.000070945386 1.512056628134517 215.0448700024029 0
0.0607 6377.70755749589 1.000070603437393 1.511962432831294 214.8008762767157 0
0.0608 6377.745155496898 1.000070262202987 1.511868216124908 214.5564892701603 0
0.0609 6377.782814018091 1.000069921685501 1.511773978035631 214.3117088824091 0
0.06100000000000001 6377.820533074892 1.000069581887639 1.511679718583912 214.0665350131993 0
0.0611 6377.85831268272 1.000069242812089 1.511585437790371 213.8209675623215 0
0.0612 6377.896152856979 1.000068904461527 1.511491135675813 213.575006429637 0
0.0613 6377.934053613068 1.00006856683861 1.511396812261213 213.3286515150606 0
0.0614 6377.972014966372 1.000068229945984 1.511302467567731 213.0819027185838 0
0.06150000000000001 6378.010036932269 1.000067893786278 1.511208101616691 212.8347599402513 0
0.0616 6378.048119526127 1.000067558362106 1.511113714429619 212.5872230801728 0
0.06170000000000001 6378.086262763302 1.000067223676066 1.511019306028191 212.3392920385348 0
0.0618 6378.124466659142 1.000066889730743 1.510924876434275 212.0909667155773 0
0.0619 6378.162731228982 1.000066556528706 1.510830425669913 211.8422470116169 0
0.062 6378.201056488148 1.000066224072506 1.510735953757322 211.5931328270411 0
0.0621 6378.239442451954 1.000065892364683 1.510641460718893 211.3436240622967 0
0.06220000000000001 6378.277889135708 1.000065561407759 1.510546946577189 211.0937206179013 0
0.0623 6378.3163965547 1.000065231204239 1.510452411354968 210.8434223944495 0
0.0624 6378.354964724215 1.000064901756615 1.510357855075136 210.5927292926007 0
0.0625 6378.393593659524 1.000064573067365 1.510263277760788 210.3416412130972 0
0.0626 6378.432283375887 1.000064245138945 1.510168679435196 210.0901580567346 0
0.06270000000000001 6378.471033888555 1.000063917973803 1.510074060121801 209.8382797243911 0
0.06280000000000001 6378.509845212765 1.000063591574365 1.509979419844221 209.5860061170278 0
0.0629 6378.548717363743 1.000063265943045 1.509884758626246 209.3333371356706 0
0.063 6378.587650356704 1.000062941082239 1.50979007649184 209.0802726814226 0
0.0631 6378.626644206853 1.000062616994328 1.50969537346514 208.8268126554575 0
0.06320000000000001 6378.665698929379 1.000062293681677 1.509600649570457 208.5729569590379 0
0.06330000000000001 6378.704814539462 1.000061971146635 1.509505904832279 208.3187054934973 0
0.0634 6378.743991052271 1.000061649391535 1.509411139275255 208.0640581602401 0
0.0635 6378.783228482959 1.000061328418693 1.509316352924214 207.8090148607652 0
0.0636 6378.822526846671 1.000061008230408 1.509221545804162 207.5535754966367 0
0.06370000000000001 6378.861886158537 1.000060688828967 1.509126717940267 207.2977399695072 0
0.06380000000000001 6378.901306433676 1.000060370216636 1.509031869357875 207.0415081811065 0
0.0639 6378.940787687193 1.000060052395666 1.508937000082491 206.7848800332466 0
0.064 6378.980329934181 1.000059735368294 1.508842110139816 206.5278554278228 0
0.0641 6379.01993318972 1.000059419136737 1.508747199555692 206.2704342668188 0
0.06420000000000001 6379.059597468879 1.000059103703197 1.508652268356155 206.0126164522893 0
0.06430000000000001 6379.09932278671 1.00005878906986 1.508557316567394 205.7544018863836 0
0.0644 6379.139109158256 1.000058475238895 1.508462344215772 205.4957904713336 0
0.0645 6379.178956598546 1.000058162212453 1.508367351327835 205.2367821094543 0
0.06460000000000001 6379.218865122592 1.000057849992672 1.50827233793028 204.9773767031492 0
0.06470000000000001 6379.258834745398 1.000057538581668 1.508177304049979 204.7175741549162 0
0.0648 6379.29886548195 1.000057227981545 1.508082249713976 204.4573743673244 0
0.0649 6379.338957347223 1.000056918194387 1.507987174949477 204.1967772430493 0
0.065 6379.379110356178 1.000056609222263 1.507892079783862 203.9357826848431 0
0.06510000000000001 6379.419324523761 1.000056301067223 1.507796964244672 203.6743905955526 0
0.06520000000000001 6379.459599864904 1.000055993731302 1.507701828359626 203.4126008781253 0
0.0653 6379.499936394525 1.000055687216516 1.507606672156599 203.1504134355854 0
0.0654 6379.540334127531 1.000055381524867 1.507511495663627 202.8878281710457 0
0.0655 6379.580793078811 1.000055076658337 1.507416298908932 202.6248449877256 0
0.06560000000000001 6379.621313263241 1.000054772618891 1.507321081920887 202.3614637889331 0
0.06570000000000001 6379.661894695681 1.000054469408478 1.507225844728033 202.0976844780706 0
0.0658 6379.702537390979 1.000054167029029 1.50713058735908 201.8335069586354 0
0.0659 6379.743241363967 1.000053865482459 1.507035309842895 201.5689311342134 0
0.066 6379.784006629462 1.000053564770662 1.506940012208521 201.3039569084966 0
0.06610000000000001 6379.824833202267 1.000053264895519 1.506844694485151 201.0385841852661 0
0.06620000000000001 6379.865721097169 1.000052965858891 1.506749356702159 200.7728128684033 0
0.0663 6379.906670328939 1.000052667662622 1.506653998889065 200.506642861896 0
0.0664 6379.947680912335 1.000052370308539 1.506558621075563 200.2400740698207 0
0.0665 6379.9887528621 1.000052073798449 1.506463223291506 199.9731063963485 0
0.06660000000000001 6380.02988619296 1.000051778134145 1.506367805566908 199.7057397457628 0
0.06670000000000001 6380.071080919624 1.000051483317401 1.506272367931947 199.4379740224475 0
0.0668 6380.112337056788 1.00005118934997 1.506176910416965 199.1698091308812 0
0.0669 6380.153654619132 1.000050896233593 1.506081433052463 198.9012449756427 0
0.067 6380.19503362132 1.000050603969988 1.505985935869092 198.6322814614176 0
0.06710000000000001 6380.236474077999 1.000050312560859 1.505890418897689 198.3629184930036 0
0.06720000000000001 6380.277976003802 1.000050022007889 1.505794882169222 198.093155975287 0
0.0673 6380.319539413344 1.000049732312745 1.505699325714839 197.8229938132666 0
0.0674 6380.361164321223 1.000049443477076 1.505603749565836 197.5524319120476 0
0.0675 6380.402850742025 1.000049155502511 1.505508153753675 197.2814701768356 0
0.06760000000000001 6380.444598690315 1.000048868390664 1.505412538309977 197.0101085129544 0
0.06770000000000001 6380.486408180643 1.000048582143128 1.505316903266512 196.7383468258225 0
0.0678 6380.528279227542 1.000048296761479 1.505221248655221 196.4661850209767 0
0.0679 6380.57021184553 1.000048012247276 1.505125574508186 196.1936230040541 0
0.06800000000000001 6380.612206049107 1.000047728602058 1.505029880857657 195.9206606808042 0
0.06810000000000001 6380.654261852756 1.000047445827347 1.504934167736041 195.6472979570889 0
0.0682 6380.696379270942 1.000047163924645 1.504838435175896 195.3735347388764 0
0.0683 6380.738558318114 1.000046882895437 1.504742683209943 195.0993709322592 0
0.0684 6380.780799008705 1.000046602741189 1.504646911871046 194.8248064434182 0
0.06850000000000001 6380.823101357129 1.00004632346335 1.504551121192236 194.5498411786647 0
0.06860000000000001 6380.865465377781 1.000046045063349 1.504455311206689 194.2744750444221 0
0.0687 6380.907891085043 1.000045767542597 1.504359481947739 193.9987079472202 0
0.0688 6380.950378493277 1.000045490902486 1.504263633448878 193.7225397937012 0
0.0689 6380.992927616825 1.00004521514439 1.504167765743741 193.4459704906375 0
0.06900000000000001 6381.035538470014 1.000044940269665 1.504071878866128 193.1689999449076 0
0.06910000000000001 6381.078211067154 1.000044666279646 1.503975972849984 192.8916280635025 0
0.0692 6381.120945422533 1.000044393175653 1.503880047729401 192.6138547535373 0
0.0693 6381.163741550425 1.000044120958983 1.503784103538628 192.3356799222396 0
0.0694 6381.206599465083 1.000043849630918 1.503688140312067 192.0571034769608 0
0.06950000000000001 6381.249519180744 1.00004357919272 1.503592158084273 191.778125325165 0
0.06960000000000001 6381.292500711625 1.00004330964563 1.503496156889939 191.4987453744401 0
0.0697 6381.335544071925 1.000043040990874 1.503400136763913 191.2189635324866 0
0.0698 6381.378649275824 1.000042773229656 1.503304097741201 190.9387797071466 0
0.0699 6381.421816337484 1.000042506363162 1.503208039856943 190.6581938063513 0
0.07000000000000001 6381.465045271048 1.000042240392561 1.503111963146439 190.3772057381851 0
0.07010000000000001 6381.508336090641 1.000041975319 1.50301586764513 190.0958154108333 0
0.0702 6381.551688810368 1.000041711143608 1.502919753388607 189.8140227326111 0
0.0703 6381.595103444313 1.000041447867496 1.502823620412603 189.5318276119637 0
0.0704 6381.638580006546 1.000041185491755 1.502727468753004 189.2492299574545 0
0.07050000000000001 6381.682118511112 1.000040924017458 1.50263129844584 188.9662296777714 0
0.07060000000000001 6381.725718972042 1.000040663445656 1.502535109527285 188.6828266817259 0
0.0707 6381.769381403344 1.000040403777385 1.502438902033652 188.399020878266 0
0.0708 6381.813105819007 1.000040145013659 1.50234267600141 188.1148121764576 0
0.07090000000000001 6381.856892233001 1.000039887155472 1.502246431467168 187.8302004854967 0
0.07100000000000001 6381.900740659276 1.000039630203803 1.502150168467669 187.5451857147094 0
0.0711 6381.944651111763 1.000039374159606 1.502053887039808 187.2597677735402 0
0.0712 6381.988623604374 1.000039119023821 1.501957587220621 186.9739465715692 0
0.0713 6382.032658150998 1.000038864797365 1.501861269047287 186.6877220185128 0
0.07140000000000001 6382.076754765506 1.000038611481138 1.50176493255712 186.4010940242114 0
0.07150000000000001 6382.120913461748 1.000038359076019 1.501668577787578 186.1140624986355 0
0.0716 6382.165134253556 1.000038107582868 1.501572204776269 185.8266273518856 0
0.0717 6382.209417154738 1.000037857002526 1.501475813560921 185.5387884942041 0
0.0718 6382.253762179083 1.000037607335815 1.501379404179421 185.2505458359636 0
0.07190000000000001 6382.298169340362 1.000037358583537 1.501282976669778 184.9618992876489 0
0.07200000000000001 6382.342638652322 1.000037110746473 1.501186531070153 184.6728487599042 0
0.0721 6382.387170128692 1.000036863825387 1.501090067418836 184.3833941635043 0
0.0722 6382.431763783177 1.000036617821022 1.500993585754259 184.0935354093475 0
0.0723 6382.476419629466 1.000036372734103 1.500897086114982 183.8032724084745 0
0.07240000000000001 6382.521137681221 1.000036128565332 1.500800568539712 183.5126050720618 0
0.07250000000000001 6382.565917952089 1.000035885315395 1.500704033067284 183.2215333114217 0
0.0726 6382.610760455691 1.000035642984958 1.500607479736673 182.9300570380086 0
0.0727 6382.655665205631 1.000035401574664 1.500510908586983 182.638176163401 0
0.0728 6382.700632215488 1.000035161085141 1.500414319657457 182.345890599331 0
0.07290000000000001 6382.745661498821 1.000034921516993 1.500317712987471 182.0532002576668 0
0.07300000000000001 6382.790753069167 1.000034682870808 1.500221088616527 181.7601050504126 0
0.0731 6382.835906940045 1.000034445147151 1.500124446584267 181.4666048897083 0
0.0732 6382.881123124947 1.00003420834657 1.500027786930458 181.1726996878418 0
0.0733 6382.926401637349 1.000033972469592 1.499931109695001 180.8783893572312 0
0.07340000000000001 6382.971742490699 1.000033737516725 1.499834414917931 180.5836738104539 0
0.07350000000000001 6383.017145698429 1.000033503488455 1.499737702639405 180.2885529602116 0
0.0736 6383.062611273944 1.000033270385251 1.499640972899716 179.9930267193657 0
0.0737 6383.108139230631 1.00003303820756 1.499544225739285 179.6970950009016 0
0.0738 6383.153729581851 1.000032806955811 1.499447461198655 179.4007577179704 0
0.07390000000000001 6383.199382340948 1.000032576630411 1.499350679318507 179.1040147838411 0
0.07400000000000001 6383.245097521238 1.00003234723175 1.499253880139638 178.8068661119545 0
0.0741 6383.290875136018 1.000032118760195 1.499157063702979 178.5093116158813 0
0.0742 6383.336715198564 1.000031891216096 1.499060230049578 178.2113512093341 0
0.07430000000000001 6383.382617722125 1.000031664599781 1.49896337922062 177.9129848061851 0
0.07440000000000001 6383.42858271993 1.000031438911559 1.498866511257409 177.6142123204544 0
0.0745 6383.474610205187 1.000031214151719 1.498769626201366 177.315033666286 0
0.0746 6383.520700191077 1.000030990320529 1.498672724094048 177.0154487580015 0
0.0747 6383.566852690761 1.000030767418239 1.498575804977127 176.7154575100525 0
0.07480000000000001 6383.613067717377 1.000030545445078 1.498478868892395 176.4150598370501 0
0.07490000000000001 6383.65934528404 1.000030324401255 1.498381915881775 176.1142556537415 0
0.075 6383.70568540384 1.000030104286959 1.498284945987294 175.8130448750393 0
0.0751 6383.752088089847 1.000029885102359 1.498187959251123 175.5114274159922 0
0.0752 6383.798553355106 1.000029666847604 1.498090955715532 175.2094031918144 0
0.07530000000000001 6383.845081212638 1.000029449522824 1.497993935422916 174.9069721178561 0
0.07540000000000001 6383.891671675441 1.000029233128128 1.497896898415789 174.6041341096328 0
0.0755 6383.938324756491 1.000029017663604 1.497799844736789 174.3008890828081 0
0.0756 6383.98504046874 1.000028803129321 1.497702774428662 173.9972369531932 0
0.0757 6384.031818825114 1.00002858952533 1.497605687534272 173.6931776367591 0
0.07580000000000001 6384.078659838518 1.000028376851659 1.4975085840966 173.3887110496302 0
0.07590000000000001 6384.125563521833 1.000028165108317 1.497411464158749 173.0838371080848 0
0.076 6384.172529887916 1.000027954295293 1.497314327763919 172.7785557285491 0
0.0761 6384.219558949597 1.000027744412555 1.497217174955441 172.4728668276206 0
0.0762 6384.266650719687 1.000027535460054 1.49712000577675 172.1667703220327 0
0.07630000000000001 6384.313805210971 1.000027327437717 1.4970228202714 171.8602661286903 0
0.07640000000000001 6384.361022436207 1.000027120345455 1.496925618483049 171.5533541646522 0
0.0765 6384.408302408134 1.000026914183154 1.496828400455469 171.2460343471306 0
0.0766 6384.455645139462 1.000026708950685 1.496731166232547 170.9383065934975 0
0.0767 6384.50305064288 1.000026504647895 1.496633915858268 170.6301708212785 0
0.07680000000000001 6384.550518931052 1.000026301274614 1.496536649376742 170.3216269481649 0
0.07690000000000001 6384.598050016614 1.00002609883065 1.496439366832176 170.0126748920073 0
0.077 6384.645643912183 1.000025897315792 1.496342068268886 169.7033145708105 0
0.0771 6384.693300630348 1.000025696729808 1.496244753731303 169.3935459027383 0
0.07720000000000001 6384.741020183674 1.000025497072447 1.496147423263948 169.0833688061206 0
0.07730000000000001 6384.788802584701 1.000025298343437 1.496050076911466 168.7727831994465 0
0.07740000000000001 6384.836647845943 1.000025100542487 1.495952714718593 168.4617890013709 0
0.0775 6384.884555979892 1.000024903669285 1.495855336730182 168.1503861307023 0
0.0776 6384.932526999015 1.000024707723499 1.495757942991169 167.8385745064028 0
0.07770000000000001 6384.980560915751 1.000024512704779 1.495660533546618 167.5263540476179 0
0.07780000000000001 6385.028657742515 1.000024318612752 1.495563108441676 167.2137246736528 0
0.0779 6385.076817491698 1.000024125447026 1.495465667721606 166.9006863039662 0
0.078 6385.125040175664 1.000023933207191 1.495368211431754 166.5872388581823 0
0.0781 6385.173325806755 1.000023741892814 1.495270739617578 166.2733822560912 0
0.07820000000000001 6385.221674397284 1.000023551503444 1.495173252324637 165.959116417654 0
0.07830000000000001 6385.270085959541 1.00002336203861 1.495075749598577 165.6444412629857 0
0.0784 6385.318560505789 1.00002317349782 1.494978231485154 165.3293567123727 0
0.0785 6385.367098048266 1.000022985880563 1.49488069803022 165.013862686273 0
0.0786 6385.415698599183 1.000022799186306 1.49478314927971 164.6979591053099 0
0.07870000000000001 6385.464362170729 1.000022613414501 1.494685585279665 164.3816458902605 0
0.07880000000000001 6385.513088775065 1.000022428564574 1.494588006076222 164.0649229620793 0
0.0789 6385.561878424325 1.000022244635935 1.494490411715607 163.7477902418863 0
0.079 6385.610731130619 1.000022061627973 1.494392802244144 163.4302476509787 0
0.0791 6385.65964690603 1.000021879540057 1.494295177708246 163.1122951108076 0
0.07920000000000001 6385.708625762616 1.000021698371537 1.494197538154416 162.7939325429956 0
0.07930000000000001 6385.757667712409 1.000021518121742 1.494099883629246 162.4751598693423 0
0.0794 6385.806772767413 1.000021338789982 1.494002214179433 162.1559770118132 0
0.0795 6385.855940939608 1.000021160375546 1.493904529851745 161.8363838925451 0
0.0796 6385.905172240948 1.000020982877706 1.49380683069305 161.5163804338403 0
0.07970000000000001 6385.954466683359 1.000020806295711 1.493709116750297 161.1959665581666 0
0.07980000000000001 6386.003824278741 1.000020630628791 1.493611388070527 160.875142188181 0
0.0799 6386.05324503897 1.000020455876159 1.493513644700864 160.5539072466944 0
0.08 6386.102728975892 1.000020282037004 1.493415886688521 160.2322616567006 0
0.08010000000000001 6386.152276101328 1.000020109110499 1.493318114080792 159.9102053413652 0
0.08020000000000001 6386.201886427075 1.000019937095795 1.493220326925056 159.5877382240132 0
0.08030000000000001 6386.251559964898 1.000019765992024 1.493122525268782 159.2648602281646 0
0.0804 6386.30129672654 1.000019595798299 1.493024709159506 158.9415712774934 0
0.0805 6386.351096723715 1.000019426513714 1.492926878644861 158.6178712958507 0
0.08060000000000001 6386.400959968113 1.000019258137341 1.492829033772548 158.2937602072651 0
0.08070000000000001 6386.450886471394 1.000019090668234 1.492731174590361 157.9692379359425 0
0.08080000000000001 6386.500876245191 1.000018924105427 1.492633301146161 157.6443044062602 0
0.0809 6386.550929301113 1.000018758447936 1.492535413487893 157.318959542767 0
0.081 6386.601045650739 1.000018593694756 1.492437511663582 156.9932032701948 0
0.08110000000000001 6386.651225305624 1.000018429844862 1.492339595721324 156.6670355134414 0
0.08120000000000001 6386.701468277294 1.000018266897212 1.492241665709292 156.3404561975875 0
0.0813 6386.751774577248 1.000018104850742 1.492143721675737 156.0134652478854 0
0.0814 6386.802144216958 1.000017943704369 1.492045763668981 155.6860625897706 0
0.0815 6386.85257720787 1.000017783456993 1.491947791737425 155.3582481488442 0
0.08160000000000001 6386.9030735614 1.000017624107493 1.491849805929533 155.0300218509022 0
0.08170000000000001 6386.953633288939 1.000017465654728 1.491751806293846 154.7013836218947 0
0.0818 6387.00425640185 1.000017308097539 1.491653792878977 154.3723333879724 0
0.0819 6387.054942911469 1.000017151434747 1.49155576573361 154.0428710754517 0
0.082 6387.105692829104 1.000016995665154 1.491457724906492 153.7129966108263 0
0.08210000000000001 6387.156506166034 1.000016840787545 1.491359670446445 153.3827099207791 0
0.08220000000000001 6387.207382933513 1.000016686800682 1.491261602402352 153.0520109321645 0
0.0823 6387.258323142768 1.000016533703311 1.491163520823164 152.7208995720083 0
0.0824 6387.309326804996 1.000016381494157 1.491065425757906 152.3893757675254 0
0.0825 6387.360393931366 1.000016230171927 1.490967317255656 152.0574394461199 0
0.08260000000000001 6387.411524533022 1.00001607973531 1.490869195365562 151.7250905353557 0
0.08270000000000001 6387.462718621079 1.000015930182975 1.490771060136833 151.3923289629855 0
0.0828 6387.513976206624 1.00001578151357 1.490672911618743 151.0591546569457 0
0.0829 6387.565297300715 1.000015633725729 1.490574749860626 150.7255675453556 0
0.083 6387.616681914384 1.000015486818063 1.490476574911869 150.3915675565062 0
0.08310000000000001 6387.668130058633 1.000015340789165 1.490378386821937 150.0571546188834 0
0.08320000000000001 6387.71964174444 1.000015195637612 1.490280185640335 149.7223286611387 0
0.0833 6387.771216982751 1.00001505136196 1.490181971416635 149.3870896121188 0
0.0834 6387.822855784486 1.000014907960745 1.490083744200458 149.0514374008416 0
0.08350000000000001 6387.874558160535 1.000014765432488 1.489985504041493 148.7153719565202 0
0.08360000000000001 6387.926324121763 1.000014623775688 1.489887250989478 148.3788932085394 0
0.08370000000000001 6387.978153679003 1.000014482988828 1.4897889850942 148.0420010864785 0
0.0838 6388.030046843065 1.000014343070372 1.489690706405505 147.7046955200771 0
0.0839 6388.082003624724 1.000014204018764 1.489592414973295 147.3669764392929 0
0.08400000000000001 6388.134024034734 1.000014065832432 1.489494110847514 147.0288437742319 0
0.08410000000000001 6388.186108083814 1.000013928509783 1.489395794078159 146.6902974552066 0
0.08420000000000001 6388.23825578266 1.000013792049209 1.489297464715287 146.3513374127073 0
0.0843 6388.290467141937 1.000013656449082 1.489199122808986 146.0119635774071 0
0.0844 6388.342742172284 1.000013521707754 1.489100768409406 145.6721758801567 0
0.08450000000000001 6388.395080884306 1.000013387823562 1.489002401566738 145.3319742520138 0
0.08460000000000001 6388.447483288584 1.000013254794824 1.488904022331222 144.9913586242013 0
0.0847 6388.499949395673 1.00001312261984 1.488805630753136 144.6503289281258 0
0.0848 6388.552479216093 1.00001299129689 1.488707226882812 144.3088850953944 0
0.0849 6388.605072760341 1.000012860824239 1.488608810770616 143.9670270577861 0
0.08500000000000001 6388.657730038882 1.000012731200133 1.488510382466957 143.6247547472689 0
0.08510000000000001 6388.710451062154 1.0000126024228 1.488411942022291 143.2820680959998 0
0.0852 6388.763235840565 1.00001247449045 1.488313489487115 142.9389670363252 0
0.0853 6388.816084384497 1.000012347401276 1.488215024911958 142.5954515007687 0
0.0854 6388.868996704301 1.000012221153454 1.488116548347387 142.2515214220433 0
0.08550000000000001 6388.921972810301 1.00001209574514 1.488018059844013 141.9071767330451 0
0.08560000000000001 6388.975012712789 1.000011971174475 1.487919559452481 141.5624173668711 0
0.0857 6389.028116422032 1.000011847439582 1.487821047223469 141.2172432567899 0
0.0858 6389.081283948267 1.000011724538565 1.487722523207691 140.8716543362651 0
0.0859 6389.134515301701 1.000011602469512 1.4876239874559 140.5256505389438 0
0.08600000000000001 6389.187810492513 1.000011481230495 1.487525440018866 140.1792317986677 0
0.08610000000000001 6389.241169530855 1.000011360819566 1.487426880947407 139.8323980494446 0
0.0862 6389.294592426847 1.000011241234762 1.487328310292363 139.4851492254946 0
0.0863 6389.348079190581 1.000011122474101 1.48722972810461 139.1374852612215 0
0.08640000000000001 6389.401629832122 1.000011004535587 1.487131134435039 138.7894060912062 0
0.08650000000000001 6389.455244361505 1.000010887417203 1.487032529334585 138.4409116502187 0
0.08660000000000001 6389.508922788734 1.00001077111692 1.486933912854198 138.0920018732303 0
0.0867 6389.562665123786 1.000010655632688 1.486835285044861 137.7426766953894 0
0.0868 6389.61647137661 1.000010540962441 1.48673664595758 137.3929360520336 0
0.08690000000000001 6389.670341557124 1.000010427104098 1.486637995643377 137.0427798786958 0
0.08700000000000001 6389.724275675219 1.000010314055561 1.486539334153302 136.6922081110801 0
0.08710000000000001 6389.778273740753 1.000010201814715 1.486440661538433 136.3412206851034 0
