0 6365.5 1.00028503757516 1.560760683595929 297.15 4.476731275970107
0.0001 6365.506420237111 1.000284836479873 1.560680537117816 297.1082684587763 4.465521559627769
0.0002 6365.512891503274 1.000284633940037 1.560600376205465 297.0662052287206 4.454247556979269
0.0003 6365.519413807915 1.000284429958861 1.560520200743791 297.0238102485522 4.442909794092807
0.0004 6365.525987160538 1.000284224539578 1.560440010618165 296.9810834565054 4.431508799556457
0.0005 6365.532611570719 1.000284017685437 1.560359805714464 296.938024790324 4.420045104442187
0.0006000000000000001 6365.539287048114 1.000283809399712 1.560279585919137 296.894634187261 4.408519242271301
0.0007 6365.546013602447 1.000283599685694 1.560199351119176 296.8509115840965 4.396931748984414
0.0008 6365.552791243519 1.000283388546695 1.560119101202074 296.8068569171259 4.385283162903416
0.0009000000000000001 6365.559619981206 1.000283175986047 1.560038836055757 296.7624701221597 4.373574024696427
0.001 6365.566499825455 1.000282962007103 1.559958555568714 296.7177511345416 4.36180487734728
0.0011 6365.573430786287 1.000282746613234 1.559878259629987 296.6726998891362 4.34997626611703
0.0012 6365.580412873795 1.000282529807833 1.559797948129001 296.6273163203294 4.338088738508469
0.0013 6365.587446098147 1.00028231159431 1.559717620955764 296.5816003620461 4.3261428442351
0.0014 6365.594530469577 1.000282091976097 1.559637278000794 296.5355519477497 4.314139135185329
0.0015 6365.601665998396 1.000281870956645 1.559556919155006 296.4891710104251 4.302078165381869
0.0016 6365.608852694986 1.000281648539423 1.559476544309838 296.4424574825902 4.289960490948775
0.0017 6365.616090569798 1.000281424727921 1.559396153357251 296.3954112963132 4.277786670079792
0.0018 6365.623379633355 1.000281199525647 1.559315746189645 296.3480323831899 4.265557262995876
0.0019 6365.630719896251 1.000280972936129 1.559235322699923 296.3003206743664 4.253272831914806
0.002 6365.638111369149 1.000280744962913 1.559154882781475 296.2522761005338 4.24093394101302
0.0021 6365.645554062781 1.000280515609565 1.559074426328123 296.203898591922 4.22854115638734
0.0022 6365.653047987952 1.000280284879668 1.558993953234186 296.1551880783117 4.216095046021131
0.0023 6365.660593155533 1.000280052776826 1.558913463394444 296.1061444890341 4.203596179747291
0.0024 6365.668189576466 1.000279819304661 1.55883295670419 296.0567677529715 4.191045129211113
0.0025 6365.675837261761 1.000279584466811 1.558752433059102 296.0070577985565 4.178442467833057
0.0026 6365.683536222496 1.000279348266936 1.558671892355398 295.9570145537785 4.165788770772877
0.0027 6365.691286469817 1.000279110708712 1.558591334489701 295.9066379461896 4.153084614893643
0.0028 6365.699088014939 1.000278871795833 1.55851075935918 295.8559279028981 4.140330578722655
0.0029 6365.706940869143 1.000278631532013 1.558430166861384 295.8048843505693 4.127527242413751
0.003 6365.71484504378 1.000278389920982 1.558349556894358 295.7535072154309 4.114675187711013
0.0031 6365.722800550264 1.000278146966489 1.558268929356612 295.7017964232849 4.101774997913807
0.0032 6365.730807400078 1.000277902672299 1.558188284147054 295.6497518994901 4.088827257834351
0.0033 6365.738865604773 1.000277657042197 1.558107621165176 295.5973735689735 4.075832553762575
0.0034 6365.746975175962 1.000277410079984 1.558026940310812 295.5446613562484 4.062791473432311
0.0035 6365.755136125325 1.00027716178948 1.557946241484263 295.4916151853848 4.049704605975686
0.0036 6365.763348464611 1.000276912174519 1.557865524586363 295.438234980027 4.03657254188914
0.0037 6365.77161220563 1.000276661238955 1.557784789518329 295.3845206634054 4.023395872997884
0.0038 6365.779927360259 1.000276408986658 1.55770403618184 295.3304721583189 4.010175192412968
0.0039 6365.788293940439 1.000276155421516 1.557623264479062 295.2760893871467 3.99691109449559
0.004 6365.796711958176 1.000275900547433 1.557542474312582 295.2213722718542 3.983604174819809
0.0041 6365.80518142554 1.000275644368329 1.557461665585429 295.1663207339928 3.970255030133765
0.004200000000000001 6365.813702354662 1.000275386888142 1.557380838201171 295.1109346946945 3.956864258319376
0.0043 6365.822274757742 1.000275128110825 1.557299992063688 295.0552140746771 3.943432458354879
0.0044 6365.830898647037 1.00027486804035 1.55721912707743 294.9991587942567 3.929960230278661
0.004500000000000001 6365.839574034873 1.000274606680702 1.557138243147242 294.9427687733236 3.916448175144533
0.0046 6365.848300933634 1.000274344035883 1.557057340178456 294.8860439313779 3.90289689499112
0.0047 6365.857079355768 1.000274080109913 1.556976418076778 294.8289841875061 3.889306992797025
0.0048 6365.865909313786 1.000273814906827 1.556895476748456 294.7715894603924 3.875679072444408
0.0049 6365.874790820259 1.000273548430674 1.556814516100136 294.7138596683193 3.862013738679723
0.005 6365.88372388782 1.000273280685521 1.556733536038911 294.655794729167 3.848311597074367
0.0051 6365.892708529166 1.00027301167545 1.556652536472354 294.59739456042 3.834573253986711
0.005200000000000001 6365.90174475705 1.000272741404556 1.556571517308491 294.5386590791721 3.820799316524046
0.0053 6365.910832584291 1.000272469876954 1.556490478455762 294.4795882021098 3.806990392498959
0.0054 6365.919972023763 1.000272197096769 1.556409419823081 294.4201818455407 3.793147090396755
0.005500000000000001 6365.929163088404 1.000271923068146 1.556328341319807 294.3604399253767 3.779270019331754
0.0056 6365.938405791209 1.000271647795241 1.556247242855764 294.3003623571393 3.765359789009106
0.0057 6365.947700145236 1.000271371282227 1.55616612434119 294.2399490559659 3.751417009686552
0.0058 6365.957046163599 1.000271093533291 1.556084985686804 294.1791999366036 3.737442292133434
0.0059 6365.966443859474 1.000270814552634 1.556003826803794 294.1181149134212 3.723436247593761
0.006 6365.975893246092 1.000270534344474 1.555922647603729 294.0566939004033 3.709399487745174
0.0061 6365.985394336745 1.000270252913041 1.555841447998677 293.994936811156 3.695332624660605
0.006200000000000001 6365.994947144784 1.000269970262578 1.555760227901202 293.9328435589013 3.681236270767227
0.0063 6366.004551683615 1.000269686397346 1.555678987224216 293.8704140565004 3.6671110388121
0.0064 6366.014207966703 1.000269401321616 1.555597725881171 293.8076482164305 3.65295754181707
0.006500000000000001 6366.023916007568 1.000269115039677 1.555516443785921 293.7445459508079 3.638776393044366
0.0066 6366.033675819791 1.000268827555828 1.55543514085283 293.681107171359 3.624568205950221
0.0067 6366.043487417008 1.000268538874383 1.555353816996611 293.6173317894494 3.61033359415179
0.0068 6366.05335081291 1.00026824899967 1.555272472132517 293.5532197160841 3.596073171387394
0.006900000000000001 6366.063266021247 1.000267957936029 1.555191106176247 293.4887708618957 3.58178755147414
0.007 6366.07323305582 1.000267665687815 1.555109719043935 293.423985137168 3.567477348273458
0.0071 6366.083251930491 1.000267372259395 1.555028310652135 293.3588624518064 3.553143175644846
0.007200000000000001 6366.093322659174 1.000267077655149 1.554946880917935 293.2934027153677 3.538785647412698
0.0073 6366.10344525584 1.00026678187947 1.554865429758777 293.227605837042 3.524405377322746
0.0074 6366.113619734511 1.000266484936764 1.55478395709267 293.1614717256765 3.510002979007568
0.007500000000000001 6366.123846109268 1.000266186831449 1.554702462838007 293.0950002897579 3.495579065943073
0.0076 6366.134124394242 1.000265887567956 1.554620946913651 293.028191437424 3.481134251411483
0.0077 6366.144454603623 1.000265587150728 1.554539409238914 292.961045076452 3.466669148459204
0.007800000000000001 6366.154836751648 1.00026528558422 1.554457849733547 292.8935611142882 3.452184369863663
0.007900000000000001 6366.165270852612 1.0002649828729 1.554376268317814 292.825739458024 3.437680528088708
0.008 6366.175756920862 1.000264679021247 1.55429466491239 292.7575800143962 3.423158235245158
0.0081 6366.186294970797 1.000264374033752 1.554213039438435 292.6890826898165 3.408618103057711
0.008200000000000001 6366.196885016869 1.000264067914919 1.554131391817524 292.6202473903535 3.394060742821747
0.0083 6366.20752707358 1.000263760669261 1.554049721971747 292.5510740217272 3.379486765362777
0.008400000000000001 6366.218221155487 1.000263452301303 1.553968029823642 292.4815624893325 3.364896781002165
0.008500000000000001 6366.228967277198 1.000263142815585 1.553886315296138 292.4117126982154 3.350291399512934
0.0086 6366.239765453368 1.000262832216653 1.553804578312695 292.3415245531086 3.335671230088031
0.008700000000000001 6366.250615698709 1.000262520509067 1.553722818797216 292.27099795839 3.321036881292593
0.008800000000000001 6366.261518027981 1.000262207697398 1.55364103667406 292.2001328181244 3.306388961033537
0.0089 6366.272472455992 1.000261893786226 1.553559231868036 292.1289290360513 3.291728076518111
0.009000000000000001 6366.283478997605 1.000261578780142 1.553477404304447 292.0573865155674 3.277054834211356
0.0091 6366.294537667728 1.00026126268375 1.553395553908995 291.9855051597677 3.262369839805797
0.0092 6366.305648481321 1.000260945501661 1.553313680607914 291.9132848714106 3.247673698175409
0.009300000000000001 6366.316811453394 1.000260627238499 1.553231784327848 291.8407255529409 3.232967013341797
0.0094 6366.328026599003 1.000260307898896 1.553149864995935 291.7678271064782 3.218250388433212
0.0095 6366.339293933256 1.000259987487495 1.553067922539746 291.6945894338349 3.203524425649646
0.009600000000000001 6366.350613471308 1.000259666008948 1.552985956887359 291.6210124364983 3.188789726220846
0.0097 6366.36198522836 1.000259343467919 1.552903967967285 291.5470960156598 3.174046890373938
0.0098 6366.373409219663 1.00025901986908 1.55282195570849 291.4728400721918 3.159296517290452
0.009900000000000001 6366.384885460515 1.00025869521711 1.552739920040411 291.3982445066534 3.144539205069412
0.01 6366.39641396626 1.000258369516703 1.552657860892956 291.323309219308 3.129775550692828
0.0101 6366.407994752292 1.000258042772557 1.552575778196518 291.2480341100999 3.115006149983116
0.0102 6366.41962783405 1.000257714989381 1.55249367188192 291.1724190786775 3.100231597569957
0.0103 6366.431313227015 1.000257386171893 1.552411541880482 291.0964640244 3.085452486853742
0.0104 6366.443050946721 1.000257056324821 1.552329388123918 291.0201688463129 3.070669409963365
0.0105 6366.454841008744 1.000256725452899 1.552247210544524 290.9435334431663 3.05588295772225
0.0106 6366.466683428705 1.000256393560871 1.552165009074958 290.8665577134146 3.041093719611001
0.0107 6366.478578222273 1.000256060653489 1.552082783648407 290.7892415552286 3.026302283732453
0.0108 6366.490525405157 1.000255726735514 1.552000534198502 290.7115848664774 3.011509236771172
0.0109 6366.502524993116 1.000255391811714 1.551918260659323 290.6335875447465 2.996715163959903
0.011 6366.514577001949 1.000255055886866 1.551835962965473 290.5552494873317 2.981920649041601
0.0111 6366.526681447501 1.000254718965754 1.551753641051961 290.4765705912449 2.967126274233875
0.0112 6366.53883834566 1.000254381053171 1.551671294854308 290.3975507532085 2.952332620191317
0.0113 6366.551047712358 1.000254042153916 1.551588924308458 290.3181898696729 2.937540265972427
0.0114 6366.563309563569 1.000253702272795 1.551506529350862 290.2384878367988 2.922749789000024
0.0115 6366.575623915311 1.000253361414624 1.55142410991846 290.1584445504808 2.907961765029538
0.0116 6366.587990783642 1.000253019584224 1.551341665948596 290.078059906324 2.893176768108665
0.0117 6366.600410184667 1.000252676786423 1.551259197379118 289.9973337996674 2.878395370545929
0.0118 6366.612882134527 1.000252333026057 1.551176704148344 289.9162661255722 2.863618142872861
0.0119 6366.62540664941 1.000251988307968 1.551094186195053 289.8348567788333 2.848845653810668
0.012 6366.637983745542 1.000251642637005 1.551011643458525 289.75310565398 2.834078470234899
0.0121 6366.650613439189 1.000251296018024 1.55092907587844 289.6710126452693 2.819317157139219
0.0122 6366.663295746661 1.000250948455885 1.550846483395033 289.5885776467043 2.804562277603608
0.0123 6366.676030684306 1.000250599955457 1.550763865948947 289.5058005520099 2.789814392755307
0.0124 6366.688818268513 1.000250250521614 1.550681223481317 289.422681254663 2.775074061739471
0.0125 6366.701658515712 1.000249900159235 1.550598555933753 289.3392196478743 2.760341841681536
0.0126 6366.714551442369 1.000249548873207 1.550515863248326 289.2554156246005 2.745618287655049
0.0127 6366.727497064993 1.000249196668421 1.55043314536756 289.1712690775438 2.73090395264756
0.0128 6366.740495400131 1.000248843549774 1.550350402234498 289.0867798991466 2.716199387525697
0.0129 6366.753546464367 1.000248489522168 1.550267633792613 289.0019479816145 2.70150514100556
0.013 6366.766650274324 1.000248134590511 1.550184839985864 288.9167732168934 2.686821759615083
0.0131 6366.779806846664 1.000247778759716 1.550102020758692 288.8312554966864 2.672149787663788
0.0132 6366.793016198085 1.0002474220347 1.550019176055984 288.7453947124485 2.657489767208637
0.0133 6366.806278345323 1.000247064420386 1.549936305823104 288.6591907553983 2.642842238023133
0.0134 6366.819593305154 1.000246705921702 1.549853410005881 288.5726435165001 2.628207737561577
0.0135 6366.832961094387 1.00024634654358 1.549770488550635 288.4857528864817 2.613586800929602
0.0136 6366.84638172987 1.000245986290956 1.549687541404157 288.3985187558463 2.598979960853833
0.0137 6366.859855228486 1.00024562516877 1.549604568513693 288.310941014843 2.584387747644847
0.0138 6366.873381607153 1.000245263181969 1.549521569826945 288.2230195535079 2.569810689172227
0.0139 6366.886960882826 1.000244900335501 1.549438545292136 288.1347542616289 2.555249310826995
0.014 6366.900593072496 1.000244536634319 1.5493554948579 288.0461450287752 2.540704135495103
0.0141 6366.91427819319 1.00024417208338 1.549272418473399 287.9571917442676 2.526175683521376
0.0142 6366.928016261965 1.000243806687644 1.549189316088203 287.8678942972259 2.511664472686294
0.0143 6366.941807295918 1.000243440452076 1.549106187652423 287.7782525765336 2.497171018169435
0.0144 6366.955651312176 1.000243073381644 1.549023033116574 287.6882664708554 2.482695832521873
0.0145 6366.969548327903 1.000242705481317 1.548939852431666 287.5979358686312 2.46823942563495
0.0146 6366.983498360294 1.00024233675607 1.548856645549221 287.5072606580883 2.453802304712156
0.0147 6366.99750142658 1.000241967210879 1.548773412421168 287.4162407272291 2.43938497423745
0.0148 6367.011557544023 1.000241596850725 1.54869015299991 287.3248759638494 2.424987935948546
0.0149 6367.025666729917 1.000241225680589 1.548606867238378 287.2331662555379 2.410611688807592
0.015 6367.039829001591 1.000240853705458 1.548523555089899 287.1411114896586 2.396256728969352
0.0151 6367.054044376404 1.000240480930319 1.548440216508316 287.0487115533746 2.381923549756137
0.0152 6367.068312871748 1.000240107360161 1.548356851447934 286.9559663336362 2.367612641627415
0.0153 6367.082634505046 1.000239732999977 1.548273459863506 286.8628757171986 2.353324492154294
0.0154 6367.097009293753 1.00023935785476 1.548190041710293 286.7694395906041 2.339059585988758
0.0155 6367.111437255354 1.000238981929509 1.548106596943956 286.6756578402 2.32481840483865
0.0156 6367.125918407364 1.00023860522922 1.548023125520693 286.5815303521325 2.31060142743928
0.0157 6367.140452767329 1.000238227758893 1.547939627397132 286.4870570123588 2.29640912952799
0.0158 6367.155040352826 1.00023784952353 1.547856102530383 286.3922377066291 2.282241983814536
0.0159 6367.169681181462 1.000237470528133 1.547772550878011 286.2970723204984 2.268100459956224
0.016 6367.184375270871 1.000237090777707 1.547688972398045 286.2015607393386 2.253985024533268
0.0161 6367.199122638718 1.000236710277256 1.547605367049002 286.1057028483323 2.239896141021775
0.0162 6367.213923302697 1.000236329031788 1.547521734789842 286.0094985324671 2.225834269767057
0.0163 6367.228777280529 1.00023594704631 1.547438075579999 285.9129476765592 2.211799867961538
0.0164 6367.243684589967 1.000235564325829 1.54735438937937 285.8160501652177 2.197793389614327
0.0165 6367.258645248787 1.000235180875355 1.547270676148299 285.7188058828864 2.183815285532265
0.0166 6367.273659274795 1.000234796699897 1.547186935847626 285.6212147138316 2.169866003293497
0.0167 6367.288726685826 1.000234411804465 1.547103168438643 285.5232765421305 2.155945987221399
0.0168 6367.30384749974 1.000234026194069 1.547019373883086 285.4249912516888 2.142055678363023
0.0169 6367.319021734425 1.000233639873718 1.546935552143187 285.3263587262348 2.128195514464459
0.017 6367.334249407795 1.000233252848424 1.546851703181595 285.2273788493316 2.114365929949004
0.0171 6367.34953053779 1.000232865123196 1.54676782696145 285.1280515043644 2.100567355892298
0.0172 6367.364865142376 1.000232476703045 1.546683923446381 285.0283765745534 2.086800220001095
0.0173 6367.380253239546 1.000232087592982 1.546599992600377 284.9283539429529 2.073064946590672
0.0174 6367.395694847315 1.000231697798013 1.54651603438802 284.8279834924518 2.059361956562549
0.0175 6367.411189983728 1.000231307323149 1.54643204877425 284.7272651057677 2.045691667381736
0.0176 6367.426738666851 1.000230916173398 1.546348035724501 284.6261986654703 2.032054493058297
0.0177 6367.442340914776 1.000230524353766 1.546263995204676 284.5247840539577 2.018450844122806
0.0178 6367.457996745618 1.00023013186926 1.546179927181097 284.4230211534804 2.004881127608523
0.0179 6367.473706177519 1.000229738724886 1.546095831620582 284.3209098461233 1.99134574702832
0.018 6367.489469228642 1.000229344925648 1.546011708490388 284.2184500138295 1.977845102357452
0.0181 6367.505285917173 1.000228950476547 1.545927557758224 284.1156415383765 1.964379590010376
0.0182 6367.521156261322 1.000228555382587 1.545843379392262 284.0124843014058 1.950949602824917
0.0183 6367.537080279323 1.000228159648765 1.545759173361123 283.9089781843994 1.937555530039764
0.0184 6367.55305798943 1.000227763280082 1.545674939633877 283.8051230687032 1.924197757278484
0.0185 6367.569089409922 1.000227366281533 1.545590678180044 283.7009188355095 1.910876666528485
0.0186 6367.585174559097 1.000226968658113 1.545506388969615 283.5963653658686 1.897592636124146
0.0187 6367.601313455278 1.000226570414814 1.545422071973002 283.4914625406949 1.884346040729493
0.0188 6367.617506116805 1.000226171556627 1.545337727161097 283.3862102407669 1.871137251320446
0.0189 6367.633752562045 1.00022577208854 1.545253354505207 283.2806083467093 1.857966635165217
0.019 6367.650052809378 1.000225372015539 1.545168953977127 283.1746567390404 1.844834555813158
0.0191 6367.666406877213 1.000224971342607 1.545084525549075 283.068355298113 1.831741373070685
0.0192 6367.682814783974 1.000224570074726 1.545000069193687 282.9617039041676 1.818687442991529
0.0193 6367.699276548105 1.000224168216873 1.544915584884116 282.8547024373146 1.805673117858483
0.0194 6367.715792188073 1.000223765774024 1.544831072593885 282.7473507775225 1.79269874616631
0.0195 6367.732361722361 1.000223362751152 1.544746532297021 282.6396488046533 1.779764672610713
0.0196 6367.748985169472 1.000222959153225 1.544661963967958 282.5315963984334 1.766871238069767
0.0197 6367.765662547929 1.00022255498521 1.544577367581573 282.4231934384646 1.754018779590736
0.0198 6367.782393876272 1.00022215025207 1.544492743113203 282.3144398042308 1.741207630376501
0.0199 6367.799179173063 1.000221744958764 1.544408090538599 282.2053353750915 1.72843811977094
0.02 6367.816018456876 1.000221339110251 1.544323409833968 282.0958800303059 1.715710573248129
0.0201 6367.832911746306 1.00022093271148 1.544238700975973 281.986073649009 1.703025312396347
0.0202 6367.849859059967 1.000220525767403 1.544153963941666 281.8759161102115 1.690382654905263
0.0203 6367.86686041649 1.000220118282963 1.544069198708568 281.7654072928179 1.677782914555505
0.0204 6367.883915834517 1.000219710263103 1.543984405254644 281.6545470756381 1.665226401207843
0.0205 6367.901025332714 1.00021930171276 1.543899583558243 281.5433353373577 1.652713420788056
0.0206 6367.918188929761 1.000218892636866 1.543814733598213 281.431771956556 1.64024427527756
0.0207 6367.935406644351 1.000218483040351 1.543729855353775 281.3198568117176 1.627819262703684
0.0208 6367.952678495199 1.00021807292814 1.543644948804627 281.2075897812091 1.615438677126355
0.0209 6367.970004501029 1.000217662305153 1.543560013930871 281.0949707433141 1.603102808631727
0.021 6367.987384680584 1.000217251176305 1.543475050713025 280.981999576204 1.590811943318967
0.0211 6368.004819052622 1.000216839546509 1.543390059132041 280.8686761579555 1.578566363292641
0.0212 6368.022307635914 1.00021642742067 1.543305039169349 280.7550003665568 1.566366346654138
0.0213 6368.039850449249 1.000216014803689 1.543219990806722 280.6409720798837 1.5542121674903
0.0214 6368.057447511424 1.000215601700465 1.543134914026395 280.5265911757409 1.542104095869397
0.0215 6368.075098841257 1.000215188115888 1.543049808811051 280.411857531827 1.530042397829243
0.0216 6368.092804457576 1.000214774054845 1.542964675143726 280.2967710257575 1.518027335372002
0.0217 6368.110564379222 1.000214359522217 1.542879513007942 280.1813315350595 1.506059166456216
0.0218 6368.128378625049 1.000213944522882 1.542794322387596 280.0655389371831 1.494138144991054
0.0219 6368.146247213926 1.000213529061708 1.542709103267039 279.9493931094779 1.482264520827284
0.022 6368.164170164735 1.000213113143562 1.542623855631002 279.8328939292227 1.470438539754108
0.0221 6368.182147496366 1.000212696773303 1.542538579464649 279.7160412736192 1.458660443492689
0.0222 6368.200179227726 1.000212279955785 1.542453274753549 279.5988350197807 1.446930469689497
0.0223 6368.218265377731 1.000211862695856 1.542367941483697 279.4812750447494 1.435248851913019
0.0224 6368.236405965309 1.000211444998359 1.542282579641484 279.3633612254906 1.423615819648447
0.0225 6368.254601009401 1.00021102686813 1.542197189213699 279.2450934388929 1.412031598293355
0.0226 6368.272850528958 1.000210608309999 1.542111770187572 279.1264715617739 1.400496409154339
0.0227 6368.291154542941 1.00021018932879 1.542026322550719 279.0074954708861 1.389010469444002
0.0228 6368.309513070322 1.000209769929321 1.541940846291148 278.8881650429051 1.377573992276627
0.0229 6368.327926130084 1.000209350116405 1.541855341397287 278.7684801544536 1.366187186667624
0.023 6368.346393741219 1.000208929894845 1.541769807857979 278.6484406820772 1.354850257528837
0.0231 6368.36491592273 1.000208509269441 1.541684245662444 278.5280465022564 1.343563405667626
0.0232 6368.38349269363 1.000208088244986 1.54159865480028 278.4072974914069 1.332326827785207
0.0233 6368.402124072939 1.000207666826264 1.541513035261544 278.2861935258969 1.321140716477002
0.0234 6368.420810079687 1.000207245018055 1.541427387036655 278.1647344820357 1.3100052602306
0.0235 6368.439550732914 1.00020682282513 1.541341710116391 278.0429202360614 1.298920643424158
0.0236 6368.458346051667 1.000206400252255 1.541256004491986 277.920750664165 1.287887046328426
0.0237 6368.477196055003 1.000205977304187 1.541170270155041 277.7982256424783 1.276904645105891
0.0238 6368.496100761986 1.000205553985678 1.541084507097526 277.6753450470918 1.265973611812978
0.0239 6368.515060191687 1.000205130301473 1.540998715311819 277.5521087540368 1.255094114399438
0.024 6368.534074363187 1.000204706256306 1.540912894790667 277.4285166392855 1.244266316709753
0.0241 6368.553143295571 1.000204281854909 1.540827045527244 277.3045685787864 1.233490378487983
0.0242 6368.572267007935 1.000203857102003 1.540741167515048 277.1802644484231 1.222766455376263
0.0243 6368.591445519378 1.000203432002302 1.54065526074801 277.0556041240437 1.212094698919891
0.0244 6368.610678849009 1.000203006560514 1.540569325220418 276.930587481443 1.20147525656868
0.0245 6368.62996701594 1.000202580781339 1.540483360926927 276.8052143963922 1.190908271682743
0.0246 6368.649310039291 1.000202154669468 1.54039736786259 276.6794847446093 1.180393883533606
0.0247 6368.66870793819 1.000201728229585 1.54031134602283 276.5533984017651 1.169932227308764
0.0248 6368.688160731767 1.000201301466367 1.540225295403416 276.4269552435125 1.159523434118521
0.0249 6368.707668439159 1.000200874384482 1.540139216000549 276.3001551454689 1.149167630999262
0.025 6368.727231079507 1.000200446988592 1.540053107810714 276.1729979832047 1.13886494091764
0.0251 6368.746848671961 1.000200019283348 1.539966970830853 276.0454836322546 1.128615482777083
0.0252 6368.766521235671 1.000199591273395 1.539880805058207 275.9176119681355 1.118419371425112
0.0253 6368.786248789794 1.000199162963369 1.539794610490423 275.7893828663408 1.108276717659092
0.0254 6368.806031353489 1.000198734357898 1.53970838712549 275.6607962023226 1.098187628231469
0.0255 6368.825868945922 1.000198305461603 1.53962213496176 275.531851851509 1.088152205858196
0.0256 6368.845761586261 1.000197876279095 1.539535853997945 275.4025496893049 1.078170549226101
0.0257 6368.865709293678 1.000197446814977 1.539449544233129 275.2728895910913 1.068242753000633
0.0258 6368.88571208735 1.000197017073844 1.539363205666727 275.1428714322254 1.058368907833977
0.0259 6368.905769986454 1.000196587060282 1.539276838298514 275.0124950880471 1.048549100373984
0.026 6368.925883010172 1.000196156778868 1.539190442128629 274.8817604338841 1.038783413273453
0.0261 6368.946051177688 1.000195726234172 1.539104017157561 274.7506673450288 1.029071925197575
0.0262 6368.966274508189 1.000195295430755 1.539017563386108 274.6192156967735 1.019414710836161
0.0263 6368.986553020864 1.000194864373167 1.538931080815486 274.487405364387 1.009811840911814
0.0264 6369.006886734903 1.000194433065952 1.538844569447201 274.355236223132 1.000263382191532
0.0265 6369.027275669499 1.000194001513643 1.538758029283104 274.2227081482537 0.9907693974964991
0.0266 6369.047719843848 1.000193569720766 1.538671460325402 274.0898210149852 0.9813299457135406
0.0267 6369.068219277146 1.000193137691837 1.538584862576632 273.9565746985539 0.9719450818069137
0.0268 6369.088773988588 1.000192705431362 1.538498236039679 273.8229690741754 0.9626148568296148
0.0269 6369.109383997375 1.000192272943841 1.538411580717753 273.689004017065 0.9533393179362886
0.027 6369.130049322703 1.000191840233761 1.538324896614392 273.5546794024325 0.94411850839524
0.0271 6369.150769983773 1.000191407305603 1.538238183733476 273.4199951054756 0.9349524676008193
0.0272 6369.171545999785 1.000190974163838 1.538151442079206 273.2849510013979 0.9258412310877712
0.0273 6369.192377389938 1.000190540812926 1.538064671656116 273.1495469654031 0.9167848305442966
0.0274 6369.213264173432 1.000190107257321 1.537977872469058 273.0137828726891 0.9077832938254838
0.0275 6369.234206369467 1.000189673501464 1.537891044523193 272.8776585984655 0.8988366449686565
0.0276 6369.255203997242 1.000189239549789 1.537804187824056 272.741174017924 0.8899449042059354
0.0277 6369.276257075956 1.000188805406721 1.537717302377421 272.6043290062861 0.8811080879821883
0.0278 6369.297365624807 1.000188371076674 1.537630388189449 272.4671234387555 0.8723262089671304
0.0279 6369.318529662989 1.000187936564052 1.537543445266581 272.3295571905713 0.863599276074273
0.028 6369.3397492097 1.000187501873252 1.537456473615572 272.1916301369491 0.8549272944729975
0.0281 6369.361024284133 1.000187067008659 1.537369473243493 272.0533421531339 0.8463102656081326
0.0282 6369.38235490548 1.00018663197465 1.537282444157725 271.9146931143767 0.8377481872149601
0.0283 6369.403741092932 1.000186196775591 1.537195386365956 271.7756828959403 0.8292410533364315
0.0284 6369.425182865677 1.00018576141584 1.537108299876176 271.6363113730994 0.8207888543403359
0.0285 6369.446680242901 1.000185325899744 1.537021184696657 271.4965784211462 0.8123915769371479
0.0286 6369.468233243787 1.000184890231641 1.536934040836017 271.356483915385 0.8040492041974789
0.0287 6369.489841887517 1.000184454415858 1.536846868303132 271.2160277311376 0.7957617155705626
0.0288 6369.51150619327 1.000184018456713 1.536759667107176 271.0752097437438 0.787529086902696
0.0289 6369.53322618022 1.000183582358515 1.536672437257638 270.9340298285668 0.7793512904563383
0.029 6369.555001867541 1.000183146125562 1.536585178764283 270.7924878609819 0.7712282949284905
0.0291 6369.5768332744 1.000182709762143 1.536497891637182 270.6505837163994 0.7631600654714319
0.0292 6369.598720419963 1.000182273272536 1.536410575886671 270.5083172702419 0.7551465637110365
0.0293 6369.620663323391 1.000181836661009 1.536323231523374 270.3656883979555 0.7471877477674433
0.0294 6369.642662003844 1.000181399931822 1.53623585855821 270.2226969750158 0.7392835722756635
0.0295 6369.664716480473 1.000180963089223 1.536148457002382 270.0793428769279 0.7314339884061501
0.0296 6369.686826772429 1.00018052613745 1.536061026867361 269.9356259792147 0.7236389438850247
0.0297 6369.708992898856 1.000180089080733 1.535973568164886 269.7915461574347 0.7158983830162171
0.0298 6369.731214878897 1.00017965192329 1.535886080906977 269.6471032871699 0.7082122467022768
0.0299 6369.753492731685 1.00017921466933 1.535798565105945 269.5022972440496 0.7005804724673685
0.03 6369.775826476352 1.00017877732305 1.535711020774355 269.357127903715 0.6930029944774126
0.0301 6369.798216132023 1.000178339888639 1.535623447925026 269.2115951418485 0.6854797435639595
0.0302 6369.82066171782 1.000177902370277 1.535535846571047 269.0656988341683 0.6780106472464483
0.0303 6369.843163252857 1.00017746477213 1.535448216725817 268.9194388564277 0.670595629755059
0.0304 6369.865720756244 1.000177027098356 1.535360558402931 268.7728150844158 0.6632346120538363
0.0305 6369.888334247084 1.000176589353103 1.535272871616272 268.6258273939569 0.6559275118640852
0.0306 6369.911003744474 1.00017615154051 1.535185156379979 268.4784756609168 0.6486742436883235
0.0307 6369.933729267508 1.000175713664702 1.535097412708444 268.3307597611969 0.6414747188339064
0.0308 6369.95651083527 1.000175275729799 1.535009640616315 268.1826795707456 0.6343288454377816
0.0309 6369.979348466839 1.000174837739906 1.534921840118464 268.0342349655469 0.6272365284903425
0.031 6370.002242181289 1.00017439969912 1.534834011230066 267.8854258216205 0.6201976698601266
0.0311 6370.025191997684 1.000173961611529 1.534746153966484 267.7362520150508 0.6132121683201405
0.0312 6370.048197935085 1.000173523481207 1.534658268343349 267.586713421946 0.6062799195710779
0.0313 6370.071260012543 1.000173085312223 1.534570354376537 267.4368099184734 0.5994008162684044
0.0314 6370.094378249101 1.00017264710863 1.534482412082154 267.2865413808416 0.5925747480471814
0.0315 6370.117552663799 1.000172208874476 1.534394441476543 267.1359076853067 0.5858016015482308
0.0316 6370.140783275667 1.000171770613795 1.534306442576292 266.984908708166 0.5790812604439955
0.0317 6370.164070103726 1.000171332330613 1.534218415398197 266.8335443257819 0.5724136054659386
0.0318 6370.187413166992 1.000170894028944 1.534130359959308 266.6818144145522 0.5657985144297979
0.0319 6370.210812484472 1.000170455712794 1.534042276276883 266.5297188509338 0.5592358622634248
0.032 6370.234268075164 1.000170017386156 1.53395416436843 266.3772575114371 0.552725521033524
0.0321 6370.257779958059 1.000169579053015 1.533866024251654 266.2244302726193 0.546267359972623
0.0322 6370.281348152139 1.000169140717345 1.533777855944485 266.0712370110972 0.5398612455070041
0.0323 6370.304972676378 1.000168702383109 1.533689659465084 265.9176776035405 0.5335070412840854
0.0324 6370.328653549741 1.000168264054262 1.533601434831825 265.763751926684 0.5272046082007402
0.0325 6370.352390791186 1.000167825734746 1.533513182063283 265.6094598572921 0.5209538044298807
0.0326 6370.376184419659 1.000167387428494 1.533424901178266 265.4548012722179 0.5147544854510983
0.0327 6370.400034454099 1.00016694913943 1.533336592195761 265.2997760483557 0.5086065040771481
0.0328 6370.423940913437 1.000166510871466 1.533248255134986 265.1443840626592 0.502509710483278
0.0329 6370.447903816592 1.000166072628504 1.533159890015356 264.9886251921529 0.4964639522364674
0.033 6370.471923182476 1.000165634414437 1.533071496856482 264.8324993139084 0.4904690743234639
0.0331 6370.49599902999 1.000165196233147 1.532983075678199 264.6760063050627 0.4845249191806138
0.0332 6370.520131378026 1.000164758088505 1.532894626500508 264.5191460428294 0.4786313267236025
0.0333 6370.544320245466 1.000164319984375 1.532806149343625 264.3619184044695 0.472788134375802
0.0334 6370.568565651183 1.000163881924606 1.532717644227953 264.204323267309 0.4669951770985828
0.0335 6370.592867614038 1.000163443913042 1.532629111174085 264.0463605087506 0.4612522874215283
0.0336 6370.617226152885 1.000163005953513 1.532540550202812 263.8880300062505 0.4555592954715071
0.0337 6370.641641286564 1.000162568049841 1.532451961335088 263.7293316373356 0.4499160290034154
0.0338 6370.666113033908 1.000162130205837 1.532363344592091 263.5702652795979 0.4443223134301981
0.0339 6370.690641413737 1.000161692425302 1.532274699995152 263.4108308107064 0.4387779718536374
0.034 6370.715226444863 1.000161254712028 1.532186027565767 263.2510281083891 0.4332828250942422
0.0341 6370.739868146085 1.000160817069796 1.532097327325652 263.0908570504447 0.4278366917223116
0.0342 6370.764566536192 1.000160379502377 1.532008599296663 262.9303175147492 0.422439388088903
0.0343 6370.789321633963 1.000159942013533 1.531919843500853 262.7694093792373 0.4170907283561283
0.0344 6370.814133458165 1.000159504607014 1.53183105996043 262.6081325219269 0.4117905245289663
0.0345 6370.839002027554 1.000159067286562 1.531742248697774 262.4464868209005 0.4065385864857985
0.0346 6370.863927360875 1.00015863005591 1.531653409735427 262.2844721543119 0.4013347220098533
0.0347 6370.888909476861 1.000158192918777 1.531564543096107 262.1220884004032 0.3961787368211167
0.0348 6370.913948394234 1.000157755878877 1.531475648802692 261.9593354374759 0.3910704346068321
0.0349 6370.939044131706 1.00015731893991 1.531386726878217 261.7962131439084 0.3860096170536222
0.035 6370.964196707975 1.000156882105571 1.53129777734585 261.6327213981616 0.3809960838793052
0.0351 6370.989406141729 1.000156445379539 1.531208800228961 261.4688600787616 0.3760296328640763
0.0352 6371.014672451643 1.000156008765489 1.531119795551029 261.3046290643173 0.3711100598828684
0.0353 6371.039995656382 1.000155572267083 1.531030763335722 261.1400282335202 0.3662371589372342
0.0354 6371.065375774595 1.000155135887974 1.530941703606825 260.9750574651329 0.3614107221869605
0.0355 6371.090812824923 1.000154699631806 1.530852616388283 260.8097166380006 0.3566305399824586
0.0356 6371.116306825993 1.000154263502213 1.530763501704193 260.6440056310456 0.3518964008966946
0.0357 6371.14185779642 1.000153827502819 1.530674359578787 260.4779243232668 0.347208091757359
0.0358 6371.167465754807 1.000153391637238 1.530585190036429 260.311472593752 0.342565397679424
0.0359 6371.193130719744 1.000152955909077 1.53049599310162 260.1446503216656 0.3379681020970814
0.036 6371.218852709808 1.000152520321931 1.530406768799023 259.9774573862491 0.3334159867960746
0.0361 6371.244631743564 1.000152084879385 1.530317517153403 259.8098936668324 0.3289088319463897
0.0362 6371.270467839566 1.000151649585018 1.530228238189667 259.6419590428226 0.3244464161343403
0.0363 6371.296361016352 1.000151214442396 1.530138931932859 259.4736533937152 0.3200285163953274
0.0364 6371.322311292449 1.000150779455077 1.530049598408136 259.3049765990826 0.3156549082459961
0.0365 6371.34831868637 1.00015034462661 1.529960237640802 259.1359285385919 0.311325365717197
0.0366 6371.374383216618 1.000149909960534 1.529870849656259 258.966509091981 0.3070396613858917
0.0367 6371.40050490168 1.00014947546038 1.529781434480035 258.7967181390826 0.3027975664082974
0.0368 6371.426683760028 1.000149041129668 1.529691992137806 258.6265555598178 0.2985988505522725
0.0369 6371.452919810125 1.00014860697191 1.529602522655314 258.4560212341847 0.2944432822295788
0.03700000000000001 6371.47921307042 1.000148172990609 1.529513026058459 258.2851150422701 0.2903306285287362
0.0371 6371.505563559345 1.000147739189259 1.529423502373232 258.1138368642554 0.2862606552477115
0.0372 6371.531971295323 1.000147305571343 1.529333951625728 257.9421865803987 0.2822331269260419
0.0373 6371.558436296762 1.000146872140337 1.529244373842182 257.7701640710469 0.2782478068776603
0.0374 6371.584958582054 1.000146438899707 1.529154769048901 257.5977692166474 0.2743044572236833
0.0375 6371.61153816958 1.000146005852912 1.529065137272315 257.4250018977303 0.2704028389244969
0.0376 6371.638175077707 1.000145573003398 1.528975478538953 257.2518619949027 0.2665427118121106
0.0377 6371.664869324788 1.000145140354607 1.52888579287544 257.0783493888779 0.2627238346232689
0.0378 6371.691620929162 1.000144707909969 1.528796080308495 256.9044639604462 0.2589459650312023
0.0379 6371.718429909153 1.000144275672906 1.528706340864959 256.7302055905042 0.2552088596786515
0.038 6371.745296283073 1.000143843646831 1.528616574571734 256.5555741600255 0.2515122742095555
0.0381 6371.772220069219 1.000143411835148 1.528526781455834 256.3805695500781 0.2478559633017243
0.0382 6371.799201285874 1.000142980241255 1.528436961544362 256.2051916418189 0.2442396806989473
0.0383 6371.826239951307 1.000142548868538 1.528347114864499 256.0294403165052 0.2406631792434122
0.0384 6371.853336083773 1.000142117720376 1.528257241443518 255.8533154554769 0.2371262109074574
0.0385 6371.880489701512 1.000141686800138 1.528167341308789 255.6768169401747 0.2336285268259849
0.0386 6371.90770082275 1.000141256111188 1.528077414487746 255.4999446521277 0.2301698773282021
0.03870000000000001 6371.934969465698 1.000140825656879 1.527987461007913 255.3226984729598 0.2267500119696484
0.0388 6371.962295648556 1.000140395440554 1.527897480896897 255.1450782843834 0.2233686795639119
0.0389 6371.989679389506 1.000139965465551 1.52780747418238 254.9670839682116 0.2200256282146025
0.039 6372.017120706716 1.000139535735199 1.527717440892106 254.7887154063459 0.2167206053467857
0.0391 6372.04461961834 1.000139106252816 1.527627381053917 254.6099724807885 0.2134533577387726
0.0392 6372.072176142517 1.000138677021715 1.527537294695709 254.4308550736363 0.2102236315534781
0.0393 6372.099790297374 1.0001382480452 1.527447181845446 254.2513630670686 0.2070311723695854
0.0394 6372.127462101018 1.000137819326566 1.527357042531172 254.0714963433833 0.2038757252134461
0.0395 6372.155191571546 1.0001373908691 1.527266876780988 253.891254784949 0.2007570345893989
0.0396 6372.182978727039 1.000136962676082 1.527176684623068 253.7106382742467 0.197674844511547
0.0397 6372.210823585563 1.000136534750784 1.527086466085641 253.5296466938402 0.1946288985341723
0.0398 6372.238726165169 1.000136107096468 1.526996221197003 253.3482799263996 0.1916189397829494
0.0399 6372.266686483893 1.000135679716392 1.526905949985503 253.1665378546958 0.1886447109855189
0.04 6372.294704559757 1.000135252613801 1.526815652479564 252.984420361582 0.1857059545017514
0.0401 6372.322780410766 1.000134825791936 1.526725328707634 252.8019273300182 0.1828024123545552
0.0402 6372.350914054914 1.00013439925403 1.526634978698243 252.6190586430588 0.1799338262599619
0.0403 6372.379105510176 1.000133973003307 1.526544602479966 252.4358141838587 0.1770999376573589
0.04040000000000001 6372.407354794514 1.000133547042984 1.526454200081421 252.2521938356616 0.1743004877392995
0.0405 6372.435661925873 1.000133121376269 1.526363771531301 252.0681974818234 0.1715352174817073
0.0406 6372.464026922187 1.000132696006365 1.526273316858295 251.8838250057828 0.1688038676731154
0.0407 6372.492449801371 1.000132270936467 1.5261828360912 251.6990762910908 0.1661061789446404
0.0408 6372.520930581325 1.00013184616976 1.526092329258819 251.5139512213872 0.1634418917989995
0.0409 6372.549469279937 1.000131421709423 1.526001796390008 251.3284496804121 0.1608107466398892
0.041 6372.578065915077 1.00013099755863 1.525911237513665 251.1425715520003 0.1582124838009351
0.0411 6372.6067205046 1.000130573720544 1.525820652658722 250.9563167200989 0.1556468435747984
0.0412 6372.635433066348 1.000130150198323 1.52573004185417 250.7696850687379 0.1531135662414468
0.0413 6372.664203618145 1.000129726995116 1.525639405129013 250.5826764820594 0.1506123920970658
0.0414 6372.6930321778 1.000129304114067 1.525548742512306 250.3952908443001 0.1481430614821307
0.0415 6372.721918763108 1.000128881558311 1.525458054033118 250.2075280397975 0.1457053148096167
0.04160000000000001 6372.75086339185 1.000128459330977 1.525367339720576 250.0193879529774 0.1432988925927858
0.0417 6372.779866081788 1.000128037435187 1.525276599603818 249.8308704683781 0.1409235354732345
0.0418 6372.808926850671 1.000127615874054 1.525185833712042 249.6419754706384 0.1385789842482795
0.0419 6372.838045716233 1.000127194650687 1.525095042074428 249.4527028444858 0.1362649798981545
0.042 6372.867222696191 1.000126773768186 1.52500422472023 249.26305247476 0.133981263613438
0.04210000000000001 6372.896457808248 1.000126353229646 1.52491338167869 249.0730242463895 0.1317275768216897
0.0422 6372.92575107009 1.000125933038152 1.524822512979096 248.8826180444152 0.1295036612144474
0.0423 6372.95510249939 1.000125513196786 1.524731618650754 248.6918337539663 0.1273092587734441
0.0424 6372.984512113802 1.00012509370862 1.524640698723002 248.5006712602848 0.1251441117971615
0.0425 6373.01397993097 1.000124674576721 1.524549753225168 248.3091304486951 0.123007962926548
0.0426 6373.043505968517 1.00012425580415 1.52445878218664 248.1172112046401 0.1209005551712508
0.0427 6373.073090244053 1.00012383739396 1.524367785636791 247.924913413657 0.1188216319349477
0.0428 6373.102732775173 1.000123419349198 1.524276763605028 247.7322369613779 0.1167709370407221
0.0429 6373.132433579454 1.000123001672903 1.524185716120771 247.539181733547 0.1147482147563865
0.043 6373.162192674462 1.000122584368112 1.524094643213448 247.3457476159973 0.1127532098191281
0.0431 6373.192010077742 1.000122167437849 1.52400354491252 247.151934494674 0.1107856674604127
0.0432 6373.221885806828 1.000121750885137 1.523912421247426 246.9577422556171 0.1088453334302121
0.04330000000000001 6373.251819879237 1.00012133471299 1.523821272247644 246.7631707849608 0.1069319540211749
0.0434 6373.281812312468 1.000120918924418 1.523730097942659 246.568219968958 0.1050452760927751
0.0435 6373.31186312401 1.00012050352242 1.523638898361958 246.3728896939382 0.1031850470945728
0.0436 6373.341972331331 1.000120088509995 1.523547673535029 246.1771798463491 0.1013510150900275
0.0437 6373.372139951885 1.00011967389013 1.523456423491387 245.9810903127449 0.09954292877952919
0.0438 6373.402366003113 1.000119259665811 1.523365148260526 245.7846209797625 0.0977605375230757
0.0439 6373.432650502439 1.000118845840013 1.523273847871975 245.5877717341453 0.09600359136312564
0.044 6373.46299346727 1.000118432415709 1.523182522355243 245.3905424627432 0.09427184104696097
0.0441 6373.493394914999 1.000118019395864 1.523091171739851 245.1929330525062 0.0925650380487312
0.0442 6373.523854863002 1.000117606783436 1.522999796055334 244.9949433904852 0.0908829345912836
0.0443 6373.554373328642 1.000117194581379 1.522908395331195 244.7965733638256 0.08922528366767243
0.0444 6373.584950329264 1.00011678279264 1.522816969596979 244.597822859785 0.0875918390625918
0.0445 6373.615585882198 1.000116371420162 1.522725518882188 244.3986917657156 0.08598235537323358
0.0446 6373.646280004758 1.000115960466879 1.522634043216366 244.1991799690703 0.08439658803006797
0.0447 6373.677032714247 1.00011554993572 1.522542542629012 243.9992873573964 0.08283429331724759
0.0448 6373.707844027945 1.00011513982961 1.522451017149661 243.7990138183594 0.08129522839295859
0.0449 6373.738713963123 1.000114730151467 1.522359466807805 243.5983592397018 0.07977915130898287
0.04500000000000001 6373.769642537032 1.000114320904203 1.522267891632963 243.3973235092902 0.07828582103065843
0.0451 6373.800629766911 1.000113912090725 1.522176291654638 243.1959065150799 0.0768149974559173
0.0452 6373.831675669981 1.000113503713933 1.522084666902313 242.9941081451265 0.07536644143439709
0.0453 6373.862780263447 1.000113095776724 1.521993017405487 242.7919282875922 0.07393991478621081
0.0454 6373.893943564502 1.000112688281986 1.521901343193637 242.5893668307339 0.0725351803202981
0.0455 6373.92516559032 1.000112281232604 1.521809644296237 242.3864236629205 0.07115200185268991
0.0456 6373.956446358062 1.000111874631456 1.521717920742746 242.183098672598 0.06979014422411174
0.0457 6373.987785884871 1.000111468481416 1.521626172562623 241.9793917483365 0.0684493733178545
0.0458 6374.019184187878 1.00011106278535 1.521534399785311 241.7753027787948 0.06712945607678297
0.0459 6374.050641284195 1.00011065754612 1.521442602440226 241.570831652732 0.06583016052036682
0.046 6374.08215719092 1.000110252766584 1.521350780556814 241.3659782590197 0.06455125576140246
0.0461 6374.113731925137 1.000109848449592 1.521258934164468 241.1607424866123 0.06329251202217318
0.0462 6374.145365503911 1.00010944459799 1.521167063292594 240.9551242245765 0.06205370065067817
0.0463 6374.177057944295 1.000109041214617 1.521075167970569 240.7491233620793 0.06083459413629519
0.0464 6374.208809263327 1.00010863830231 1.520983248227773 240.5427397883767 0.05963496612514581
0.0465 6374.240619478025 1.000108235863897 1.520891304093549 240.3359733928368 0.05845459143536177
0.0466 6374.272488605397 1.000107833902202 1.520799335597242 240.1288240649163 0.05729324607176729
0.04670000000000001 6374.304416662433 1.000107432420045 1.520707342768188 239.9212916941846 0.05615070724052557
0.0468 6374.336403666108 1.000107031420239 1.520615325635694 239.7133761702993 0.05502675336320946
0.0469 6374.368449633381 1.000106630905592 1.520523284229049 239.5050773830247 0.05392116409079419
0.047 6374.400554581196 1.000106230878907 1.520431218577551 239.2963952222257 0.05283372031720811
0.0471 6374.432718526483 1.000105831342982 1.520339128710455 239.0873295778614 0.05176420419257633
0.0472 6374.464941486154 1.00010543230061 1.520247014657012 238.8778803399977 0.05071239913624527
0.0473 6374.497223477109 1.000105033754578 1.520154876446448 238.6680473987889 0.0496780898493451
0.0474 6374.529564516231 1.000104635707667 1.520062714107985 238.4578306444959 0.04866106232722051
0.0475 6374.561964620388 1.000104238162655 1.519970527670821 238.2472299674799 0.04766110387142895
0.0476 6374.59442380643 1.000103841122314 1.519878317164123 238.0362452582029 0.04667800310145755
0.0477 6374.626942091199 1.00010344458941 1.519786082617071 237.8248764072094 0.0457115499660476
0.0478 6374.659519491512 1.000103048566704 1.519693824058799 237.6131233051741 0.04476153575450555
0.04790000000000001 6374.692156024179 1.000102653056953 1.519601541518433 237.4009858428366 0.04382775310718785
0.048 6374.724851705992 1.000102258062908 1.519509235025085 237.1884639110548 0.04290999602621264
0.0481 6374.757606553726 1.000101863587314 1.519416904607843 236.9755574007812 0.04200805988551064
0.0482 6374.790420584143 1.000101469632913 1.519324550295776 236.7622662030689 0.04112174144069827
0.0483 6374.823293813989 1.00010107620244 1.519232172117936 236.5485902090712 0.04025083883861215
0.04840000000000001 6374.856226259995 1.000100683298624 1.519139770103371 236.3345293100305 0.039395151626487
0.0485 6374.889217938878 1.000100290924193 1.519047344281081 236.1200833972952 0.03855448076094271
0.0486 6374.922268867336 1.000099899081866 1.518954894680065 235.9052523623144 0.03772862861656349
0.0487 6374.955379062058 1.000099507774358 1.518862421329308 235.6900360966259 0.0369173989941486
0.0488 6374.988548539713 1.00009911700438 1.518769924257767 235.474434491868 0.03612059712874593
0.0489 6375.021777316956 1.000098726774635 1.518677403494379 235.2584474397853 0.03533802969735129
0.049 6375.055065410429 1.000098337087824 1.518584859068064 235.0420748322111 0.03456950482621482
0.0491 6375.088412836756 1.000097947946641 1.51849229100774 234.8253165610853 0.03381483209797072
0.0492 6375.121819612548 1.000097559353776 1.518399699342282 234.6081725184362 0.03307382255833426
0.0493 6375.155285754401 1.000097171311913 1.518307084100561 234.3906425963927 0.03234628872259929
0.0494 6375.188811278895 1.00009678382373 1.518214445311423 234.1727266871843 0.03163204458178917
0.0495 6375.222396202595 1.000096396891903 1.518121783003705 233.954424683135 0.03093090560848627
0.04960000000000001 6375.256040542051 1.000096010519099 1.518029097206218 233.7357364766693 0.03024268876239924
0.0497 6375.289744313799 1.000095624707983 1.517936387947753 233.5166619603064 0.02956721249559209
0.0498 6375.32350753436 1.000095239461212 1.517843655257099 233.2972010266598 0.02890429675743387
0.0499 6375.357330220239 1.00009485478144 1.517750899163012 233.0773535684438 0.0282537629992683
0.05 6375.391212387927 1.000094470671315 1.517658119694237 232.857119478473 0.0276154341787682
0.05010000000000001 6375.425154053899 1.000094087133479 1.517565316879497 232.6364986496568 0.02698913476397825
0.0502 6375.459155234616 1.00009370417057 1.517472490747513 232.4154909749931 0.02637469073706699
0.0503 6375.493215946524 1.00009332178522 1.517379641326975 232.1940963475921 0.02577192959786861
0.0504 6375.527336206054 1.000092939980055 1.517286768646569 231.9723146606469 0.02518068036698635
0.0505 6375.561516029623 1.000092558757699 1.517193872734951 231.7501458074511 0.0246007735887395
0.0506 6375.595755433632 1.000092178120765 1.517100953620774 231.5275896813927 0.02403204133375834
0.0507 6375.630054434467 1.000091798071867 1.517008011332677 231.3046461759662 0.0234743172013398
0.0508 6375.664413048499 1.000091418613608 1.516915045899271 231.081315184755 0.02292743632144494
0.0509 6375.698831292087 1.00009103974859 1.516822057349171 230.8575966014367 0.02239123535647707
0.051 6375.733309181571 1.000090661479407 1.516729045710964 230.6334903197898 0.02186555250277883
0.0511 6375.76784673328 1.000090283808647 1.516636011013237 230.408996233681 0.02135022749181012
0.0512 6375.802443963525 1.000089906738896 1.516542953284552 230.1841142370898 0.02084510159113348
0.05130000000000001 6375.837100888604 1.000089530272731 1.516449872553462 229.9588442240723 0.02035001760499107
0.0514 6375.871817524801 1.000089154412725 1.516356768848516 229.7331860887911 0.0198648198747595
0.0515 6375.906593888384 1.000088779161445 1.516263642198247 229.5071397255032 0.01938935427904175
0.0516 6375.941429995605 1.000088404521454 1.516170492631176 229.2807050285663 0.01892346823353233
0.0517 6375.976325862704 1.000088030495305 1.516077320175814 229.0538818924268 0.01846701069058163
0.05180000000000001 6376.011281505905 1.000087657085551 1.515984124860664 228.8266702116197 0.01801983213852516
0.0519 6376.046296941417 1.000087284294736 1.515890906714219 228.5990698807922 0.01758178460079849
0.052 6376.081372185433 1.000086912125399 1.515797665764969 228.3710807946862 0.01715272163471279
0.0521 6376.116507254134 1.000086540580073 1.515704402041378 228.1427028481265 0.01673249832999152
0.0522 6376.151702163686 1.000086169661285 1.515611115571933 227.9139359360382 0.0163209713071113
0.0523 6376.18695693024 1.000085799371556 1.515517806385086 227.6847799534411 0.01591799871534838
0.0524 6376.222271569929 1.000085429713404 1.515424474509306 227.4552347954613 0.01552344023061054
0.0525 6376.257646098877 1.000085060689336 1.515331119973036 227.2253003573018 0.01513715705295417
0.0526 6376.293080533187 1.000084692301858 1.515237742804726 226.9949765342839 0.01475901190398249
0.0527 6376.328574888954 1.000084324553467 1.515144343032821 226.7642632217998 0.01438886902385603
0.0528 6376.364129182253 1.000083957446654 1.51505092068576 226.5331603153539 0.01402659416821578
0.0529 6376.399743429148 1.000083590983906 1.514957475791991 226.3016677105396 0.01367205460476689
0.05300000000000001 6376.435417645686 1.000083225167701 1.514864008379932 226.0697853030387 0.013325119109673
0.0531 6376.471151847901 1.000082860000514 1.514770518478036 225.8375129886452 0.01298565796375842
0.0532 6376.50694605181 1.000082495484812 1.514677006114733 225.6048506632363 0.01265354294840714
0.0533 6376.542800273417 1.000082131623054 1.514583471318454 225.3717982227894 0.01232864734131265
0.0534 6376.578714528711 1.000081768417697 1.514489914117646 225.1383555633764 0.01201084591197523
0.05350000000000001 6376.614688833667 1.000081405871187 1.514396334540738 224.9045225811641 0.01170001491699395
0.0536 6376.650723204245 1.000081043985967 1.51430273261618 224.6702991724077 0.01139603209514021
0.0537 6376.686817656389 1.000080682764473 1.514209108372407 224.4356852334689 0.01109877666225394
0.0538 6376.722972206031 1.000080322209132 1.51411546183788 224.2006806607982 0.01080812930588877
0.0539 6376.759186869087 1.000079962322366 1.514021793041049 223.9652853509346 0.01052397217978
0.054 6376.795461661458 1.000079603106593 1.513928102010367 223.7294992005235 0.01024618889813501
0.0541 6376.83179659903 1.000079244564219 1.513834388774314 223.4933221063051 0.009974664529692151
0.05420000000000001 6376.868191697675 1.000078886697648 1.513740653361369 223.2567539651139 0.009709285591603299
0.0543 6376.90464697325 1.000078529509274 1.513646895799996 223.0197946738734 0.009449940043121566
0.0544 6376.941162441599 1.000078173001486 1.513553116118707 222.7824441296074 0.009196517279123897
0.0545 6376.977738118549 1.000077817176666 1.513459314345996 222.5447022294342 0.008948908123431992
0.0546 6377.014374019912 1.000077462037187 1.513365490510389 222.3065688705727 0.008707004821967854
0.05470000000000001 6377.051070161489 1.000077107585416 1.513271644640404 222.0680439503188 0.008470701035704889
0.0548 6377.087826559064 1.000076753823715 1.513177776764588 221.8291273660865 0.008239891833513304
0.0549 6377.124643228403 1.000076400754437 1.513083886911482 221.5898190153783 0.008014473684765593
0.055 6377.161520185265 1.000076048379926 1.512989975109679 221.3501187957798 0.007794344451803595
0.0551 6377.198457445385 1.000075696702522 1.512896041387744 221.1100266049947 0.00757940338228199
0.05520000000000001 6377.235455024492 1.000075345724556 1.512802085774291 220.8695423408034 0.007369551101283471
0.0553 6377.272512938294 1.000074995448351 1.512708108297929 220.6286659010869 0.007164689603340378
0.0554 6377.309631202488 1.000074645876223 1.512614108987307 220.3873971838269 0.006964722244283537
0.0555 6377.346809832755 1.000074297010482 1.512520087871072 220.1457360870935 0.00676955373293511
0.0556 6377.38404884476 1.000073948853427 1.512426044977916 219.9036825090574 0.00657909012267813
0.0557 6377.421348254156 1.000073601407352 1.512331980336528 219.6612363479838 0.006393238802871658
0.0558 6377.458708076579 1.000073254674543 1.512237893975636 219.4183975022387 0.006211908490139411
0.05590000000000001 6377.49612832765 1.000072908657276 1.51214378592398 219.1751658702764 0.006035009219512686
0.056 6377.533609022978 1.000072563357822 1.512049656210337 218.9315413506459 0.005862452335458133
0.0561 6377.571150178153 1.000072218778441 1.511955504863498 218.6875238420029 0.005694150482783892
0.0562 6377.608751808755 1.000071874921389 1.511861331912287 218.4431132430913 0.005530017597403148
0.0563 6377.646413930344 1.000071531788908 1.511767137385563 218.1983094527617 0.005369968897004645
0.05640000000000001 6377.68413655847 1.000071189383237 1.511672921312192 217.9531123699475 0.005213920871580993
0.0565 6377.721919708663 1.000070847706604 1.511578683721091 217.7075218936883 0.00506179127387758
0.0566 6377.759763396444 1.00007050676123 1.511484424641189 217.4615379231126 0.004913499109707392
0.0567 6377.797667637315 1.000070166549327 1.511390144101465 217.2151603574551 0.004768964628184556
0.0568 6377.835632446763 1.000069827073096 1.511295842130919 216.9683890960395 0.004628109311836387
0.05690000000000001 6377.873657840261 1.000069488334735 1.511201518758581 216.7212240383013 0.004490855866643445
0.057 6377.91174383327 1.000069150336427 1.51110717401353 216.4736650837475 0.004357128211950023
0.0571 6377.949890441229 1.000068813080351 1.511012807924871 216.2257121320089 0.004226851470338374
0.0572 6377.98809767957 1.000068476568674 1.510918420521742 215.9773650827932 0.004099951957361946
0.0573 6378.026365563705 1.000068140803556 1.510824011833324 215.7286238359146 0.00397635717123848
0.0574 6378.064694109033 1.000067805787147 1.510729581888841 215.4794882912878 0.003855995782445298
0.0575 6378.103083330933 1.000067471521589 1.510635130717548 215.2299583489338 0.003738797623245681
0.05760000000000001 6378.141533244778 1.000067138009013 1.510540658348743 214.9800339089446 0.003624693677124938
0.0577 6378.180043865918 1.000066805251542 1.510446164811771 214.7297148715305 0.003513616068197616
0.0578 6378.218615209691 1.000066473251288 1.510351650136016 214.4790011370081 0.003405498050521638
0.0579 6378.25724729142 1.000066142010357 1.510257114350904 214.227892605771 0.003300273997345376
0.058 6378.295940126412 1.000065811530842 1.510162557485907 213.976389178319 0.003197879390323193
0.05810000000000001 6378.334693729959 1.000065481814828 1.510067979570541 213.7244907552644 0.00309825080866588
0.0582 6378.373508117338 1.000065152864389 1.509973380634385 213.4721972373021 0.003001325918226861
0.0583 6378.41238330381 1.000064824681592 1.509878760707037 213.2195085252337 0.00290704346056304
0.0584 6378.451319304622 1.000064497268491 1.509784119818167 212.966424519955 0.002815343241937826
0.0585 6378.490316135005 1.000064170627131 1.509689457997483 212.7129451224686 0.002726166122292924
0.05860000000000001 6378.529373810173 1.000063844759548 1.509594775274758 212.4590702338772 0.00263945400417665
0.0587 6378.568492345327 1.000063519667767 1.509500071679793 212.2047997553726 0.002555149821637175
0.05880000000000001 6378.607671755653 1.000063195353802 1.509405347242466 211.9501335882586 0.002473197529097535
0.0589 6378.646912056317 1.000062871819659 1.509310601992701 211.6950716339396 0.002393542090191461
0.059 6378.686213262476 1.000062549067331 1.509215835960469 211.4396137939087 0.002316129466576286
0.0591 6378.725575389266 1.000062227098801 1.509121049175807 211.1837599697714 0.002240906606736323
0.0592 6378.76499845181 1.000061905916043 1.509026241668812 210.9275100632334 0.002167821434757836
0.05930000000000001 6378.804482465214 1.00006158552102 1.50893141346962 210.6708639761072 0.002096822839095425
0.0594 6378.844027444571 1.000061265915682 1.508836564608451 210.4138216102878 0.002027860661319426
0.0595 6378.883633404957 1.000060947101971 1.508741695115563 210.1563828677826 0.001960885684870318
0.0596 6378.92330036143 1.000060629081815 1.508646805021292 209.8985476507054 0.001895849623798161
0.0597 6378.963028329034 1.000060311857134 1.508551894356031 209.6403158612765 0.001832705111502099
0.05980000000000001 6379.0028173228 1.000059995429835 1.508456963150229 209.3816874017988 0.001771405689465718
0.0599 6379.042667357739 1.000059679801815 1.508362011434408 209.1226621746995 0.001711905796012446
0.06 6379.082578448846 1.000059364974959 1.508267039239146 208.8632400825003 0.001654160755050899
0.0601 6379.122550611104 1.00005905095114 1.508172046595098 208.6034210278234 0.001598126764839155
0.0602 6379.162583859478 1.000058737732219 1.508077033532974 208.3432049133916 0.001543760886760645
0.0603 6379.202678208916 1.000058425320049 1.507982000083564 208.0825916420457 0.001491021034119343
0.0604 6379.242833674351 1.000058113716467 1.507886946277714 207.8215811167214 0.001439865960945033
0.06050000000000001 6379.283050270698 1.000057802923301 1.507791872146359 207.5601732404606 0.001390255250827432
0.0606 6379.323328012861 1.000057492942366 1.507696777720476 207.2983679164057 0.001342149305770817
0.0607 6379.363666915721 1.000057183775464 1.507601663031145 207.0361650478116 0.001295509335078713
0.0608 6379.404066994149 1.000056875424388 1.507506528109494 206.7735645380334 0.001250297344263583
0.0609 6379.444528262995 1.000056567890916 1.507411372986734 206.5105662905329 0.001206476123991814
0.06100000000000001 6379.485050737096 1.000056261176815 1.507316197694156 206.2471702088782 0.001164009239062112
0.0611 6379.525634431269 1.000055955283839 1.507221002263115 205.9833761967496 0.001122861017421824
0.0612 6379.566279360321 1.000055650213731 1.507125786725047 205.7191841579164 0.001082996539218198
0.0613 6379.606985539034 1.00005534596822 1.50703055111147 205.4545939962776 0.001044381625901567
0.0614 6379.647752982181 1.000055042549023 1.506935295453978 205.1896056158211 0.001006982829360123
0.06150000000000001 6379.688581704515 1.000054739957844 1.506840019784229 204.9242189206528 0.0009707674211119749
0.0616 6379.729471720772 1.000054438196376 1.506744724133978 204.6584338149795 0.0009357033815391118
0.0617 6379.770423045674 1.000054137266295 1.50664940853506 204.3922502031199 0.0009017593891766572
0.0618 6379.811435693922 1.000053837169269 1.506554073019383 204.1256679895054 0.0008689048100536564
0.0619 6379.852509680205 1.000053537906949 1.506458717618939 203.8586870786675 0.0008371096870878986
0.062 6379.893645019192 1.000053239480975 1.50636334236581 203.5913073752503 0.0008063447295412068
0.0621 6379.934841725537 1.000052941892974 1.506267947292147 203.3235287840101 0.0007765813025327103
0.06220000000000001 6379.976099813875 1.000052645144559 1.506172532430198 203.0553512098098 0.0007477914166130104
0.0623 6380.017419298827 1.000052349237328 1.506077097812305 202.7867745576244 0.0007199477174031973
0.0624 6380.058800194994 1.000052054172868 1.505981643470867 202.5177987325413 0.0006930234752985096
0.0625 6380.100242516962 1.000051759952751 1.505886169438393 202.2484236397485 0.0006669925752381172
0.0626 6380.141746279299 1.000051466578536 1.505790675747474 201.9786491845579 0.0006418295065474111
0.06270000000000001 6380.183311496556 1.000051174051769 1.505695162430791 201.708475272388 0.0006175093528469317
0.06280000000000001 6380.224938183266 1.000050882373979 1.505599629521111 201.4379018087697 0.0005940077820361433
0.0629 6380.266626353947 1.000050591546685 1.50550407705129 201.1669286993459 0.0005713010363507174
0.063 6380.308376023097 1.000050301571389 1.50540850505428 200.8955558498664 0.0005493659224950772
0.0631 6380.3501872052 1.000050012449581 1.505312913563111 200.6237831661987 0.0005281798018536617
0.06320000000000001 6380.392059914719 1.000049724182735 1.505217302610925 200.3516105543289 0.0005077205807798781
0.06330000000000001 6380.433994166101 1.000049436772312 1.505121672230944 200.0790379203435 0.0004879667009640238
0.0634 6380.475989973776 1.000049150219759 1.505026022456481 199.806065170459 0.0004688971298863405
0.0635 6380.518047352155 1.000048864526506 1.504930353320945 199.5326922109924 0.0004504913513486665
0.0636 6380.560166315632 1.000048579693971 1.50483466485785 199.2589189483909 0.0004327293560945583
0.06370000000000001 6380.602346878583 1.000048295723557 1.504738957100795 198.984745289208 0.0004155916325112349
0.06380000000000001 6380.644589055369 1.000048012616651 1.504643230083476 198.7101711401036 0.0003990591574199533
0.0639 6380.686892860327 1.000047730374627 1.504547483839686 198.4351964078736 0.0003831133869559212
0.064 6380.729258307781 1.000047448998842 1.504451718403319 198.1598209994203 0.000367736247533531
0.0641 6380.771685412038 1.000047168490641 1.504355933808358 197.8840448217524 0.0003529101269035381
0.06420000000000001 6380.814174187382 1.00004688885135 1.504260130088889 197.6078677820145 0.0003386178653027313
0.06430000000000001 6380.856724648084 1.000046610082283 1.504164307279102 197.331289787452 0.0003248427466920238
0.0644 6380.899336808393 1.000046332184739 1.504068465413277 197.0543107454458 0.0003115684900911381
0.0645 6380.942010682542 1.000046055159999 1.503972604525794 196.7769305634778 0.0002987792410033845
0.0646 6380.984746284744 1.00004577900933 1.503876724651154 196.4991491491654 0.0002864595629384092
0.06470000000000001 6381.027543629195 1.000045503733985 1.503780825823924 196.2209664102328 0.0002745944290271096
0.0648 6381.070402730074 1.000045229335199 1.503684908078806 195.9423822545222 0.0002631692137344658
0.0649 6381.113323601537 1.000044955814193 1.503588971450577 195.6633965900118 0.0002521696846691012
0.065 6381.156306257726 1.000044683172173 1.50349301597413 195.3840093247803 0.0002415819944879277
0.06510000000000001 6381.199350712762 1.000044411410327 1.503397041684466 195.1042203670485 0.0002313926729016452
0.06520000000000001 6381.242456980747 1.000044140529829 1.503301048616678 194.8240296251432 0.0002215886187755443
0.0653 6381.285625075767 1.000043870531836 1.503205036805963 194.5434370075158 0.0002121570923311352
0.0654 6381.328855011886 1.000043601417489 1.503109006287636 194.2624424227414 0.0002030857074462656
0.0655 6381.372146803152 1.000043333187914 1.503012957097092 193.9810457795137 0.0001943624240546242
0.06560000000000001 6381.415500463591 1.000043065844221 1.502916889269858 193.6992469866562 0.000185975540645717
0.06570000000000001 6381.458916007213 1.000042799387502 1.502820802841546 193.4170459531168 0.0001779136868644475
0.0658 6381.502393448006 1.000042533818835 1.502724697847883 193.1344425879614 0.0001701658162111771
0.0659 6381.545932799941 1.000042269139279 1.502628574324705 192.8514368003861 0.000162721198842912
0.066 6381.589534076969 1.000042005349879 1.502532432307945 192.5680284996992 0.0001555694144744742
0.06610000000000001 6381.633197293023 1.000041742451662 1.502436271833643 192.2842175953509 0.0001487003453818028
0.06620000000000001 6381.676922462015 1.000041480445639 1.502340092937956 192.000003996904 0.0001421041695047082
0.0663 6381.720709597837 1.000041219332806 1.502243895657145 191.7153876140627 0.0001357713536520936
0.0664 6381.764558714363 1.000040959114138 1.502147680027572 191.430368356638 0.0001296926468066406
0.0665 6381.808469825449 1.000040699790598 1.502051446085711 191.1449461345827 0.0001238590735320508
0.06660000000000001 6381.852442944928 1.00004044136313 1.501955193868145 190.8591208579677 0.0001182619274798179
0.06670000000000001 6381.896478086615 1.00004018383266 1.50185892341156 190.572892437 0.0001128927649975952
0.0668 6381.940575264306 1.000039927200099 1.501762634752764 190.2862607820106 0.0001077433988375149
0.0669 6381.984734491775 1.000039671466341 1.501666327928659 189.9992258034607 0.0001028058919652023
0.067 6382.028955782778 1.000039416632261 1.501570002976258 189.7117874119416 9.80725514687734e-05
0.06710000000000001 6382.07323915105 1.00003916269872 1.50147365993269 189.4239455181745 9.353592256765438e-05
0.06720000000000001 6382.117584610307 1.000038909666557 1.501377298835195 189.1357000330048 8.918878272082175e-05
0.0673 6382.161992174244 1.000038657536598 1.501280919721112 188.8470508674139 8.502413583447461e-05
0.0674 6382.206461856536 1.000038406309651 1.501184522627899 188.5579979325133 8.103520656819485e-05
0.0675 6382.250993670839 1.000038155986505 1.501088107593116 188.2685411395445 7.721543473956268e-05
0.06760000000000001 6382.295587630787 1.000037906567933 1.500991674654439 187.9786803998849 7.355846982675177e-05
0.06770000000000001 6382.340243749994 1.000037658054689 1.500895223849656 187.688415625042 7.005816556838849e-05
0.0678 6382.384962042053 1.000037410447511 1.50079875521666 187.3977467266535 6.670857466040924e-05
0.0679 6382.42974252054 1.00003716374712 1.50070226879345 187.1066736164929 6.350394354934854e-05
0.068 6382.474585199005 1.000036917954216 1.500605764618149 186.8151962064697 6.043870732134132e-05
0.06810000000000001 6382.519490090981 1.000036673069485 1.500509242728975 186.5233144086236 5.750748468626208e-05
0.0682 6382.564457209981 1.000036429093594 1.500412703164267 186.2310281351241 5.47050730564984e-05
0.0683 6382.609486569493 1.00003618602719 1.500316145962477 185.9383372982946 5.202644371983988e-05
0.0684 6382.654578182988 1.000035943870905 1.500219571162152 185.6452418105767 4.946673710502594e-05
0.06850000000000001 6382.699732063915 1.000035702625353 1.500122978801966 185.3517415845539 4.702125814037746e-05
0.06860000000000001 6382.744948225701 1.000035462291127 1.500026368920696 185.0578365329455 4.468547170392027e-05
0.0687 6382.790226681753 1.000035222868806 1.499929741557233 184.7635265686071 4.245499816459052e-05
0.0688 6382.835567445456 1.000034984358948 1.499833096750566 184.4688116045357 4.0325609013721e-05
0.0689 6382.880970530176 1.000034746762094 1.499736434539819 184.1736915538589 3.82932225858384e-05
0.06900000000000001 6382.926435949254 1.000034510078768 1.499639754964193 183.8781663298458 3.635389986824842e-05
0.06910000000000001 6382.971963716014 1.000034274309473 1.499543058063033 183.5822358459076 3.45038403982965e-05
0.0692 6383.017553843755 1.000034039454695 1.499446343875775 183.2859000155912 3.273937824750023e-05
0.0693 6383.063206345755 1.000033805514904 1.499349612441966 182.9891587525916 3.105697809181279e-05
0.0694 6383.108921235273 1.000033572490547 1.499252863801273 182.6920119707278 2.945323136680026e-05
0.06950000000000001 6383.154698525543 1.000033340382058 1.49915609799346 182.3944595839724 2.792485250732546e-05
0.06960000000000001 6383.200538229779 1.000033109189849 1.499059315058405 182.0965015064343 2.646867527022647e-05
0.0697 6383.246440361175 1.000032878914313 1.498962515036105 181.7981376523638 2.508164913944532e-05
