0 6365.5 1.000321864006651 1.568922995095561 300.15 13.90949106701469
0.0001 6365.501224298421 1.000321810328373 1.568850378153144 300.142042060262 13.90299296668134
0.0002 6365.502494821588 1.000321754634957 1.568777774096438 300.1337836596794 13.89625232061257
0.0003 6365.50381156134 1.000321696928041 1.568705181416368 300.1252248512918 13.88926948197577
0.0004 6365.505174510477 1.000321637209267 1.568632598735082 300.1163656819025 13.88204480985629
0.0005 6365.506583662678 1.000321575480283 1.568560024788708 300.1072061925919 13.87457866966123
0.0006000000000000001 6365.508039012429 1.00032151174275 1.568487458413428 300.0977464192146 13.86687143350806
0.0007 6365.509540554956 1.00032144599834 1.568414898532893 300.0879863927834 13.85892348052094
0.0008 6365.511088286175 1.00032137824874 1.568342344147843 300.0779261398596 13.85073519713119
0.0009000000000000001 6365.512682202638 1.000321308495657 1.568269794327335 300.0675656828547 13.8423069773047
0.001 6365.514322301489 1.000321236740814 1.568197248201417 300.0569050403195 13.83363922275927
0.0011 6365.516008580432 1.000321162985959 1.568124704953538 300.045944227193 13.82473234314743
0.0012 6365.517741037686 1.00032108723286 1.568052163816189 300.0346832550384 13.81558675622904
0.0013 6365.519519671966 1.00032100948331 1.567979624064737 300.0231221322209 13.80620288799527
0.0014 6365.521344482447 1.000320929739125 1.567907085013772 300.0112608640965 13.79658117280147
0.0015 6365.523215468741 1.00032084800215 1.567834546013158 299.9990994531835 13.78672205348505
0.0016 6365.525132630877 1.000320764274256 1.567762006444479 299.9866378992987 13.77662598145398
0.0017 6365.527095969278 1.000320678557341 1.567689465718228 299.9738761996931 13.76629341677463
0.0018 6365.529105484745 1.000320590853331 1.567616923271277 299.9608143491586 13.75572482823514
0.0019 6365.531161178437 1.000320501164185 1.567544378564111 299.9474523401576 13.74492069342722
0.002 6365.533263051861 1.000320409491886 1.567471831079622 299.9337901629064 13.73388149878921
0.0021 6365.53541110685 1.000320315838453 1.56739928032033 299.9198278054749 13.72260773966281
0.0022 6365.53760534556 1.000320220205933 1.56732672580707 299.9055652538585 13.71109992032532
0.0023 6365.539845770452 1.000320122596404 1.567254167077966 299.89100249206 13.699358554031
0.0024 6365.542132384281 1.000320023011977 1.567181603686214 299.8761395021728 13.68738416305164
0.0025 6365.544465190089 1.000319921454796 1.567109035199621 299.8609762644222 13.67517727868331
0.0026 6365.546844191195 1.000319817927035 1.567036461199239 299.8455127572305 13.66273844127163
0.0027 6365.549269391185 1.000319712430902 1.56696388127837 299.8297489572996 13.65006820025061
0.0028 6365.551740793907 1.000319604968638 1.566891295041579 299.8136848396051 13.63716711410975
0.0029 6365.55425840346 1.000319495542519 1.566818702104315 299.797320377509 13.62403575045552
0.003 6365.556822224192 1.000319384154851 1.566746102091445 299.7806555427532 13.6106746859773
0.0031 6365.559432260689 1.000319270807976 1.566673494637354 299.7636903055189 13.59708450646507
0.0032 6365.562088517773 1.000319155504271 1.566600879384879 299.7464246344742 13.58326580681695
0.0033 6365.564791000494 1.000319038246143 1.566528255984815 299.7288584967913 13.56921919102255
0.0034 6365.567539714125 1.000318919036039 1.566455624095352 299.7109918581881 13.5549452721647
0.0035 6365.570334664159 1.000318797876435 1.5663829833819 299.6928246829638 13.54044467241595
0.0036 6365.573175856305 1.000318674769843 1.566310333516417 299.6743569340164 13.52571802302026
0.0037 6365.576063296479 1.000318549718813 1.566237674176962 299.6555885728843 13.51076596429309
0.0038 6365.578996990807 1.000318422725924 1.56616500504737 299.6365195597522 13.49558914559269
0.0039 6365.581976945615 1.000318293793794 1.566092325817186 299.617149853504 13.48018822532845
0.004 6365.585003167429 1.000318162925074 1.566019636180964 299.5974794117113 13.46456387091703
0.0041 6365.588075662971 1.000318030122451 1.565946935838075 299.5775081906867 13.44871675878962
0.004200000000000001 6365.591194439158 1.000317895388646 1.565874224492702 299.5572361454714 13.43264757434704
0.0043 6365.594359503093 1.000317758726414 1.565801501853245 299.536663229895 13.41635701197061
0.0044 6365.597570862068 1.000317620138548 1.565728767632405 299.5157893965574 13.39984577497149
0.004500000000000001 6365.60082852356 1.000317479627872 1.56565602154675 299.4946145968582 13.38311457557705
0.0046 6365.604132495228 1.000317337197249 1.565583263316541 299.473138781021 13.36616413491206
0.0047 6365.60748278491 1.000317192849574 1.565510492665628 299.4513618980867 13.34899518295585
0.0048 6365.61087940062 1.00031704658778 1.565437709321361 299.4292838959731 13.3316084585504
0.0049 6365.61432235055 1.000316898414832 1.565364913014112 299.4069047214274 13.31400470932399
0.005 6365.617811643062 1.000316748333732 1.565292103477512 299.3842243200974 13.29618469170744
0.0051 6365.621347286692 1.000316596347516 1.565219280448097 299.3612426365015 13.27814917087075
0.005200000000000001 6365.624929290144 1.000316442459256 1.565146443665095 299.3379596140647 13.2598989207104
0.0053 6365.62855766229 1.000316286672059 1.565073592870701 299.3143751951183 13.24143472380822
0.0054 6365.632232412166 1.000316128989065 1.565000727809385 299.2904893209233 13.22275737140836
0.005500000000000001 6365.635953548974 1.000315969413452 1.564927848228302 299.2663019316709 13.2038676633751
0.0056 6365.639721082077 1.00031580794843 1.564854953876965 299.2418129665001 13.18476640816423
0.0057 6365.643535021001 1.000315644597246 1.564782044507036 299.2170223634915 13.16545442277528
0.005800000000000001 6365.647395375431 1.000315479363181 1.564709119872625 299.1919300596973 13.145932532731
0.0059 6365.651302155209 1.000315312249552 1.564636179729676 299.1665359911407 13.12620157203333
0.006 6365.655255370335 1.000315143259707 1.564563223836443 299.1408400928225 13.10626238312341
0.0061 6365.659255030963 1.000314972397033 1.564490251952987 299.1148422987384 13.08611581685026
0.006200000000000001 6365.663301147404 1.000314799664951 1.564417263841223 299.0885425418732 13.06576273242072
0.0063 6365.66739373012 1.000314625066913 1.564344259265211 299.0619407542184 13.0452039973672
0.0064 6365.671532789725 1.000314448606409 1.564271237990502 299.0350368667904 13.02444048751478
0.006500000000000001 6365.675718336983 1.000314270286963 1.56419819978438 299.0078308096121 13.00347308692061
0.0066 6365.679950382811 1.000314090112132 1.564125144416055 298.9803225117311 12.98230268784011
0.0067 6365.68422893827 1.000313908085509 1.564052071656038 298.9525119012432 12.96093019069726
0.006800000000000001 6365.688554014573 1.000313724210719 1.563978981276713 298.9243989052746 12.93935650402251
0.006900000000000001 6365.692925623077 1.000313538491424 1.563905873051824 298.89598345 12.9175825444175
0.007 6365.697343775283 1.000313350931318 1.563832746756616 298.8672654606597 12.89560923651931
0.0071 6365.701808482841 1.000313161534129 1.563759602167875 298.8382448615306 12.873437512928
0.007200000000000001 6365.706319757544 1.000312970303621 1.563686439063711 298.8089215759673 12.85106831418796
0.0073 6365.710877611322 1.000312777243589 1.56361325722367 298.779295526408 12.82850258874161
0.0074 6365.715482056254 1.000312582357863 1.563540056428648 298.7493666343511 12.80574129286012
0.007500000000000001 6365.720133104555 1.000312385650308 1.563466836460894 298.7191348203904 12.78278539061875
0.0076 6365.724830768585 1.00031218712482 1.563393597103868 298.6886000041976 12.75963585383117
0.0077 6365.729575060839 1.00031198678533 1.563320338142298 298.6577621045457 12.73629366201482
0.007800000000000001 6365.734365993954 1.000311784635803 1.563247059362208 298.6266210392972 12.71275980232882
0.007900000000000001 6365.739203580703 1.000311580680235 1.563173760550803 298.5951767254281 12.68903526953838
0.008 6365.744087833998 1.000311374922657 1.563100441496463 298.5634290790157 12.66512106595183
0.0081 6365.749018766883 1.000311167367133 1.563027101988708 298.5313780152623 12.64101820138405
0.008200000000000001 6365.753996392541 1.000310958017759 1.56295374181833 298.4990234484834 12.61672769309256
0.0083 6365.759020724291 1.000310746878666 1.562880360777051 298.466365292108 12.59225056572234
0.008400000000000001 6365.764091775583 1.000310533954014 1.562806958657856 298.4334034587076 12.56758785127212
0.008500000000000001 6365.769209560002 1.000310319248 1.562733535254737 298.400137859985 12.54274058902928
0.0086 6365.774374091267 1.000310102764849 1.562660090362829 298.3665684067677 12.51770982550885
0.008700000000000001 6365.779585383226 1.000309884508823 1.562586623778229 298.3326950090321 12.49249661441397
0.008800000000000001 6365.784843449859 1.000309664484212 1.562513135298161 298.2985175759153 12.46710201658719
0.0089 6365.790148305281 1.000309442695343 1.562439624720812 298.2640360156732 12.44152709992167
0.009000000000000001 6365.795499963731 1.000309219146569 1.562366091845424 298.2292502357462 12.41577293935113
0.0091 6365.800898439583 1.000308993842281 1.562292536472219 298.1941601427114 12.38984061675587
0.0092 6365.806343747335 1.000308766786898 1.562218958402397 298.1587656423243 12.36373122093418
0.009300000000000001 6365.811835901616 1.000308537984872 1.562145357438192 298.1230666394948 12.33744584752517
0.0094 6365.817374917183 1.000308307440686 1.562071733382756 298.0870630383114 12.31098559896605
0.0095 6365.822960808918 1.000308075158855 1.561998086040177 298.0507547420347 12.28435158442732
0.009600000000000001 6365.82859359183 1.000307841143926 1.561924415215533 298.0141416531036 12.25754491975609
0.0097 6365.834273281055 1.000307605400476 1.561850720714805 297.9772236731413 12.23056672741906
0.0098 6365.839999891854 1.000307367933113 1.561777002344969 297.9400007029493 12.20341813643648
0.009900000000000001 6365.84577343961 1.000307128746476 1.561703259913865 297.9024726425367 12.17610028234146
0.01 6365.851593939832 1.000306887845236 1.561629493230285 297.8646393910912 12.14861430709587
0.0101 6365.857461408153 1.000306645234094 1.56155570210387 297.8265008470079 12.12096135904885
0.0102 6365.863375860327 1.000306400917781 1.561481886345251 297.7880569078724 12.09314259286048
0.0103 6365.869337312232 1.000306154901059 1.561408045765865 297.7493074704897 12.0651591694595
0.0104 6365.875345779868 1.000305907188719 1.561334180178101 297.710252430861 12.03701225596193
0.0105 6365.881401279353 1.000305657785584 1.561260289395206 297.6708916842071 12.00870302562356
0.0106 6365.887503826929 1.000305406696507 1.561186373231292 297.6312251249623 11.98023265777075
0.0107 6365.893653438956 1.000305153926369 1.561112431501387 297.5912526467868 11.9516023377435
0.0108 6365.899850131915 1.000304899480081 1.561038464021362 297.5509741425543 11.92281325682128
0.0109 6365.906093922405 1.000304643362585 1.560964470607938 297.5103895043702 11.89386661216954
0.011 6365.912384827142 1.000304385578852 1.560890451078676 297.4694986235771 11.86476360677747
0.0111 6365.918722862964 1.000304126133881 1.560816405252105 297.4283013907315 11.83550544937419
0.0112 6365.925108046822 1.000303865032701 1.560742332947537 297.3867976956566 11.80609335439943
0.0113 6365.931540395785 1.00030360228037 1.560668233985083 297.3449874273955 11.77652854190219
0.0114 6365.938019927039 1.000303337881975 1.560594108185769 297.3028704742463 11.74681223749795
0.0115 6365.944546657885 1.00030307184263 1.560519955371473 297.2604467237446 11.71694567228778
0.0116 6365.951120605741 1.000302804167479 1.5604457753649 297.217716062681 11.68693008280213
0.0117 6365.957741788136 1.000302534861696 1.560371567989526 297.1746783771131 11.65676671094002
0.0118 6365.964410222716 1.000302263930479 1.560297333069797 297.1313335523477 11.62645680388713
0.0119 6365.971125927237 1.000301991379057 1.560223070430921 297.0876814729585 11.5960016140585
0.012 6365.977888919574 1.000301717212686 1.56014877989895 297.0437220227685 11.56540239901594
0.0121 6365.984699217709 1.00030144143665 1.560074461300747 296.9994550848913 11.53466042142649
0.0122 6365.991556839739 1.00030116405626 1.560000114464059 296.9548805416956 11.50377694896685
0.0123 6365.998461803871 1.000300885076855 1.559925739217409 296.9099982748406 11.47275325427687
0.0124 6366.005414128424 1.000300604503799 1.559851335390187 296.8648081652467 11.44159061486757
0.0125 6366.012413831825 1.000300322342487 1.55977690281262 296.8193100931366 11.41029031307791
0.0126 6366.019460932615 1.000300038598338 1.559702441315737 296.7735039380058 11.37885363598228
0.0127 6366.02655544944 1.000299753276798 1.559627950731386 296.7273895786406 11.34728187533018
0.0128 6366.033697401057 1.00029946638334 1.55955343089226 296.6809668931295 11.31557632748157
0.0129 6366.040886806331 1.000299177923463 1.559478881631926 296.6342357588459 11.28373829332156
0.013 6366.048123684235 1.000298887902693 1.559404302784688 296.5871960524713 11.25176907820319
0.0131 6366.055408053849 1.00029859632658 1.559329694185708 296.5398476499839 11.21966999186558
0.0132 6366.062739934359 1.000298303200703 1.559255055671007 296.4921904266643 11.18744234836397
0.0133 6366.07011934506 1.000298008530663 1.559180387077427 296.444224257113 11.15508746600738
0.0134 6366.077546305348 1.00029771232209 1.559105688242585 296.3959490152391 11.1226066672759
0.0135 6366.085020834727 1.000297414580636 1.55903095900498 296.3473645742719 11.09000127875377
0.0136 6366.092542952808 1.00029711531198 1.558956199203853 296.2984708067487 11.05727263104619
0.0137 6366.100112679301 1.000296814521827 1.55888140867946 296.249267584545 11.02442205872367
0.0138 6366.107730034022 1.000296512215904 1.558806587272623 296.1997547788564 10.99145090023426
0.0139 6366.115395036892 1.000296208399963 1.558731734825228 296.1499322602043 10.9583604978315
0.014 6366.12310770793 1.000295903079783 1.558656851179856 296.0997998984543 10.92515219750982
0.0141 6366.130868067262 1.000295596261165 1.558581936179935 296.0493575627978 10.89182734891617
0.0142 6366.138676135111 1.000295287949934 1.55850698966975 295.998605121776 10.85838730528872
0.0143 6366.146531931806 1.00029497815194 1.558432011494429 295.947542443262 10.82483342336806
0.0144 6366.154435477772 1.000294666873055 1.558357001499864 295.8961693944847 10.79116706333534
0.0145 6366.162386793534 1.000294354119175 1.558281959532849 295.8444858420284 10.75738958873453
0.0146 6366.17038589972 1.000294039896221 1.558206885440954 295.7924916518213 10.72350236638677
0.0147 6366.178432817054 1.000293724210134 1.558131779072669 295.7401866891472 10.68950676631998
0.0148 6366.186527566359 1.000293407066881 1.55805664027722 295.6875708186693 10.65540416170578
0.0149 6366.194670168556 1.00029308847245 1.557981468904691 295.6346439043886 10.62119592875395
0.015 6366.202860644663 1.00029276843285 1.557906264806081 295.5814058096911 10.58688344666423
0.0151 6366.211099015795 1.000292446954115 1.557831027833116 295.5278563973305 10.55246809753573
0.0152 6366.219385303164 1.0002921240423 1.557755757838451 295.4739955294339 10.51795126629133
0.0153 6366.227719528077 1.000291799703481 1.557680454675536 295.4198230675014 10.4833343405982
0.0154 6366.236101711934 1.000291473943757 1.557605118198655 295.3653388724305 10.44861871080308
0.0155 6366.244531876233 1.000291146769248 1.557529748263003 295.3105428044859 10.41380576983344
0.0156 6366.253010042566 1.000290818186095 1.557454344724491 295.2554347233235 10.37889691313236
0.0157 6366.261536232614 1.000290488200461 1.557378907439992 295.2000144880079 10.34389353858936
0.0158 6366.270110468158 1.000290156818528 1.557303436267205 295.1442819569714 10.30879704643355
0.0159 6366.278732771067 1.0002898240465 1.557227931064625 295.0882369880668 10.27360883918655
0.016 6366.287403163301 1.000289489890603 1.557152391691647 295.0318794385438 10.23833032156644
0.0161 6366.296121666915 1.000289154357079 1.55707681800849 294.9752091650552 10.20296290041042
0.0162 6366.304888304053 1.000288817452194 1.557001209876233 294.9182260236565 10.16750798459342
0.0163 6366.313703096948 1.000288479182231 1.556925567156843 294.860929869836 10.131966984965
0.0164 6366.322566067927 1.000288139553496 1.556849889713089 294.8033205584728 10.09634131424192
0.0165 6366.331477239402 1.000287798572311 1.556774177408583 294.7453979438845 10.06063238695562
0.0166 6366.340436633877 1.000287456245018 1.55669843010789 294.6871618797976 10.02484161935192
0.0167 6366.349444273941 1.00028711257798 1.556622647676345 294.6286122193827 9.988970429330664
0.0168 6366.358500182272 1.000286767577577 1.556546829980145 294.5697488152313 9.953020236348833
0.0169 6366.367604381636 1.000286421250208 1.556470976886417 294.5105715193671 9.916992461345354
0.017 6366.376756894885 1.00028607360229 1.556395088263098 294.4510801832465 9.880888526658493
0.0171 6366.385957744957 1.000285724640257 1.556319163979032 294.391274657782 9.844709855957477
0.0172 6366.395206954874 1.000285374370564 1.556243203903898 294.3311547933184 9.808457874145221
0.0173 6366.404504547745 1.000285022799682 1.556167207908216 294.2707204396569 9.772134007289623
0.0174 6366.413850546764 1.000284669934098 1.556091175863456 294.2099714460368 9.735739682529783
0.0175 6366.423244975205 1.000284315780319 1.556015107641867 294.1489076611655 9.699276328010514
0.0176 6366.432687856431 1.000283960344867 1.555939003116644 294.0875289332006 9.662745372788331
0.0177 6366.442179213882 1.000283603634281 1.555862862161852 294.0258351097676 9.626148246758584
0.0178 6366.451719071083 1.000283245655118 1.555786684652366 293.9638260379601 9.589486380571877
0.0179 6366.461307451642 1.00028288641395 1.555710470464033 293.9015015643275 9.552761205543416
0.018 6366.470944379244 1.000282525917365 1.555634219473489 293.8388615349112 9.515974153590248
0.0181 6366.480629877658 1.000282164171969 1.555557931558322 293.7759057952202 9.479126657133401
0.0182 6366.490363970733 1.00028180118438 1.555481606596967 293.7126341902375 9.442220149017549
0.0183 6366.500146682394 1.000281436961235 1.555405244468745 293.6490465644378 9.405256062437392
0.0184 6366.509978036648 1.000281071509185 1.555328845053885 293.5851427617871 9.368235830853543
0.0185 6366.51985805758 1.000280704834895 1.555252408233459 293.5209226257315 9.331160887901593
0.0186 6366.529786769351 1.000280336945046 1.555175933889494 293.4563859992203 9.294032667321627
0.0187 6366.5397641962 1.000279967846333 1.555099421904834 293.3915327247004 9.256852602870575
0.0188 6366.549790362444 1.000279597545466 1.555022872163245 293.3263626441161 9.219622128237951
0.0189 6366.559865292474 1.000279226049167 1.554946284549439 293.2608755989212 9.182342676968354
0.019 6366.569989010757 1.000278853364174 1.554869658948912 293.1950714300787 9.145015682377089
0.0191 6366.580161541836 1.000278479497239 1.554792995248162 293.1289499780668 9.107642577469166
0.0192 6366.590382910327 1.000278104455125 1.554716293334538 293.0625110828731 9.070224794851567
0.0193 6366.600653140921 1.00027772824461 1.554639553096268 292.9957545840124 9.032763766658883
0.0194 6366.610972258381 1.000277350872484 1.554562774422524 292.9286803205263 8.995260924468829
0.0195 6366.621340287542 1.000276972345551 1.554485957203338 292.8612881309776 8.957717699214522
0.0196 6366.631757253314 1.000276592670625 1.554409101329693 292.7935778534564 8.920135521103427
0.0197 6366.642223180676 1.000276211854535 1.554332206693427 292.7255493256033 8.882515819546045
0.0198 6366.652738094679 1.00027582990412 1.554255273187329 292.657202384586 8.844860023058368
0.0199 6366.663302020444 1.000275446826231 1.554178300705066 292.5885368671169 8.807169559187335
0.02 6366.67391498316 1.000275062627731 1.554101289141189 292.5195526094593 8.769445854429709
0.0201 6366.684577008089 1.000274677315495 1.554024238391246 292.4502494474212 8.731690334144476
0.0202 6366.695288120559 1.000274290896406 1.553947148351614 292.3806272163673 8.693904422475049
0.0203 6366.706048345966 1.000273903377362 1.553870018919604 292.3106857512188 8.656089542264986
0.0204 6366.716857709775 1.000273514765268 1.553792849993496 292.2404248864654 8.618247114980159
0.0205 6366.727716237516 1.000273125067041 1.553715641472386 292.1698444561474 8.580378560615063
0.0206 6366.738623954788 1.000272734289608 1.553638393256347 292.0989442938798 8.542485297621488
0.0207 6366.749580887252 1.000272342439904 1.55356110524637 292.0277242328633 8.504568742830735
0.0208 6366.760587060638 1.000271949524876 1.553483777344366 291.9561841058556 8.466630311353891
0.0209 6366.771642500738 1.00027155555148 1.553406409453147 291.8843237452064 8.428671416516879
0.021 6366.782747233408 1.000271160526679 1.553329001476433 291.8121429828456 8.390693469770342
0.0211 6366.79390128457 1.000270764457446 1.553251553318936 291.7396416502951 8.352697880612192
0.0212 6366.805104680206 1.000270367350763 1.553174064886207 291.6668195786632 8.314686056500873
0.0213 6366.816357446362 1.00026996921362 1.553096536084769 291.5936765986502 8.276659402775023
0.0214 6366.827659609145 1.000269570053015 1.553018966822072 291.5202125405602 8.238619322576232
0.0215 6366.839011194722 1.000269169875954 1.552941357006486 291.4464272343074 8.200567216768768
0.0216 6366.850412229323 1.00026876868945 1.55286370654728 291.3723205094037 8.162504483850318
0.0217 6366.861862739235 1.000268366500524 1.552786015354708 291.297892194971 8.124432519875109
0.0218 6366.873362750808 1.000267963316203 1.552708283339903 291.223142119747 8.086352718374021
0.0219 6366.884912290448 1.000267559143523 1.552630510414937 291.1480701120908 8.04826647027487
0.022 6366.896511384619 1.000267153989524 1.552552696492882 291.0726759999774 8.010175163816772
0.0221 6366.908160059844 1.000266747861254 1.552474841487617 290.9969596110153 7.972080184476699
0.0222 6366.919858342702 1.000266340765766 1.552396945314063 290.9209207724347 7.93398291488122
0.0223 6366.931606259829 1.00026593271012 1.552319007888034 290.8445593111109 7.895884734736236
0.0224 6366.943403837917 1.000265523701381 1.552241029126273 290.7678750535409 7.857787020733224
0.0225 6366.955251103711 1.000265113746619 1.552163008946496 290.6908678258791 7.819691146485151
0.0226 6366.967148084013 1.000264702852909 1.552084947267301 290.613537453913 7.781598482433108
0.0227 6366.97909480568 1.000264291027331 1.552006844008249 290.5358837630814 7.743510395773757
0.0228 6366.991091295618 1.00026387827697 1.551928699089864 290.4579065784805 7.705428250381012
0.0229 6367.003137580792 1.000263464608915 1.551850512433598 290.3796057248513 7.667353406719288
0.023 6367.015233688214 1.000263050030259 1.55177228396179 290.3009810266102 7.629287221777138
0.0231 6367.027379644949 1.000262634548098 1.55169401359779 290.2220323078303 7.591231048978043
0.0232 6367.039575478115 1.000262218169534 1.551615701265855 290.1427593922539 7.553186238105853
0.0233 6367.051821214878 1.000261800901669 1.551537346891201 290.063162103292 7.515154135224677
0.0234 6367.064116882455 1.000261382751611 1.551458950399972 289.9832402640426 7.477136082607521
0.0235 6367.076462508113 1.000260963726468 1.551380511719254 289.9029936972664 7.439133418645389
0.0236 6367.088858119167 1.000260543833353 1.55130203077709 289.822422225417 7.401147477782031
0.0237 6367.101303742978 1.00026012307938 1.551223507502444 289.7415256706403 7.363179590434783
0.0238 6367.11379940696 1.000259701471665 1.551144941825245 289.6603038547572 7.325231082907394
0.0239 6367.126345138568 1.000259279017326 1.551066333676361 289.5787565993109 7.287303277333644
0.024 6367.138940965306 1.000258855723483 1.55098768298763 289.4968837255132 7.249397491574189
0.0241 6367.151586914722 1.000258431597257 1.550908989691774 289.4146850543042 7.211515039166097
0.0242 6367.164283014414 1.000258006645768 1.550830253722514 289.3321604063107 7.173657229225953
0.0243 6367.177029292018 1.00025758087614 1.550751475014503 289.2493096018815 7.135825366388839
0.0244 6367.189825775219 1.000257154295496 1.550672653503318 289.1661324610758 7.098020750725779
0.0245 6367.202672491742 1.000256726910958 1.550593789125525 289.082628803675 7.060244677672339
0.0246 6367.215569469356 1.00025629872965 1.550514881818637 288.9987984491885 7.022498437954802
0.0247 6367.228516735872 1.000255869758696 1.550435931521029 288.9146412168301 6.984783317503401
0.0248 6367.241514319142 1.000255440005216 1.550356938172154 288.8301569255772 6.947100597403067
0.0249 6367.254562247062 1.000255009476333 1.550277901712304 288.7453453940997 6.909451553786207
0.025 6367.267660547563 1.000254578179166 1.550198822082792 288.6602064408429 6.871837457794503
0.0251 6367.280809248619 1.000254146120837 1.550119699225812 288.5747398839743 6.834259575480428
0.0252 6367.294008378244 1.000253713308461 1.550040533084564 288.4889455414131 6.796719167745952
0.0253 6367.307257964489 1.000253279749154 1.549961323603172 288.4028232308241 6.759217490265887
0.0254 6367.320558035442 1.000252845450032 1.549882070726674 288.31637276963 6.721755793419371
0.0255 6367.33390861923 1.000252410418203 1.549802774401131 288.2295939750051 6.684335322214
0.0256 6367.347309744017 1.000251974660779 1.549723434573497 288.142486663893 6.646957316220592
0.0257 6367.360761438 1.000251538184863 1.549644051191688 288.0550506530011 6.609623009498065
0.0258 6367.374263729416 1.000251100997561 1.549564624204542 287.9672857587942 6.572333630518859
0.0259 6367.387816646535 1.00025066310597 1.549485153561898 287.8791917975244 6.535090402109818
0.026 6367.40142021766 1.000250224517187 1.549405639214494 287.7907685852132 6.497894541373303
0.0261 6367.415074471129 1.000249785238304 1.549326081114015 287.7020159376633 6.460747259621357
0.0262 6367.428779435313 1.000249345276409 1.549246479213147 287.6129336704647 6.423649762307696
0.0263 6367.442535138616 1.000248904638585 1.549166833465453 287.5235215989945 6.386603248957684
0.0264 6367.456341609474 1.000248463331912 1.549087143825456 287.4337795384171 6.349608913098767
0.0265 6367.470198876354 1.000248021363463 1.549007410248681 287.3437073037015 6.312667942198663
0.0266 6367.484106967751 1.000247578740308 1.548927632691515 287.2533047096162 6.275781517594194
0.0267 6367.498065912196 1.00024713546951 1.54884781111136 287.1625715707281 6.238950814423076
0.0268 6367.512075738244 1.000246691558127 1.548767945466513 287.0715077014155 6.202177001560988
0.0269 6367.526136474482 1.000246247013212 1.548688035716229 286.9801129158672 6.165461241554265
0.027 6367.540248149526 1.00024580184181 1.548608081820705 286.8883870280828 6.128804690553102
0.0271 6367.554410792017 1.000245356050961 1.548528083741092 286.7963298518906 6.092208498252334
0.0272 6367.568624430624 1.000244909647698 1.548448041439456 286.7039412009416 6.055673807823164
0.0273 6367.582889094046 1.000244462639047 1.548367954878815 286.6112208887033 6.01920175584555
0.0274 6367.597204811003 1.000244015032028 1.548287824023159 286.5181687284838 5.982793472252705
0.0275 6367.611571610242 1.000243566833651 1.548207648837353 286.4247845334256 5.94645008026439
0.0276 6367.625989520538 1.000243118050921 1.54812742928725 286.3310681165057 5.910172696323141
0.0277 6367.640458570686 1.000242668690833 1.548047165339627 286.2370192905413 5.873962430033294
0.0278 6367.654978789507 1.000242218760377 1.547966856962158 286.142637868208 5.83782038410506
0.0279 6367.669550205843 1.000241768266532 1.547886504123531 286.0479236620216 5.801747654285439
0.028 6367.684172848562 1.000241317216268 1.547806106793313 285.9528764843502 5.765745329301149
0.0281 6367.698846746549 1.000240865616549 1.547725664942005 285.8574961474318 5.729814490804177
0.0282 6367.713571928714 1.000240413474326 1.547645178541049 285.7617824633566 5.693956213304483
0.0283 6367.728348423988 1.000239960796545 1.547564647562822 285.6657352440788 5.658171564114483
0.0284 6367.74317626132 1.000239507590138 1.547484071980635 285.5693543014226 5.622461603291823
0.0285 6367.758055469678 1.000239053862031 1.547403451768726 285.4726394470939 5.586827383584867
0.0286 6367.772986078051 1.000238599619138 1.547322786902227 285.3755904926687 5.55126995037
0.0287 6367.787968115445 1.000238144868363 1.547242077357242 285.2782072496106 5.515790341600458
0.0288 6367.803001610884 1.000237689616599 1.54716132311078 285.1804895292529 5.480389587742754
0.0289 6367.81808659341 1.000237233870729 1.547080524140793 285.0824371428347 5.445068711733062
0.029 6367.83322309208 1.000236777637625 1.546999680426114 284.9840499014825 5.409828728914814
0.0291 6367.848411135969 1.000236320924147 1.546918791946522 284.8853276162048 5.374670646981356
0.0292 6367.863650754165 1.000235863737144 1.546837858682728 284.7862700979271 5.339595465933944
0.0293 6367.878941975773 1.000235406083453 1.546756880616328 284.6868771574744 5.304604178021295
0.0294 6367.894284829911 1.0002349479699 1.546675857729877 284.5871486055775 5.269697767688254
0.0295 6367.909679345712 1.000234489403297 1.546594790006792 284.487084252872 5.234877211523041
0.0296 6367.92512555232 1.000234030390445 1.546513677431461 284.3866839099172 5.200143478211256
0.0297 6367.940623478894 1.000233570938131 1.54643251998913 284.2859473871894 5.16549752848227
0.0298 6367.956173154602 1.000233111053132 1.546351317666005 284.1848744950879 5.130940315060398
0.0299 6367.971774608627 1.000232650742208 1.546270070449149 284.0834650439236 5.09647278261068
0.03 6367.987427870159 1.000232190012109 1.546188778326572 283.981718843966 5.06209586770542
0.0301 6368.003132968401 1.000231728869568 1.546107441287192 283.8796357053956 5.027810498759188
0.0302 6368.018889932563 1.000231267321308 1.546026059320784 283.77721543834 4.993617595992657
0.0303 6368.034698791867 1.000230805374035 1.545944632418083 283.6744578528618 4.95951807138106
0.0304 6368.050559575543 1.000230343034442 1.545863160570654 283.5713627589702 4.925512828611312
0.0305 6368.066472312828 1.000229880309208 1.545781643771022 283.4679299666153 4.891602763033898
0.0306 6368.082437032967 1.000229417204996 1.545700082012571 283.3641592857179 4.857788761627097
0.0307 6368.098453765208 1.000228953728454 1.545618475289621 283.2600505261452 4.824071702944411
0.0308 6368.114522538813 1.000228489886216 1.54553682359734 283.1556034977174 4.79045245707249
0.0309 6368.130643383042 1.000228025684901 1.545455126931772 283.050818010225 4.756931885593522
0.031 6368.146816327166 1.00022756113111 1.545373385289903 282.9456938734232 4.723510841540647
0.0311 6368.163041400456 1.000227096231431 1.545291598669567 282.8402308970375 4.69019016935794
0.0312 6368.17931863219 1.000226630992434 1.545209767069487 282.7344288907638 4.656970704859223
0.0313 6368.195648051648 1.000226165420674 1.545127890489287 282.6282876642862 4.623853275193163
0.0314 6368.212029688115 1.000225699522689 1.54504596892941 282.5218070272534 4.590838698796136
0.0315 6368.228463570875 1.000225233305 1.544964002391237 282.4149867893142 4.557927785364308
0.0316 6368.244949729215 1.000224766774111 1.544881990877022 282.3078267601053 4.525121335811638
0.0317 6368.261488192425 1.00022429993651 1.544799934389834 282.2003267492399 4.492420142228807
0.0318 6368.278078989793 1.000223832798667 1.544717832933657 282.0924865663432 4.459824987857318
0.03190000000000001 6368.29472215061 1.000223365367035 1.544635686513346 281.9843060210341 4.427336647048061
0.032 6368.311417704164 1.000222897648049 1.544553495134577 281.8757849229318 4.39495588522789
0.0321 6368.328165679745 1.000222429648124 1.544471258803937 281.7669230816554 4.36268345886521
0.0322 6368.344966106638 1.000221961373662 1.544388977528828 281.6577203068536 4.330520115445032
0.0323 6368.361819014128 1.000221492831041 1.544306651317528 281.5481764081691 4.29846659342553
0.0324 6368.378724431496 1.000221024026625 1.544224280179165 281.4382911952743 4.266523622216383
0.0325 6368.395682388023 1.000220554966755 1.544141864123734 281.3280644778532 4.234691922142202
0.0326 6368.412692912982 1.000220085657758 1.544059403162057 281.2174960656197 4.202972204417129
0.0327 6368.429756035645 1.000219616105938 1.543976897305802 281.106585768311 4.171365171113338
0.0328 6368.446871785278 1.000219146317582 1.543894346567484 280.9953333956941 4.139871515133772
0.0329 6368.464040191143 1.000218676298955 1.543811750960443 280.8837387575712 4.108491920185639
0.033 6368.481261282494 1.000218206056306 1.543729110498894 280.7718016637863 4.077227060754676
0.0331 6368.498535088581 1.00021773559586 1.543646425197853 280.6595219242244 4.046077602078558
0.0332 6368.515861638645 1.000217264923826 1.543563695073153 280.5468993488061 4.015044200119519
0.0333 6368.533240961921 1.000216794046389 1.543480920141501 280.4339337475111 3.984127501545945
0.0334 6368.550673087637 1.000216322969717 1.543398100420373 280.3206249303606 3.953328143703348
0.0335 6368.56815804501 1.000215851699956 1.543315235928113 280.2069727074348 3.922646754595927
0.03360000000000001 6368.585695863249 1.000215380243229 1.543232326683861 280.092976888879 3.89208395286563
0.0337 6368.603286571555 1.000214908605642 1.543149372707573 279.9786372848915 3.861640347767296
0.0338 6368.620930199118 1.000214436793277 1.54306637402002 279.863953705736 3.831316539151032
0.0339 6368.638626775117 1.000213964812196 1.542983330642775 279.7489259617408 3.801113117442214
0.034 6368.656376328721 1.00021349266844 1.542900242598214 279.6335538633115 3.771030663625438
0.0341 6368.674178889088 1.000213020368026 1.542817109909535 279.5178372209301 3.741069749226153
0.0342 6368.692034485361 1.000212547916952 1.542733932600704 279.4017758451558 3.711230936293163
0.0343 6368.709943146673 1.000212075321193 1.542650710696518 279.2853695466246 3.681514777382012
0.0344 6368.727904902145 1.0002116025867 1.542567444222518 279.1686181360609 3.651921815542222
0.0345 6368.745919780881 1.000211129719406 1.542484133205072 279.0515214242722 3.622452584300839
0.0346 6368.763987811974 1.000210656725216 1.542400777671333 278.9340792221664 3.593107607652804
0.0347 6368.782109024503 1.000210183610018 1.542317377649196 278.816291340734 3.563887400043255
0.03480000000000001 6368.800283447527 1.000209710379673 1.542233933167373 278.6981575910721 3.53479246636106
0.0349 6368.818511110097 1.00020923704002 1.542150444255335 278.5796777843724 3.505823301924326
0.035 6368.836792041241 1.000208763596877 1.542066910943316 278.4608517319329 3.476980392472664
0.0351 6368.855126269976 1.000208290056037 1.54198333326232 278.3416792451579 3.448264214157362
0.0352 6368.873513825298 1.000207816423269 1.54189971124413 278.2221601355644 3.419675233533863
0.03530000000000001 6368.891954736188 1.000207342704319 1.541816044921266 278.1022942147814 3.391213907553677
0.0354 6368.910449031607 1.000206868904912 1.541732334326998 277.9820812945562 3.362880683558577
0.0355 6368.9289967405 1.000206395030745 1.541648579495377 277.8615211867485 3.334675999272858
0.0356 6368.947597891793 1.000205921087492 1.541564780461192 277.740613703348 3.306600282802051
0.0357 6368.96625251439 1.000205447080806 1.541480937259925 277.6193586564626 3.278653952625536
0.0358 6368.984960637179 1.000204973016313 1.541397049927887 277.4977558583363 3.250837417596926
0.0359 6369.003722289024 1.000204498899614 1.54131311850203 277.375805121343 3.223151076939819
0.036 6369.02253749877 1.000204024736288 1.541229143020119 277.2535062579926 3.19559532024716
0.0361 6369.041406295241 1.000203550531887 1.541145123520599 277.1308590809312 3.168170527480131
0.0362 6369.060328707241 1.00020307629194 1.541061060042638 277.0078634029345 3.140877068966628
0.0363 6369.079304763546 1.00020260202195 1.540976952626145 276.8845190369501 3.113715305411085
0.0364 6369.098334492917 1.000202127727396 1.540892801311734 276.7608257960377 3.086685587882893
0.03650000000000001 6369.117417924088 1.00020165341373 1.540808606140714 276.6367834934284 3.059788257831866
0.0366 6369.136555085768 1.000201179086382 1.540724367155128 276.5123919425072 3.033023647087539
0.0367 6369.155746006646 1.000200704750753 1.540640084397688 276.3876509568007 3.0063920778608
0.0368 6369.174990715384 1.000200230412221 1.540555757911846 276.2625603500072 2.979893862755279
0.0369 6369.194289240619 1.000199756076137 1.5404713877417 276.1371199359786 2.953529304769444
0.03700000000000001 6369.213641610965 1.000199281747828 1.540386973932083 276.0113295287264 2.927298697304687
0.0371 6369.233047855009 1.000198807432593 1.540302516528482 275.8851889424394 2.90120232417668
0.0372 6369.252508001311 1.000198333135706 1.54021801557706 275.758697991478 2.875240459622636
0.0373 6369.272022078406 1.000197858862416 1.54013347112469 275.6318564903621 2.849413368308322
0.0374 6369.291590114802 1.000197384617945 1.540048883218875 275.504664253789 2.823721305342035
0.0375 6369.311212138978 1.000196910407489 1.539964251907804 275.3771210966451 2.798164516288125
0.0376 6369.330888179387 1.000196436236217 1.539879577240329 275.2492268339823 2.772743237174276
0.0377 6369.350618264454 1.000195962109272 1.539794859265968 275.1209812810479 2.747457694510366
0.0378 6369.370402422573 1.000195488031771 1.53971009803488 274.9923842532779 2.722308105301021
0.0379 6369.39024068211 1.000195014008805 1.539625293597869 274.8634355662861 2.697294677057986
0.038 6369.410133071403 1.000194540045436 1.539540446006386 274.734135035881 2.672417607819157
0.0381 6369.430079618759 1.0001940661467 1.539455555312532 274.6044824780664 2.647677086164973
0.03820000000000001 6369.450080352453 1.00019359231761 1.539370621569026 274.4744777090531 2.623073291237919
0.0383 6369.470135300734 1.000193118563145 1.539285644829233 274.344120545229 2.598606392755073
0.0384 6369.490244491814 1.000192644888265 1.539200625147101 274.2134108032068 2.574276551036063
0.0385 6369.51040795388 1.000192171297896 1.539115562577257 274.0823482997824 2.550083917015162
0.0386 6369.530625715081 1.00019169779694 1.539030457174917 273.9509328519706 2.526028632268663
0.03870000000000001 6369.550897803539 1.000191224390273 1.538945308995894 273.8191642769988 2.502110829035317
0.0388 6369.571224247338 1.000190751082741 1.538860118096602 273.6870423923014 2.478330630237708
0.0389 6369.591605074535 1.000190277879165 1.538774884534097 273.5545670155196 2.454688149505615
0.039 6369.612040313149 1.000189804784338 1.538689608365988 273.4217379645314 2.431183491205428
0.0391 6369.632529991167 1.000189331803024 1.538604289650494 273.2885550574155 2.407816750458837
0.0392 6369.653074136541 1.000188858939961 1.538518928446407 273.155018112487 2.384588013174972
0.0393 6369.673672777189 1.00018838619986 1.538433524813114 273.0211269482742 2.361497356072942
0.0394 6369.694325940995 1.000187913587402 1.538348078810565 272.8868813835355 2.338544846712491
0.0395 6369.715033655808 1.000187441107244 1.53826259049928 272.7522812372484 2.315730543520368
0.0396 6369.735795949439 1.000186968764012 1.53817705994035 272.6173263286445 2.293054495825559
0.0397 6369.756612849667 1.000186496562305 1.538091487195439 272.482016477168 2.270516743882316
0.0398 6369.777484384228 1.000186024506696 1.538005872326713 272.3463515025177 2.248117318908003
0.03990000000000001 6369.798410580829 1.000185552601728 1.537920215396952 272.2103312246107 2.225856243108898
0.04 6369.819391467135 1.000185080851918 1.537834516469451 272.0739554636247 2.203733529719552
0.0401 6369.840427070776 1.000184609261754 1.537748775608032 271.9372240399556 2.181749183029385
0.0402 6369.861517419342 1.000184137835695 1.537662992877072 271.8001367742776 2.1599031984264
0.0403 6369.882662540388 1.000183666578175 1.537577168341463 271.6626934874774 2.138195562421712
0.04040000000000001 6369.90386246143 1.000183195493598 1.537491302066624 271.5248940007081 2.11662625269387
0.0405 6369.925117209942 1.00018272458634 1.537405394118493 271.3867381353765 2.0951952381235
0.0406 6369.946426813363 1.00018225386075 1.537319444563505 271.2482257131381 2.073902478829776
0.0407 6369.967791299092 1.000181783321149 1.53723345346864 271.1093565559025 2.052747926209537
0.0408 6369.989210694486 1.000181312971828 1.537147420901344 270.9701304858394 2.031731522977158
0.0409 6370.010685026865 1.000180842817052 1.537061346929553 270.8305473253785 2.010853203204291
0.041 6370.032214323506 1.000180372861058 1.536975231621723 270.6906068972097 1.990112892360406
0.04110000000000001 6370.053798611648 1.000179903108054 1.536889075046796 270.5503090242891 1.969510507354979
0.0412 6370.075437918487 1.00017943356222 1.536802877274154 270.4096535298326 1.949045956578705
0.0413 6370.097132271179 1.000178964227708 1.53671663837369 270.26864023734 1.92871913994978
0.0414 6370.118881696837 1.000178495108643 1.536630358415758 270.1272689705596 1.908529948952365
0.0415 6370.140686222534 1.000178026209121 1.536544037471177 269.9855395535291 1.888478266686916
0.04160000000000001 6370.162545875301 1.00017755753321 1.536457675611188 269.8434518105463 1.868563967911061
0.0417 6370.184460682124 1.000177089084949 1.536371272907556 269.701005566193 1.848786919088808
0.0418 6370.206430669949 1.000176620868352 1.536284829432418 269.5582006453286 1.829146978436283
0.0419 6370.22845586568 1.000176152887402 1.536198345258394 269.4150368730788 1.809643995967444
0.042 6370.250536296175 1.000175685146056 1.536111820458523 269.2715140748645 1.790277813546195
0.04210000000000001 6370.272671988249 1.00017521764824 1.536025255106293 269.1276320763849 1.771048264932705
0.0422 6370.294862968673 1.000174750397857 1.535938649275596 268.9833907036285 1.751955175834483
0.0423 6370.317109264176 1.000174283398778 1.535852003040737 268.838789782856 1.732998363954228
0.0424 6370.339410901442 1.000173816654847 1.535765316476459 268.6938291406294 1.714177639044635
0.0425 6370.361767907109 1.000173350169882 1.535678589657887 268.5485086037946 1.695492802957635
0.0426 6370.38418030777 1.000172883947671 1.535591822660563 268.4028279994931 1.676943649698206
0.0427 6370.406648129977 1.000172417991976 1.535505015560418 268.2567871551499 1.658529965475827
0.04280000000000001 6370.429171400231 1.000171952306528 1.535418168433783 268.1103858984978 1.640251528761107
0.0429 6370.451750144991 1.000171486895036 1.535331281357339 267.9636240575591 1.622108110337833
0.043 6370.47438439067 1.000171021761176 1.535244354408192 267.8165014606456 1.604099473357968
0.0431 6370.497074163634 1.000170556908598 1.535157387663788 267.6690179363767 1.586225373399465
0.0432 6370.519819490203 1.000170092340926 1.535070381201957 267.5211733136792 1.568485558522476
0.04330000000000001 6370.54262039665 1.000169628061756 1.534983335100865 267.3729674217756 1.55087976932482
0.0434 6370.565476909203 1.000169164074655 1.534896249439075 267.2244000901836 1.533407738999564
0.0435 6370.58838905404 1.000168700383163 1.534809124295459 267.0754711487406 1.516069193395962
0.0436 6370.611356857296 1.000168236990795 1.53472195974925 266.9261804275792 1.498863851075445
0.0437 6370.634380345054 1.000167773901036 1.534634755880023 266.7765277571515 1.481791423373746
0.0438 6370.657459543352 1.000167311117345 1.534547512767676 266.6265129682109 1.464851614458834
0.0439 6370.680594478181 1.000166848643154 1.53446023049243 266.4761358918244 1.448044121392846
0.044 6370.703785175483 1.000166386481868 1.534372909134836 266.3253963593601 1.431368634191941
0.0441 6370.727031661151 1.000165924636865 1.53428554877575 266.1742942025174 1.414824835891311
0.0442 6370.75033396103 1.000165463111495 1.534198149496356 266.0228292533033 1.398412402604841
0.0443 6370.773692100917 1.000165001909082 1.534110711378113 265.8710013440376 1.382131003588649
0.0444 6370.79710610656 1.000164541032925 1.534023234502791 265.7188103073598 1.365980301305138
0.04450000000000001 6370.820576003656 1.000164080486293 1.533935718952456 265.5662559762344 1.349959951487569
0.0446 6370.844101817857 1.000163620272431 1.533848164809448 265.4133381839273 1.334069603202066
0.0447 6370.867683574762 1.000163160394557 1.53376057215639 265.2600567640474 1.318308898916971
0.0448 6370.891321299921 1.000162700855861 1.533672941076189 265.1064115505109 1.302677474564671
0.0449 6370.915015018837 1.00016224165951 1.533585271652002 264.9524023775592 1.287174959609493
0.04500000000000001 6370.938764756959 1.000161782808641 1.533497563967246 264.7980290797649 1.271800977114818
0.0451 6370.96257053969 1.000161324306369 1.533409818105618 264.6432914920137 1.256555143808342
0.0452 6370.98643239238 1.000160866155778 1.533322034151058 264.4881894495283 1.241437070151938
0.0453 6371.01035034033 1.000160408359931 1.533234212187717 264.3327227878566 1.226446360408448
0.0454 6371.034324408789 1.000159950921862 1.533146352300026 264.1768913428717 1.211582612710137
0.0455 6371.058354622957 1.000159493844582 1.533058454572624 264.0206949507777 1.196845419128163
0.0456 6371.082441007983 1.000159037131073 1.532970519090389 263.8641334481098 1.1822343657419
0.04570000000000001 6371.106583588965 1.000158580784295 1.532882545938416 263.7072066717282 1.167749032708164
0.0458 6371.130782390948 1.00015812480718 1.532794535202012 263.549914458836 1.153388994333047
0.0459 6371.155037438929 1.000157669202637 1.532706486966681 263.3922566469618 1.139153819140875
0.046 6371.179348757851 1.000157213973548 1.532618401318163 263.2342330739706 1.125043069946313
0.0461 6371.203716372607 1.000156759122771 1.532530278342363 263.075843578053 1.111056303924707
0.04620000000000001 6371.228140308038 1.00015630465314 1.532442118125381 262.917087997754 1.097193072686491
0.0463 6371.252620588932 1.000155850567463 1.53235392075354 262.7579661719441 1.083452922346716
0.0464 6371.277157240028 1.000155396868523 1.532265686313282 262.5984779398185 1.069835393597628
0.0465 6371.30175028601 1.000154943559079 1.532177414891274 262.4386231409334 1.056340021784578
0.0466 6371.326399751513 1.000154490641868 1.532089106574323 262.2784016151639 1.042966336975704
0.04670000000000001 6371.351105661118 1.000154038119599 1.5320007614494 262.1178132027343 1.029713864037999
0.0468 6371.375868039353 1.000153585994959 1.531912379603652 261.9568577442054 1.016582122710185
0.0469 6371.400686910694 1.000153134270612 1.531823961124362 261.7955350804872 1.00357062767786
0.047 6371.425562299567 1.000152682949195 1.531735506098956 261.6338450528145 0.9906788886460775
0.0471 6371.450494230343 1.000152232033326 1.531647014614998 261.4717875027712 0.9779064104160533
0.0472 6371.475482727339 1.000151781525595 1.5315584867602 261.3093622722957 0.965252692960651
0.0473 6371.500527814825 1.000151331428571 1.531469922622375 261.1465692036398 0.9527172314964888
0.04740000000000001 6371.525629517011 1.0001508817448 1.531381322289492 260.9834081394278 0.940299516564136
0.0475 6371.550787858058 1.000150432476805 1.531292685849617 260.8198789226207 0.9279990341011669
0.0476 6371.576002862076 1.000149983627084 1.531204013390921 260.6559813965049 0.9158152655173947
0.0477 6371.601274553118 1.000149535198115 1.531115305001684 260.4917154047333 0.9037476877742791
0.0478 6371.626602955184 1.000149087192352 1.531026560770295 260.3270807913017 0.891795773459642
0.04790000000000001 6371.651988092225 1.000148639612227 1.530937780785242 260.1620774005368 0.8799589908635578
0.048 6371.677429988135 1.00014819246015 1.530848965135053 259.9967050771201 0.8682368040569984
0.0481 6371.702928666758 1.000147745738508 1.530760113908404 259.830963666076 0.856628672968071
0.0482 6371.728484151879 1.000147299449667 1.530671227194009 259.6648530127894 0.8451340534605231
0.0483 6371.754096467235 1.000146853595971 1.530582305080661 259.4983729629706 0.8337523974087058
0.04840000000000001 6371.779765636509 1.000146408179743 1.530493347657213 259.3315233626903 0.8224831527776274
0.0485 6371.805491683328 1.000145963203283 1.530404355012597 259.164304058368 0.8113257636998326
0.0486 6371.831274631268 1.000145518668871 1.530315327235771 258.9967148967602 0.8002796705524691
0.0487 6371.85711450385 1.000145074578766 1.530226264415768 258.8287557249781 0.7893443100364431
0.0488 6371.883011324541 1.000144630935205 1.530137166641645 258.6604263904818 0.7785191152540816
0.0489 6371.908965116757 1.000144187740407 1.530048034002517 258.49172674108 0.7678035157872898
0.049 6371.934975903858 1.000143744996567 1.529958866587498 258.3226566249244 0.7571969377754264
0.04910000000000001 6371.961043709152 1.000143302705861 1.529869664485775 258.1532158905155 0.746698803994003
0.0492 6371.987168555892 1.000142860870447 1.529780427786514 257.9834043867026 0.7363085339330583
0.0493 6372.013350467278 1.000142419492459 1.529691156578925 257.8132219626954 0.726025543876291
0.0494 6372.039589466456 1.000141978574015 1.529601850952211 257.6426684680349 0.7158492469777213
0.0495 6372.065885576521 1.00014153811721 1.529512510995602 257.4717437526168 0.7057790533416307
0.04960000000000001 6372.092238820509 1.000141098124123 1.529423136798293 257.3004476666914 0.6958143701010389
0.0497 6372.118649221407 1.000140658596812 1.529333728449518 257.1287800608578 0.6859546014958503
0.0498 6372.145116802146 1.000140219537314 1.529244286038471 256.9567407860521 0.6761991489506841
0.0499 6372.171641585604 1.000139780947651 1.52915480965434 256.7843296935711 0.666547411154709
0.05 6372.198223594607 1.000139342829825 1.529065299386278 256.6115466350542 0.6569987841390726
0.05010000000000001 6372.224862851926 1.000138905185817 1.528975755323429 256.438391462484 0.6475526613553275
0.0502 6372.251559380276 1.000138468017594 1.528886177554912 256.2648640282035 0.6382084337547489
0.0503 6372.278313202323 1.000138031327101 1.528796566169784 256.0909641848988 0.6289654898656426
0.0504 6372.305124340676 1.000137595116268 1.528706921257084 255.9166917856045 0.6198232158718835
0.0505 6372.331992817894 1.000137159387005 1.528617242905793 255.7420466836924 0.6107809956904252
0.0506 6372.358918656477 1.000136724141206 1.528527531204849 255.5670287329007 0.6018382110508659
0.0507 6372.385901878877 1.000136289380748 1.528437786243118 255.3916377872987 0.5929942415715208
0.05080000000000001 6372.41294250749 1.00013585510749 1.528348008109411 255.2158737013164 0.5842484648387332
0.0509 6372.440040564659 1.000135421323275 1.528258196892494 255.0397363297146 0.5756002564830507
0.051 6372.467196072674 1.000134988029928 1.52816835268103 254.863225527621 0.5670489902585031
0.0511 6372.49440905377 1.000134555229258 1.528078475563628 254.6863411504941 0.5585940381182185
0.0512 6372.521679530132 1.000134122923058 1.527988565628798 254.5090830541411 0.5502347702925021
0.05130000000000001 6372.54900752389 1.000133691113107 1.52789862296498 254.3314510947183 0.5419705553658508
0.0514 6372.576393057119 1.000133259801163 1.527808647660514 254.1534451287247 0.5338007603535081
0.0515 6372.603836151845 1.000132828988974 1.527718639803656 253.975065013008 0.5257247507783744
0.0516 6372.631336830037 1.000132398678269 1.527628599482548 253.796310604759 0.5177418907471596
0.0517 6372.658895113615 1.000131968870763 1.52753852678523 253.6171817615053 0.5098515430263361
0.05180000000000001 6372.686511024443 1.000131539568156 1.527448421799643 253.4376783411234 0.5020530691186452
0.0519 6372.714184584333 1.000131110772133 1.527358284613597 253.2578002018385 0.4943458293388158
0.05200000000000001 6372.741915815044 1.000130682484363 1.527268115314803 253.0775472022127 0.48672918288853
0.0521 6372.769704738285 1.000130254706504 1.527177913990838 252.8969192011454 0.4792024879316579
0.0522 6372.797551375709 1.000129827440196 1.527087680729148 252.7159160578902 0.471765101669938
0.0523 6372.825455748918 1.000129400687069 1.526997415617057 252.5345376320323 0.4644163804166449
0.0524 6372.853417879463 1.000128974448735 1.526907118741742 252.3527837834935 0.457155679671216
0.05250000000000001 6372.881437788838 1.000128548726796 1.526816790190252 252.1706543725503 0.4499823541940094
0.0526 6372.90951549849 1.000128123522838 1.526726430049477 251.9881492598164 0.4428957580793191
0.0527 6372.937651029812 1.000127698838436 1.526636038406172 251.8052683062246 0.4358952448281212
0.0528 6372.965844404143 1.000127274675152 1.526545615346924 251.6220113730682 0.4289801674227523
0.0529 6372.994095642775 1.000126851034532 1.526455160958181 251.4383783219599 0.4221498783980499
0.05300000000000001 6373.022404766944 1.000126427918115 1.526364675326198 251.2543690148672 0.4154037299150627
0.0531 6373.050771797834 1.000126005327422 1.526274158537093 251.0699833140824 0.4087410738319469
0.0532 6373.079196756579 1.000125583263967 1.526183610676807 250.885221082235 0.402161261776039
0.0533 6373.107679664263 1.000125161729249 1.526093031831106 250.7000821822916 0.3956636452150907
0.0534 6373.136220541915 1.000124740724756 1.526002422085569 250.5145664775554 0.3892475755281051
0.05350000000000001 6373.164819410516 1.000124320251965 1.525911781525604 250.3286738316491 0.3829124040751631
0.0536 6373.193476290992 1.000123900312341 1.525821110236425 250.1424041085501 0.3766574822686593
0.05370000000000001 6373.222191204223 1.000123480907341 1.525730408303065 249.9557571725489 0.370482161641479
0.0538 6373.250964171035 1.000123062038407 1.525639675810356 249.7687328882734 0.3643857939169657
0.0539 6373.279795212202 1.000122643706972 1.52554891284293 249.5813311206879 0.3583677310776159
0.054 6373.308684348451 1.00012222591446 1.525458119485229 249.3935517350705 0.3524273254325775
0.0541 6373.337631600455 1.000121808662285 1.525367295821485 249.2053945970419 0.3465639296863944
0.05420000000000001 6373.36663698884 1.000121391951847 1.525276441935718 249.0168595725421 0.3407768970055726
0.0543 6373.395700534178 1.000120975784542 1.525185557911733 248.8279465278423 0.3350655810857928
0.0544 6373.424822256993 1.000120560161752 1.525094643833136 248.6386553295446 0.3294293362182483
0.0545 6373.45400217776 1.000120145084853 1.525003699783294 248.4489858445585 0.3238675173547936
0.0546 6373.483240316901 1.000119730555209 1.524912725845362 248.2589379401424 0.3183794801745095
0.05470000000000001 6373.512536694791 1.000119316574177 1.524821722102265 248.068511483856 0.3129645811471387
0.0548 6373.541891331755 1.000118903143106 1.524730688636711 247.8777063435904 0.3076221775982519
0.0549 6373.571304248068 1.000118490263334 1.52463962553116 247.6865223875615 0.3023516277728324
0.055 6373.600775463954 1.000118077936193 1.524548532867845 247.4949594842987 0.2971522908981729
0.0551 6373.630304999591 1.000117666163005 1.524457410728753 247.3030175026564 0.2920235272468774
0.05520000000000001 6373.659892875108 1.000117254945088 1.52436625919563 247.1106963117967 0.286964698198502
0.0553 6373.689539110584 1.000116844283747 1.524275078349989 246.9179957812065 0.2819751663015827
0.05540000000000001 6373.719243726047 1.000116434180284 1.524183868273076 246.7249157806922 0.2770542953344468
0.0555 6373.749006741481 1.000116024635991 1.52409262904591 246.5314561803733 0.2722014503654558
0.0556 6373.778828176819 1.000115615652155 1.524001360749228 246.3376168506769 0.2674159978126714
0.0557 6373.808708051946 1.000115207230054 1.523910063463533 246.1433976623492 0.2626973055033649
0.0558 6373.8386463867 1.000114799370963 1.52381873726905 245.9487984864499 0.2580447427324734
0.05590000000000001 6373.86864320087 1.000114392076146 1.523727382245757 245.7538191943457 0.2534576803204571
0.056 6373.898698514197 1.000113985346865 1.523635998473365 245.5584596577172 0.2489354906708229
0.0561 6373.928812346378 1.000113579184373 1.523544586031293 245.3627197485461 0.2444775478266065
0.0562 6373.958984717057 1.000113173589918 1.52345314499873 245.1665993391274 0.2400832275267756
0.0563 6373.989215645835 1.000112768564744 1.523361675454555 244.9700983020697 0.2357519072617067
0.05640000000000001 6374.019505152267 1.000112364110088 1.52327017747739 244.7732165102651 0.2314829663273827
0.0565 6374.049853255856 1.00011196022718 1.523178651145585 244.575953836937 0.2272757858806264
0.0566 6374.080259976063 1.00011155691725 1.523087096537194 244.3783101555922 0.2231297489916079
0.0567 6374.110725332302 1.000111154181518 1.52299551372998 244.1802853400394 0.2190442406971166
0.0568 6374.141249343938 1.000110752021203 1.52290390280145 243.9818792644063 0.2150186480531284
0.05690000000000001 6374.171832030293 1.000110350437517 1.522812263828815 243.7830918030985 0.2110523601854887
0.057 6374.20247341064 1.00010994943167 1.522720596888971 243.5839228308408 0.2071447683416109
0.05710000000000001 6374.233173504211 1.000109549004866 1.522628902058551 243.3843722226301 0.2032952659397065
0.0572 6374.263932330187 1.000109149158305 1.522537179413877 243.1844398537822 0.1995032486191975
0.0573 6374.294749907708 1.000108749893185 1.522445429030994 242.9841255998971 0.1957681142888081
0.0574 6374.325626255866 1.0001083512107 1.522353650985636 242.78342933687 0.1920892631748841
0.0575 6374.356561393711 1.000107953112039 1.52226184535322 242.58235094088 0.1884660978685585
0.05760000000000001 6374.387555340245 1.00010755559839 1.522170012208892 242.3808902884078 0.1848980233727488
0.0577 6374.418608114427 1.000107158670937 1.522078151627486 242.1790472562237 0.1813844471478948
0.0578 6374.449719735172 1.000106762330861 1.521986263683517 241.9768217213817 0.1779247791570982
0.0579 6374.480890221351 1.00010636657934 1.52189434845121 241.7742135612197 0.1745184319106476
0.058 6374.512119591789 1.00010597141755 1.521802406004476 241.5712226533709 0.1711648205100093
0.05810000000000001 6374.543407865269 1.000105576846666 1.521710436416905 241.3678488757527 0.1678633626906836
0.0582 6374.574755060531 1.000105182867858 1.521618439761791 241.1640921065481 0.1646134788642543
0.05830000000000001 6374.60616119627 1.000104789482296 1.521526416112111 240.9599522242478 0.1614145921606467
0.0584 6374.637626291138 1.000104396691148 1.52143436554052 240.7554291076025 0.1582661284682195
0.0585 6374.669150363747 1.000104004495581 1.521342288119352 240.5505226356466 0.1551675164742554
0.05860000000000001 6374.700733432661 1.000103612896757 1.521250183920655 240.3452326877044 0.1521181877044004
0.0587 6374.732375516405 1.000103221895841 1.521158053016119 240.139559143366 0.1491175765609175
0.05880000000000001 6374.764076633462 1.000102831493995 1.521065895477143 239.9335018824994 0.1461651203607264
0.0589 6374.795836802269 1.00010244169238 1.520973711374787 239.7270607852505 0.1432602593725031
0.059 6374.827656041227 1.000102052492156 1.5208815007798 239.5202357320253 0.1404024368527791
0.0591 6374.85953436869 1.000101663894481 1.520789263762606 239.3130266035136 0.1375910990818614
0.0592 6374.891471802974 1.000101275900516 1.520697000393296 239.105433280671 0.1348256953984085
0.05930000000000001 6374.92346836235 1.000100888511417 1.520604710741659 238.8974556447255 0.1321056782335754
0.0594 6374.955524065051 1.000100501728344 1.520512394877125 238.6890935771706 0.1294305031442312
0.0595 6374.987638929269 1.000100115552454 1.520420052868833 238.4803469597545 0.1267996288453457
0.0596 6375.019812973153 1.000099729984904 1.520327684785563 238.2712156745087 0.1242125172421288
0.0597 6375.052046214813 1.000099345026854 1.520235290695779 238.0616996037132 0.1216686334605775
0.05980000000000001 6375.084338672321 1.00009896067946 1.520142870667632 237.8517986299142 0.1191674458779284
0.0599 6375.116690363705 1.000098576943881 1.520050424768922 237.6415126359178 0.1167084261520395
0.06000000000000001 6375.149101306954 1.000098193821277 1.519957953067126 237.4308415048021 0.1142910492502089
0.0601 6375.181571520018 1.000097811312807 1.519865455629401 237.2197851198815 0.1119147934766791
0.0602 6375.214101020809 1.000097429419632 1.519772932522558 237.0083433647427 0.1095791405001883
0.0603 6375.246689827197 1.000097048142913 1.519680383813087 236.7965161232204 0.107283575380069
0.0604 6375.279337957015 1.000096667483811 1.519587809567143 236.5843032794036 0.105027586591915
0.06050000000000001 6375.312045428056 1.000096287443491 1.519495209850548 236.3717047176355 0.1028106660524052
0.0606 6375.344812258077 1.000095908023117 1.519402584728795 236.1587203225016 0.1006323091432372
0.0607 6375.377638464793 1.000095529223855 1.519309934267047 235.9453499788477 0.09849201473459394
0.0608 6375.410524065882 1.000095151046873 1.519217258530128 235.7315935717678 0.09638928520753258
0.0609 6375.443469078985 1.000094773493339 1.519124557582531 235.5174509865982 0.09432362647567168
0.06100000000000001 6375.476473521706 1.000094396564424 1.519031831488434 235.3029221089117 0.09229454800611643
0.0611 6375.509537411608 1.0000940202613 1.51893908031166 235.0880068245473 0.09030156283994771
0.0612 6375.542660766221 1.000093644585142 1.518846304115706 234.8727050195624 0.08834418761122032
0.0613 6375.575843603036 1.000093269537126 1.51875350296375 234.657016580269 0.0864219425659777
0.0614 6375.609085939504 1.000092895118429 1.518660676918619 234.4409413932211 0.08453435158005647
0.06150000000000001 6375.642387793047 1.000092521330233 1.518567826042828 234.2244793451977 0.08268094217609184
0.0616 6375.675749181041 1.00009214817372 1.518474950398548 234.0076303232316 0.08086124554017489
0.06170000000000001 6375.709170120835 1.000091775650075 1.518382050047622 233.7903942145748 0.07907479653719381
0.0618 6375.742650629733 1.000091403760484 1.518289125051572 233.5727709067331 0.07732113372602113
0.0619 6375.776190725012 1.000091032506138 1.518196175471574 233.3547602874195 0.07559979937326783
0.062 6375.809790423908 1.00009066188823 1.518103201368485 233.136362244601 0.07391033946705805
0.0621 6375.843449743621 1.000090291907953 1.518010202802846 232.9175766664633 0.07225230372939114
0.06220000000000001 6375.87716870132 1.000089922566506 1.517917179834838 232.698403441423 0.07062524562814147
0.0623 6375.910947314134 1.000089553865089 1.517824132524348 232.4788424581269 0.0690287223882224
0.0624 6375.944785599162 1.000089185804905 1.517731060930913 232.2588936054466 0.06746229500197104
0.0625 6375.978683573465 1.00008881838716 1.517637965113764 232.0385567724783 0.06592552823884673
0.0626 6376.012641254072 1.000088451613064 1.51754484513178 231.817831848531 0.06441799065431975
0.06270000000000001 6376.046658657976 1.000088085483828 1.517451701043554 231.5967187231562 0.06293925459831815
0.06280000000000001 6376.080735802137 1.000087720000668 1.517358532907323 231.3752172861122 0.06148889622250672
0.0629 6376.114872703481 1.000087355164802 1.51726534078101 231.153327427376 0.06006649548717819
0.063 6376.149069378901 1.00008699097745 1.517172124722231 230.9310490371435 0.05867163616734776
0.0631 6376.183325845256 1.000086627439839 1.517078884788267 230.708382005835 0.0573039058581746
0.06320000000000001 6376.217642119373 1.000086264553195 1.516985621036086 230.485326224078 0.05596289597953424
0.06330000000000001 6376.252018218044 1.000085902318751 1.516892333522338 230.2618815827126 0.0546482017800425
0.0634 6376.28645415803 1.000085540737739 1.516799022303363 230.0380479728036 0.05335942234041428
0.0635 6376.32094995606 1.000085179811399 1.516705687435162 229.813825285611 0.05209616057589279
0.0636 6376.355505628829 1.000084819540972 1.516612328973457 229.5892134126133 0.0508580232383069
0.06370000000000001 6376.390121193001 1.000084459927702 1.516518946973626 229.3642122454961 0.04964462091724189
0.06380000000000001 6376.424796665207 1.000084100972838 1.516425541490757 229.1388216761519 0.04845556804060792
0.0639 6376.459532062048 1.000083742677631 1.516332112579624 228.913041596686 0.047290482874569
0.064 6376.494327400093 1.000083385043336 1.516238660294683 228.6868718993927 0.04614898752265918
0.0641 6376.52918269588 1.000083028071213 1.51614518469009 228.4603124767795 0.04503070792448797
0.06420000000000001 6376.564097965913 1.000082671762523 1.5160516858197 228.2333632215663 0.04393527385366673
0.06430000000000001 6376.599073226669 1.000082316118533 1.515958163737054 228.0060240266506 0.04286231891492498
0.0644 6376.634108494593 1.000081961140511 1.515864618495405 227.7782947851487 0.04181148054096139
0.0645 6376.669203786098 1.00008160682973 1.515771050147684 227.5501753903658 0.04078239998832034
0.06460000000000001 6376.704359117568 1.000081253187467 1.515677458746557 227.3216657358083 0.03977472233284119
0.06470000000000001 6376.739574505357 1.000080900215003 1.515583844344352 227.0927657151777 0.03878809646440585
0.0648 6376.774849965789 1.00008054791362 1.515490206993146 226.8634752223705 0.03782217508110208
0.0649 6376.810185515158 1.000080196284606 1.515396546744679 226.6337941514724 0.0368766146827566
0.065 6376.84558116973 1.000079845329252 1.515302863650428 226.4037223967583 0.03595107556389657
0.06510000000000001 6376.881036945737 1.000079495048851 1.515209157761578 226.17325985271 0.03504522180618806
0.06520000000000001 6376.916552859387 1.000079145444702 1.515115429129021 225.9424064139865 0.03415872127010042
0.0653 6376.952128926856 1.000078796518107 1.515021677803362 225.7111619754363 0.03329124558616289
0.0654 6376.987765164293 1.000078448270369 1.514927903834924 225.4795264320968 0.03244247014560143
0.0655 6377.023461587817 1.000078100702797 1.514834107273747 225.2474996791888 0.03161207409039215
0.06560000000000001 6377.05921821352 1.000077753816703 1.514740288169606 225.0150816121221 0.03079974030280324
0.06570000000000001 6377.095035057463 1.000077407613402 1.514646446571974 224.7822721264901 0.03000515539434615
0.0658 6377.130912135683 1.000077062094213 1.514552582530073 224.5490711180631 0.02922800969419003
0.0659 6377.166849464185 1.000076717260457 1.514458696092831 224.315478482801 0.0284679972371033
0.066 6377.202847058948 1.00007637311346 1.51436478730893 224.0814941168409 0.02772481575079143
0.06610000000000001 6377.238904935924 1.000076029654551 1.514270856226753 223.847117916497 0.0269981666427599
0.06620000000000001 6377.275023111038 1.00007568688506 1.514176902894436 223.6123497782554 0.0262877549866508
0.0663 6377.311201600185 1.000075344806324 1.514082927359858 223.3771895987969 0.02559328950816827
0.0664 6377.347440419237 1.00007500341968 1.51398892967062 223.1416372749621 0.02491448257033269
0.0665 6377.383739584036 1.000074662726469 1.513894909874067 222.905692703769 0.0242510501584146
0.06660000000000001 6377.420099110396 1.000074322728036 1.513800868017303 222.6693557824245 0.02360271186436886
0.06670000000000001 6377.45651901411 1.000073983425729 1.513706804147153 222.4326264082837 0.02296919087065651
0.0668 6377.49299931094 1.000073644820897 1.513612718310212 222.1955044788905 0.02235021393383779
0.0669 6377.529540016622 1.000073306914894 1.513518610552807 221.9579898919545 0.02174551136753474
0.067 6377.566141146869 1.000072969709074 1.51342448092104 221.7200825453509 0.02115481702501964
0.06710000000000001 6377.602802717365 1.000072633204799 1.513330329460744 221.4817823371262 0.02057786828138394
0.06720000000000001 6377.63952474377 1.000072297403427 1.51323615621754 221.2430891654984 0.02001440601526722
0.0673 6377.676307241715 1.000071962306325 1.513141961236769 221.004002928851 0.01946417459015648
0.0674 6377.713150226812 1.000071627914859 1.513047744563576 220.7645235257213 0.01892692183526794
0.0675 6377.750053714643 1.000071294230396 1.512953506242846 220.5246508548238 0.01840239902611097
0.06760000000000001 6377.787017720765 1.00007096125431 1.512859246319251 220.2843848150268 0.01789036086455497
0.06770000000000001 6377.824042260711 1.000070628987974 1.512764964837218 220.0437253053818 0.01739056545863308
0.0678 6377.861127349988 1.000070297432764 1.51267066184095 219.8026722250764 0.01690277430181099
0.0679 6377.898273004083 1.000069966590058 1.51257633737444 219.5612254734637 0.01642675225205777
0.06800000000000001 6377.935479238451 1.000069636461237 1.512481991481448 219.319384950068 0.01596226751050876
0.06810000000000001 6377.972746068528 1.000069307047683 1.512387624205523 219.0771505545675 0.01550909159973855
0.0682 6378.010073509724 1.000068978350779 1.512293235589998 218.8345221867943 0.01506699934173538
0.0683 6378.047461577425 1.000068650371913 1.512198825677988 218.5914997467397 0.01463576883555918
0.0684 6378.084910286993 1.000068323112473 1.512104394512398 218.348083134549 0.01421518143466023
0.06850000000000001 6378.122419653766 1.000067996573847 1.512009942135933 218.1042722505212 0.01380502172390068
0.06860000000000001 6378.159989693059 1.000067670757426 1.511915468591092 217.8600669951146 0.0134050774962861
0.0687 6378.197620420163 1.000067345664603 1.511820973920182 217.6154672689416 0.01301513972938651
0.0688 6378.235311850344 1.000067021296771 1.511726458165298 217.3704729727623 0.01263500256147765
0.0689 6378.273063998847 1.000066697655326 1.511631921368332 217.1250840074962 0.01226446326743787
0.06900000000000001 6378.310876880893 1.000066374741663 1.511537363571009 216.879300274199 0.01190332223432754
0.06910000000000001 6378.348750511679 1.000066052557179 1.511442784814852 216.6331216740858 0.01155138293678678
0.0692 6378.386684906381 1.000065731103273 1.511348185141183 216.3865481085257 0.01120845191214178
0.0693 6378.42468008015 1.000065410381342 1.511253564591159 216.1395794790236 0.01087433873526107
0.0694 6378.462736048116 1.000065090392787 1.511158923205757 215.892215687244 0.01054885599324223
0.06950000000000001 6378.500852825385 1.000064771139006 1.51106426102577 215.6444566349991 0.01023181925983091
0.06960000000000001 6378.539030427041 1.000064452621401 1.510969578091809 215.3963022242314 0.009923047069626077
0.0697 6378.577268868146 1.000064134841373 1.51087487444432 215.1477523570487 0.009622360892152565
0.0698 6378.615568163739 1.000063817800321 1.510780150123585 214.898806935695 0.009329585105659779
0.0699 6378.653928328838 1.000063501499646 1.510685405169717 214.6494658625501 0.009044546970777796
0.07000000000000001 6378.69234937844 1.00006318594075 1.510590639622653 214.3997290401416 0.008767076604012899
0.07010000000000001 6378.730831327515 1.000062871125034 1.510495853522185 214.1495963711508 0.008497006951070354
0.0702 6378.769374191017 1.000062557053897 1.51040104690794 213.8990677583892 0.008234173759989976
0.0703 6378.807977983875 1.000062243728739 1.510306219819398 213.6481431048159 0.007978415554180812
0.0704 6378.846642720995 1.000061931150961 1.510211372295885 213.396822313532 0.007729573605291538
0.07050000000000001 6378.885368417266 1.00006161932196 1.510116504376573 213.1451052877686 0.007487491905946956
0.07060000000000001 6378.924155087553 1.000061308243134 1.510021616100493 212.8929919309047 0.007252017142392996
0.0707 6378.963002746699 1.000060997915881 1.509926707506527 212.6404821464552 0.007022998667000152
0.0708 6379.001911409529 1.000060688341595 1.509831778633429 212.3875758380649 0.006800288470670491
0.07090000000000001 6379.04088109084 1.000060379521672 1.509736829519817 212.1342729095385 0.006583741155180189
0.07100000000000001 6379.079911805416 1.000060071457504 1.509641860204156 211.8805732647987 0.006373213905373034
0.0711 6379.119003568015 1.000059764150484 1.509546870724798 211.6264768079044 0.006168566461328553
0.0712 6379.158156393374 1.000059457602 1.509451861119973 211.371983443068 0.005969661090457545
0.0713 6379.197370296213 1.000059151813443 1.509356831427758 211.1170930746142 0.005776362559489131
0.07140000000000001 6379.236645291228 1.000058846786196 1.50926178168615 210.8618056070158 0.005588538106465504
0.07150000000000001 6379.275981393095 1.000058542521645 1.509166711932986 210.6061209448811 0.005406057412653084
0.0716 6379.315378616469 1.000058239021171 1.509071622206014 210.350038992949 0.0052287925744217
0.0717 6379.354836975987 1.000057936286154 1.508976512542862 210.0935596560879 0.005056618075098837
0.0718 6379.394356486261 1.000057634317971 1.508881382981041 209.8366828393026 0.004889410756805781
0.07190000000000001 6379.433937161886 1.000057333117997 1.508786233557961 209.5794084477396 0.004727049792279147
0.07200000000000001 6379.473579017438 1.000057032687602 1.50869106431093 209.3217363866519 0.004569416656660397
0.0721 6379.513282067469 1.000056733028155 1.508595875277158 209.0636665614519 0.004416395099342553
0.0722 6379.553046326512 1.000056434141022 1.508500666493745 208.8051988776705 0.004267871115766161
0.0723 6379.592871809082 1.000056136027564 1.508405437997703 208.5463332409685 0.004123732919265267
0.07240000000000001 6379.632758529671 1.000055838689141 1.508310189825957 208.2870695571368 0.003983870912929439
0.07250000000000001 6379.672706502754 1.000055542127107 1.508214922015328 208.0274077321022 0.003848177661499573
0.0726 6379.712715742782 1.000055246342813 1.508119634602564 207.7673476719159 0.003716547863292303
0.0727 6379.752786264191 1.000054951337608 1.508024327624322 207.5068892827588 0.003588878322179159
0.0728 6379.792918081394 1.000054657112834 1.507929001117188 207.2460324709363 0.003465067919611604
0.07290000000000001 6379.833111208786 1.000054363669831 1.507833655117646 206.9847771428894 0.003345017586713462
0.07300000000000001 6379.87336566074 1.000054071009934 1.50773828966214 206.7231232051894 0.003228630276430096
0.0731 6379.913681451611 1.000053779134472 1.507642904787004 206.4610705645258 0.003115810935747919
0.0732 6379.954058595735 1.000053488044772 1.507547500528536 206.1986191277241 0.003006466478005703
0.0733 6379.994497107427 1.000053197742155 1.507452076922943 205.935768801722 0.00290050575527328
0.07340000000000001 6380.034997000983 1.000052908227936 1.507356634006371 205.6725194936111 0.002797839530848575
0.07350000000000001 6380.07555829068 1.000052619503425 1.507261171814924 205.4088711105832 0.002698380451814111
0.0736 6380.116180990774 1.000052331569929 1.507165690384625 205.1448235599722 0.002602043021735306
0.0737 6380.156865115503 1.000052044428748 1.507070189751446 204.8803767492303 0.002508743573443036
0.0738 6380.197610679087 1.000051758081176 1.506974669951314 204.6155305859337 0.002418400241943489
0.07390000000000001 6380.238417695724 1.000051472528501 1.506879131020101 204.3502849777946 0.002330932937450991
0.07400000000000001 6380.279286179593 1.000051187772006 1.506783572993626 204.0846398326434 0.002246263318537942
0.0741 6380.320216144856 1.000050903812967 1.506687995907678 203.8185950584347 0.002164314765425678
0.0742 6380.361207605653 1.000050620652656 1.506592399797976 203.5521505632531 0.002085012353413048
0.07430000000000001 6380.402260576107 1.000050338292336 1.50649678470022 203.2853062553076 0.002008282826444587
0.07440000000000001 6380.44337507032 1.000050056733264 1.506401150650077 203.018062042919 0.001934054570825982
0.0745 6380.484551102377 1.000049775976691 1.506305497683156 202.7504178345506 0.001862257589104642
0.0746 6380.525788686341 1.000049496023861 1.506209825835058 202.4823735387835 0.001792823474093541
0.0747 6380.567087836259 1.00004921687601 1.506114135141338 202.2139290643171 0.001725685383065482
0.07480000000000001 6380.608448566157 1.000048938534369 1.506018425637528 201.945084319981 0.001660778012118077
0.07490000000000001 6380.649870890041 1.00004866100016 1.505922697359136 201.6758392147348 0.001598037570707906
0.075 6380.691354821901 1.000048384274596 1.505826950341656 201.4061936576444 0.001537401756356451
0.0751 6380.732900375706 1.000048108358885 1.505731184620538 201.1361475579118 0.001478809729549659
0.0752 6380.774507565406 1.000047833254227 1.505635400231238 200.8657008248632 0.001422202088813058
0.07530000000000001 6380.816176404932 1.000047558961813 1.505539597209189 200.5948533679429 0.001367520845978036
0.07540000000000001 6380.857906908196 1.000047285482825 1.50544377558981 200.3236050967252 0.001314709401645149
0.0755 6380.899699089092 1.00004701281844 1.505347935408506 200.0519559209027 0.001263712520839753
0.0756 6380.941552961494 1.000046740969822 1.505252076700678 199.7799057502865 0.001214476308871048
0.0757 6380.983468539257 1.000046469938131 1.505156199501719 199.5074544948292 0.001166948187399561
0.07580000000000001 6381.025445836218 1.000046199724515 1.505060303847031 199.234602064584 0.001121076870700799
0.07590000000000001 6381.067484866194 1.000045930330114 1.504964389771986 198.9613483697402 0.001076812342153762
0.076 6381.109585642983 1.00004566175606 1.504868457311984 198.6876933206112 0.001034105830935152
0.0761 6381.151748180365 1.000045394003474 1.504772506502415 198.4136368276285 0.0009929097889321849
0.0762 6381.1939724921 1.00004512707347 1.504676537378674 198.1391788013478 0.0009531778678774698
0.07630000000000001 6381.236258591931 1.00004486096715 1.504580549976171 197.8643191524492 0.0009148648967058535
0.07640000000000001 6381.278606493579 1.000044595685607 1.504484544330313 197.5890577917365 0.0008779268591369061
0.0765 6381.321016210748 1.000044331229926 1.504388520476532 197.3133946301381 0.0008423208714855678
0.0766 6381.363487757122 1.000044067601181 1.504292478450263 197.0373295787061 0.0008080051607033662
0.0767 6381.406021146368 1.000043804800434 1.504196418286965 196.7608625486113 0.0007749390426517975
0.07680000000000001 6381.448616392131 1.00004354282874 1.504100340022099 196.4839934511482 0.0007430829006121911
0.07690000000000001 6381.49127350804 1.000043281687141 1.504004243691164 196.2067221977417 0.0007123981640324678
0.077 6381.533992507702 1.000043021376669 1.503908129329674 195.9290486999347 0.0006828472875108337
0.0771 6381.576773404709 1.000042761898348 1.503811996973158 195.6509728693944 0.0006543937300222898
0.07720000000000001 6381.619616212629 1.000042503253187 1.503715846657176 195.3724946179121 0.0006270019343868357
0.07730000000000001 6381.662520945014 1.000042245442187 1.503619678417328 195.0936138574092 0.0006006373069821625
0.07740000000000001 6381.705487615397 1.000041988466337 1.503523492289213 194.8143304999193 0.0005752661976994789
0.0775 6381.748516237291 1.000041732326615 1.50342728830849 194.5346444576061 0.0005508558801494603
0.0776 6381.79160682419 1.000041477023987 1.50333106651083 194.2545556427634 0.0005273745321142076
0.07770000000000001 6381.83475938957 1.000041222559407 1.503234826931958 193.9740639677974 0.0005047912162467869
0.07780000000000001 6381.877973946886 1.00004096893382 1.503138569607612 193.6931693452442 0.000483075861023692
0.0779 6381.921250509573 1.000040716148157 1.503042294573578 193.4118716877759 0.0004621992419468541
0.078 6381.964589091052 1.000040464203337 1.502946001865696 193.1301709081653 0.000442132962994158
0.0781 6382.007989704717 1.000040213100268 1.502849691519818 192.8480669193385 0.0004228494383286039
0.07820000000000001 6382.051452363951 1.000039962839845 1.50275336357186 192.5655596343166 0.0004043218742519571
0.07830000000000001 6382.094977082112 1.000039713422951 1.502657018057769 192.2826489662742 0.0003865242514196696
0.0784 6382.13856387254 1.000039464850458 1.502560655013554 191.9993348284924 0.0003694313073018586
0.0785 6382.182212748557 1.000039217123222 1.502464274475247 191.7156171343821 0.0003530185189025314
0.0786 6382.225923723464 1.00003897024209 1.502367876478957 191.4314957974847 0.0003372620857307198
0.07870000000000001 6382.269696810543 1.000038724207894 1.502271461060815 191.1469707314712 0.0003221389130251633
0.07880000000000001 6382.313532023058 1.000038479021454 1.502175028257023 190.8620418501254 0.0003076265952315283
0.0789 6382.35742937425 1.000038234683576 1.502078578103838 190.5767090673725 0.0002937033997353042
0.079 6382.401388877347 1.000037991195054 1.501982110637544 190.2909722972444 0.0002803482508442093
0.0791 6382.445410545551 1.000037748556669 1.501885625894507 190.0048314539207 0.0002675407140268451
0.07920000000000001 6382.489494392046 1.000037506769185 1.501789123911143 189.7182864516993 0.000255260980399807
0.07930000000000001 6382.53364043 1.000037265833358 1.501692604723927 189.4313372050023 0.000243489851467889
0.0794 6382.577848672555 1.000037025749927 1.501596068369383 189.1439836283934 0.000232208724115274
0.0795 6382.62211913284 1.000036786519617 1.50149951488411 188.8562256365429 0.0002213995758444253
0.0796 6382.666451823959 1.00003654814314 1.501402944304764 188.5680631442691 0.00021104495026697
0.07970000000000001 6382.710846759 1.000036310621194 1.501306356668056 188.2794960665023 0.0002011279428395765
0.07980000000000001 6382.755303951029 1.000036073954464 1.50120975201077 187.9905243183088 0.0001916321868489951
0.0799 6382.799823413094 1.000035838143618 1.501113130369751 187.701147814891 0.0001825418396419469
0.08 6382.84440515822 1.000035603189313 1.501016491781913 187.4113664715695 0.0001738415690990882
0.08010000000000001 6382.889049199416 1.000035369092189 1.500919836284234 187.121180203795 0.0001655165403532265
0.08020000000000001 6382.933755549669 1.000035135852873 1.500823163913765 186.8305889271541 0.0001575524027492126
0.08030000000000001 6382.978524221945 1.000034903471977 1.500726474707619 186.5395925573574 0.0001499352770438089
0.0804 6383.023355229191 1.000034671950097 1.500629768702984 186.2481910102578 0.0001426517428453292
0.0805 6383.068248584335 1.000034441287816 1.50053304593712 185.95638420182 0.0001356888262894277
0.08060000000000001 6383.113204300284 1.000034211485702 1.500436306447362 185.664172048157 0.0001290339879522573
0.08070000000000001 6383.158222389923 1.000033982544307 1.500339550271104 185.3715544654996 0.0001226751109960098
0.08080000000000001 6383.203302866121 1.000033754464168 1.500242777445833 185.0785313702148 0.0001166004895478183
0.0809 6383.248445741722 1.000033527245807 1.500145988009088 184.7851026788056 0.00011079881730857
0.081 6383.293651029554 1.000033300889731 1.500049181998509 184.4912683078991 0.0001052591763899623
0.08110000000000001 6383.338918742421 1.000033075396432 1.499952359451795 184.1970281742641 9.997102637863227e-005
0.08120000000000001 6383.384248893109 1.000032850766385 1.499855520406723 183.9023821947939 9.492419362406646e-005
0.0813 6383.429641494382 1.000032627000051 1.499758664901155 183.6073302865174 9.0108860749463e-005
0.0814 6383.475096558986 1.000032404097875 1.499661792973019 183.3118723665938 8.55155563825282e-005
0.0815 6383.520614099642 1.000032182060286 1.499564904660342 183.0160083523241 8.113514510464332e-005
0.08160000000000001 6383.566194129055 1.000031960887697 1.499468000001213 182.7197381611453 7.695881761559168e-005
0.08170000000000001 6383.611836659905 1.000031740580505 1.499371079033807 182.4230617106185 7.2978081111826e-005
0.0818 6383.657541704856 1.000031521139092 1.499274141796374 182.125978918435 6.918474987627491e-005
0.0819 6383.703309276548 1.000031302563823 1.499177188327267 181.8284897024395 6.557093607724867e-005
0.082 6383.7491393876 1.000031084855048 1.499080218664896 181.5305939806011 6.212904077318514e-005
0.08210000000000001 6383.795032050612 1.000030868013099 1.498983232847758 181.2322916710249 5.885174512203169e-005
0.08220000000000001 6383.840987278162 1.000030652038294 1.498886230914436 180.9335826919458 5.573200179202818e-005
0.0823 6383.887005082809 1.000030436930932 1.498789212903613 180.6344669617409 5.276302657179938e-005
0.0824 6383.933085477087 1.000030222691298 1.498692178854024 180.3349443989349 4.993829017694714e-005
0.0825 6383.979228473512 1.00003000931966 1.498595128804511 180.0350149221707 4.725151025034785e-005
0.08260000000000001 6384.025434084579 1.000029796816267 1.498498062793995 179.7346784502391 4.469664355446357e-005
0.08270000000000001 6384.071702322759 1.000029585181356 1.498400980861478 179.4339349020669 4.226787835207753e-005
0.0828 6384.118033200504 1.000029374415143 1.498303883046051 179.1327841967226 3.995962697338851e-005
0.0829 6384.164426730245 1.000029164517829 1.498206769386896 178.8312262534049 3.776651856650411e-005
0.083 6384.210882924392 1.0000289554896 1.498109639923266 178.5292609914544 3.56833920289846e-005
0.08310000000000001 6384.25740179533 1.000028747330622 1.498012494694512 178.2268883303535 3.370528911745688e-005
0.08320000000000001 6384.303983355427 1.000028540041045 1.49791533374007 177.9241081897266 3.182744773269314e-005
0.0833 6384.350627617027 1.000028333621003 1.497818157099465 177.6209204893279 3.004529537736897e-005
0.0834 6384.397334592451 1.000028128070613 1.497720964812295 177.3173251490656 2.835444278404674e-005
0.08350000000000001 6384.444104294003 1.000027923389974 1.49762375691826 177.0133220889778 2.675067771014606e-005
0.08360000000000001 6384.490936733963 1.000027719579168 1.497526533457143 176.7089112292387 2.522995889762222e-005
0.08370000000000001 6384.537831924588 1.00002751663826 1.497429294468811 176.4040924901759 2.3788410194454e-005
0.0838 6384.584789878114 1.000027314567299 1.497332039993214 176.0988657922593 2.242231483498491e-005
0.0839 6384.631810606755 1.000027113366314 1.497234770070414 175.7932310560944 2.112810987655368e-005
0.08400000000000001 6384.678894122702 1.000026913035319 1.497137484740525 175.4871882024348 1.990238078968581e-005
0.08410000000000001 6384.726040438129 1.00002671357431 1.497040184043775 175.1807371521639 1.874185619888226e-005
0.08420000000000001 6384.773249565182 1.000026514983265 1.49694286802047 174.873877826319 1.764340277153747e-005
0.0843 6384.820521515988 1.000026317262146 1.496845536711001 174.5666101460791 1.660402025191903e-005
0.0844 6384.867856302651 1.000026120410896 1.49674819015585 174.2589340327712 1.562083663767564e-005
0.08450000000000001 6384.915253937252 1.000025924429441 1.496650828395596 173.950849407864 1.469110349601901e-005
0.08460000000000001 6384.962714431852 1.000025729317689 1.496553451470885 173.6423561929622 1.381219141689489e-005
0.0847 6385.010237798489 1.000025535075531 1.496456059422469 173.3334543098243 1.29815856004787e-005
0.0848 6385.057824049176 1.000025341702841 1.49635865229118 173.0241436803566 1.219688157614244e-005
0.0849 6385.105473195908 1.000025149199474 1.496261230117936 172.7144242266012 1.145578105026083e-005
0.08500000000000001 6385.153185250653 1.000024957565268 1.496163792943741 172.404295870754 1.075608788025331e-005
0.08510000000000001 6385.20096022536 1.000024766800043 1.4960663408097 172.0937585351588 1.009570417205515e-005
0.0852 6385.248798131955 1.000024576903601 1.495968873756984 171.7828121422953 9.472626498421434e-006
0.0853 6385.296698982339 1.000024387875727 1.495871391826863 171.4714566147967 8.884942235497894e-006
0.0854 6385.344662788392 1.000024199716188 1.495773895060694 171.1596918754502 8.330826014937832e-006
0.08550000000000001 6385.392689561972 1.000024012424732 1.495676383499921 170.8475178471848 7.808536288994296e-006
0.08560000000000001 6385.440779314911 1.000023826001091 1.495578857186065 170.5349344530772 7.316412006066744e-006
0.0857 6385.488932059023 1.000023640444977 1.495481316160741 170.221941616352 6.852869394103891e-006
0.0858 6385.537147806094 1.000023455756087 1.495383760465653 169.9085392603873 6.416398849355858e-006
0.0859 6385.585426567891 1.000023271934097 1.495286190142579 169.5947273087094 6.0055619279456e-006
0.08600000000000001 6385.633768356156 1.000023088978667 1.495188605233396 169.280505684986 5.618988437803365e-006
0.08610000000000001 6385.682173182609 1.000022906889437 1.495091005780052 168.9658743130448 5.255373628538252e-006
0.0862 6385.730641058945 1.000022725666032 1.494993391824595 168.650833116861 4.91347547675495e-006
0.0863 6385.779171996836 1.000022545308057 1.494895763409143 168.3353820205638 4.592112064480603e-006
0.08640000000000001 6385.827766007935 1.0000223658151 1.494798120575901 168.019520948424 4.29015904829317e-006
0.08650000000000001 6385.876423103866 1.000022187186728 1.494700463367171 167.7032498248722 4.006547216861607e-006
0.08660000000000001 6385.925143296233 1.000022009422496 1.494602791825311 167.3865685744867 3.740260134530093e-006
0.0867 6385.973926596616 1.000021832521934 1.494505105992789 167.0694771219936 3.49033186871258e-006
0.0868 6386.022773016572 1.000021656484559 1.494407405912143 166.7519753922846 3.255844798851672e-006
0.08690000000000001 6386.071682567631 1.000021481309868 1.494309691626002 166.4340633103992 3.035927504687204e-006
0.08700000000000001 6386.120655261304 1.00002130699734 1.494211963177058 166.1157408015246 2.829752731698538e-006
0.08710000000000001 6386.169691109077 1.000021133546436 1.4941142206081 165.7970077910017 2.63653543155988e-006
