0 6365.5 1.000301173160421 1.568922995095561 300.15 8.916340427573518
0.0001 6365.501224298421 1.000301128049129 1.568845982546079 300.142042060262 8.912174978641881
0.0002 6365.502497619625 1.000301081139917 1.568768983339634 300.1337654724401 8.907844537835944
0.0003 6365.503819955161 1.000301032434084 1.568691996028562 300.1251702914541 8.903349345053066
0.0004 6365.505191297503 1.000300981932933 1.568615019301363 300.1162565662293 8.898689645003111
0.0005 6365.506611639963 1.000300929637773 1.568538051965032 300.1070243402404 8.893865687480369
0.0006000000000000001 6365.508080976613 1.000300875549923 1.56846109292852 300.0974736520142 8.888877727613256
0.0007 6365.50959930222 1.000300819670711 1.568384141190063 300.0876045355725 8.88372602608252
0.0008 6365.511166612191 1.000300762001483 1.568307195826115 300.0774170207577 8.878410849277145
0.0009000000000000001 6365.512782902525 1.000300702543598 1.568230255981974 300.0669111335873 8.872932469465155
0.001 6365.514448169764 1.000300641298431 1.568153320863671 300.0560868965375 8.867291164926844
0.0011 6365.516162410957 1.000300578267379 1.568076389731046 300.0449443287802 8.861487220062795
0.0012 6365.517925623627 1.000300513451855 1.567999461891754 300.0334834464246 8.855520925504493
0.0013 6365.519737805739 1.000300446853296 1.567922536696605 300.0217042626954 8.849392578190502
0.0014 6365.521598955675 1.000300378473158 1.567845613534489 300.0096067881153 8.843102481445268
0.0015 6365.523509072203 1.000300308312922 1.56776869182882 299.997191030683 8.836650945054293
0.0016 6365.525468154464 1.00030023637409 1.567691771033936 299.9844569959849 8.830038285305019
0.0017 6365.527476201947 1.00030016265819 1.567614850632472 299.9714046873436 8.823264825045637
0.0018 6365.529533214472 1.000300087166775 1.567537930132092 299.9580341059353 8.816330893728081
0.0019 6365.531639192172 1.00030000990142 1.567461009064162 299.9443452508853 8.809236827438221
0.002 6365.533794135483 1.00029993086373 1.567384086980463 299.9303381193616 8.801982968925636
0.0021 6365.535998045127 1.000299850055332 1.56730716345215 299.9160127066765 8.794569667635901
0.0022 6365.5382509221 1.000299767477884 1.567230238067977 299.9013690063506 8.786997279724108
0.0023 6365.540552767662 1.000299683133066 1.567153310432867 299.8864070101962 8.779266168077019
0.0024 6365.542903583327 1.000299597022589 1.567076380166062 299.8711267083762 8.771376702322577
0.0025 6365.545303370851 1.000299509148191 1.566999446900814 299.8555280894692 8.763329258841972
0.0026 6365.547752132227 1.000299419511636 1.566922510282772 299.8396111405226 8.755124220775183
0.0027 6365.550249869676 1.000299328114716 1.566845569969082 299.8233758471059 8.746761978026012
0.0028 6365.552796585636 1.000299234959254 1.566768625627542 299.8068221933639 8.738242927266672
0.0029 6365.555392282762 1.000299140047099 1.566691676935879 299.7899501620462 8.729567471929787
0.003 6365.558036963912 1.000299043380129 1.566614723581181 299.7727597345723 8.720736022218111
0.0031 6365.560730632147 1.000298944960251 1.566537765258819 299.7552508910434 8.711748995086508
0.0032 6365.563473290724 1.000298844789402 1.566460801672234 299.7374236102954 8.70260681424471
0.0033 6365.566264943089 1.000298742869545 1.566383832532328 299.7192778699231 8.693309910144475
0.0034 6365.569105592874 1.000298639202674 1.566306857556934 299.7008136463209 8.683858719975381
0.0035 6365.571995243894 1.000298533790814 1.566229876470185 299.6820309146891 8.674253687642011
0.0036 6365.574933900141 1.000298426636016 1.566152889002447 299.6629296490813 8.664495263761912
0.0037 6365.577921565779 1.000298317740362 1.566075894889771 299.6435098224337 8.654583905653977
0.0038 6365.580958245143 1.000298207105963 1.565998893873461 299.6237714065709 8.644520077314374
0.0039 6365.584043942732 1.000298094734959 1.565921885699913 299.6037143722418 8.634304249407073
0.004 6365.587178663212 1.000297980629523 1.565844870120136 299.5833386891253 8.623936899238933
0.0041 6365.590362411405 1.000297864791851 1.565767846889775 299.5626443258656 8.613418510749376
0.004200000000000001 6365.593595192295 1.000297747224175 1.565690815768547 299.5416312500842 8.602749574487598
0.0043 6365.596877011017 1.000297627928753 1.565613776520116 299.5202994283917 8.591930587589376
0.0044 6365.60020787286 1.000297506907873 1.565536728911996 299.4986488264116 8.580962053759437
0.004500000000000001 6365.60358778326 1.000297384163855 1.565459672715193 299.4766794088095 8.5698444832564
0.0046 6365.607016747806 1.000297259699044 1.565382607704145 299.4543911392638 8.55857839284735
0.0047 6365.610494772225 1.000297133515821 1.565305533656344 299.4317839805366 8.547164305812881
0.0048 6365.614021862395 1.00029700561659 1.565228450352425 299.4088578944323 8.535602751894897
0.0049 6365.617598024331 1.00029687600379 1.565151357576077 299.385612841851 8.523894267291817
0.005 6365.621223264187 1.000296744679885 1.56507425511345 299.3620487827878 8.512039394626459
0.0051 6365.624897588256 1.000296611647374 1.564997142753396 299.3381656763339 8.500038682913569
0.005200000000000001 6365.628621002968 1.00029647690878 1.564920020287523 299.3139634807052 8.48789268754178
0.0053 6365.632393514887 1.000296340466659 1.564842887509408 299.2894421532368 8.475601970237362
0.0054 6365.636215130709 1.000296202323596 1.564765744215334 299.2646016503949 8.463167099036483
0.005500000000000001 6365.640085857262 1.000296062482205 1.564688590203452 299.2394419278002 8.450588648262952
0.0056 6365.644005701504 1.000295920945128 1.564611425274193 299.2139629402221 8.437867198490773
0.0057 6365.647974670524 1.00029577771504 1.564534249230001 299.1881646415967 8.425003336518145
0.005800000000000001 6365.651992771535 1.000295632794642 1.564457061875057 299.1620469850203 8.411997655329255
0.0059 6365.65606001188 1.000295486186666 1.564379863015683 299.1356099227795 8.398850754073337
0.006 6365.660176399025 1.000295337893873 1.564302652459807 299.1088534063391 8.385563238022755
0.0061 6365.664341940559 1.000295187919052 1.56422543001707 299.0817773863658 8.372135718548325
0.006200000000000001 6365.668556644197 1.000295036265024 1.564148195498872 299.0543818127225 8.358568813079559
0.0063 6365.672820517773 1.000294882934635 1.564070948718151 299.0266666344736 8.3448631450704
0.0064 6365.677133569243 1.000294727930764 1.563993689489401 298.9986317999213 8.331019343979198
0.006500000000000001 6365.681495806683 1.000294571256317 1.563916417628634 298.9702772565637 8.317038045210293
0.0066 6365.685907238287 1.000294412914229 1.563839132953174 298.9416029511361 8.302919890096121
0.0067 6365.690367872369 1.000294252907463 1.56376183528203 298.9126088295997 8.288665525852689
0.006800000000000001 6365.694877717359 1.000294091239013 1.563684524435195 298.8832948371645 8.274275605552113
0.006900000000000001 6365.699436781802 1.000293927911901 1.563607200234204 298.8536609182842 8.259750788080259
0.007 6365.704045074361 1.000293762929175 1.563529862501928 298.8237070166555 8.245091738096932
0.0071 6365.70870260381 1.000293596293916 1.563452511062299 298.7934330752363 8.230299126004365
0.007200000000000001 6365.71340937904 1.000293428009229 1.563375145740511 298.7628390362396 8.215373627903793
0.0073 6365.718165409055 1.000293258078251 1.563297766363002 298.7319248411453 8.20031592556032
0.0074 6365.722970702969 1.000293086504145 1.563220372757262 298.7006904307003 8.185126706361633
0.007500000000000001 6365.72782527001 1.000292913290104 1.563142964751942 298.6691357449362 8.169806663285016
0.0076 6365.732729119514 1.000292738439347 1.563065542176759 298.6372607231573 8.154356494849584
0.0077 6365.737682260931 1.000292561955122 1.562988104862541 298.6050653039468 8.138776905076853
0.007800000000000001 6365.742684703819 1.000292383840707 1.562910652641038 298.5725494251786 8.123068603453776
0.007900000000000001 6365.747736457842 1.000292204099405 1.562833185345117 298.5397130240289 8.107232304895408
0.008 6365.752837532776 1.000292022734548 1.562755702808656 298.5065560369584 8.09126872969294
0.0081 6365.757987938503 1.000291839749495 1.562678204866347 298.4730783997305 8.075178603478554
0.008200000000000001 6365.763187685012 1.000291655147634 1.562600691354002 298.4392800474228 8.058962657187012
0.0083 6365.768436782399 1.000291468932379 1.562523162108352 298.4051609144093 8.042621627002738
0.008400000000000001 6365.773735240865 1.000291281107173 1.562445616966865 298.3707209343783 8.026156254323576
0.008500000000000001 6365.779083070716 1.000291091675485 1.562368055768095 298.3359600403441 8.009567285721376
0.0086 6365.784480282365 1.000290900640811 1.562290478351442 298.3008781646294 7.992855472888071
0.008700000000000001 6365.789926886325 1.000290708006675 1.562212884557125 298.2654752388888 7.976021572601248
0.008800000000000001 6365.795422893217 1.000290513776629 1.562135274226218 298.2297511940914 7.959066346669621
0.0089 6365.800968313762 1.000290317954249 1.562057647200649 298.1937059605497 7.941990561900697
0.009000000000000001 6365.806563158782 1.000290120543141 1.561980003323244 298.1573394679143 7.924794990051203
0.0091 6365.812207439207 1.000289921546934 1.561902342437563 298.120651645156 7.90748040777169
0.0092 6365.817901166062 1.000289720969288 1.561824664387973 298.0836424205953 7.89004759657317
0.009300000000000001 6365.823644350477 1.000289518813886 1.561746969019625 298.0463117219023 7.872497342779393
0.0094 6365.829437003679 1.000289315084439 1.561669256178537 298.008659476085 7.854830437473337
0.0095 6365.835279136999 1.000289109784684 1.561591525711426 297.9706856095071 7.837047676457248
0.009600000000000001 6365.841170761863 1.000288902918384 1.561513777465788 297.9323900478879 7.819149860204024
0.0097 6365.8471118898 1.000288694489327 1.561436011289906 297.8937727163024 7.801137793808324
0.0098 6365.853102532434 1.000288484501329 1.561358227032783 297.854833539181 7.78301228693738
0.009900000000000001 6365.85914270149 1.00028827295823 1.561280424544153 297.8155724403158 7.764774153784263
0.01 6365.865232408788 1.000288059863898 1.5612026036745 297.7759893428782 7.746424213026323
0.0101 6365.871371666247 1.000287845222224 1.561124764275039 297.7360841693952 7.727963287764117
0.0102 6365.87756048588 1.000287629037125 1.561046906197705 297.6958568417789 7.709392205484744
0.0103 6365.8837988798 1.000287411312544 1.560969029295159 297.655307281303 7.690711798000224
0.0104 6365.890086860211 1.000287192052449 1.56089113342073 297.6144354086263 7.671922901407513
0.0105 6365.896424439418 1.000286971260833 1.560813218428479 297.5732411437811 7.653026356031818
0.0106 6365.902811629816 1.000286748941715 1.560735284173185 297.5317244061965 7.634023006385931
0.0107 6365.909248443894 1.000286525099136 1.560657330510288 297.4898851146871 7.61491370111303
0.0108 6365.915734894239 1.000286299737165 1.56057935729591 297.4477231874465 7.595699292931926
0.0109 6365.922270993528 1.000286072859895 1.560501364386852 297.4052385420654 7.576380638592871
0.011 6365.928856754532 1.00028584447144 1.560423351640679 297.3624310955432 7.556958598830303
0.0111 6365.935492190116 1.000285614575942 1.560345318915548 297.319300764247 7.537434038291228
0.0112 6365.942177313234 1.000285383177567 1.560267266070289 297.2758474639762 7.517807825511614
0.0113 6365.948912136937 1.000285150280503 1.560189192964398 297.2320711099095 7.498080832838924
0.0114 6365.955696674361 1.000284915888963 1.560111099458157 297.1879716166521 7.478253936399844
0.0115 6365.962530938738 1.000284680007186 1.560032985412272 297.1435488982064 7.458328016033117
0.0116 6365.969414943387 1.000284442639429 1.559954850688409 297.0988028679834 7.43830395524073
0.0117 6365.97634870172 1.000284203789979 1.559876695148628 297.0537334388208 7.418182641141519
0.0118 6365.983332227236 1.000283963463142 1.559798518655789 297.0083405229651 7.397964964408621
0.0119 6365.990365533525 1.000283721663249 1.559720321073375 296.9626240320894 7.377651819222534
0.012 6365.997448634264 1.000283478394654 1.559642102265502 296.9165838772873 7.357244103213419
0.0121 6366.00458154322 1.000283233661734 1.559563862096968 296.8702199690673 7.336742717403194
0.0122 6366.01176427425 1.000282987468887 1.559485600433189 296.8235322173763 7.316148566160491
0.0123 6366.018996841293 1.000282739820538 1.559407317140227 296.7765205315935 7.295462557142237
0.0124 6366.026279258381 1.000282490721129 1.559329012084822 296.7291848205249 7.274685601235109
0.0125 6366.033611539629 1.00028224017513 1.559250685134284 296.6815249924147 7.253818612504525
0.0126 6366.040993699239 1.000281988187028 1.559172336156695 296.6335409549455 7.232862508138251
0.0127 6366.048425751502 1.000281734761336 1.55909396502063 296.5852326152384 7.211818208389786
0.0128 6366.055907710789 1.000281479902587 1.559015571595392 296.5365998798706 7.190686636529243
0.0129 6366.063439591561 1.000281223615338 1.558937155750896 296.4876426548516 7.169468718776047
0.013 6366.071021408363 1.000280965904164 1.558858717357711 296.4383608456413 7.148165384249416
0.0131 6366.078653175821 1.000280706773664 1.558780256287029 296.3887543571617 7.126777564916067
0.0132 6366.086334908649 1.000280446228459 1.558701772410664 296.3388230937848 7.105306195527425
0.0133 6366.094066621642 1.00028018427319 1.558623265601115 296.2885669593269 7.083752213559351
0.0134 6366.10184832968 1.000279920912519 1.558544735731454 296.2379858570783 7.062116559166834
0.0135 6366.109680047724 1.00027965615113 1.558466182675436 296.1870796897914 7.040400175120705
0.0136 6366.117561790819 1.000279389993726 1.558387606307412 296.1358483596745 7.018604006746781
0.0137 6366.125493574091 1.000279122445032 1.558309006502403 296.0842917684098 6.996729001874917
0.0138 6366.133475412746 1.000278853509793 1.558230383136084 296.0324098171535 6.97477611078026
0.0139 6366.141507322073 1.000278583192775 1.558151736084673 295.9802024065237 6.952746286119395
0.014 6366.149589317443 1.000278311498763 1.558073065225103 295.9276694366184 6.93064048287883
0.0141 6366.157721414305 1.000278038432563 1.557994370434944 295.8748108070153 6.908459658315787
0.0142 6366.16590362819 1.000277763999001 1.557915651592308 295.8216264167658 6.886204771896384
0.0143 6366.174135974706 1.000277488202921 1.557836908576052 295.7681161644131 6.863876785243564
0.0144 6366.182418469542 1.000277211049188 1.557758141265596 295.7142799479801 6.8414766620725
0.0145 6366.190751128464 1.000276932542687 1.557679349541048 295.6601176649873 6.819005368138192
0.0146 6366.199133967318 1.00027665268832 1.557600533283114 295.6056292124348 6.796463871168153
0.0147 6366.20756700203 1.00027637149101 1.557521692373107 295.5508144868085 6.77385314080485
0.0148 6366.216050248599 1.000276088955697 1.55744282669307 295.4956733841094 6.751174148557699
0.0149 6366.224583723102 1.000275805087343 1.557363936125577 295.4402057998362 6.728427867735363
0.015 6366.233167441696 1.000275519890925 1.557285020553902 295.3844116289791 6.705615273382898
0.0151 6366.241801420611 1.00027523337144 1.557206079861939 295.3282907660258 6.682737342223645
0.0152 6366.250485676155 1.000274945533903 1.557127113934191 295.271843104991 6.659795052610567
0.0153 6366.259220224711 1.000274656383348 1.557048122655858 295.2150685393812 6.636789384451008
0.0154 6366.268005082736 1.000274365924825 1.556969105912727 295.1579669622178 6.613721319155391
0.0155 6366.276840266763 1.000274074163404 1.556890063591261 295.1005382660436 6.590591839578576
0.0156 6366.285725793398 1.00027378110417 1.556810995578511 295.0427823429108 6.567401929953983
0.0157 6366.294661679324 1.000273486752228 1.556731901762192 294.9846990843925 6.54415257583712
0.0158 6366.303647941294 1.000273191112697 1.556652782030722 294.926288381589 6.520844764046651
0.0159 6366.312684596135 1.000272894190717 1.556573636273062 294.8675501251217 6.497479482600624
0.016 6366.321771660749 1.000272595991443 1.55649446437885 294.8084842051334 6.474057720655011
0.0161 6366.330909152106 1.000272296520045 1.55641526623842 294.7490905113112 6.450580468451533
0.0162 6366.340097087252 1.000271995781712 1.556336041742639 294.6893689328639 6.427048717246629
0.0163 6366.349335483302 1.000271693781649 1.556256790783153 294.6293193585387 6.403463459256789
0.0164 6366.358624357444 1.000271390525076 1.556177513252131 294.5689416766162 6.379825687594441
0.0165 6366.367963726936 1.00027108601723 1.556098209042423 294.5082357749155 6.356136396208466
0.0166 6366.377353609105 1.000270780263363 1.556018878047592 294.4472015408186 6.332396579831502
0.0167 6366.386794021349 1.000270473268745 1.555939520161779 294.3858388612342 6.30860723390413
0.0168 6366.396284981134 1.000270165038658 1.555860135279781 294.324147622628 6.284769354524427
0.0169 6366.405826505998 1.000269855578402 1.555780723297033 294.2621277110101 6.260883938381311
0.017 6366.415418613546 1.000269544893291 1.555701284109684 294.1997790119534 6.236951982699299
0.0171 6366.42506132145 1.000269232988654 1.555621817614448 294.1371014105756 6.212974485169573
0.0172 6366.434754647453 1.000268919869836 1.555542323708778 294.0740947915568 6.188952443894633
0.0173 6366.444498609361 1.000268605542194 1.555462802290649 294.0107590391516 6.164886857330597
0.0174 6366.454293225052 1.000268290011103 1.55538325325885 293.9470940371651 6.14077872421598
0.0175 6366.464138512465 1.000267973281948 1.555303676512705 293.883099668977 6.116629043518451
0.0176 6366.47403448961 1.000267655360133 1.555224071952247 293.8187758175353 6.092438814370353
0.0177 6366.483981174561 1.000267336251071 1.555144439478136 293.7541223653506 6.068209036004237
0.0178 6366.493978585459 1.000267015960192 1.555064778991718 293.6891391945195 6.043940707699501
0.0179 6366.504026740505 1.000266694492939 1.554985090394951 293.6238261867192 6.019634828717853
0.018 6366.514125657969 1.000266371854767 1.5549053735905 293.5581832232009 5.995292398238876
0.0181 6366.524275356184 1.000266048051145 1.554825628481663 293.4922101848023 5.970914415302165
0.0182 6366.534475853547 1.000265723087557 1.554745854972391 293.425906951947 5.946501878745094
0.0183 6366.544727168516 1.000265396969495 1.554666052967339 293.359273404645 5.922055787140589
0.0184 6366.555029319617 1.000265069702468 1.554586222371756 293.2923094224924 5.897577138734959
0.0185 6366.565382325432 1.000264741291995 1.554506363091597 293.225014884695 5.873066931394348
0.0186 6366.575786204608 1.00026441174361 1.554426475033458 293.1573896700451 5.848526162533947
0.0187 6366.586240975857 1.000264081062856 1.554346558104635 293.0894336569326 5.82395582906021
0.0188 6366.596746657946 1.000263749255288 1.554266612213065 293.0211467233515 5.799356927310943
0.0189 6366.607303269707 1.000263416326476 1.554186637267338 292.9525287469058 5.774730452995387
0.019 6366.617910830031 1.000263082281998 1.554106633176704 292.8835796047973 5.750077401127992
0.0191 6366.628569357869 1.000262747127444 1.554026599851121 292.8142991738495 5.725398765974989
0.0192 6366.639278872231 1.000262410868417 1.553946537201195 292.7446873304956 5.700695540988256
0.0193 6366.650039392188 1.000262073510529 1.553866445138164 292.6747439507789 5.675968718743556
0.0194 6366.660850936866 1.000261735059404 1.553786323574022 292.60446891037 5.651219290885081
0.0195 6366.671713525453 1.000261395520675 1.553706172421341 292.5338620845554 5.626448248059602
0.0196 6366.682627177193 1.000261054899988 1.553625991593406 292.4629233482432 5.601656579856996
0.0197 6366.693591911389 1.000260713202996 1.55354578100418 292.3916525759749 5.576845274752872
0.0198 6366.704607747396 1.000260370435364 1.553465540568274 292.3200496419257 5.552015320047117
0.0199 6366.715674704633 1.000260026602767 1.553385270200985 292.2481144198863 5.527167701796447
0.02 6366.72679280257 1.000259681710888 1.553304969818314 292.1758467832927 5.502303404763453
0.0201 6366.737962060735 1.000259335765421 1.553224639336875 292.1032466052205 5.477423412353378
0.0202 6366.749182498709 1.000258988772069 1.553144278674016 292.0303137583904 5.452528706555117
0.0203 6366.76045413613 1.000258640736543 1.553063887747719 291.9570481151567 5.427620267876272
0.0204 6366.771776992689 1.000258291664564 1.55298346647666 291.8834495475247 5.402699075288425
0.0205 6366.783151088132 1.000257941561861 1.552903014780186 291.8095179271453 5.377766106164442
0.0206 6366.794576442258 1.000257590434172 1.55282253257833 291.7352531253263 5.352822336221927
0.0207 6366.806053074919 1.000257238287243 1.552742019791816 291.6606550130267 5.327868739460798
0.0208 6366.81758100602 1.000256885126828 1.55266147634202 291.5857234608687 5.302906288106953
0.0209 6366.829160255519 1.000256530958689 1.552580902151014 291.5104583391257 5.277935952548186
0.021 6366.840790843426 1.000256175788596 1.55250029714153 291.4348595177338 5.252958701278153
0.0211 6366.852472789799 1.000255819622325 1.552419661237004 291.3589268663044 5.227975500840402
0.0212 6366.864206114752 1.000255462465662 1.552338994361556 291.2826602541117 5.202987315764753
0.0213 6366.875990838446 1.000255104324399 1.552258296439933 291.2060595500988 5.177995108509733
0.0214 6366.887826981094 1.000254745204332 1.552177567397694 291.1291246228897 5.152999839407041
0.0215 6366.899714562957 1.000254385111269 1.552096807160914 291.0518553407773 5.1280024665985
0.0216 6366.911653604348 1.00025402405102 1.552016015656495 290.9742515717411 5.10300394598277
0.0217 6366.923644125625 1.000253662029405 1.551935192811913 290.8963131834356 5.078005231152672
0.0218 6366.935686147199 1.000253299052246 1.551854338555422 290.8180400432078 5.053007273342226
0.0219 6366.947779689524 1.000252935125376 1.551773452815876 290.7394320180914 5.028011021366239
0.022 6366.959924773106 1.00025257025463 1.551692535522864 290.6604889748127 5.003017421563889
0.0221 6366.972121418495 1.000252204445849 1.551611586606681 290.5812107797846 4.978027417738783
0.0222 6366.98436964629 1.000251837704881 1.551530605998249 290.5015972991185 4.953041951104797
0.0223 6366.996669477134 1.000251470037578 1.551449593629222 290.4216483986305 4.928061960230238
0.0224 6367.009020931718 1.000251101449797 1.551368549431914 290.3413639438348 4.903088380978502
0.0225 6367.021424030777 1.0002507319474 1.551287473339334 290.2607437999503 4.878122146452664
0.0226 6367.033878795091 1.000250361536254 1.55120636528519 290.179787831912 4.853164186942104
0.0227 6367.046385245484 1.00024999022223 1.55112522520389 290.0984959043534 4.828215429860193
0.0228 6367.058943402827 1.000249618011203 1.551044053030456 290.0168678816243 4.803276799693229
0.0229 6367.071553288031 1.000249244909053 1.55096284870071 289.9349036277966 4.778349217945854
0.023 6367.084214922053 1.000248870921662 1.550881612151078 289.8526030066586 4.753433603083145
0.0231 6367.09692832589 1.000248496054917 1.55080034331869 289.7699658817145 4.72853087047478
0.0232 6367.109693520584 1.000248120314709 1.550719042141408 289.6869921162028 4.703641932344776
0.0233 6367.122510527218 1.000247743706931 1.550637708557736 289.6036815730839 4.678767697712564
0.0234 6367.135379366916 1.00024736623748 1.550556342506865 289.5200341150465 4.653909072339691
0.0235 6367.148300060843 1.000246987912254 1.550474943928711 289.4360496045191 4.629066958678508
0.0236 6367.161272630206 1.000246608737156 1.550393512763865 289.351727903664 4.604242255815833
0.0237 6367.17429709625 1.00024622871809 1.550312048953604 289.2670688743777 4.579435859418687
0.0238 6367.18737348026 1.000245847860963 1.550230552439887 289.1820723783084 4.554648661685493
0.0239 6367.200501803564 1.000245466171684 1.550149023165364 289.0967382768321 4.529881551285455
0.024 6367.213682087524 1.000245083656163 1.550067461073412 289.0110664310945 4.505135413317146
0.0241 6367.226914353543 1.000244700320314 1.549985866108027 288.9250567019693 4.48041112924339
0.0242 6367.240198623062 1.000244316170049 1.54990423821397 288.8387089500997 4.455709576850365
0.0243 6367.253534917557 1.000243931211283 1.549822577336643 288.7520230358804 4.431031630189937
0.0244 6367.266923258545 1.000243545449934 1.54974088342215 288.664998819458 4.406378159527458
0.0245 6367.280363667578 1.000243158891919 1.549659156417278 288.5776361607426 4.381750031293239
0.0246 6367.293856166244 1.000242771543154 1.549577396269545 288.4899349194137 4.357148108032582
0.0247 6367.307400776167 1.000242383409559 1.549495602927073 288.4018949549144 4.332573248352843
0.0248 6367.320997519006 1.000241994497053 1.549413776338769 288.313516126463 4.308026306875778
0.0249 6367.334646416455 1.000241604811554 1.549331916454164 288.2247982930415 4.283508134183633
0.025 6367.348347490245 1.000241214358982 1.549250023223495 288.1357413134073 4.259019576772172
0.0251 6367.362100762136 1.000240823145255 1.549168096597692 288.0463450461165 4.2345614770072
0.0252 6367.375906253927 1.000240431176291 1.549086136528379 287.9566093494772 4.21013467306198
0.0253 6367.389763987447 1.000240038458008 1.549004142967877 287.8665340815963 4.185739998880969
0.0254 6367.403673984557 1.000239644996323 1.548922115869134 287.77611910038 4.161378284130829
0.0255 6367.417636267154 1.000239250797152 1.548840055185868 287.6853642634977 4.137050354142322
0.0256 6367.431650857164 1.000238855866409 1.548757960872436 287.5942694284357 4.11275702987648
0.0257 6367.445717776545 1.000238460210007 1.548675832883894 287.5028344524557 4.088499127865683
0.0258 6367.459837047288 1.000238063833859 1.548593671175957 287.41105919263 4.064277460175707
0.0259 6367.474008691412 1.000237666743874 1.548511475705077 287.3189435058242 4.040092834353937
0.026 6367.488232730966 1.000237268945961 1.548429246428362 287.2264872487207 4.015946053388909
0.0261 6367.502509188033 1.000236870446024 1.548346983303589 287.1336902777888 3.991837915656283
0.0262 6367.51683808472 1.000236471249968 1.548264686289261 287.0405524493207 3.967769214882212
0.0263 6367.531219443165 1.000236071363694 1.548182355344519 286.9470736194252 3.943740740096235
0.0264 6367.545653285537 1.0002356707931 1.54809999042923 286.8532536440101 3.919753275581625
0.0265 6367.560139634028 1.000235269544082 1.548017591503902 286.7590923788179 3.895807600839786
0.0266 6367.574678510862 1.000234867622532 1.547935158529759 286.6645896793956 3.871904490538392
0.0267 6367.589269938288 1.000234465034339 1.547852691468696 286.5697454011309 3.848044714476513
0.0268 6367.603913938581 1.000234061785389 1.547770190283285 286.4745593992224 3.824229037533645
0.0269 6367.618610534046 1.000233657881565 1.54768765493675 286.3790315287027 3.800458219632648
0.027 6367.633359747008 1.000233253328744 1.547605085393059 286.2831616444454 3.776733015698539
0.0271 6367.648161599824 1.0002328481328 1.547522481616821 286.1869496011462 3.753054175611883
0.0272 6367.663016114871 1.000232442299605 1.547439843573326 286.0903952533416 3.729422444171441
0.0273 6367.677923314554 1.000232035835024 1.547357171228505 285.9934984554024 3.705838561051388
0.0274 6367.6928832213 1.000231628744918 1.547274464549031 285.8962590615514 3.682303260764748
0.0275 6367.707895857559 1.000231221035143 1.547191723502225 285.798676925864 3.65881727262288
0.0276 6367.722961245809 1.000230812711553 1.547108948056071 285.700751902244 3.635381320689809
0.0277 6367.738079408545 1.000230403779992 1.54702613817921 285.602483844459 3.611996123751231
0.0278 6367.753250368286 1.000229994246304 1.546943293841027 285.503872606141 3.58866239527534
0.0279 6367.768474147577 1.000229584116322 1.546860415011508 285.4049180407504 3.565380843365821
0.028 6367.783750768979 1.000229173395879 1.546777501661324 285.3056200016353 3.542152170737663
0.0281 6367.799080255079 1.000228762090798 1.546694553761854 285.205978341984 3.518977074668317
0.0282 6367.814462628483 1.000228350206899 1.546611571285101 285.1059929148609 3.495856246968797
0.0283 6367.829897911815 1.000227937749993 1.546528554203744 285.0056635732002 3.472790373945511
0.0284 6367.845386127723 1.000227524725888 1.546445502491158 284.9049901698003 3.449780136362632
0.0285 6367.860927298871 1.000227111140382 1.546362416121339 284.8039725573411 3.426826209410382
0.0286 6367.876521447944 1.000226696999269 1.546279295068997 284.7026105883668 3.403929262665683
0.0287 6367.892168597646 1.000226282308334 1.546196139309475 284.6009041153033 3.38108996006141
0.0288 6367.907868770697 1.000225867073358 1.546112948818767 284.4988529904698 3.358308959854685
0.0289 6367.923621989839 1.000225451300113 1.546029723573548 284.39645706605 3.335586914586446
0.029 6367.939428277825 1.000225034994362 1.545946463551166 284.2937161941385 3.312924471058677
0.0291 6367.955287657432 1.000224618161864 1.545863168729589 284.1906302266942 3.290322270291096
0.0292 6367.971200151448 1.000224200808368 1.545779839087492 284.0871990155873 3.2677809474993
0.0293 6367.987165782681 1.000223782939615 1.54569647460414 283.9834224125756 3.245301132057754
0.0294 6368.003184573953 1.00022336456134 1.54561307525952 283.8793002693045 3.222883447468558
0.0295 6368.019256548102 1.000222945679267 1.545529641034231 283.7748324373368 3.200528511337072
0.0296 6368.035381727979 1.000222526299115 1.545446171909538 283.6700187681348 3.178236935337809
0.0297 6368.051560136453 1.000222106426591 1.545362667867349 283.5648591130542 3.156009325183508
0.0298 6368.067791796405 1.000221686067396 1.545279128890227 283.4593533233682 3.13384628060098
0.0299 6368.084076730728 1.000221265227221 1.545195554961374 283.353501250267 3.111748395302408
0.03 6368.100414962332 1.000220843911749 1.545111946064655 283.2473027448403 3.089716256953519
0.0301 6368.116806514138 1.000220422126651 1.54502830218457 283.1407576581013 3.067750447150962
0.0302 6368.13325140908 1.000219999877593 1.544944623306244 283.03386584098 3.045851541394016
0.0303 6368.149749670103 1.000219577170227 1.544860909415483 282.9266271443297 3.024020109059305
0.0304 6368.166301320164 1.000219154010199 1.544777160498697 282.8190414189329 3.002256713376038
0.0305 6368.182906382232 1.000218730403145 1.544693376542943 282.7111085154951 2.980561911399383
0.0306 6368.199564879285 1.000218306354687 1.544609557535927 282.6028282846449 2.958936253985652
0.0307 6368.216276834315 1.000217881870443 1.544525703465979 282.494200576952 2.937380285771549
0.0308 6368.233042270321 1.000217456956015 1.544441814322056 282.385225242915 2.915894545148053
0.0309 6368.249861210313 1.000217031616999 1.54435789009377 282.2759021329674 2.894479564238435
0.031 6368.266733677309 1.000216605858977 1.544273930771339 282.1662310974897 2.873135868877942
0.0311 6368.283659694339 1.000216179687523 1.544189936345602 282.0562119867972 2.85186397858943
0.0312 6368.300639284437 1.000215753108199 1.544105906808063 281.9458446511579 2.830664406565319
0.0313 6368.317672470649 1.000215326126556 1.544021842150803 281.8351289407809 2.809537659644383
0.0314 6368.334759276026 1.000214898748134 1.543937742366563 281.7240647058337 2.788484238294798
0.0315 6368.351899723627 1.000214470978461 1.543853607448685 281.6126517964248 2.767504636590992
0.0316 6368.369093836519 1.000214042823056 1.54376943739113 281.500890062627 2.746599342198935
0.0317 6368.386341637774 1.000213614287422 1.543685232188494 281.3887793544662 2.725768836355281
0.0318 6368.403643150473 1.000213185377055 1.543600991835942 281.2763195219267 2.705013593850449
0.03190000000000001 6368.420998397698 1.000212756097436 1.543516716329302 281.1635104149631 2.684334083013345
0.032 6368.43840740254 1.000212326454036 1.543432405664986 281.0503518834888 2.663730765692308
0.0321 6368.455870188094 1.000211896452312 1.543348059840025 280.9368437773877 2.643204097240998
0.0322 6368.47338677746 1.00021146609771 1.543263678852038 280.8229859465081 2.622754526501633
0.0323 6368.490957193742 1.000211035395664 1.543179262699269 280.7087782406805 2.602382495793085
0.0324 6368.508581460045 1.000210604351594 1.543094811380557 280.5942205097061 2.58208844089422
0.0325 6368.526259599482 1.000210172970907 1.543010324895347 280.4793126033682 2.561872791032086
0.0326 6368.543991635167 1.000209741259 1.542925803243671 280.3640543714145 2.541735968865492
0.0327 6368.561777590216 1.000209309221254 1.542841246426164 280.2484456635988 2.521678390479527
0.0328 6368.579617487748 1.00020887686304 1.542756654444028 280.1324863296394 2.501700465366198
0.0329 6368.597511350885 1.000208444189711 1.542672027299106 280.0161762192487 2.481802596418073
0.033 6368.615459202749 1.000208011206612 1.542587364993785 279.8995151821331 2.461985179917322
0.0331 6368.633461066463 1.000207577919072 1.542502667531065 279.7825030679932 2.442248605525374
0.0332 6368.651516965152 1.000207144332406 1.542417934914517 279.6651397265117 2.422593256271225
0.0333 6368.669626921941 1.000206710451916 1.54233316714831 279.5474250073834 2.403019508547303
0.0334 6368.687790959955 1.00020627628289 1.542248364237155 279.4293587602909 2.383527732096991
0.0335 6368.70600910232 1.000205841830603 1.542163526186382 279.3109408349231 2.364118290009697
0.03360000000000001 6368.724281372158 1.000205407100314 1.542078653001867 279.1921710809746 2.344791538713554
0.0337 6368.742607792594 1.000204972097269 1.541993744690084 279.07304934814 2.325547827967776
0.0338 6368.760988386749 1.000204536826701 1.541908801258029 278.9535754861316 2.306387500859474
0.0339 6368.779423177743 1.000204101293826 1.541823822713348 278.8337493446737 2.287310893797217
0.034 6368.797912188693 1.000203665503848 1.541738809064163 278.7135707734964 2.268318336505252
0.0341 6368.816455442716 1.000203229461953 1.541653760319201 278.5930396223474 2.249410152021178
0.0342 6368.835052962924 1.000202793173316 1.541568676487754 278.4721557409924 2.230586656692314
0.0343 6368.853704772427 1.000202356643094 1.541483557579655 278.3509189792266 2.211848160174531
0.0344 6368.872410894331 1.000201919876432 1.541398403605303 278.2293291868508 2.193194965426196
0.0345 6368.891171351737 1.000201482878458 1.541313214575621 278.1073862137076 2.17462736871188
0.0346 6368.909986167745 1.000201045654286 1.541227990502121 277.9850899096572 2.156145659597549
0.0347 6368.928855365448 1.000200608209012 1.541142731396832 277.8624401245892 2.137750120951846
0.03480000000000001 6368.947778967934 1.00020017054772 1.541057437272332 277.7394367084288 2.119441028947042
0.0349 6368.966756998287 1.000199732675478 1.540972108141756 277.6160795111367 2.101218653059707
0.035 6368.985789479584 1.000199294597335 1.540886744018757 277.4923683827032 2.083083256071142
0.0351 6369.004876434899 1.00019885631833 1.540801344917515 277.3683031731597 2.065035094071057
0.0352 6369.024017887295 1.00019841784348 1.540715910852783 277.2438837325852 2.047074416460935
0.03530000000000001 6369.043213859832 1.000197979177792 1.540630441839815 277.1191099110941 2.029201465955466
0.0354 6369.062464375562 1.000197540326253 1.540544937894375 276.9939815588481 2.011416478588026
0.0355 6369.08176945753 1.000197101293836 1.540459399032786 276.868498526056 1.993719683715046
0.0356 6369.101129128774 1.000196662085496 1.540373825271869 276.7426606629682 1.976111304020183
0.0357 6369.120543412324 1.000196222706174 1.540288216628974 276.6164678198942 1.958591555522425
0.0358 6369.1400123312 1.000195783160794 1.540202573121958 276.4899198472025 1.941160647582272
0.0359 6369.159535908414 1.000195343454261 1.540116894769194 276.363016595309 1.92381878290693
0.036 6369.179114166972 1.000194903591469 1.54003118158956 276.2357579146827 1.9065661575586
0.0361 6369.198747129867 1.00019446357729 1.539945433602437 276.1081436558637 1.889402960964938
0.0362 6369.218434820085 1.000194023416583 1.539859650827736 275.9801736694452 1.872329375925305
0.0363 6369.2381772606 1.000193583114188 1.539773833285819 275.8518478060972 1.855345578623202
0.0364 6369.25797447438 1.000193142674929 1.539687980997602 275.7231659165312 1.838451738631453
0.03650000000000001 6369.277826484376 1.000192702103613 1.539602093984447 275.5941278515592 1.821648018930493
0.0366 6369.297733313533 1.000192261405032 1.539516172268231 275.4647334620344 1.804934575911684
0.0367 6369.317694984785 1.000191820583958 1.539430215871312 275.3349825988988 1.788311559395207
0.0368 6369.337711521052 1.000191379645148 1.539344224816524 275.2048751131596 1.77177911263928
0.0369 6369.357782945245 1.00019093859334 1.539258199127193 275.0744108559064 1.755337372355341
0.03700000000000001 6369.377909280261 1.000190497433257 1.539172138827137 274.943589678306 1.738986468720782
0.0371 6369.398090548984 1.000190056169604 1.539086043940609 274.8124114316018 1.722726525393061
0.0372 6369.418326774289 1.000189614807067 1.538999914492367 274.6808759671202 1.706557659525136
0.0373 6369.438617979035 1.000189173350317 1.538913750507632 274.5489831362701 1.690479981780766
0.0374 6369.458964186069 1.000188731804006 1.538827552012077 274.4167327905492 1.674493596351112
0.0375 6369.479365418225 1.000188290172769 1.538741319031854 274.284124781538 1.658598600970499
0.0376 6369.49982169832 1.000187848461224 1.53865505159355 274.1511589609175 1.642795086935609
0.0377 6369.520333049162 1.000187406673971 1.538568749724231 274.0178351804456 1.627083139120312
0.0378 6369.540899493541 1.000186964815591 1.538482413451401 273.8841532919863 1.611462835997418
0.0379 6369.561521054233 1.000186522890649 1.538396042803008 273.7501131474868 1.595934249654713
0.038 6369.582197754 1.000186080903692 1.538309637807463 273.6157145990004 1.58049744581713
0.0381 6369.602929615588 1.000185638859248 1.538223198493609 273.4809574986811 1.565152483866017
0.03820000000000001 6369.623716661728 1.000185196761829 1.53813672489072 273.3458416987713 1.549899416858363
0.0383 6369.644558915135 1.000184754615928 1.538050217028512 273.2103670516202 1.534738291549968
0.0384 6369.665456398509 1.00018431242602 1.537963674937129 273.074533409689 1.51966914841778
0.0385 6369.686409134532 1.000183870196562 1.537877098647159 272.9383406255396 1.504692021680836
0.0386 6369.707417145871 1.000183427931993 1.537790488189582 272.8017885518401 1.489806939323768
0.03870000000000001 6369.728480455174 1.000182985636734 1.537703843595831 272.6648770413711 1.47501392312085
0.0388 6369.749599085073 1.000182543315189 1.537617164897734 272.5276059470256 1.460312988659943
0.0389 6369.770773058184 1.000182100971742 1.53753045212754 272.3899751218027 1.445704145366384
0.039 6369.792002397105 1.000181658610759 1.53744370531793 272.2519844188199 1.431187396529329
0.0391 6369.813287124413 1.000181216236591 1.537356924501948 272.113633691319 1.416762739327965
0.0392 6369.83462726267 1.000180773853566 1.53727010971307 271.9749227926421 1.40243016485522
0.0393 6369.856022834421 1.000180331465997 1.537183260985177 271.8358515762615 1.38818965814756
0.0394 6369.877473862189 1.000179889078178 1.537096378352528 271.6964198957734 1.374041198211605
0.0395 6369.898980368478 1.000179446694383 1.537009461849778 271.5566276048925 1.359984758051311
0.0396 6369.920542375776 1.000179004318872 1.536922511511985 271.4164745574575 1.346020304696902
0.0397 6369.942159906549 1.000178561955882 1.536835527374564 271.2759606074313 1.332147799233726
0.0398 6369.963832983244 1.000178119609634 1.536748509473349 271.1350856089129 1.318367196832796
0.03990000000000001 6369.985561628289 1.00017767728433 1.536661457844529 270.9938494161191 1.304678446778941
0.04 6370.007345864092 1.000177234984154 1.536574372524659 270.8522518834033 1.291081492502977
0.0401 6370.029185713038 1.000176792713272 1.536487253550675 270.7102928652543 1.277576271612614
0.0402 6370.051081197494 1.000176350475831 1.536400100959888 270.5679722162912 1.264162715923337
0.0403 6370.073032339806 1.000175908275959 1.536312914789973 270.4252897912633 1.25084075149037
0.04040000000000001 6370.095039162298 1.000175466117766 1.536225695078937 270.2822454450615 1.237610298642247
0.0405 6370.117101687274 1.000175024005345 1.536138441865174 270.1388390327187 1.224471272013743
0.0406 6370.139219937015 1.00017458194277 1.536051155187408 269.9950704094039 1.211423580578771
0.0407 6370.16139393378 1.000174139934093 1.535963835084753 269.8509394304277 1.198467127684864
0.0408 6370.183623699809 1.000173697983354 1.53587648159659 269.7064459512429 1.185601811087595
0.0409 6370.205909257317 1.00017325609457 1.53578909476271 269.5615898274381 1.172827522984966
0.041 6370.228250628498 1.00017281427174 1.53570167462322 269.4163709147614 1.160144150054873
0.04110000000000001 6370.250647835524 1.000172372518847 1.535614221218548 269.2707890690971 1.14755157348886
0.0412 6370.273100900541 1.000171930839853 1.535526734589452 269.124844146483 1.135049669029999
0.0413 6370.295609845676 1.000171489238703 1.535439214777041 268.978536003105 1.122638307009139
0.0414 6370.31817469303 1.000171047719323 1.535351661822723 268.8318644953023 1.110317352382647
0.0415 6370.340795464684 1.000170606285622 1.535264075768221 268.6848294795562 1.098086664769103
0.04160000000000001 6370.363472182691 1.000170164941488 1.535176456655596 268.5374308125078 1.085946098488932
0.0417 6370.386204869084 1.000169723690793 1.535088804527182 268.3896683509573 1.073895502602953
0.0418 6370.408993545869 1.000169282537391 1.535001119425662 268.2415419518533 1.061934720950421
0.0419 6370.431838235029 1.000168841485115 1.534913401393985 268.0930514723094 1.05006359218992
0.042 6370.454738958524 1.000168400537783 1.534825650475433 267.9441967695933 1.038281949838265
0.04210000000000001 6370.477695738287 1.000167959699192 1.534737866713545 267.7949777011321 1.026589622311274
0.0422 6370.50070859623 1.000167518973123 1.534650050152178 267.6453941245067 1.014986432964022
0.0423 6370.523777554236 1.000167078363337 1.534562200835462 267.4954458974693 1.003472200133337
0.0424 6370.546902634163 1.000166637873578 1.534474318807831 267.3451328779378 0.9920467371788423
0.0425 6370.570083857849 1.000166197507571 1.534386404113972 267.1944549239837 0.9807098525239772
0.0426 6370.593321247099 1.000165757269025 1.53429845679886 267.0434118938559 0.969461349700108
0.0427 6370.616614823699 1.000165317161628 1.534210476907745 266.8920036459571 0.9583010273874482
0.04280000000000001 6370.639964609406 1.000164877189051 1.53412246448613 266.7402300388611 0.9472286794594765
0.0429 6370.66337062595 1.000164437354949 1.534034419579804 266.5880909313254 0.9362440950272307
0.043 6370.686832895038 1.000163997662956 1.5339463422348 266.435586182255 0.9253470584805594
0.0431 6370.710351438348 1.00016355811669 1.533858232497412 266.2827156507382 0.9145373495348926
0.0432 6370.733926277533 1.000163118719751 1.533770090414186 266.1294791960348 0.9038147432749207
0.04330000000000001 6370.757557434218 1.000162679475721 1.533681916031921 265.9758766775821 0.8931790101999063
0.0434 6370.781244930004 1.000162240388163 1.533593709397642 265.8219079549766 0.8826299162677058
0.0435 6370.804988786461 1.000161801460624 1.533505470558643 265.6675728880044 0.872167222942401
0.0436 6370.828789025136 1.000161362696632 1.53341719956243 265.512871336617 0.8617906872385895
0.0437 6370.852645667546 1.000160924099699 1.533328896456746 265.357803160949 0.8515000617688383
0.0438 6370.876558735183 1.000160485673318 1.533240561289583 265.2023682213124 0.8412950947898418
0.0439 6370.900528249509 1.000160047420965 1.533152194109134 265.046566378191 0.8311755302489206
0.044 6370.92455423196 1.000159609346098 1.533063794963812 264.8903974922631 0.8211411078327474
0.0441 6370.948636703943 1.000159171452159 1.532975363902265 264.733861424373 0.811191563012913
0.0442 6370.972775686839 1.000158733742571 1.532886900973355 264.5769580355481 0.8013266270948691
0.0443 6370.996971201997 1.00015829622074 1.532798406226123 264.4196871870166 0.7915460272670908
0.0444 6371.021223270745 1.000157858890056 1.532709879709862 264.2620487401608 0.7818494866464699
0.04450000000000001 6371.045531914374 1.000157421753891 1.532621321474012 264.1040425565697 0.7722367243302616
0.0446 6371.069897154153 1.000156984815598 1.532532731568262 263.9456684980036 0.762707455442776
0.0447 6371.094319011319 1.000156548078518 1.532444110042461 263.786926426424 0.753261391186327
0.0448 6371.118797507083 1.000156111545969 1.532355456946664 263.6278162039638 0.7438982388888598
0.0449 6371.143332662624 1.000155675221257 1.532266772331103 263.4683376929451 0.7346177020546807
0.04500000000000001 6371.167924499095 1.000155239107667 1.532178056246205 263.3084907558849 0.7254194804146836
0.0451 6371.192573037618 1.000154803208472 1.532089308742538 263.1482752554838 0.7163032699757852
0.0452 6371.217278299287 1.000154367526922 1.532000529870916 262.9876910546371 0.7072687630719583
0.0453 6371.242040305167 1.000153932066258 1.531911719682251 262.8267380164178 0.6983156484138049
0.0454 6371.266859076291 1.000153496829698 1.53182287822765 262.6654160041056 0.689443611140997
0.0455 6371.291734633667 1.000153061820447 1.531734005558397 262.5037248811635 0.6806523328719371
0.0456 6371.316666998269 1.000152627041692 1.531645101725914 262.3416645112496 0.671941491755602
0.04570000000000001 6371.341656191044 1.000152192496604 1.531556166781789 262.1792347582112 0.6633107625225995
0.0458 6371.366702232909 1.00015175818834 1.531467200777744 262.0164354860907 0.6547598165370459
0.0459 6371.391805144751 1.000151324120037 1.531378203765681 261.8532665591196 0.6462883218479936
0.046 6371.416964947424 1.000150890294818 1.531289175797619 261.6897278417422 0.6378959432425547
0.0461 6371.442181661759 1.000150456715791 1.53120011692572 261.5258191985685 0.6295823422955292
0.04620000000000001 6371.467455308549 1.000150023386047 1.531111027202295 261.3615404944329 0.6213471774246564
0.0463 6371.492785908562 1.00014959030866 1.531021906679773 261.1968915943475 0.6131901039405676
0.0464 6371.518173482534 1.00014915748669 1.53093275541073 261.0318723635309 0.6051107741007847
0.0465 6371.543618051171 1.000148724923181 1.530843573447838 260.8664826673911 0.5971088371614743
0.0466 6371.569119635146 1.000148292621162 1.530754360843923 260.700722371549 0.5891839394313555
0.04670000000000001 6371.594678255106 1.000147860583645 1.530665117651901 260.5345913418086 0.5813357243231464
0.0468 6371.620293931665 1.000147428813627 1.530575843924814 260.3680894441808 0.5735638324076916
0.0469 6371.645966685405 1.000146997314092 1.530486539715811 260.2012165448658 0.565867901466213
0.047 6371.671696536881 1.000146566088006 1.530397205078153 260.0339725102707 0.558247566544325
0.0471 6371.697483506614 1.000146135138321 1.530307840065205 259.8663572070094 0.5507024600052817
0.0472 6371.723327615094 1.000145704467975 1.530218444730406 259.698370501891 0.5432322115827855
0.0473 6371.749228882782 1.000145274079888 1.530129019127333 259.5300122619195 0.535836448434421
0.04740000000000001 6371.775187330106 1.000144843976971 1.530039563309615 259.361282354312 0.5285147951959187
0.0475 6371.801202977465 1.000144414162113 1.529950077330989 259.1921806464746 0.521266874033657
0.0476 6371.827275845227 1.000143984638195 1.529860561245273 259.0227070060263 0.5140923046992791
0.0477 6371.853405953726 1.00014355540808 1.529771015106361 258.852861300781 0.5069907045825566
0.0478 6371.879593323269 1.000143126474617 1.529681438968217 258.6826433987538 0.4999616887653141
0.04790000000000001 6371.905837974127 1.000142697840641 1.529591832884912 258.5120531681727 0.493004870075602
0.048 6371.932139926545 1.000142269508974 1.529502196910543 258.3410904774604 0.4861198591406687
0.0481 6371.958499200731 1.000141841482422 1.529412531099303 258.1697551952469 0.4793062644411662
0.0482 6371.984915816866 1.000141413763778 1.529322835505441 257.998047190369 0.4725636923648617
0.0483 6372.011389795099 1.000140986355822 1.529233110183248 257.8259663318585 0.4658917472598923
0.04840000000000001 6372.037921155544 1.000140559261319 1.529143355187104 257.6535124889659 0.459290031489388
0.0485 6372.064509918288 1.000140132483022 1.529053570571411 257.4806855311311 0.4527581454840126
0.0486 6372.091156103383 1.000139706023667 1.528963756390644 257.3074853280126 0.4462956877967517
0.0487 6372.117859730853 1.00013927988598 1.528873912699301 257.133911749458 0.4399022551554191
0.0488 6372.144620820687 1.000138854072674 1.528784039551921 256.9599646655337 0.4335774425173405
0.0489 6372.171439392845 1.000138428586447 1.528694137003116 256.7856439465071 0.4273208431222174
0.049 6372.198315467254 1.000138003429983 1.528604205107498 256.6109494628466 0.4211320485456065
0.04910000000000001 6372.22524906381 1.000137578605957 1.528514243919712 256.4358810852335 0.4150106487527469
0.0492 6372.252240202377 1.000137154117027 1.528424253494462 256.26043868455 0.4089562321514687
0.0493 6372.279288902787 1.00013672996584 1.528334233886445 256.0846221318851 0.4029683856456554
0.0494 6372.306395184841 1.000136306155032 1.528244185150391 255.908431298535 0.3970466946884048
0.0495 6372.333559068308 1.000135882687223 1.528154107341052 255.7318660559967 0.3911907433348989
0.04960000000000001 6372.360780572926 1.000135459565025 1.528064000513185 255.5549262759799 0.3854001142957645
0.0497 6372.388059718399 1.000135036791033 1.527973864721577 255.3776118304076 0.3796743889899119
0.0498 6372.415396524402 1.000134614367834 1.527883700021005 255.1999225913854 0.3740131475963212
0.0499 6372.442791010578 1.000134192298001 1.527793506466263 255.0218584312441 0.3684159691079945
0.05 6372.470243196535 1.000133770584096 1.52770328411214 254.8434192225212 0.3628824313838476
0.05010000000000001 6372.497753101854 1.000133349228667 1.527613033013435 254.6646048379492 0.3574121112006876
0.0502 6372.525320746081 1.000132928234254 1.527522753224931 254.4854151504736 0.3520045843059578
0.0503 6372.552946148732 1.000132507603382 1.527432444801409 254.3058500332407 0.3466594254694105
0.0504 6372.580629329291 1.000132087338566 1.527342107797642 254.1259093596099 0.3413762085353357
0.0505 6372.608370307209 1.000131667442312 1.527251742268374 253.9455930031412 0.3361545064739116
0.0506 6372.636169101907 1.000131247917111 1.527161348268365 253.7649008376078 0.3309938914330787
0.0507 6372.664025732772 1.000130828765445 1.527070925852334 253.5838327369837 0.3258939347895395
0.05080000000000001 6372.691940219162 1.000130409989785 1.52698047507497 253.4023885754499 0.320854207200086
0.0509 6372.719912580403 1.00012999159259 1.526889995990949 253.2205682273824 0.3158742786522308
0.051 6372.747942835787 1.000129573576311 1.526799488654927 253.0383715673819 0.3109537185157724
0.0511 6372.776031004578 1.000129155943386 1.526708953121516 252.8557984702442 0.3060920955925162
0.0512 6372.804177106004 1.000128738696243 1.526618389445293 252.6728488109719 0.3012889781669228
0.05130000000000001 6372.832381159266 1.000128321837301 1.526527797680808 252.4895224647688 0.2965439340560488
0.0514 6372.860643183532 1.000127905368967 1.526437177882563 252.3058193070455 0.2918565306595658
0.0515 6372.888963197935 1.00012748929364 1.526346530105015 252.1217392134253 0.2872263350095282
0.0516 6372.917341221581 1.000127073613707 1.526255854402589 251.9372820597267 0.2826529138192989
0.0517 6372.945777273542 1.000126658331546 1.526165150829648 251.7524477219753 0.2781358335329774
0.05180000000000001 6372.974271372861 1.000126243449526 1.526074419440528 251.5672360764032 0.2736746603742602
0.0519 6373.002823538547 1.000125828970006 1.525983660289472 251.3816469994439 0.2692689603948952
0.05200000000000001 6373.031433789579 1.000125414895335 1.525892873430693 251.1956803677375 0.2649182995231503
0.0521 6373.060102144905 1.000125001227854 1.525802058918358 251.0093360581194 0.2606222436115845
0.0522 6373.08882862344 1.000124587969894 1.525711216806535 250.8226139476377 0.2563803584852228
0.0523 6373.117613244071 1.000124175123776 1.525620347149264 250.6355139135416 0.2521922099887476
0.0524 6373.146456025649 1.000123762691813 1.5255294500005 250.4480358332811 0.2480573640336727
0.05250000000000001 6373.175356986999 1.000123350676311 1.525438525414122 250.2601795845075 0.2439753866452127
0.0526 6373.204316146911 1.000122939079564 1.52534757344397 250.0719450450787 0.2399458440089681
0.0527 6373.233333524146 1.000122527903859 1.525256594143779 249.8833320930538 0.2359683025170317
0.0528 6373.262409137434 1.000122117151476 1.525165587567205 249.6943406066811 0.2320423288136639
0.0529 6373.291543005473 1.000121706824683 1.525074553767858 249.5049704644274 0.2281674898414995
0.05300000000000001 6373.320735146931 1.000121296925743 1.524983492799224 249.3152215449489 0.2243433528861818
0.0531 6373.349985580445 1.00012088745691 1.524892404714751 249.1250937271087 0.2205694856216433
0.0532 6373.37929432462 1.000120478420431 1.524801289567763 248.9345868899708 0.216845456154547
0.0533 6373.408661398031 1.000120069818542 1.524710147411527 248.7437009128001 0.213170833068499
0.0534 6373.438086819224 1.000119661653475 1.524618978299188 248.5524356750451 0.2095451854675703
0.05350000000000001 6373.467570606712 1.000119253927452 1.524527782283825 248.3607910563727 0.2059680830204708
0.0536 6373.497112778979 1.000118846642689 1.52443655941841 248.1687669366391 0.2024390960031062
0.05370000000000001 6373.526713354478 1.000118439801393 1.524345309755821 247.9763631958957 0.1989577953414484
0.0538 6373.556372351631 1.000118033405766 1.524254033348835 247.7835797144006 0.1955237526541212
0.0539 6373.58608978883 1.000117627458001 1.524162730250129 247.5904163726071 0.1921365402941679
0.054 6373.615865684436 1.000117221960285 1.524071400512281 247.3968730511637 0.1887957313906527
0.0541 6373.645700056783 1.000116816914797 1.523980044187767 247.2029496309077 0.1855008998897662
0.05420000000000001 6373.675592924171 1.00011641232371 1.523888661328945 247.0086459928897 0.1822516205960298
0.0543 6373.705544304871 1.000116008189191 1.523797251988062 246.8139620183373 0.179047469212094
0.0544 6373.735554217125 1.000115604513399 1.523705816217274 246.6188975886852 0.1758880223792255
0.0545 6373.765622679144 1.000115201298488 1.523614354068606 246.423452585563 0.1727728577166804
0.0546 6373.795749709109 1.000114798546605 1.523522865593971 246.2276268907898 0.1697015538607678
0.05470000000000001 6373.825935325173 1.00011439625989 1.523431350845176 246.0314203863735 0.16667369050359
0.0548 6373.856179545458 1.000113994440479 1.523339809873899 245.8348329545232 0.1636888484315309
0.0549 6373.886482388054 1.000113593090499 1.523248242731708 245.637864477649 0.1607466095631204
0.055 6373.916843871026 1.000113192212075 1.52315664947004 245.4405148383324 0.1578465569860308
0.0551 6373.947264012406 1.000112791807323 1.52306503014022 245.2427839193618 0.154988274994607
0.05520000000000001 6373.977742830198 1.000112391878354 1.522973384793429 245.0446716037149 0.152171349126151
0.0553 6374.008280342378 1.000111992427275 1.522881713480739 244.8461777745464 0.1493953661968644
0.05540000000000001 6374.03887656689 1.000111593456186 1.522790016253081 244.6473023152183 0.1466599143379183
0.0555 6374.06953152165 1.000111194967181 1.522698293161285 244.4480451092758 0.1439645830303128
0.0556 6374.100245224545 1.000110796962352 1.522606544256014 244.2484060404589 0.141308963139776
0.0557 6374.131017693433 1.000110399443783 1.522514769587821 244.0483849926853 0.1386926469508001
0.0558 6374.161848946143 1.000110002413554 1.522422969207113 243.8479818500736 0.1361152282007611
0.05590000000000001 6374.192739000475 1.00010960587374 1.522331143164176 243.6471964969136 0.1335763021128699
0.056 6374.223687874202 1.00010920982641 1.522239291509143 243.4460288176905 0.1310754654293432
0.0561 6374.254695585066 1.00010881427363 1.522147414292015 243.2444786970726 0.1286123164436373
0.0562 6374.285762150781 1.000108419217461 1.522055511562665 243.0425460199234 0.1261864550324981
0.0563 6374.316887589033 1.00010802465996 1.521963583370806 242.8402306712836 0.1237974826871679
0.05640000000000001 6374.34807191748 1.000107630603178 1.521871629766024 242.6375325363773 0.1214450025443995
0.0565 6374.379315153751 1.000107237049162 1.521779650797773 242.4344515006177 0.1191286194169746
0.0566 6374.410617315447 1.000106843999955 1.521687646515326 242.2309874495953 0.1168479398235263
0.0567 6374.441978420141 1.000106451457598 1.521595616967843 242.027140269084 0.1146025720180762
0.0568 6374.473398485377 1.000106059424125 1.521503562204331 241.8229098450469 0.1123921260190673
0.05690000000000001 6374.504877528674 1.000105667901566 1.521411482273656 241.6182960636182 0.1102162136376427
0.057 6374.53641556752 1.00010527689195 1.52131937722451 241.4132988111218 0.1080744485058117
0.05710000000000001 6374.568012619376 1.000104886397301 1.521227247105455 241.2079179740584 0.1059664461037908
0.0572 6374.599668701676 1.000104496419636 1.521135091964929 241.0021534391066 0.103891823786973
0.0573 6374.631383831827 1.000104106960974 1.521042911851159 240.7960050931218 0.1018502008123885
0.0574 6374.663158027209 1.000103718023325 1.520950706812277 240.5894728231432 0.09984119836471546
0.0575 6374.694991305172 1.000103329608701 1.520858476896222 240.382556516381 0.09786443958160571
0.05760000000000001 6374.72688368304 1.000102941719107 1.520766222150812 240.1752560602407 0.09591954957884068
0.0577 6374.758835178111 1.000102554356544 1.520673942623692 239.9675713422756 0.09400615547430337
0.0578 6374.790845807656 1.000102167523013 1.520581638362361 239.7595022502341 0.09212388641233058
0.0579 6374.822915588918 1.00010178122051 1.520489309414153 239.5510486720358 0.09027237358687892
0.058 6374.855044539112 1.000101395451028 1.520396955826253 239.3422104957721 0.08845125026440104
0.05810000000000001 6374.887232675429 1.000101010216557 1.520304577645699 239.1329876097115 0.08666015180625512
0.0582 6374.919480015032 1.000100625519085 1.520212174919351 238.923379902294 0.08489871569049083
0.05830000000000001 6374.951786575057 1.000100241360596 1.520119747693935 238.7133872621311 0.08316658153317136
0.0584 6374.984152372615 1.000099857743072 1.520027296015995 238.5030095780056 0.08146339110917433
0.0585 6375.016577424789 1.000099474668493 1.519934819931935 238.292246738872 0.07978878837247277
0.05860000000000001 6375.049061748638 1.000099092138833 1.519842319487996 238.081098633856 0.07814241947589569
0.0587 6375.081605361192 1.000098710156068 1.519749794730258 237.8695651522547 0.07652393279036707
0.05880000000000001 6375.114208279457 1.000098328722168 1.519657245704644 237.657646183531 0.07493297892358025
0.0589 6375.146870520413 1.000097947839103 1.519564672456907 237.4453416173132 0.07336921073819874
0.059 6375.179592101013 1.000097567508839 1.519472075032658 237.2326513434126 0.07183228336966295
0.0591 6375.212373038187 1.00009718773334 1.519379453477339 237.0195752517828 0.0703218542430461
0.0592 6375.245213348836 1.000096808514569 1.519286807836223 236.8061132325664 0.06883758309003396
0.05930000000000001 6375.278113049836 1.000096429854485 1.519194138154438 236.5922651760656 0.06737913196482681
0.0594 6375.31107215804 1.000096051755045 1.519101444476941 236.3780309727421 0.0659461652597407
0.0595 6375.344090690275 1.000095674218206 1.519008726848534 236.1634105132115 0.06453834972025178
0.0596 6375.377168663341 1.00009529724592 1.518915985313858 235.9484036882844 0.06315535445982638
0.0597 6375.410306094014 1.00009492084014 1.518823219917382 235.7330103889075 0.06179685097357597
0.05980000000000001 6375.443502999046 1.000094545002814 1.518730430703432 235.5172305061986 0.06046251315201748
0.0599 6375.476759395163 1.00009416973589 1.51863761771617 235.3010639314415 0.05915201729404429
0.06000000000000001 6375.510075299066 1.000093795041315 1.518544780999576 235.0845105560733 0.05786504211935139
0.0601 6375.543450727431 1.00009342092103 1.518451920597502 234.8675702716968 0.05660126878049294
0.0602 6375.576885696913 1.00009304737698 1.518359036553624 234.6502429700685 0.05536038087428517
0.0603 6375.610380224137 1.000092674411105 1.518266128911449 234.4325285431104 0.05414206445283866
0.0604 6375.643934325708 1.000092302025342 1.518173197714333 234.2144268828982 0.05294600803394504
0.06050000000000001 6375.677548018206 1.000091930221629 1.518080243005482 233.9959378816615 0.05177190261102803
0.0606 6375.711221318184 1.000091559001901 1.517987264827933 233.7770614318068 0.05061944166271156
0.0607 6375.744954242174 1.000091188368092 1.517894263224558 233.5577974258712 0.04948832116150799
0.0608 6375.778746806684 1.000090818322134 1.517801238238077 233.3381457565569 0.04837823958244885
0.0609 6375.812599028195 1.000090448865957 1.517708189911065 233.1181063167318 0.04728889791102016
0.06100000000000001 6375.846510923169 1.00009008000149 1.517615118285918 232.8976789993998 0.04621999965045926
0.0611 6375.880482508042 1.000089711730662 1.51752202340488 232.6768636977303 0.04517125082885301
0.0612 6375.914513799225 1.000089344055397 1.517428905310046 232.4556603050404 0.04414236000550828
0.0613 6375.948604813106 1.000088976977621 1.517335764043351 232.2340687148129 0.04313303827700316
0.0614 6375.982755566053 1.000088610499256 1.517242599646573 232.0120888206546 0.04214299928248069
0.06150000000000001 6376.016966074408 1.000088244622224 1.517149412161337 231.7897205163498 0.04117195920889009
0.0616 6376.051236354489 1.000087879348445 1.517056201629115 231.5669636958245 0.04021963679534181
0.06170000000000001 6376.085566422593 1.000087514679839 1.516962968091217 231.3438182531467 0.03928575333715129
0.0618 6376.119956294994 1.000087150618321 1.516869711588815 231.120284082538 0.03837003268945449
0.0619 6376.154405987942 1.000086787165809 1.516776432162915 230.8963610783798 0.03747220127032214
0.062 6376.188915517664 1.000086424324217 1.516683129854368 230.6720491351833 0.03659198806326412
0.0621 6376.223484900367 1.000086062095458 1.516589804703886 230.4473481476138 0.03572912461948525
0.06220000000000001 6376.258114152232 1.000085700481443 1.516496456752039 230.2222580104898 0.03488334505957962
0.0623 6376.292803289421 1.000085339484084 1.516403086039221 229.9967786187661 0.0340543860747013
0.0624 6376.32755232807 1.000084979105289 1.516309692605699 229.7709098675454 0.03324198692739409
0.0625 6376.362361284296 1.000084619346966 1.516216276491586 229.5446516520777 0.03244588945192292
0.0626 6376.397230174192 1.000084260211022 1.516122837736837 229.3180038677496 0.03166583805411751
0.06270000000000001 6376.432159013831 1.00008390169936 1.516029376381296 229.0909664101008 0.03090157971087612
0.06280000000000001 6376.46714781926 1.000083543813885 1.515935892464622 228.8635391748134 0.03015286396912536
0.0629 6376.502196606508 1.000083186556499 1.515842386026347 228.6357220576991 0.02941944294434958
0.063 6376.537305391582 1.000082829929102 1.515748857105865 228.4075149547178 0.02870107131878572
0.0631 6376.572474190464 1.000082473933593 1.515655305742427 228.1789177619829 0.02799750633914702
0.06320000000000001 6376.607703019119 1.00008211857187 1.515561731975132 227.949930375726 0.02730850781379842
0.06330000000000001 6376.642991893486 1.00008176384583 1.515468135842952 227.7205526923384 0.02663383810975106
0.0634 6376.678340829487 1.000081409757366 1.515374517384724 227.4907846083355 0.02597326214900716
0.0635 6376.713749843018 1.000081056308373 1.515280876639134 227.2606260203805 0.02532654740467373
0.0636 6376.74921894996 1.000080703500742 1.515187213644733 227.0300768252608 0.0246934638965331
0.06370000000000001 6376.784748166166 1.000080351336363 1.515093528439952 226.7991369199234 0.02407378418637877
0.06380000000000001 6376.820337507472 1.000079999817124 1.514999821063079 226.5678062014334 0.02346728337274322
0.0639 6376.855986989692 1.000079648944913 1.514906091552263 226.3360845670039 0.02287373908542904
0.064 6376.89169662862 1.000079298721615 1.514812339945541 226.103971913972 0.02229293147951201
0.0641 6376.927466440027 1.000078949149112 1.514718566280798 225.8714681398227 0.02172464322908546
0.06420000000000001 6376.963296439667 1.000078600229288 1.514624770595806 225.638573142165 0.02116865952050829
0.06430000000000001 6376.999186643269 1.000078251964022 1.514530952928201 225.4052868187499 0.02062476804538542
0.0644 6377.035137066546 1.000077904355192 1.514437113315504 225.1716090674526 0.02009275899309645
0.0645 6377.071147725187 1.000077557404675 1.51434325179509 224.937539786284 0.01957242504303387
0.06460000000000001 6377.107218634861 1.000077211114345 1.51424936840425 224.7030788734031 0.01906356135648196
0.06470000000000001 6377.143349811218 1.000076865486075 1.51415546318011 224.4682262270811 0.01856596556804252
0.0648 6377.179541269888 1.000076520521736 1.514061536159701 224.2329817457252 0.01807943777684737
0.0649 6377.21579302648 1.000076176223197 1.513967587379932 223.9973453278784 0.01760378053737668
0.065 6377.252105096584 1.000075832592323 1.51387361687759 223.7613168722022 0.0171387988499087
0.06510000000000001 6377.288477495768 1.000075489630979 1.513779624689348 223.5248962775057 0.01668430015073541
0.06520000000000001 6377.324910239583 1.000075147341028 1.513685610851764 223.2880834427104 0.01624009430192657
0.0653 6377.361403343556 1.00007480572433 1.513591575401297 223.0508782668857 0.01580599358091377
0.0654 6377.397956823198 1.000074464782742 1.51349751837427 222.813280649213 0.01538181266962805
0.0655 6377.434570693999 1.000074124518121 1.513403439806918 222.5752904890099 0.01496736864344232
0.06560000000000001 6377.471244971428 1.000073784932319 1.513309339735357 222.3369076857183 0.01456248095974723
0.06570000000000001 6377.507979670938 1.000073446027187 1.5132152181956 222.0981321389039 0.01416697144625489
0.0658 6377.54477480796 1.000073107804573 1.513121075223552 221.8589637482627 0.01378066428902249
0.0659 6377.581630397905 1.000072770266322 1.513026910855024 221.6194024136147 0.01340338602017305
0.066 6377.618546456167 1.000072433414278 1.512932725125719 221.379448034916 0.01303496550536699
0.06610000000000001 6377.655522998118 1.000072097250281 1.512838518071241 221.1391005122349 0.01267523393094692
0.06620000000000001 6377.692560039112 1.000071761776168 1.512744289727092 220.8983597457699 0.0123240247908818
0.0663 6377.729657594487 1.000071426993774 1.512650040128682 220.6572256358376 0.01198117387340575
0.0664 6377.766815679556 1.000071092904931 1.512555769311332 220.4156980828847 0.01164651924743817
0.0665 6377.804034309617 1.000070759511467 1.512461477310257 220.1737769874879 0.0113199012487375
0.06660000000000001 6377.841313499948 1.000070426815209 1.512367164160594 219.9314622503365 0.01100116246579026
0.06670000000000001 6377.878653265808 1.000070094817977 1.512272829897388 219.6887537722495 0.01069014772551273
0.0668 6377.916053622436 1.000069763521593 1.512178474555582 219.4456514541643 0.01038670407868279
0.0669 6377.953514585057 1.000069432927871 1.512084098170053 219.2021551971305 0.01009068078515745
0.067 6377.991036168871 1.000069103038626 1.51198970077558 218.9582649023399 0.009801929298914982
0.06710000000000001 6378.028618389062 1.000068773855665 1.511895282406861 218.7139804710963 0.009520303252812824
0.06720000000000001 6378.066261260797 1.000068445380795 1.511800843098527 218.4693018048218 0.009245658443184359
0.0673 6378.103964799222 1.000068117615817 1.511706382885121 218.2242288050569 0.00897785281422891
0.0674 6378.141729019466 1.00006779056253 1.5116119018011 217.9787613734719 0.008716746442220433
0.0675 6378.179553936639 1.000067464222728 1.511517399880857 217.7328994118496 0.0084622015194967
0.06760000000000001 6378.217439565832 1.000067138598203 1.511422877158711 217.4866428220911 0.008214082338293578
0.06770000000000001 6378.255385922118 1.00006681369074 1.511328333668908 217.2399915062332 0.007972255274414485
0.0678 6378.293393020553 1.000066489502124 1.511233769445616 216.9929453664075 0.00773658877067224
0.0679 6378.331460876173 1.000066166034131 1.511139184522957 216.7455043048757 0.00750695332024453
0.06800000000000001 6378.369589503996 1.000065843288536 1.511044578934967 216.4976682240234 0.007283221449829984
0.06810000000000001 6378.407778919024 1.00006552126711 1.51094995271562 216.2494370263429 0.007065267702643893
0.0682 6378.446029136237 1.000065199971617 1.510855305898837 216.0008106144622 0.006852968621311271
0.0683 6378.484340170598 1.00006487940382 1.510760638518473 215.7517888911101 0.006646202730563511
0.0684 6378.522712037057 1.000064559565473 1.510665950608323 215.5023717591274 0.00644485051984459
0.06850000000000001 6378.56114475054 1.000064240458329 1.510571242202136 215.2525591214911 0.006248794425797741
0.06860000000000001 6378.599638325955 1.000063922084135 1.510476513333587 215.0023508812905 0.006057918814592294
0.0687 6378.638192778197 1.000063604444632 1.510381764036315 214.7517469417211 0.005872109964151571
0.0688 6378.676808122138 1.000063287541558 1.510286994343899 214.5007472061028 0.005691256046289019
0.0689 6378.715484372636 1.000062971376644 1.510192204289875 214.2493515778677 0.00551524710871838
0.06900000000000001 6378.754221544528 1.000062655951617 1.510097393907727 213.9975599605663 0.005343975056979806
0.06910000000000001 6378.793019652636 1.000062341268197 1.510002563230903 213.745372257867 0.005177333636269694
0.0692 6378.831878711761 1.000062027328101 1.509907712292794 213.4927883735508 0.005015218413181042
0.0693 6378.87079873669 1.000061714133039 1.509812841126752 213.2398082115168 0.004857526757371619
0.0694 6378.909779742189 1.000061401684715 1.5097179497661 212.9864316757706 0.004704157823146616
0.06950000000000001 6378.948821743008 1.000061089984829 1.509623038244119 212.7326586704479 0.004555012530994463
0.06960000000000001 6378.987924753879 1.000060779035072 1.509528106594047 212.4784890997847 0.004409993549027273
0.0697 6379.027088789518 1.000060468837133 1.509433154849088 212.2239228681355 0.00426900527439277
0.0698 6379.066313864619 1.000060159392692 1.509338183042431 211.9689598799786 0.004131953814626472
0.0699 6379.105599993862 1.000059850703424 1.509243191207217 211.713600039899 0.003998746968944821
0.07000000000000001 6379.144947191909 1.000059542770996 1.509148179376566 211.457843252594 0.003869294209511168
0.07010000000000001 6379.184355473403 1.000059235597072 1.509053147583566 211.201689422879 0.00374350666266581
0.0702 6379.223824852973 1.000058929183307 1.50895809586129 210.9451384556759 0.003621297090117315
0.0703 6379.263355345226 1.000058623531349 1.508863024242772 210.6881902560307 0.00350257987012377
0.0704 6379.302946964754 1.00005831864284 1.508767932761048 210.4308447291018 0.003387270978640201
0.07050000000000001 6379.342599726129 1.000058014519416 1.508672821449119 210.1731017801598 0.00327528797045809
0.07060000000000001 6379.382313643911 1.000057711162704 1.508577690339971 209.9149613145818 0.003166549960333545
0.0707 6379.422088732636 1.000057408574327 1.508482539466583 209.656423237869 0.003060977604121782
0.0708 6379.461925006826 1.000057106755897 1.508387368861904 209.3974874556292 0.002958493079897813
0.07090000000000001 6379.501822480986 1.000056805709021 1.508292178558889 209.1381538735881 0.002859020069095994
0.07100000000000001 6379.541781169603 1.000056505435299 1.508196968590474 208.878422397578 0.002762483737651461
0.0711 6379.581801087145 1.000056205936322 1.508101738989587 208.6182929335554 0.002668810717169119
0.0712 6379.621882248065 1.000055907213673 1.508006489789153 208.3577653875772 0.002577929086098297
0.0713 6379.662024666797 1.000055609268929 1.507911221022089 208.0968396658185 0.00248976835094861
0.07140000000000001 6379.702228357757 1.000055312103659 1.507815932721319 207.8355156745787 0.002404259427531418
0.07150000000000001 6379.742493335345 1.000055015719421 1.507720624919756 207.5737933202576 0.002321334622226937
0.0716 6379.782819613944 1.000054720117768 1.507625297650309 207.3116725093672 0.00224092761330327
0.0717 6379.823207207917 1.000054425300243 1.507529950945908 207.049153148538 0.002162973432277308
0.0718 6379.863656131613 1.000054131268383 1.507434584839473 206.7862351445186 0.002087408445322281
0.07190000000000001 6379.90416639936 1.000053838023713 1.507339199363935 206.5229184041581 0.002014170334723612
0.07200000000000001 6379.944738025472 1.000053545567752 1.507243794552233 206.2592028344296 0.001943198080404017
0.0721 6379.985371024245 1.000053253902009 1.507148370437309 205.995088342407 0.001874431941496872
0.0722 6380.026065409955 1.000052963027984 1.507052927052138 205.7305748352941 0.001807813437999665
0.0723 6380.066821196861 1.00005267294717 1.506957464429681 205.465662220401 0.001743285332483058
0.07240000000000001 6380.107638399209 1.000052383661048 1.506861982602928 205.2003504051444 0.001680791611880415
0.07250000000000001 6380.148517031222 1.000052095171092 1.506766481604879 204.9346392970591 0.001620277469357661
0.0726 6380.189457107109 1.000051807478765 1.506670961468562 204.6685288037924 0.001561689286260316
0.0727 6380.230458641059 1.000051520585522 1.50657542222702 204.4020188331155 0.001504974614149853
0.0728 6380.271521647246 1.000051234492808 1.506479863913315 204.1351092929002 0.001450082156921377
0.07290000000000001 6380.312646139826 1.000050949202058 1.506384286560535 203.8678000911308 0.001396961753021882
0.07300000000000001 6380.353832132936 1.000050664714696 1.506288690201787 203.6000911359155 0.001345564357764118
0.0731 6380.395079640696 1.000050381032139 1.506193074870216 203.3319823354749 0.001295842025735289
0.0732 6380.436388677211 1.000050098155791 1.506097440598974 203.0634735981301 0.001247747893309184
0.0733 6380.477759256564 1.000049816087048 1.506001787421269 202.7945648323324 0.001201236161271999
0.07340000000000001 6380.519191392824 1.000049534827294 1.505906115370327 202.5252559466452 0.001156262077548764
0.07350000000000001 6380.56068510004 1.000049254377904 1.505810424479396 202.2555468497384 0.001112781920044837
0.0736 6380.602240392246 1.000048974740241 1.505714714781774 201.9854374504001 0.001070752979605913
0.0737 6380.643857283457 1.000048695915659 1.505618986310792 201.7149276575309 0.001030133543093545
0.0738 6380.685535787669 1.0000484179055 1.505523239099813 201.4440173801494 0.0009908828765839471
0.07390000000000001 6380.727275918863 1.000048140711095 1.505427473182245 201.1727065273925 0.0009529612086900261
0.07400000000000001 6380.769077690999 1.000047864333766 1.505331688591524 200.9009950085036 0.00091632971400872
0.0741 6380.810941118023 1.000047588774821 1.505235885361133 200.6288827328502 0.0008809504967019791
0.0742 6380.852866213861 1.000047314035558 1.505140063524616 200.3563696099062 0.0008467865742049275
0.07430000000000001 6380.894852992421 1.000047040117264 1.505044223115525 200.0834555492637 0.0008138018610724869
0.07440000000000001 6380.936901467594 1.000046767021215 1.504948364167491 199.810140460639 0.000781961152961879
0.0745 6380.979011653254 1.000046494748675 1.504852486714172 199.5364242538489 0.0007512301107508352
0.0746 6381.021183563255 1.000046223300894 1.504756590789288 199.2623068388401 0.0007215752448033753
0.0747 6381.063417211435 1.000045952679115 1.504660676426597 198.987788125672 0.0006929638993734513
0.07480000000000001 6381.105712611614 1.000045682884564 1.504564743659909 198.7128680245099 0.0006653642371556371
0.07490000000000001 6381.148069777592 1.000045413918459 1.504468792523098 198.4375464456497 0.0006387452239861341
0.075 6381.190488723154 1.000045145782003 1.504372823050083 198.1618232994991 0.0006130766136887156
0.0751 6381.232969462065 1.000044878476388 1.504276835274827 197.8856984965786 0.000588328933073642
0.0752 6381.275512008072 1.000044612002794 1.504180829231375 197.6091719475325 0.0005644734670902642
0.07530000000000001 6381.318116374904 1.000044346362388 1.504084804953811 197.3322435631234 0.0005414822441322495
0.07540000000000001 6381.360782576272 1.000044081556324 1.503988762476277 197.0549132542323 0.000519328021499223
0.0755 6381.403510625871 1.000043817585745 1.503892701832984 196.7771809318405 0.0004979842710143258
0.0756 6381.446300537375 1.000043554451778 1.503796623058191 196.4990465070654 0.0004774251648045588
0.0757 6381.48915232444 1.00004329215554 1.503700526186239 196.2205098911426 0.0004576255612366874
0.07580000000000001 6381.532066000704 1.000043030698135 1.503604411251513 195.9415709954259 0.0004385609910157212
0.07590000000000001 6381.575041579788 1.000042770080652 1.503508278288471 195.6622297313814 0.0004202076434452137
0.076 6381.618079075292 1.000042510304168 1.503412127331644 195.3824860106055 0.0004025423528523213
0.0761 6381.6611785008 1.000042251369746 1.503315958415606 195.1023397448006 0.0003855425851743181
0.0762 6381.704339869878 1.000041993278436 1.503219771575021 194.8217908457935 0.0003691864247128509
0.07630000000000001 6381.747563196072 1.000041736031275 1.503123566844609 194.5408392255353 0.0003534525610528083
0.07640000000000001 6381.790848492909 1.000041479629285 1.503027344259169 194.2594847960949 0.0003383202761474315
0.0765 6381.834195773899 1.000041224073476 1.502931103853567 193.9777274696597 0.0003237694315709841
0.0766 6381.877605052532 1.000040969364842 1.502834845662736 193.6955671585414 0.000309780455939467
0.0767 6381.921076342282 1.000040715504366 1.502738569721683 193.4130037751696 0.0002963343324989396
0.07680000000000001 6381.9646096566 1.000040462493014 1.50264227606549 193.1300372320983 0.0002834125868830847
0.07690000000000001 6382.008205008922 1.000040210331739 1.502545964729321 192.8466674420055 0.0002709972750394474
0.077 6382.051862412664 1.000039959021481 1.502449635748394 192.5628943176874 0.0002590709713246691
0.0771 6382.095581881221 1.000039708563164 1.502353289158034 192.2787177720646 0.000247616756769708
0.07720000000000001 6382.139363427973 1.000039458957698 1.502256924993611 191.9941377181757 0.000236618207514103
0.07730000000000001 6382.183207066279 1.000039210205979 1.502160543290591 191.7091540691894 0.0002260593834105656
0.07740000000000001 6382.227112809478 1.000038962308889 1.502064144084519 191.4237667383926 0.000215924816798231
0.0775 6382.271080670892 1.000038715267292 1.501967727411013 191.1379756392024 0.0002061995014463252
0.0776 6382.315110663823 1.000038469082042 1.501871293305776 190.851780685154 0.0001968688816663379
0.07770000000000001 6382.359202801553 1.000038223753974 1.501774841804587 190.5651817899069 0.0001879188415939778
0.07780000000000001 6382.403357097347 1.000037979283912 1.501678372943308 190.2781788672445 0.0001793356946397759
0.0779 6382.447573564449 1.000037735672661 1.501581886757882 189.9907718310805 0.0001711061731083657
0.078 6382.491852216084 1.000037492921013 1.50148538328435 189.7029605954525 0.000163217417985513
0.0781 6382.536193065458 1.000037251029744 1.501388862558807 189.4147450745226 0.0001556569688929829
0.07820000000000001 6382.580596125757 1.000037009999617 1.501292324617462 189.1261251825766 0.0001484127542105151
0.07830000000000001 6382.625061410148 1.000036769831376 1.501195769496589 188.8371008340367 0.0001414730813645954
0.0784 6382.66958893178 1.000036530525751 1.501099197232561 188.5476719434313 0.0001348266272821006
0.0785 6382.714178703779 1.000036292083459 1.501002607861831 188.2578384254365 0.0001284624290108187
0.0786 6382.758830739254 1.000036054505197 1.50090600142093 187.9676001948468 0.0001223698745026818
0.07870000000000001 6382.803545051294 1.000035817791649 1.500809377946491 187.6769571665867 0.0001165386935615883
0.07880000000000001 6382.848321652969 1.000035581943484 1.500712737475226 187.3859092557049 0.0001109589489535648
0.0789 6382.893160557325 1.000035346961352 1.500616080043946 187.0944563773859 0.0001056210276791032
0.079 6382.938061777394 1.00003511284589 1.500519405689537 186.8025984469385 0.0001005156324058928
0.0791 6382.983025326185 1.000034879597718 1.500422714448979 186.5103353797957 9.563377306165501e-005
0.07920000000000001 6383.028051216686 1.000034647217439 1.500326006359348 186.2176670915382 9.096675858612939e-005
0.07930000000000001 6383.073139461868 1.000034415705641 1.500229281457801 185.9245934978588 8.650618883975762e-005
0.0794 6383.11829007468 1.000034185062896 1.500132539781592 185.6311145145809 8.224394666980952e-005
0.0795 6383.163503068052 1.00003395528976 1.500035781368059 185.3372300576633 7.817219013160634e-005
0.0796 6383.208778454892 1.00003372638677 1.499939006254641 185.0429400432012 7.428334486374969e-005
0.07970000000000001 6383.254116248088 1.000033498354449 1.499842214478866 184.7482443874254 7.057009661617846e-005
0.07980000000000001 6383.299516460511 1.000033271193304 1.499745406078342 184.4531430066794 6.702538392946327e-005
0.0799 6383.344979105007 1.000033044903822 1.499648581090795 184.1576358174542 6.364239096500333e-005
0.08 6383.390504194405 1.000032819486479 1.499551739554011 183.8617227363651 6.041454048324642e-005
0.08010000000000001 6383.436091741513 1.00003259494173 1.499454881505893 183.5654036801633 5.733548696969874e-005
0.08020000000000001 6383.481741759118 1.000032371270013 1.499358006984423 183.268678565736 5.439910990667685e-005
0.08030000000000001 6383.527454259984 1.000032148471752 1.499261116027698 182.9715473101063 5.159950718947142e-005
0.0804 6383.573229256858 1.000031926547353 1.49916420867388 182.6740098304216 4.893098868529561e-005
0.0805 6383.619066762465 1.000031705497204 1.499067284961245 182.376066043977 4.638806993390625e-005
0.08060000000000001 6383.664966789509 1.000031485321677 1.498970344928155 182.0777158681916 4.396546598755668e-005
0.08070000000000001 6383.710929350673 1.000031266021128 1.498873388613068 181.7789592206267 4.165808538948951e-005
0.08080000000000001 6383.75695445862 1.000031047595893 1.498776416054533 181.4797960189734 3.946102428871846e-005
0.0809 6383.80304212599 1.000030830046294 1.498679427291201 181.1802261810648 3.736956068989108e-005
0.081 6383.849192365405 1.000030613372635 1.49858242236181 180.8802496248699 3.5379148836235e-005
0.08110000000000001 6383.895405189463 1.000030397575201 1.498485401305201 180.5798662684878 3.348541372404776e-005
0.08120000000000001 6383.941680610744 1.000030182654261 1.498388364160295 180.2790760301654 3.168414574715517e-005
0.0813 6383.988018641803 1.000029968610068 1.498291310966134 179.9778788282796 2.997129546923185e-005
0.0814 6384.034419295177 1.000029755442855 1.498194241761819 179.6762745813493 2.834296852265367e-005
0.0815 6384.08088258338 1.000029543152839 1.498097156586579 179.3742632080292 2.679542063182565e-005
0.08160000000000001 6384.127408518906 1.000029331740221 1.498000055479718 179.0718446271102 2.532505275935547e-005
0.08170000000000001 6384.173997114226 1.000029121205181 1.497902938480646 178.7690187575307 2.392840637330188e-005
0.0818 6384.22064838179 1.000028911547885 1.497805805628855 178.4657855183654 2.260215883352592e-005
0.0819 6384.267362334027 1.000028702768479 1.497708656963943 178.1621448288246 2.134311889551966e-005
0.082 6384.314138983344 1.000028494867092 1.497611492525605 177.8580966082667 2.014822232987358e-005
0.08210000000000001 6384.360978342125 1.000028287843835 1.497514312353621 177.5536407761859 1.901452765541065e-005
0.08220000000000001 6384.407880422737 1.000028081698804 1.497417116487872 177.2487772522126 1.793921198431163e-005
0.0823 6384.454845237518 1.000027876432073 1.497319904968332 176.9435059561364 1.691956697741403e-005
0.0824 6384.50187279879 1.000027672043701 1.49722267783506 176.6378268078655 1.595299490754175e-005
0.0825 6384.54896311885 1.000027468533729 1.497125435128236 176.3317397274735 1.503700482954787e-005
0.08260000000000001 6384.596116209975 1.000027265902179 1.497028176888103 176.0252446351641 1.416920885464711e-005
0.08270000000000001 6384.643332084419 1.000027064149056 1.496930903155017 175.7183414512768 1.334731852760919e-005
0.0828 6384.690610754413 1.000026863274347 1.49683361396942 175.411030096317 1.256914130487585e-005
0.0829 6384.737952232166 1.000026663278021 1.496736309371858 175.1033104909196 1.18325771315293e-005
0.083 6384.785356529868 1.000026464160029 1.496638989402956 174.7951825558561 1.113561511556641e-005
0.08310000000000001 6384.832823659683 1.000026265920304 1.496541654103441 174.486646212063 1.047633029756358e-005
0.08320000000000001 6384.880353633754 1.000026068558761 1.496444303514134 174.1777013806012 9.852880513694246e-006
0.0833 6384.9279464642 1.000025872075297 1.496346937675942 173.8683479826972 9.263503350614284e-006
0.0834 6384.975602163122 1.000025676469791 1.496249556629867 173.5585859397073 8.706513190050184e-006
0.08350000000000001 6385.023320742594 1.000025481742103 1.496152160417013 173.2484151731418 8.18029834155754e-006
0.08360000000000001 6385.071102214668 1.000025287892077 1.496054749078564 172.9378356046585 7.683318261465326e-006
0.08370000000000001 6385.118946591376 1.000025094919537 1.495957322655805 172.6268471560574 7.21410085627404e-006
0.0838 6385.166853884724 1.00002490282429 1.495859881190096 172.3154497492918 6.771239868746389e-006
0.0839 6385.214824106698 1.000024711606123 1.49576242472291 172.0036433064632 6.353392344860197e-006
0.08400000000000001 6385.262857269259 1.000024521264808 1.495664953295792 171.6914277498148 5.95927617989338e-006
0.08410000000000001 6385.310953384347 1.000024331800095 1.495567466950395 171.3788030017435 5.587667741911798e-006
0.08420000000000001 6385.359112463879 1.000024143211719 1.495469965728447 171.065768984788 5.237399570870504e-006
0.0843 6385.407334519747 1.000023955499395 1.495372449671775 170.7523256216467 4.907358151672556e-006
0.0844 6385.455619563821 1.000023768662821 1.495274918822285 170.438472835166 4.596481759409257e-006
0.08450000000000001 6385.503967607949 1.000023582701674 1.495177373221989 170.1242105483337 4.303758375135838e-006
0.08460000000000001 6385.552378663954 1.000023397615617 1.495079812912971 169.8095386842978 4.028223670520286e-006
0.0847 6385.600852743638 1.000023213404292 1.494982237937417 169.4944571663535 3.768959059656565e-006
0.0848 6385.649389858777 1.000023030067322 1.494884648337588 169.1789659179502 3.525089816449156e-006
0.0849 6385.697990021125 1.000022847604313 1.494787044155837 168.8630648626848 3.295783255919444e-006
0.08500000000000001 6385.746653242414 1.000022666014854 1.49468942543461 168.5467539243081 3.080246977851073e-006
0.08510000000000001 6385.795379534351 1.000022485298514 1.494591792216427 168.2300330267184 2.877727171171657e-006
0.0852 6385.844168908619 1.000022305454843 1.494494144543913 167.9129020939739 2.687506977527535e-006
0.0853 6385.893021376879 1.000022126483374 1.494396482459754 167.5953610502864 2.508904912483433e-006
0.0854 6385.941936950768 1.000021948383622 1.49429880600674 167.2774098200097 2.341273342834584e-006
0.08550000000000001 6385.990915641897 1.000021771155082 1.494201115227743 166.9590483276687 2.183997018552474e-006
0.08560000000000001 6386.039957461858 1.000021594797233 1.494103410165709 166.6402764979247 2.036491657826408e-006
0.0857 6386.089062422214 1.000021419309533 1.494005690863681 166.3210942556101 1.898202583812836e-006
0.0858 6386.138230534507 1.000021244691424 1.493907957364772 166.0015015257053 1.768603411589588e-006
0.0859 6386.187461810256 1.000021070942329 1.493810209712185 165.6814982333384 1.647194783942327e-006
0.08600000000000001 6386.236756260953 1.000020898061652 1.493712447949206 165.3610843038031 1.533503154584393e-006
0.08610000000000001 6386.28611389807 1.000020726048779 1.493614672119204 165.0402596625467 1.427079617422937e-006
0.0862 6386.335534733051 1.000020554903078 1.493516882265614 164.7190242351702 1.327498780542535e-006
0.0863 6386.385018777318 1.000020384623899 1.493419078431973 164.3973779474344 1.234357683580042e-006
0.08640000000000001 6386.434566042269 1.000020215210572 1.49332126066188 164.0753207252536 1.147274757186012e-006
0.08650000000000001 6386.484176539277 1.000020046662412 1.493223428999025 163.7528524947019 1.065888823304656e-006
0.08660000000000001 6386.53385027969 1.000019878978712 1.493125583487172 163.4299731820128 9.898581350150038e-007
0.0867 6386.583587274835 1.000019712158749 1.493027724170156 163.1066827135736 9.188594547064094e-007
0.0868 6386.63338753601 1.000019546201781 1.492929851091905 162.7829810159373 8.52587169389693e-007
0.08690000000000001 6386.683251074493 1.000019381107049 1.492831964296414 162.4588680157984 7.907524419527705e-007
0.08700000000000001 6386.733177901534 1.000019216873773 1.492734063827746 162.1343436400292 7.330823972245924e-007
0.08710000000000001 6386.783168028362 1.000019053501157 1.492636149730062 161.8094078156495 6.793193416907814e-007
