0 6365.5 1.000274570643838 1.568922995095561 300.15 2.496575319720585
0.0001 6365.501224298421 1.000274536547243 1.568840345299473 300.142042060262 2.495408994019727
0.0002 6365.502501208031 1.000274500989768 1.568757708493947 300.1337421478019 2.49419305425084
0.0003 6365.503830720606 1.000274463972191 1.568675083407384 300.1251003160613 2.492927571888215
0.0004 6365.505212828739 1.000274425495285 1.56859246890158 300.1161166131973 2.491612620200627
0.0005 6365.506647525748 1.000274385559828 1.568509863952278 300.1067910826372 2.490248274328245
0.0006000000000000001 6365.508134805605 1.000274344166602 1.56842726763357 300.0971237635698 2.488834611349822
0.0007 6365.509674662873 1.000274301316393 1.568344679103824 300.0871146913236 2.487371710333238
0.0008 6365.511267092654 1.000274257009997 1.56826209759539 300.0767638977508 2.485859652386705
0.0009000000000000001 6365.512912090539 1.000274211248215 1.568179522405193 300.0660714114996 2.484298520693361
0.001 6365.514609652568 1.00027416403186 1.568096952886356 300.0550372583097 2.482688400549123
0.0011 6365.516359775198 1.000274115361756 1.568014388441606 300.043661461213 2.48102937938653
0.0012 6365.518162455266 1.000274065238737 1.567931828517855 300.0319440407706 2.479321546803589
0.0013 6365.520017689963 1.000274013663649 1.567849272601396 300.0198850152436 2.477564994582926
0.0014 6365.521925476808 1.000273960637354 1.567766720212714 300.0074844007476 2.475759816708182
0.0015 6365.523885813631 1.000273906160724 1.567684170903906 299.9947422113995 2.473906109379366
0.0016 6365.525898698546 1.000273850234646 1.567601624254661 299.9816584594545 2.472003971026293
0.0017 6365.527964129937 1.000273792860023 1.567519079869868 299.9682331554117 2.470053502317549
0.0018 6365.530082106442 1.000273734037771 1.567436537377143 299.9544663081268 2.468054806170132
0.0019 6365.532252626937 1.000273673768823 1.567353996424391 299.9403579249068 2.466007987756341
0.002 6365.534475690526 1.000273612054126 1.567271456678125 299.9259080115807 2.463913154507048
0.0021 6365.536751296526 1.000273548894644 1.567188917821703 299.9111165725821 2.461770416116525
0.0022 6365.539079444458 1.000273484291359 1.567106379553713 299.8959836110265 2.459579884546228
0.0023 6365.541460134036 1.000273418245265 1.567023841587017 299.8805091287644 2.457341674024985
0.0024 6365.543893365161 1.000273350757377 1.566941303647043 299.8646931264519 2.455055901051578
0.0025 6365.54637913791 1.000273281828725 1.566858765470896 299.8485356035866 2.452722684392022
0.0026 6365.548917452526 1.000273211460356 1.566776226806905 299.8320365585781 2.450342145081804
0.0027 6365.55150830942 1.000273139653335 1.566693687412786 299.8151959887722 2.447914406421122
0.0028 6365.554151709153 1.000273066408744 1.566611147055836 299.7980138905035 2.445439593974217
0.0029 6365.556847652442 1.000272991727683 1.566528605511457 299.7804902591255 2.442917835565131
0.003 6365.559596140145 1.000272915611269 1.56644606256308 299.7626250890575 2.440349261275862
0.0031 6365.562397173263 1.000272838060637 1.56636351800134 299.7444183737906 2.437734003438379
0.0032 6365.565250752929 1.00027275907694 1.566280971623469 299.7258701059649 2.43507219663669
0.0033 6365.568156880408 1.000272678661349 1.566198423233042 299.7069802773452 2.432363977694299
0.0034 6365.571115557095 1.000272596815053 1.566115872639394 299.6877488788808 2.429609485673382
0.0035 6365.574126784504 1.000272513539261 1.566033319657287 299.6681759007228 2.426808861867864
0.0036 6365.577190564272 1.000272428835195 1.565950764106608 299.6482613322299 2.423962249794644
0.0037 6365.580306898151 1.000272342704101 1.565868205811804 299.6280051620164 2.421069795190587
0.0038 6365.583475788008 1.000272255147241 1.565785644601798 299.6074073779454 2.418131646001736
0.0039 6365.586697235822 1.000272166165894 1.565703080309733 299.5864679671589 2.415147952377451
0.004 6365.589971243676 1.00027207576136 1.565620512772445 299.5651869161073 2.412118866664368
0.0041 6365.593297813764 1.000271983934955 1.565537941830578 299.5435642105375 2.409044543394317
0.004200000000000001 6365.596676948378 1.000271890688014 1.565455367328201 299.5215998355401 2.405925139280499
0.0043 6365.600108649917 1.000271796021893 1.565372789112514 299.4992937755377 2.402760813205091
0.0044 6365.603592920876 1.000271699937964 1.56529020703371 299.4766460143086 2.399551726211744
0.004500000000000001 6365.607129763848 1.000271602437617 1.565207620944897 299.4536565349866 2.396298041494584
0.0046 6365.610719181521 1.000271503522263 1.565125030702082 299.4303253201146 2.392999924394573
0.0047 6365.614361176677 1.000271403193329 1.565042436163441 299.4066523515966 2.389657542381503
0.0048 6365.618055752193 1.000271301452262 1.564959837189969 299.3826376107458 2.386271065049233
0.0049 6365.621802911031 1.000271198300528 1.564877233644624 299.3582810783017 2.382840664106565
0.005 6365.625602656246 1.00027109373961 1.564794625392731 299.3335827344012 2.379366513361328
0.0051 6365.629454990981 1.000270987771011 1.564712012301626 299.3085425586249 2.375848788715131
0.005200000000000001 6365.633359918465 1.000270880396253 1.564629394240512 299.2831605299806 2.37228766814882
0.0053 6365.637317442011 1.000270771616873 1.564546771080596 299.2574366269258 2.368683331713609
0.0054 6365.641327565018 1.000270661434431 1.564464142694778 299.2313708273804 2.365035961520387
0.005500000000000001 6365.645390290966 1.000270549850503 1.564381508957753 299.2049631087201 2.361345741726408
0.0056 6365.649505623418 1.000270436866684 1.56429886974557 299.1782134477829 2.357612858523501
0.0057 6365.653673566018 1.000270322484588 1.56421622493606 299.1511218208806 2.35383750012695
0.005800000000000001 6365.65789412249 1.000270206705848 1.564133574408419 299.1236882038164 2.350019856765062
0.0059 6365.662167296634 1.000270089532114 1.564050918043298 299.0959125718795 2.346160120665288
0.006 6365.666493092333 1.000269970965055 1.563968255722612 299.0677948998385 2.342258486040222
0.0061 6365.670871513543 1.000269851006359 1.56388558732963 299.0393351619717 2.338315149078384
0.006200000000000001 6365.675302564298 1.000269729657731 1.563802912748782 299.0105333320606 2.33433030792993
0.0063 6365.67978624871 1.000269606920898 1.563720231865719 298.9813893833842 2.330304162692245
0.0064 6365.684322570962 1.0002694827976 1.563637544567228 298.9519032887487 2.326236915400297
0.006500000000000001 6365.688911535312 1.0002693572896 1.563554850741201 298.9220750204694 2.322128770010318
0.0066 6365.693553146093 1.000269230398677 1.563472150276538 298.8919045503948 2.317979932389062
0.0067 6365.69824740771 1.000269102126629 1.563389443063202 298.8613918498885 2.313790610297234
0.006800000000000001 6365.702994324639 1.000268972475273 1.563306728991936 298.8305368898472 2.30956101337767
0.006900000000000001 6365.707793901428 1.000268841446441 1.563224007954777 298.7993396407181 2.305291353143368
0.007 6365.712646142698 1.000268709041988 1.563141279844325 298.767800072464 2.30098184295811
0.0071 6365.717551053138 1.000268575263783 1.563058544554155 298.7359181546038 2.296632698027476
0.007200000000000001 6365.722508637507 1.000268440113717 1.562975801978723 298.7036938562018 2.292244135382447
0.0073 6365.727518900636 1.000268303593695 1.562893052013339 298.6711271458665 2.287816373864507
0.0074 6365.73258184742 1.000268165705644 1.56281029455398 298.6382179917695 2.283349634113021
0.007500000000000001 6365.737697482826 1.000268026451506 1.562727529497437 298.6049663616326 2.278844138548475
0.0076 6365.742865811887 1.000267885833242 1.562644756741292 298.5713722227346 2.274300111358012
0.0077 6365.748086839704 1.000267743852832 1.562561976183699 298.5374355419225 2.269717778481629
0.007800000000000001 6365.753360571444 1.000267600512273 1.562479187723625 298.5031562856119 2.265097367596658
0.007900000000000001 6365.758687012343 1.00026745581358 1.562396391260693 298.4685344197691 2.260439108099741
0.008 6365.764066167701 1.000267309758785 1.562313586695188 298.4335699099464 2.255743231095857
0.0081 6365.769498042882 1.00026716234994 1.562230773927926 298.3982627212648 2.251009969380058
0.008200000000000001 6365.774982643318 1.000267013589113 1.56214795286047 298.3626128184313 2.246239557423857
0.0083 6365.780519974505 1.00026686347839 1.562065123394955 298.3266201657156 2.241432231355964
0.008400000000000001 6365.786110042002 1.000266712019875 1.561982285434029 298.2902847269851 2.236588228950804
0.008500000000000001 6365.791752851434 1.000266559215689 1.561899438880961 298.2536064656819 2.231707789609033
0.0086 6365.797448408487 1.000266405067972 1.561816583639621 298.216585344834 2.226791154342677
0.008700000000000001 6365.803196718914 1.000266249578879 1.561733719614357 298.1792213270618 2.221838565759357
0.008800000000000001 6365.808997788527 1.000266092750586 1.561650846710047 298.1415143745716 2.216850268044851
0.0089 6365.814851623205 1.000265934585285 1.561567964832127 298.1034644491678 2.211826506947892
0.009000000000000001 6365.820758228885 1.000265775085183 1.5614850738865 298.0650715122469 2.2067675297625
0.0091 6365.826717611569 1.000265614252508 1.561402173779669 298.0263355248034 2.201673585311794
0.0092 6365.832729777319 1.000265452089503 1.561319264418406 297.9872564474298 2.196544923930896
0.009300000000000001 6365.838794732258 1.000265288598428 1.561236345710219 297.9478342403226 2.191381797450526
0.0094 6365.844912482572 1.000265123781563 1.561153417562894 297.908068863282 2.186184459179708
0.0095 6365.851083034507 1.000264957641204 1.561070479884703 297.8679602757064 2.180953163887608
0.009600000000000001 6365.857306394369 1.00026479017966 1.560987532584471 297.827508436604 2.175688167787589
0.0097 6365.863582568523 1.000264621399264 1.560904575571366 297.7867133045987 2.170389728520394
0.0098 6365.869911563398 1.000264451302361 1.560821608754987 297.7455748379124 2.165058105134153
0.009900000000000001 6365.876293385479 1.000264279891315 1.56073863204543 297.7040929943886 2.159693558069677
0.01 6365.882728041309 1.000264107168505 1.560655645353177 297.6622677314925 2.154296349142574
0.0101 6365.889215537494 1.00026393313633 1.56057264858903 297.6200990062874 2.148866741522227
0.0102 6365.895755880698 1.000263757797203 1.560489641664398 297.5775867754641 2.14340499971756
0.0103 6365.902349077642 1.000263581153556 1.560406624490871 297.5347309953289 2.137911389557359
0.0104 6365.908995135105 1.000263403207835 1.560323596980558 297.4915316218161 2.132386178173558
0.0105 6365.915694059928 1.000263223962505 1.560240559045938 297.4479886104695 2.126829633980634
0.0106 6365.922445859004 1.000263043420046 1.56015751059985 297.4041019164723 2.121242026660986
0.0107 6365.929250539289 1.000262861582956 1.560074451555538 297.3598714946237 2.115623627143412
0.0108 6365.936108107791 1.000262678453748 1.559991381826586 297.3152972993561 2.109974707586791
0.0109 6365.943018571582 1.000262494034952 1.559908301326948 297.2703792847177 2.104295541359177
0.011 6365.949981937785 1.000262308329114 1.559825209970976 297.2251174043962 2.098586403022053
0.0111 6365.956998213582 1.000262121338799 1.559742107673362 297.1795116117186 2.092847568311502
0.0112 6365.96406740621 1.000261933066582 1.55965899434918 297.1335618596335 2.087079314117071
0.0113 6365.971189522965 1.000261743515062 1.559575869913742 297.0872681007289 2.081281918465036
0.0114 6365.978364571196 1.000261552686847 1.559492734282894 297.0406302872265 2.075455660498601
0.0115 6365.985592558309 1.000261360584566 1.559409587372707 296.9936483709929 2.069600820460265
0.0116 6365.992873491766 1.000261167210862 1.559326429099524 296.9463223035226 2.063717679670396
0.0117 6366.000207379085 1.000260972568393 1.559243259380197 296.8986520359493 2.057806520509462
0.0118 6366.007594227836 1.000260776659834 1.559160078131836 296.850637519064 2.051867626400879
0.0119 6366.015034045649 1.000260579487878 1.55907688527181 296.802278703285 2.045901281787947
0.012 6366.022526840202 1.000260381055229 1.55899368071793 296.7535755386879 2.039907772118037
0.0121 6366.030072619233 1.000260181364609 1.55891046438832 296.7045279749876 2.033887383820863
0.0122 6366.037671390533 1.000259980418758 1.558827236201333 296.6551359615386 2.027840404288894
0.0123 6366.045323161945 1.000259778220427 1.558743996075746 296.6053994473581 2.021767121860589
0.0124 6366.053027941368 1.000259574772386 1.558660743930566 296.5553183811088 2.015667825798501
0.0125 6366.060785736755 1.000259370077418 1.558577479685237 296.5048927110928 2.009542806268786
0.0126 6366.068596556111 1.000259164138323 1.558494203259422 296.454122385281 2.00339235432496
0.0127 6366.076460407494 1.000258956957917 1.558410914573102 296.4030073512898 1.997216761885126
0.0128 6366.084377299017 1.000258748539028 1.55832761354661 296.3515475563867 1.991016321712756
0.0129 6366.092347238846 1.000258538884503 1.558244300100551 296.2997429475021 1.984791327398112
0.013 6366.100370235195 1.0002583279972 1.558160974155936 296.2475934712296 1.978542073338186
0.0131 6366.108446296337 1.000258115879996 1.558077635633884 296.1950990738081 1.972268854714469
0.0132 6366.116575430594 1.000257902535781 1.557994284456033 296.1422597011396 1.96597196747494
0.0133 6366.124757646338 1.000257687967458 1.557910920544213 296.0890752988006 1.959651708315258
0.0134 6366.132992951998 1.000257472177949 1.557827543820548 296.0355458120133 1.953308374655012
0.0135 6366.141281356051 1.000257255170188 1.557744154207519 295.9816711856687 1.946942264620243
0.0136 6366.149622867027 1.000257036947124 1.557660751627851 295.9274513643267 1.940553677023113
0.0137 6366.158017493506 1.000256817511721 1.557577336004606 295.8728862922102 1.934142911340833
0.0138 6366.166465244121 1.000256596866957 1.55749390726115 295.8179759132112 1.927710267695955
0.0139 6366.174966127555 1.000256375015825 1.557410465321091 295.7627201708905 1.921256046835921
0.014 6366.183520152543 1.000256151961332 1.557327010108385 295.707119008472 1.914780550111895
0.0141 6366.192127327867 1.000255927706499 1.557243541547296 295.6511723688662 1.908284079461002
0.0142 6366.200787662363 1.000255702254363 1.557160059562317 295.594880194641 1.901766937382334
0.0143 6366.209501164916 1.000255475607973 1.55707656407826 295.5382424280446 1.89522942691912
0.0144 6366.218267844463 1.000255247770393 1.55699305502027 295.4812590109885 1.888671851636069
0.0145 6366.227087709987 1.000255018744701 1.556909532313747 295.4239298850829 1.882094515602816
0.0146 6366.235960770523 1.00025478853399 1.556825995884369 295.3662549916006 1.87549772336917
0.0147 6366.244887035155 1.000254557141364 1.55674244565813 295.3082342714896 1.868881779945789
0.0148 6366.253866513018 1.000254324569945 1.556658881561311 295.2498676653844 1.862246990784821
0.0149 6366.262899213293 1.000254090822864 1.556575303520446 295.1911551135944 1.855593661757824
0.015 6366.271985145213 1.000253855903269 1.55649171146242 295.1320965561157 1.848922099136349
0.0151 6366.281124318058 1.000253619814322 1.556408105314354 295.0726919326252 1.842232609570502
0.0152 6366.290316741157 1.000253382559195 1.556324485003674 295.0129411824804 1.835525500068153
0.0153 6366.299562423887 1.000253144141077 1.556240850458112 294.9528442447376 1.828801077976128
0.0154 6366.308861375673 1.000252904563168 1.556157201605664 294.8924010581276 1.822059650956731
0.0155 6366.31821360599 1.000252663828683 1.556073538374592 294.8316115610681 1.815301526968248
0.0156 6366.327619124358 1.000252421940849 1.555989860693493 294.7704756916754 1.808527014245422
0.0157 6366.337077940348 1.000252178902907 1.555906168491223 294.7089933877404 1.801736421275981
0.0158 6366.346590063577 1.00025193471811 1.555822461696874 294.6471645867526 1.794930056782408
0.0159 6366.356155503707 1.000251689389725 1.555738740239962 294.584989225906 1.78810822970172
0.016 6366.365774270451 1.000251442921032 1.555655004050122 294.5224672420694 1.781271249161353
0.0161 6366.375446373567 1.000251195315323 1.555571253057401 294.459598571816 1.774419424461552
0.0162 6366.385171822859 1.000250946575903 1.555487487192053 294.3963831514174 1.767553065053847
0.0163 6366.39495062818 1.000250696706089 1.555403706384653 294.332820916832 1.760672480518907
0.0164 6366.404782799426 1.000250445709213 1.55531991056603 294.2689118037287 1.753777980548247
0.0165 6366.414668346544 1.000250193588617 1.555236099667351 294.2046557474627 1.746869874920812
0.0166 6366.424607279523 1.000249940347656 1.555152273619996 294.1400526830997 1.739948473484683
0.0167 6366.434599608399 1.000249685989699 1.55506843235568 294.0751025454041 1.733014086134958
0.0168 6366.444645343255 1.000249430518124 1.554984575806415 294.0098052688444 1.726067022793556
0.0169 6366.454744494217 1.000249173936325 1.554900703904419 293.9441607875878 1.719107593387772
0.017 6366.46489707146 1.000248916247705 1.554816816582284 293.8781690355116 1.712136107830724
0.0171 6366.4751030852 1.000248657455681 1.55473291377281 293.8118299461979 1.705152875999936
0.0172 6366.485362545703 1.000248397563681 1.55464899540913 293.7451434529329 1.698158207716569
0.0173 6366.495675463274 1.000248136575146 1.554565061424629 293.6781094887191 1.691152412725901
0.0174 6366.506041848267 1.000247874493527 1.554481111753008 293.6107279862634 1.68413580067535
0.0175 6366.51646171108 1.000247611322289 1.554397146328219 293.5429988779832 1.677108681094385
0.0176 6366.526935062153 1.000247347064905 1.554313165084532 293.474922096006 1.670071363373833
0.0177 6366.537461911972 1.000247081724865 1.554229167956462 293.4064975721816 1.663024156746436
0.0178 6366.548042271066 1.000246815305665 1.554145154878846 293.33772523807 1.655967370264984
0.0179 6366.55867615001 1.000246547810816 1.554061125786749 293.2686050249357 1.648901312781108
0.018 6366.569363559419 1.000246279243838 1.55397708061558 293.1991368637772 1.641826292927727
0.0181 6366.580104509953 1.000246009608265 1.553893019301011 293.1293206853032 1.634742619096076
0.0182 6366.590899012318 1.00024573890764 1.553808941778967 293.059156419933 1.627650599415198
0.0183 6366.601747077259 1.000245467145516 1.553724847985707 292.9886439978194 1.620550541733866
0.0184 6366.612648715565 1.000245194325461 1.553640737857737 292.917783348826 1.613442753597743
0.0185 6366.623603938068 1.00024492045105 1.553556611331874 292.846574402556 1.606327542231945
0.0186 6366.634612755644 1.000244645525871 1.553472468345165 292.7750170883113 1.599205214516541
0.0187 6366.64567517921 1.000244369553522 1.55338830883502 292.7031113351335 1.592076076970365
0.0188 6366.656791219723 1.000244092537612 1.553304132739072 292.6308570717982 1.584940435730135
0.0189 6366.667960888188 1.000243814481759 1.553219939995278 292.5582542267797 1.577798596526717
0.019 6366.679184195645 1.000243535389594 1.553135730541847 292.4853027283097 1.570650864670778
0.0191 6366.690461153178 1.000243255264757 1.553051504317289 292.412002504342 1.563497545029139
0.0192 6366.701791771916 1.000242974110899 1.552967261260412 292.338353482547 1.556338942004129
0.0193 6366.713176063024 1.000242691931679 1.55288300131027 292.2643555903463 1.549175359517003
0.0194 6366.72461403771 1.000242408730771 1.552798724406226 292.1900087548842 1.542007100985083
0.0195 6366.736105707225 1.000242124511854 1.552714430487952 292.1153129030384 1.534834469302984
0.0196 6366.747651082858 1.000241839278619 1.552630119495366 292.0402679614211 1.527657766822747
0.0197 6366.759250175941 1.000241553034767 1.552545791368679 291.9648738563841 1.520477295334595
0.0198 6366.770902997844 1.00024126578401 1.552461446048401 291.8891305140131 1.513293356046622
0.0199 6366.782609559979 1.000240977530067 1.552377083475328 291.8130378601398 1.50610624956622
0.02 6366.794369873795 1.00024068827667 1.552292703590524 291.7365958203299 1.498916275879341
0.0201 6366.806183950786 1.000240398027557 1.552208306335358 291.6598043198945 1.49172373433205
0.0202 6366.818051802481 1.000240106786478 1.552123891651486 291.5826632838733 1.484528923609384
0.0203 6366.829973440451 1.000239814557191 1.552039459480811 291.5051726370692 1.477332141719236
0.0204 6366.841948876304 1.000239521343465 1.551955009765593 291.4273323040251 1.470133685970793
0.0205 6366.853978121691 1.000239227149077 1.551870542448316 291.3491422090118 1.46293385295417
0.0206 6366.866061188297 1.000238931977814 1.551786057471779 291.2706022760698 1.455732938525036
0.0207 6366.878198087849 1.000238635833469 1.551701554779064 291.1917124289793 1.448531237782744
0.0208 6366.890388832114 1.000238338719849 1.551617034313533 291.1124725912604 1.441329045051293
0.0209 6366.902633432894 1.000238040640766 1.551532496018843 291.0328826861909 1.434126653861977
0.021 6366.91493190203 1.000237741600043 1.551447939838937 290.9529426368061 1.426924356934478
0.0211 6366.927284251402 1.00023744160151 1.551363365718052 290.8726523658874 1.419722446156985
0.0212 6366.939690492927 1.000237140649006 1.551278773600693 290.7920117959733 1.412521212568533
0.0213 6366.952150638561 1.000236838746381 1.551194163431672 290.7110208493544 1.405320946339829
0.0214 6366.964664700297 1.00023653589749 1.551109535156062 290.629679448073 1.398121936754704
0.0215 6366.977232690163 1.000236232106198 1.551024888719284 290.5479875139407 1.390924472193214
0.0216 6366.989854620228 1.000235927376378 1.55094022406697 290.4659449685208 1.383728840111689
0.0217 6367.002530502595 1.000235621711912 1.5508555411451 290.3835517331344 1.376535327024974
0.0218 6367.015260349405 1.000235315116689 1.550770839899899 290.3008077288658 1.369344218488754
0.0219 6367.028044172837 1.000235007594608 1.550686120277915 290.2177128765574 1.362155799080944
0.022 6367.040881985104 1.000234699149572 1.550601382225957 290.1342670968264 1.354970352385221
0.0221 6367.053773798454 1.000234389785497 1.550516625691164 290.0504703100481 1.347788160971578
0.0222 6367.066719625175 1.000234079506302 1.550431850620913 289.9663224363611 1.340609506379038
0.0223 6367.07971947759 1.000233768315917 1.550347056962892 289.8818233956675 1.333434669097962
0.0224 6367.092773368056 1.000233456218278 1.55026224466508 289.796973107639 1.326263928552946
0.0225 6367.105881308964 1.00023314321733 1.550177413675756 289.7117714917343 1.319097563086818
0.0226 6367.119043312746 1.000232829317023 1.550092563943457 289.6262184671522 1.311935849939259
0.0227 6367.132259391863 1.000232514521317 1.550007695417053 289.5403139528902 1.304779065234502
0.0228 6367.145529558816 1.000232198834177 1.549922808045659 289.4540578676978 1.297627483960182
0.0229 6367.158853826137 1.000231882259576 1.5498379017787 289.3674501301115 1.290481379953245
0.023 6367.172232206394 1.000231564801496 1.549752976565895 289.2804906584373 1.283341025881512
0.0231 6367.18566471219 1.000231246463923 1.549668032357266 289.1931793707626 1.276206693227818
0.0232 6367.199151356162 1.000230927250853 1.549583069103069 289.1055161849498 1.269078652272802
0.0233 6367.212692150979 1.000230607166284 1.549498086753922 289.0175010186371 1.261957172078301
0.0234 6367.226287109347 1.000230286214226 1.549413085260688 288.9291337892436 1.254842520471347
0.0235 6367.239936244005 1.000229964398694 1.549328064574506 288.8404144139698 1.247734964027793
0.0236 6367.253639567724 1.000229641723707 1.549243024646864 288.7513428097917 1.240634768055597
0.0237 6367.26739709331 1.000229318193294 1.549157965429483 288.6619188934841 1.233542196580577
0.0238 6367.2812088336 1.00022899381149 1.54907288687439 288.5721425815972 1.226457512328516
0.0239 6367.295074801468 1.000228668582333 1.548987788933921 288.4820137904566 1.219380976709309
0.024 6367.308995009816 1.000228342509871 1.548902671560684 288.3915324361986 1.212312849803992
0.0241 6367.322969471581 1.000228015598156 1.54881753470759 288.3006984347234 1.205253390345406
0.0242 6367.336998199732 1.000227687851247 1.548732378327814 288.2095117017415 1.198202855706401
0.0243 6367.351081207271 1.000227359273209 1.548647202374876 288.1179721527391 1.191161501881712
0.0244 6367.365218507232 1.000227029868112 1.548562006802496 288.0260797029954 1.184129583474109
0.0245 6367.379410112678 1.000226699640034 1.548476791564766 287.9338342675945 1.177107353680197
0.0246 6367.393656036708 1.000226368593056 1.548391556616034 287.841235761396 1.170095064273199
0.0247 6367.407956292451 1.000226036731265 1.548306301910965 287.74828409907 1.163092965590832
0.0248 6367.422310893066 1.000225704058756 1.54822102740444 287.6549791950741 1.156101306518819
0.0249 6367.436719851744 1.000225370579627 1.54813573305173 287.5613209636648 1.149120334477242
0.025 6367.451183181707 1.000225036297982 1.548050418808336 287.4673093189034 1.142150295406565
0.0251 6367.465700896208 1.000224701217932 1.54796508463005 287.3729441746503 1.135191433752921
0.0252 6367.48027300853 1.00022436534359 1.547879730472982 287.2782254445532 1.128243992453126
0.0253 6367.494899531988 1.000224028679076 1.547794356293488 287.1831530420762 1.121308212922878
0.0254 6367.509580479926 1.000223691228516 1.547708962048261 287.0877268804828 1.11438433504161
0.0255 6367.524315865717 1.000223352996039 1.547623547694269 286.9919468728411 1.107472597139237
0.0256 6367.539105702766 1.000223013985781 1.547538113188739 286.8958129320243 1.100573235982619
0.0257 6367.553950004505 1.00022267420188 1.547452658489237 286.7993249707164 1.09368648676259
0.0258 6367.5688487844 1.000222333648481 1.547367183553565 286.7024829014002 1.086812583079879
0.0259 6367.583802055943 1.000221992329733 1.547281688339861 286.6052866363697 1.079951756932867
0.026 6367.598809832654 1.000221650249789 1.547196172806538 286.5077360877471 1.073104238705897
0.0261 6367.613872128085 1.000221307412807 1.54711063691228 286.4098311674478 1.066270257153984
0.0262 6367.628988955816 1.000220963822949 1.547025080616091 286.3115717871982 1.059450039391459
0.0263 6367.644160329453 1.000220619484382 1.54693950387724 286.2129578585531 1.05264381088072
0.0264 6367.659386262635 1.000220274401278 1.546853906655276 286.1139892928721 1.045851795418277
0.0265 6367.674666769026 1.000219928577809 1.546768288910066 286.0146660013319 1.039074215123426
0.0266 6367.690001862318 1.000219582018157 1.546682650601753 285.9149878949314 1.03231129042665
0.0267 6367.705391556233 1.000219234726502 1.546596991690776 285.8149548844866 1.025563240057388
0.0268 6367.720835864518 1.000218886707033 1.546511312137833 285.7145668806301 1.018830281032364
0.0269 6367.736334800951 1.000218537963939 1.546425611903944 285.613823793817 1.012112628644482
0.027 6367.751888379335 1.000218188501416 1.546339890950377 285.5127255343253 1.005410496451482
0.0271 6367.767496613498 1.00021783832366 1.546254149238755 285.4112720122615 0.9987240962651481
0.0272 6367.783159517301 1.000217487434874 1.546168386730907 285.3094631375428 0.9920536381391344
0.0273 6367.798877104627 1.000217135839263 1.546082603389017 285.2072988199269 0.9853993303600639
0.0274 6367.814649389386 1.000216783541034 1.545996799175508 285.1047789689941 0.9787613794356839
0.0275 6367.830476385516 1.000216430544399 1.545910974053128 285.0019034941473 0.972139990084368
0.0276 6367.846358106981 1.000216076853573 1.545825127984876 284.898672304624 0.9655353652255462
0.0277 6367.862294567771 1.000215722472775 1.545739260934059 284.7950853094902 0.9589477059691559
0.0278 6367.878285781902 1.000215367406225 1.54565337286426 284.6911424176404 0.9523772116056554
0.0279 6367.894331763414 1.000215011658146 1.545567463739375 284.5868435378096 0.945824079596951
0.028 6367.910432526375 1.000214655232768 1.545481533523542 284.4821885785613 0.939288505566004
0.0281 6367.926588084878 1.000214298134318 1.545395582181203 284.3771774482933 0.9327706832877354
0.0282 6367.942798453039 1.000213940367029 1.545309609677119 284.2718100552442 0.9262708046800995
0.0283 6367.959063645001 1.000213581935137 1.545223615976267 284.1660863074925 0.9197890597949584
0.0284 6367.975383674932 1.00021322284288 1.545137601043969 284.0600061129397 0.9133256368080601
0.0285 6367.991758557024 1.000212863094497 1.545051564845801 283.9535693793454 0.9068807220124503
0.0286 6368.008188305493 1.000212502694231 1.544965507347646 283.8467760142975 0.900454499808082
0.0287 6368.024672934579 1.000212141646328 1.544879428515623 283.7396259252363 0.8940471526948467
0.0288 6368.041212458549 1.000211779955035 1.544793328316194 283.6321190194307 0.8876588612629357
0.0289 6368.05780689169 1.000211417624601 1.544707206716068 283.5242552040135 0.8812898041869147
0.029 6368.074456248316 1.000211054659277 1.54462106368225 283.4160343859461 0.8749401582157557
0.0291 6368.091160542763 1.000210691063319 1.544534899182011 283.3074564720422 0.8686100981665699
0.0292 6368.10791978939 1.00021032684098 1.544448713182915 283.1985213689676 0.8622997969171059
0.0293 6368.12473400258 1.000209961996519 1.544362505652821 283.0892289832285 0.856009425397759
0.0294 6368.14160319674 1.000209596534195 1.544276276559854 282.9795792211893 0.8497391525854752
0.0295 6368.158527386298 1.000209230458269 1.54419002587241 282.8695719890606 0.8434891454961337
0.0296 6368.175506585707 1.000208863773003 1.544103753559184 282.7592071929051 0.8372595691781389
0.0297 6368.192540809439 1.000208496482663 1.544017459589139 282.648484738644 0.8310505867061889
0.0298 6368.209630071992 1.000208128591513 1.543931143931536 282.5374045320504 0.8248623591745659
0.0299 6368.226774387885 1.000207760103821 1.543844806555899 282.4259664787495 0.8186950456909532
0.03 6368.243973771657 1.000207391023856 1.543758447432019 282.3141704842309 0.8125488033710925
0.0301 6368.261228237872 1.000207021355887 1.543672066529991 282.2020164538302 0.8064237873319978
0.0302 6368.278537801114 1.000206651104186 1.543585663820191 282.089504292759 0.8003201506879558
0.0303 6368.295902475988 1.000206280273024 1.543499239273238 281.976633906081 0.7942380445437971
0.0304 6368.313322277121 1.000205908866675 1.543412792860066 281.8634051987123 0.7881776179896737
0.0305 6368.330797219162 1.000205536889413 1.543326324551861 281.7498180754445 0.782139018097282
0.0306 6368.348327316779 1.000205164345513 1.543239834320089 281.6358724409337 0.7761223899143609
0.0307 6368.365912584664 1.000204791239251 1.543153322136511 281.5215681996818 0.770127876459102
0.0308 6368.383553037525 1.000204417574904 1.543066787973143 281.4069052560848 0.7641556187181667
0.0309 6368.401248690096 1.000204043356749 1.542980231802276 281.2918835143786 0.7582057556396159
0.031 6368.418999557125 1.000203668589065 1.542893653596474 281.1765028786871 0.7522784241312942
0.0311 6368.436805653386 1.000203293276129 1.542807053328604 281.0607632529922 0.746373759055401
0.0312 6368.454666993669 1.000202917422222 1.54272043097177 280.9446645411516 0.7404918932257081
0.0313 6368.472583592786 1.000202541031622 1.542633786499359 280.8282066468931 0.7346329574037499
0.0314 6368.490555465566 1.000202164108609 1.542547119885047 280.7113894738203 0.7287970802958114
0.0315 6368.508582626861 1.000201786657463 1.542460431102774 280.5942129254066 0.7229843885495155
0.0316 6368.526665091539 1.000201408682466 1.542373720126725 280.4766769049955 0.71719500675091
0.0317 6368.54480287449 1.000201030187896 1.542286986931398 280.3587813158182 0.7114290574226148
0.0318 6368.562995990618 1.000200651178035 1.542200231491533 280.2405260609816 0.7056866610207003
0.03190000000000001 6368.581244454853 1.000200271657162 1.542113453782159 280.1219110434566 0.6999679359317873
0.032 6368.599548282138 1.000199891629559 1.542026653778541 280.0029361661021 0.6942729984720593
0.0321 6368.617907487435 1.000199511099506 1.541939831456242 279.8836013316703 0.6886019628855854
0.0322 6368.636322085727 1.000199130071282 1.541852986791102 279.7639064427716 0.6829549413408823
0.0323 6368.654792092014 1.000198748549168 1.541766119759188 279.64385140191 0.6773320439310577
0.0324 6368.673317521311 1.000198366537442 1.541679230336887 279.5234361114771 0.6717333786721617
0.0325 6368.691898388654 1.000197984040385 1.541592318500794 279.4026604737463 0.6661590515017473
0.0326 6368.710534709097 1.000197601062273 1.541505384227811 279.281524390873 0.6606091662779119
0.0327 6368.729226497708 1.000197217607386 1.54141842749509 279.1600277648998 0.655083824778803
0.0328 6368.747973769575 1.000196833680001 1.541331448280043 279.0381704977634 0.6495831267023109
0.0329 6368.766776539803 1.000196449284393 1.541244446560377 278.9159524912819 0.6441071696651535
0.033 6368.785634823513 1.00019606442484 1.541157422314001 278.7933736471672 0.6386560492032324
0.0331 6368.804548635842 1.000195679105616 1.541070375519162 278.6704338670246 0.6332298587716406
0.0332 6368.823517991947 1.000195293330996 1.540983306154304 278.5471330523473 0.6278286897446114
0.0333 6368.842542906996 1.000194907105253 1.540896214198171 278.4234711045277 0.6224526314164425
0.0334 6368.861623396178 1.000194520432659 1.540809099629743 278.2994479248463 0.6171017710015786
0.0335 6368.880759474696 1.000194133317485 1.54072196242829 278.1750634144768 0.61177619363567
0.03360000000000001 6368.89995115777 1.000193745764003 1.540634802573293 278.0503174744985 0.6064759823770658
0.0337 6368.919198460633 1.00019335777648 1.540547620044541 277.9252100058842 0.6012012182074877
0.0338 6368.938501398538 1.000192969359185 1.540460414822071 277.7997409095004 0.5959519800334155
0.0339 6368.957859986751 1.000192580516384 1.540373186886143 277.673910086119 0.5907283446881569
0.034 6368.977274240552 1.000192191252341 1.540285936217327 277.5477174364113 0.585530386933362
0.0341 6368.996744175238 1.000191801571322 1.540198662796391 277.421162860954 0.5803581794612258
0.0342 6369.01626980612 1.000191411477587 1.540111366604402 277.2942462602176 0.5752117928961581
0.0343 6369.035851148526 1.000191020975398 1.540024047622658 277.1669675345837 0.5700912957978536
0.0344 6369.055488217794 1.000190630069014 1.53993670583273 277.0393265843394 0.564996754663583
0.0345 6369.075181029282 1.000190238762691 1.539849341216417 276.9113233096654 0.5599282339304551
0.0346 6369.094929598359 1.000189847060686 1.539761953755801 276.7829576106655 0.5548857959795137
0.0347 6369.114733940409 1.000189454967253 1.539674543433163 276.654229387343 0.5498695011379051
0.03480000000000001 6369.134594070829 1.000189062486643 1.539587110231109 276.5251385396126 0.5448794076826493
0.0349 6369.154510005033 1.000188669623107 1.539499654132421 276.3956849672885 0.539915571843676
0.035 6369.174481758444 1.000188276380893 1.539412175120193 276.2658685701139 0.5349780478086423
0.0351 6369.194509346502 1.000187882764248 1.539324673177718 276.1356892477373 0.5300668877258853
0.0352 6369.21459278466 1.000187488777414 1.539237148288567 276.0051468997129 0.5251821417084908
0.03530000000000001 6369.234732088383 1.000187094424636 1.539149600436537 275.874241425512 0.5203238578389875
0.0354 6369.254927273149 1.000186699710151 1.539062029605694 275.7429727245288 0.5154920821739911
0.0355 6369.275178354452 1.000186304638199 1.538974435780323 275.6113406960634 0.5106868587481663
0.0356 6369.295485347794 1.000185909213015 1.538886818944979 275.4793452393386 0.5059082295796861
0.0357 6369.315848268693 1.000185513438831 1.538799179084446 275.3469862534947 0.5011562346750003
0.0358 6369.336267132679 1.000185117319879 1.538711516183739 275.2142636375892 0.4964309120340105
0.0359 6369.356741955293 1.000184720860386 1.538623830228144 275.0811772905967 0.4917322976554293
0.036 6369.37727275209 1.000184324064578 1.538536121203179 274.947727111415 0.48706042554253
0.0361 6369.397859538636 1.00018392693668 1.538448389094573 274.8139129988653 0.4824153277088639
0.0362 6369.418502330508 1.000183529480911 1.538360633888333 274.6797348516974 0.4777970341843637
0.0363 6369.439201143297 1.000183131701489 1.538272855570678 274.5451925685728 0.4732055730208146
0.0364 6369.459955992602 1.000182733602631 1.538185054128091 274.4102860480879 0.4686409702989307
0.03650000000000001 6369.480766894038 1.000182335188548 1.538097229547267 274.2750151887502 0.4641032501339902
0.0366 6369.501633863228 1.00018193646345 1.53800938181514 274.1393798890202 0.4595924346838449
0.0367 6369.522556915807 1.000181537431545 1.537921510918892 274.0033800472578 0.4551085441539302
0.0368 6369.54353606742 1.000181138097037 1.537833616845944 273.8670155617696 0.4506515968058139
0.0369 6369.564571333725 1.000180738464126 1.537745699583924 273.7302863307854 0.4462216089635531
0.03700000000000001 6369.58566273039 1.000180338537012 1.537657759120712 273.5931922524641 0.4418185950212091
0.0371 6369.606810273092 1.000179938319889 1.537569795444414 273.4557332248995 0.4374425674505287
0.0372 6369.628013977521 1.00017953781695 1.537481808543368 273.3179091461146 0.4330935368084153
0.0373 6369.649273859374 1.000179137032383 1.537393798406151 273.1797199140673 0.4287715117449504
0.0374 6369.67058993436 1.000178735970376 1.537305765021543 273.0411654266621 0.4244764990117584
0.0375 6369.691962218198 1.000178334635109 1.537217708378575 272.9022455817152 0.4202085034690749
0.0376 6369.713390726616 1.000177933030763 1.537129628466518 272.7629602769952 0.4159675280953715
0.0377 6369.734875475354 1.000177531161515 1.537041525274813 272.6233094101998 0.4117535739951259
0.0378 6369.756416480159 1.000177129031536 1.536953398793196 272.4832928789678 0.4075666404078535
0.0379 6369.778013756789 1.000176726644996 1.536865249011573 272.3429105808726 0.4034067247167604
0.038 6369.799667321009 1.000176324006062 1.536777075920104 272.2021624134408 0.3992738224582618
0.0381 6369.821377188597 1.000175921118895 1.536688879509168 272.0610482741216 0.3951679273302634
0.03820000000000001 6369.843143375335 1.000175517987656 1.53660065976935 271.9195680603233 0.3910890312025179
0.0383 6369.864965897017 1.000175114616499 1.536512416691484 271.7777216693888 0.387037124125404
0.0384 6369.886844769447 1.000174711009576 1.536424150266582 271.6355089985963 0.3830121943395671
0.0385 6369.908780008434 1.000174307171037 1.536335860485912 271.4929299451763 0.379014228286212
0.0386 6369.930771629798 1.000173903105025 1.536247547340943 271.3499844063125 0.3750432106170333
0.03870000000000001 6369.952819649366 1.000173498815681 1.536159210823355 271.2066722791232 0.3710991242038142
0.0388 6369.974924082973 1.000173094307143 1.53607085092508 271.0629934606735 0.3671819501490077
0.0389 6369.997084946464 1.000172689583545 1.535982467638206 270.9189478479815 0.3632916677962927
0.039 6370.019302255691 1.000172284649015 1.535894060955086 270.7745353380118 0.3594282547409552
0.0391 6370.041576026511 1.00017187950768 1.535805630868263 270.6297558276759 0.3555916868405838
0.0392 6370.063906274793 1.00017147416366 1.535717177370506 270.484609213844 0.3517819382262208
0.0393 6370.086293016411 1.000171068621076 1.535628700454755 270.3390953933271 0.3479989813128762
0.0394 6370.108736267247 1.000170662884039 1.535540200114225 270.1932142628947 0.344242786811121
0.0395 6370.131236043189 1.000170256956661 1.535451676342281 270.0469657192692 0.3405133237381975
0.0396 6370.153792360135 1.000169850843047 1.53536312913254 269.9003496591257 0.336810559429426
0.0397 6370.176405233985 1.0001694445473 1.535274558478792 269.7533659790978 0.3331344595498993
0.0398 6370.199074680652 1.000169038073516 1.535185964375048 269.60601457576 0.3294849881057233
0.03990000000000001 6370.221800716053 1.000168631425789 1.535097346815535 269.4582953456574 0.3258621074565725
0.04 6370.244583356109 1.000168224608209 1.535008705794664 269.3102081852934 0.3222657783273388
0.0401 6370.267422616751 1.000167817624862 1.534920041307059 269.1617529911185 0.3186959598199285
0.0402 6370.290318513915 1.000167410479828 1.53483135334755 269.0129296595536 0.3151526094260486
0.0403 6370.313271063543 1.000167003177183 1.534742641911171 268.8637380869722 0.3116356830391173
0.04040000000000001 6370.336280281583 1.000166595721 1.534653906993146 268.7141781697122 0.3081451349670145
0.0405 6370.35934618399 1.000166188115348 1.534565148588882 268.5642498040646 0.3046809179443975
0.0406 6370.382468786725 1.00016578036429 1.53447636669403 268.4139528862905 0.3012429831458293
0.0407 6370.405648105751 1.000165372471886 1.534387561304392 268.2632873126157 0.297831280198473
0.0408 6370.428884157043 1.000164964442189 1.534298732415999 268.1122529792186 0.2944457571947824
0.0409 6370.452176956577 1.000164556279251 1.534209880025052 267.9608497822482 0.2910863607059804
0.041 6370.475526520334 1.000164147987118 1.53412100412797 267.8090776178295 0.2877530357953709
0.04110000000000001 6370.498932864302 1.000163739569831 1.534032104721356 267.6569363820348 0.2844457260309913
0.0412 6370.522396004474 1.000163331031427 1.533943181802 267.5044259709183 0.2811643734998108
0.0413 6370.545915956847 1.000162922375939 1.533854235366866 267.3515462804929 0.2779089188207381
0.0414 6370.569492737424 1.000162513607393 1.533765265413163 267.198297206742 0.274679301158515
0.0415 6370.593126362212 1.000162104729814 1.533676271938225 267.0446786456195 0.2714754582374566
0.04160000000000001 6370.616816847224 1.000161695747219 1.533587254939618 266.8906904930435 0.2682973263551747
0.0417 6370.640564208475 1.000161286663622 1.53349821441508 266.7363326449148 0.2651448403968938
0.0418 6370.664368461986 1.000160877483033 1.533409150362528 266.5816049970925 0.2620179338490139
0.0419 6370.688229623782 1.000160468209456 1.533320062780071 266.4265074454182 0.2589165388137436
0.042 6370.712147709893 1.00016005884689 1.533230951666019 266.2710398856979 0.2558405860229862
0.04210000000000001 6370.736122736351 1.000159649399331 1.533141817018827 266.1152022137197 0.2527900048530359
0.0422 6370.760154719194 1.000159239870767 1.533052658837163 265.9589943252366 0.2497647233386603
0.0423 6370.784243674463 1.000158830265185 1.532963477119874 265.8024161159896 0.2467646681880868
0.0424 6370.808389618203 1.000158420586566 1.532874271865959 265.6454674816781 0.2437897647970454
0.0425 6370.832592566463 1.000158010838883 1.532785043074638 265.4881483179901 0.2408399372640382
0.0426 6370.856852535293 1.000157601026108 1.532695790745264 265.3304585205955 0.237915108405004
0.0427 6370.881169540749 1.000157191152207 1.532606514877414 265.1723979851289 0.2350151997678576
0.04280000000000001 6370.90554359889 1.000156781221139 1.532517215470804 265.0139666072131 0.2321401316478794
0.0429 6370.929974725777 1.000156371236862 1.53242789252534 264.8551642824472 0.2292898231025212
0.043 6370.954462937475 1.000155961203326 1.532338546041094 264.6959909064125 0.226464191966618
0.0431 6370.979008250051 1.000155551124476 1.532249176018327 264.5364463746668 0.2236631548674604
0.0432 6371.003610679577 1.000155141004254 1.532159782457439 264.37653058275 0.220886627240151
0.04330000000000001 6371.028270242125 1.000154730846594 1.532070365359053 264.2162434261903 0.2181345233430251
0.0434 6371.052986953771 1.000154320655429 1.531980924723902 264.0555848004864 0.2154067562727331
0.0435 6371.077760830594 1.000153910434682 1.531891460552938 263.8945546011368 0.2127032379802003
0.0436 6371.102591888674 1.000153500188276 1.531801972847253 263.7331527236223 0.2100238792858354
0.0437 6371.127480144093 1.000153089920124 1.531712461608106 263.5713790633944 0.2073685898949183
0.0438 6371.15242561294 1.000152679634139 1.531622926836919 263.4092335158924 0.2047372784135383
0.0439 6371.177428311298 1.000152269334222 1.531533368535321 263.2467159765619 0.2021298523645686
0.044 6371.20248825526 1.000151859024277 1.531443786705044 263.0838263408126 0.1995462182027464
0.0441 6371.227605460914 1.000151448708197 1.531354181348009 262.9205645040605 0.1969862813311404
0.0442 6371.252779944355 1.00015103838987 1.531264552466313 262.7569303616918 0.1944499461164405
0.0443 6371.278011721678 1.000150628073183 1.531174900062185 262.5929238090929 0.1919371159053248
0.0444 6371.30330080898 1.000150217762014 1.531085224138033 262.4285447416322 0.1894476930401302
0.04450000000000001 6371.328647222356 1.000149807460236 1.530995524696426 262.2637930546842 0.1869815788752005
0.0446 6371.354050977908 1.000149397171718 1.530905801740071 262.0986686435998 0.1845386737924704
0.0447 6371.379512091736 1.000148986900324 1.530816055271846 261.9331714037179 0.1821188772177211
0.0448 6371.405030579942 1.00014857664991 1.530726285294797 261.7673012303775 0.179722087636861
0.0449 6371.430606458627 1.00014816642433 1.530636491812093 261.6010580189235 0.1773482026121461
0.04500000000000001 6371.456239743898 1.000147756227432 1.530546674827081 261.4344416646653 0.1749971187977631
0.0451 6371.481930451858 1.000147346063056 1.530456834343238 261.2674520629242 0.1726687319567152
0.0452 6371.507678598613 1.00014693593504 1.530366970364231 261.1000891090156 0.1703629369767969
0.0453 6371.533484200269 1.000146525847215 1.530277082893843 260.9323526982488 0.1680796278868542
0.0454 6371.559347272934 1.000146115803406 1.530187171936019 260.7642427259274 0.1658186978730671
0.0455 6371.585267832716 1.000145705807434 1.530097237494839 260.5957590873489 0.1635800392952546
0.0456 6371.611245895721 1.000145295863114 1.530007279574565 260.426901677817 0.1613635437033528
0.04570000000000001 6371.637281478059 1.000144885974255 1.52991729817957 260.2576703926173 0.1591691018534418
0.0458 6371.663374595838 1.000144476144662 1.52982729331439 260.0880651270535 0.1569966037245618
0.0459 6371.689525265168 1.000144066378133 1.529737264983698 259.9180857764112 0.1548459385346167
0.046 6371.715733502157 1.000143656678461 1.529647213192311 259.7477322359822 0.1527169947570544
0.0461 6371.741999322913 1.000143247049435 1.529557137945214 259.5770044010641 0.1506096601372443
0.04620000000000001 6371.768322743547 1.000142837494835 1.529467039247489 259.4059021669426 0.148523821708643
0.0463 6371.794703780167 1.00014242801844 1.529376917104393 259.2344254289154 0.1464593658094777
0.0464 6371.821142448881 1.00014201862402 1.529286771521313 259.0625740822742 0.1444161780989169
0.0465 6371.847638765798 1.000141609315342 1.529196602503772 258.8903480223165 0.1423941435736028
0.0466 6371.874192747025 1.000141200096164 1.529106410057427 258.71774714434 0.140393146583964
0.04670000000000001 6371.900804408669 1.000140790970243 1.529016194188089 258.5447713436541 0.1384130708507298
0.0468 6371.927473766838 1.000140381941326 1.528925954901687 258.3714205155565 0.1364537994810269
0.0469 6371.954200837636 1.000139973013158 1.528835692204302 258.1976945553682 0.1345152149851424
0.047 6371.980985637169 1.000139564189476 1.528745406102131 258.0235933583989 0.1325971992924654
0.0471 6372.007828181542 1.000139155474012 1.528655096601525 257.8491168199756 0.1306996337681489
0.0472 6372.034728486858 1.000138746870495 1.528564763708939 257.6742648354256 0.128822399229222
0.0473 6372.061686569219 1.000138338382644 1.528474407430993 257.4990373000759 0.1269653759608866
0.04740000000000001 6372.088702444726 1.000137930014176 1.52838402777442 257.3234341092833 0.1251284437330973
0.0475 6372.115776129479 1.000137521768799 1.528293624746083 257.1474551583868 0.123311481816306
0.0476 6372.142907639577 1.000137113650219 1.528203198352971 256.9711003427491 0.1215143689981159
0.0477 6372.170096991118 1.000136705662134 1.528112748602212 256.7943695577327 0.1197369835992232
0.0478 6372.197344200198 1.000136297808238 1.528022275501046 256.6172626987121 0.1179792034896971
0.04790000000000001 6372.224649282912 1.000135890092217 1.527931779056849 256.4397796610737 0.1162409061051021
0.048 6372.252012255352 1.000135482517753 1.527841259277135 256.2619203402154 0.1145219684625853
0.0481 6372.279433133608 1.000135075088523 1.527750716169521 256.0836846315473 0.1128222671769251
0.0482 6372.306911933772 1.000134667808197 1.527660149741742 255.9050724304792 0.111141678476431
0.0483 6372.334448671933 1.000134260680438 1.527569560001698 255.7260836324389 0.1094800782190823
0.04840000000000001 6372.362043364173 1.000133853708907 1.52747894695736 255.5467181328776 0.1078373419085013
0.0485 6372.389696026577 1.000133446897257 1.527388310616852 255.3669758272466 0.1062133447096113
0.0486 6372.417406675229 1.000133040249134 1.527297650988405 255.1868566110092 0.1046079614645769
0.0487 6372.445175326208 1.000132633768182 1.52720696808037 255.006360379646 0.1030210667086344
0.0488 6372.473001995591 1.000132227458036 1.52711626190123 254.8254870286559 0.1014525346858126
0.0489 6372.500886699455 1.000131821322326 1.527025532459567 254.6442364535432 0.09990223936449966
0.049 6372.528829453871 1.000131415364676 1.5269347797641 254.4626085498361 0.09837005445320809
0.04910000000000001 6372.556830274912 1.000131009588707 1.526844003823632 254.2806032130746 0.09685585341602442
0.0492 6372.584889178644 1.00013060399803 1.526753204647128 254.0982203388165 0.09535950948814993
0.0493 6372.613006181133 1.000130198596254 1.526662382243629 253.9154598226372 0.09388089569132671
0.0494 6372.641181298443 1.00012979338698 1.526571536622301 253.7323215601181 0.09241988484910459
0.0495 6372.669414546635 1.000129388373803 1.526480667792425 253.54880544687 0.09097634960232545
0.04960000000000001 6372.697705941766 1.000128983560313 1.526389775763402 253.3649113785217 0.08955016242424933
0.0497 6372.726055499891 1.000128578950095 1.52629886054473 253.1806392507077 0.08814119563561662
0.0498 6372.754463237062 1.000128174546727 1.526207922146025 252.9959889590981 0.0867493214199541
0.0499 6372.782929169328 1.000127770353781 1.526116960577015 252.8109603993688 0.08537441183835043
0.05 6372.811453312735 1.000127366374824 1.526025975847534 252.6255534672254 0.08401633884455961
0.05010000000000001 6372.840035683325 1.000126962613418 1.525934967967522 252.4397680583851 0.08267497429971361
0.0502 6372.868676297139 1.000126559073116 1.525843936947034 252.2536040685949 0.08135018998721506
0.0503 6372.897375170214 1.000126155757469 1.525752882796228 252.0670613936076 0.08004185762724768
0.0504 6372.926132318583 1.000125752670019 1.525661805525369 251.8801399292114 0.07874984889158067
0.0505 6372.954947758275 1.000125349814304 1.525570705144816 251.6928395712124 0.07747403541794846
0.0506 6372.983821505318 1.000124947193856 1.525479581665056 251.5051602154343 0.07621428882447015
0.0507 6373.012753575734 1.0001245448122 1.525388435096672 251.3171017577305 0.07497048072405546
0.05080000000000001 6373.041743985543 1.000124142672857 1.525297265450333 251.1286640939719 0.0737424827385585
0.0509 6373.07079275076 1.000123740779339 1.52520607273683 250.9398471200592 0.07253016651299397
0.051 6373.099899887399 1.000123339135155 1.525114856967053 250.7506507319048 0.07133340372946512
0.0511 6373.129065411467 1.000122937743808 1.525023618151995 250.5610748254625 0.07015206612129581
0.0512 6373.15828933897 1.000122536608793 1.524932356302733 250.3711192966979 0.06898602548668595
0.05130000000000001 6373.187571685908 1.0001221357336 1.524841071430471 250.1807840416003 0.06783515370253045
0.0514 6373.216912468278 1.000121735121714 1.5247497635465 249.9900689561945 0.06669932273812756
0.0515 6373.246311702073 1.000121334776614 1.524658432662196 249.7989739365288 0.06557840466863883
0.0516 6373.275769403282 1.000120934701771 1.524567078789061 249.6074988786694 0.06447227168848223
0.0517 6373.30528558789 1.000120534900652 1.524475701938669 249.4156436787179 0.06338079612475367
0.05180000000000001 6373.334860271878 1.000120135376718 1.524384302122707 249.2234082327935 0.06230385045033193
0.0519 6373.364493471222 1.000119736133422 1.524292879352954 249.0307924370571 0.06124130729710785
0.05200000000000001 6373.394185201895 1.000119337174214 1.524201433641283 248.8377961876812 0.06019303946880142
0.0521 6373.423935479864 1.000118938502536 1.524109964999666 248.6444193808856 0.0591589199540242
0.0522 6373.453744321093 1.000118540121824 1.524018473440175 248.450661912896 0.05813882193880631
0.0523 6373.483611741542 1.000118142035508 1.523926958974956 248.2565236799795 0.05713261881942141
0.0524 6373.513537757163 1.000117744247014 1.523835421616262 248.0620045784389 0.05614018421486533
0.05250000000000001 6373.543522383909 1.000117346759759 1.523743861376454 247.8671045045943 0.05516139197915841
0.0526 6373.573565637723 1.000116949577155 1.523652278267961 247.6718233548016 0.05419611621370792
0.0527 6373.603667534547 1.00011655270261 1.523560672303319 247.4761610254462 0.05324423127942442
0.0528 6373.633828090316 1.000116156139522 1.523469043495145 247.2801174129489 0.05230561180877236
0.0529 6373.664047320961 1.000115759891286 1.523377391856155 247.0836924137542 0.05138013271760848
0.05300000000000001 6373.694325242409 1.00011536396129 1.523285717399158 246.886885924342 0.05046766921700738
0.0531 6373.724661870581 1.000114968352916 1.523194020137042 246.6896978412218 0.04956809682487197
0.0532 6373.755057221395 1.000114573069538 1.523102300082796 246.4921280609327 0.04868129137744334
0.0533 6373.78551131076 1.000114178114528 1.523010557249486 246.2941764800611 0.0478071290407564
0.0534 6373.816024154584 1.000113783491248 1.522918791650281 246.0958429952051 0.04694548632172667
0.05350000000000001 6373.846595768768 1.000113389203055 1.522827003298436 245.8971275030102 0.04609624007941857
0.0536 6373.877226169207 1.0001129952533 1.522735192207275 245.6980299001574 0.04525926753596693
0.05370000000000001 6373.907915371793 1.000112601645329 1.522643358390234 245.4985500833453 0.0444344462873433
0.0538 6373.938663392412 1.000112208382479 1.522551501860817 245.29868794932 0.04362165431418278
0.0539 6373.969470246944 1.000111815468083 1.522459622632629 245.0984433948628 0.04282076999229673
0.054 6374.000335951262 1.000111422905468 1.522367720719348 244.8978163167966 0.04203167210312028
0.0541 6374.031260521237 1.000111030697953 1.522275796134753 244.696806611962 0.04125423984390366
0.05420000000000001 6374.062243972733 1.000110638848851 1.522183848892702 244.4954141772349 0.04048835283792789
0.0543 6374.093286321608 1.000110247361471 1.522091879007127 244.2936389095506 0.03973389114459288
0.0544 6374.124387583715 1.000109856239113 1.521999886492053 244.0914807058501 0.03899073526907387
0.0545 6374.155547774902 1.000109465485072 1.521907871361601 243.8889394631395 0.03825876617225591
0.0546 6374.186766911009 1.000109075102636 1.521815833629953 243.6860150784427 0.03753786528012696
0.05470000000000001 6374.218045007871 1.000108685095087 1.521723773311388 243.4827074488366 0.03682791449332939
0.0548 6374.249382081321 1.000108295465702 1.521631690420265 243.279016471416 0.03612879619631044
0.0549 6374.28077814718 1.000107906217749 1.521539584971035 243.0749420433289 0.03544039326657558
0.055 6374.312233221268 1.000107517354491 1.521447456978218 242.8704840617587 0.03476258908360645
0.0551 6374.343747319397 1.000107128879185 1.52135530645642 242.6656424239185 0.03409526753767465
0.05520000000000001 6374.375320457372 1.000106740795081 1.521263133420335 242.4604170270803 0.03343831303862069
0.0553 6374.406952650995 1.000106353105422 1.52117093788473 242.2548077685341 0.0327916105242517
0.05540000000000001 6374.438643916058 1.000105965813446 1.521078719864462 242.0488145456228 0.03215504546883816
0.0555 6374.470394268351 1.000105578922383 1.520986479374467 241.8424372557191 0.0315285038912695
0.0556 6374.502203723654 1.000105192435458 1.520894216429753 241.6356757962489 0.03091187236320578
0.0557 6374.534072297744 1.000104806355887 1.520801931045418 241.4285300646674 0.03030503801693218
0.0558 6374.566000006388 1.000104420686882 1.520709623236649 241.2209999584774 0.02970788855318649
0.05590000000000001 6374.59798686535 1.000104035431648 1.520617293018683 241.0130853752229 0.02912031224876148
0.056 6374.630032890388 1.000103650593382 1.520524940406868 240.8047862124776 0.02854219796393953
0.0561 6374.66213809725 1.000103266175276 1.52043256541661 240.5961023678741 0.02797343514988876
0.0562 6374.694302501681 1.000102882180514 1.520340168063419 240.3870337390748 0.02741391385573908
0.0563 6374.726526119415 1.000102498612275 1.520247748362858 240.1775802238011 0.02686352473566663
0.05640000000000001 6374.758808966186 1.000102115473728 1.520155306330584 239.9677417197921 0.02632215905563332
0.0565 6374.791151057715 1.00010173276804 1.520062841982339 239.757518124852 0.02578970870020581
0.0566 6374.823552409721 1.000101350498368 1.519970355333917 239.5469093368146 0.02526606617900182
0.0567 6374.856013037913 1.000100968667862 1.519877846401229 239.3359152535667 0.02475112463313399
0.0568 6374.888532957994 1.000100587279668 1.519785315200225 239.1245357730367 0.02424477784140736
0.05690000000000001 6374.921112185663 1.000100206336922 1.519692761746959 238.9127707931883 0.02374692022637825
0.057 6374.953750736609 1.000099825842756 1.519600186057559 238.7006202120446 0.0232574468603263
0.05710000000000001 6374.986448626513 1.000099445800293 1.519507588148228 238.4880839276638 0.02277625347095857
0.0572 6375.019205871054 1.00009906621265 1.519414968035246 238.2751618381516 0.02230323644704199
0.0573 6375.052022485898 1.000098687082938 1.519322325734976 238.061853841661 0.02183829284385121
0.0574 6375.08489848671 1.000098308414258 1.519229661263855 237.8481598363863 0.02138132038844857
0.0575 6375.117833889141 1.000097930209708 1.519136974638391 237.6340797205811 0.02093221748485852
0.05760000000000001 6375.150828708841 1.000097552472376 1.519044265875187 237.4196133925342 0.02049088321899826
0.0577 6375.18388296145 1.000097175205344 1.518951534990913 237.2047607505759 0.02005721736351748
0.0578 6375.216996662601 1.000096798411688 1.518858782002317 236.9895216930958 0.01963112038250467
0.0579 6375.250169827919 1.000096422094476 1.518766006926217 236.7738961185245 0.01921249343596621
0.058 6375.283402473025 1.000096046256767 1.518673209779523 236.5578839253402 0.01880123838419918
0.05810000000000001 6375.316694613528 1.000095670901617 1.518580390579219 236.3414850120684 0.01839725779199772
0.0582 6375.350046265031 1.000095296032071 1.518487549342363 236.1246992772993 0.01800045493273695
0.05830000000000001 6375.383457443131 1.000094921651169 1.518394686086079 235.9075266196472 0.01761073379219469
0.0584 6375.416928163418 1.000094547761943 1.518301800827596 235.6899669377852 0.01722799907236208
0.0585 6375.450458441471 1.000094174367417 1.518208893584203 235.4720201304398 0.01685215619502323
0.05860000000000001 6375.484048292864 1.00009380147061 1.518115964373261 235.2536860963845 0.01648311130518342
0.0587 6375.517697733163 1.000093429074531 1.518023013212221 235.0349647344405 0.01612077127435621
0.05880000000000001 6375.551406777927 1.000093057182183 1.517930040118605 234.8158559434759 0.01576504370369892
0.0589 6375.585175442704 1.000092685796561 1.517837045110017 234.5963596224241 0.01541583692702483
0.059 6375.619003743038 1.000092314920654 1.517744028204141 234.3764756702539 0.01507306001358876
0.0591 6375.652891694462 1.000091944557442 1.517650989418721 234.156203985999 0.01473662277081746
0.0592 6375.686839312504 1.000091574709897 1.517557928771599 233.9355444687229 0.01440643574678927
0.05930000000000001 6375.720846612682 1.000091205380986 1.517464846280688 233.7144970175658 0.01408241023269132
0.0594 6375.754913610506 1.000090836573666 1.517371741963978 233.4930615317093 0.01376445826500298
0.0595 6375.789040321481 1.000090468290888 1.517278615839532 233.2712379103763 0.0134524926275878
0.0596 6375.823226761098 1.000090100535593 1.517185467925515 233.0490260528608 0.01314642685367905
0.0597 6375.857472944846 1.000089733310716 1.517092298240135 232.8264258584981 0.01284617522763586
0.05980000000000001 6375.891778888203 1.000089366619186 1.516999106801695 232.6034372266826 0.0125516527866212
0.0599 6375.926144606638 1.000089000463921 1.516905893628581 232.380060056856 0.01226277532209512
0.06000000000000001 6375.960570115612 1.000088634847832 1.516812658739259 232.1562942485251 0.01197945938120376
0.0601 6375.995055430579 1.000088269773823 1.516719402152269 231.932139701238 0.01170162226797264
0.0602 6376.029600566983 1.000087905244791 1.516626123886223 231.7075963146139 0.01142918204442604
0.0603 6376.064205540261 1.000087541263622 1.516532823959814 231.4826639883012 0.0111620575314783
0.0604 6376.098870365841 1.000087177833197 1.516439502391834 231.2573426220314 0.01090016830980057
0.06050000000000001 6376.133595059142 1.000086814956388 1.516346159201128 231.0316321155773 0.01064343472043493
0.0606 6376.168379635575 1.000086452636057 1.516252794406636 230.8055323687648 0.01039177786533579
0.0607 6376.203224110542 1.000086090875062 1.516159408027372 230.5790432814791 0.01014511960776688
0.0608 6376.238128499436 1.000085729676248 1.516066000082428 230.3521647536644 0.009903382572555984
0.0609 6376.273092817643 1.000085369042457 1.515972570590988 230.1248966853181 0.009666490146209487
0.06100000000000001 6376.308117080537 1.000085008976518 1.515879119572301 229.8972389765085 0.009434366476918612
0.0611 6376.343201303487 1.000084649481254 1.515785647045711 229.6691915273335 0.009206936474373179
0.0612 6376.37834550185 1.00008429055948 1.515692153030631 229.4407542379739 0.00898412580954149
0.0613 6376.413549690976 1.000083932214002 1.515598637546563 229.2119270086577 0.008765860914230157
0.0614 6376.448813886204 1.000083574447618 1.515505100613078 228.9827097396718 0.008552068980564017
0.06150000000000001 6376.484138102867 1.000083217263116 1.515411542249848 228.7531023313626 0.008342677960326958
0.0616 6376.519522356287 1.000082860663277 1.515317962476609 228.5231046841353 0.008137616564177112
0.06170000000000001 6376.554966661775 1.000082504650874 1.515224361313189 228.2927166984604 0.007936814260742791
0.0618 6376.590471034638 1.000082149228669 1.515130738779495 228.0619382748554 0.007740201275574899
0.0619 6376.626035490167 1.000081794399418 1.515037094895517 227.8307693139149 0.007547708590018612
0.062 6376.66166004365 1.000081440165866 1.514943429681332 227.5992097162747 0.007359267939909151
0.0621 6376.697344710363 1.000081086530751 1.514849743157087 227.3672593826417 0.007174811814203651
0.06220000000000001 6376.733089505571 1.000080733496801 1.514756035343027 227.1349182137877 0.006994273453465197
0.0623 6376.768894444532 1.000080381066736 1.514662306259478 226.9021861105438 0.006817586848231373
0.0624 6376.804759542493 1.000080029243266 1.514568555926842 226.669062973794 0.006644686737268824
0.0625 6376.840684814693 1.000079678029094 1.514474784365608 226.4355487044935 0.006475508605732319
0.0626 6376.876670276361 1.000079327426911 1.514380991596347 226.2016432036506 0.006309988683185441
0.06270000000000001 6376.912715942716 1.000078977439402 1.514287177639732 225.9673463723447 0.006148063941537244
0.06280000000000001 6376.948821828966 1.000078628069241 1.514193342516498 225.7326581117198 0.005989672092852683
0.0629 6376.984987950312 1.000078279319093 1.514099486247482 225.4975783229737 0.005834751587052794
0.063 6377.021214321941 1.000077931191614 1.514005608853596 225.2621069073806 0.005683241609532963
0.0631 6377.057500959037 1.000077583689452 1.513911710355838 225.0262437662622 0.005535082078642045
0.06320000000000001 6377.093847876767 1.000077236815243 1.513817790775305 224.7899888010169 0.005390213643097632
0.06330000000000001 6377.130255090291 1.000076890571615 1.513723850133173 224.5533419131083 0.005248577679273465
0.0634 6377.166722614759 1.000076544961188 1.513629888450697 224.3163030040649 0.005110116288395556
0.0635 6377.203250465313 1.000076199986569 1.513535905749224 224.0788719754686 0.004974772293634172
0.0636 6377.23983865708 1.00007585565036 1.513441902050201 223.8410487289779 0.004842489237120429
0.06370000000000001 6377.276487205182 1.000075511955148 1.513347877375156 223.6028331663164 0.004713211376847668
0.06380000000000001 6377.313196124726 1.000075168903515 1.513253831745688 223.3642251892787 0.004586883683490588
0.0639 6377.349965430813 1.000074826498032 1.513159765183512 223.1252246997127 0.004463451837121005
0.064 6377.386795138532 1.000074484741257 1.513065677710418 222.8858315995429 0.004342862223856367
0.0641 6377.42368526296 1.000074143635744 1.512971569348282 222.6460457907591 0.004225061932401805
0.06420000000000001 6377.460635819166 1.000073803184031 1.512877440119077 222.4058671754218 0.00410999875051575
0.06430000000000001 6377.497646822207 1.000073463388651 1.512783290044864 222.1652956556567 0.00399762116138563
0.0644 6377.534718287129 1.000073124252124 1.512689119147799 221.9243311336603 0.003887878339926971
0.0645 6377.57185022897 1.000072785776961 1.512594927450117 221.6829735116943 0.003780720148996461
0.06460000000000001 6377.609042662754 1.000072447965662 1.512500714974159 221.4412226920971 0.003676097135534061
0.06470000000000001 6377.646295603498 1.000072110820718 1.512406481742345 221.1990785772663 0.003573960526615069
0.0648 6377.683609066203 1.000071774344609 1.512312227777202 220.9565410696822 0.003474262225444812
0.0649 6377.720983065864 1.000071438539804 1.512217953101336 220.7136100718843 0.003376954807259621
0.065 6377.758417617463 1.000071103408764 1.512123657737435 220.4702854864889 0.003281991515173461
0.06510000000000001 6377.795912735973 1.000070768953937 1.512029341708316 220.2265672161774 0.00318932625594246
0.06520000000000001 6377.833468436352 1.000070435177761 1.511935005036862 219.9824551637138 0.003098913595672707
0.0653 6377.87108473355 1.000070102082664 1.51184064774605 219.7379492319273 0.003010708755448054
0.0654 6377.908761642505 1.000069769671064 1.511746269858968 219.4930493237179 0.00292466760690248
0.0655 6377.946499178145 1.000069437945366 1.511651871398777 219.2477553420566 0.002840746667727345
0.06560000000000001 6377.984297355385 1.000069106907967 1.511557452388759 219.0020671899973 0.002758903097121477
0.06570000000000001 6378.022156189129 1.000068776561252 1.511463012852266 218.7559847706588 0.002679094691171962
0.0658 6378.060075694272 1.000068446907594 1.511368552812757 218.5095079872307 0.002601279878185822
0.0659 6378.098055885694 1.000068117949356 1.511274072293803 218.2626367429915 0.002525417713969295
0.066 6378.136096778265 1.00006778968889 1.511179571319036 218.0153709412788 0.002451467877038481
0.06610000000000001 6378.174198386844 1.000067462128538 1.511085049912215 217.7677104855128 0.00237939066379467
0.06620000000000001 6378.212360726278 1.000067135270628 1.51099050809719 217.5196552791907 0.002309146983640004
0.0663 6378.250583811403 1.00006680911748 1.510895945897906 217.2712052258806 0.002240698354045014
0.0664 6378.288867657042 1.0000664836714 1.510801363338397 217.0223602292275 0.002174006895572846
0.0665 6378.327212278006 1.000066158934684 1.510706760442813 216.773120192959 0.002109035326858385
0.06660000000000001 6378.365617689097 1.000065834909618 1.510612137235386 216.523485020868 0.002045746959538086
0.06670000000000001 6378.404083905102 1.000065511598474 1.510517493740462 216.2734546168357 0.001984105693149332
0.0668 6378.442610940797 1.000065189003512 1.510422829982482 216.0230288848205 0.001924076009980861
0.0669 6378.481198810945 1.000064867126983 1.510328145985992 215.7722077288576 0.001865622969888662
0.067 6378.519847530301 1.000064545971126 1.510233441775624 215.5209910530469 0.001808712205073171
0.06710000000000001 6378.558557113602 1.000064225538166 1.510138717376112 215.2693787615893 0.001753309914832973
0.06720000000000001 6378.597327575576 1.000063905830318 1.510043972812318 215.0173707587563 0.001699382860270927
0.0673 6378.636158930939 1.000063586849784 1.50994920810918 214.7649669488964 0.001646898358977888
0.0674 6378.675051194395 1.000063268598756 1.509854423291736 214.5121672364347 0.00159582427968604
0.0675 6378.714004380632 1.000062951079412 1.509759618385152 214.2589715258913 0.0015461290368983
0.06760000000000001 6378.75301850433 1.000062634293918 1.509664793414672 214.0053797218569 0.001497781585483806
0.06770000000000001 6378.792093580154 1.00006231824443 1.50956994840565 213.7513917289992 0.001450751415255677
0.0678 6378.831229622757 1.000062002933088 1.509475083383545 213.4970074520805 0.001405008545528481
0.0679 6378.870426646779 1.000061688362025 1.509380198373925 213.242226795934 0.001360523519647542
0.06800000000000001 6378.909684666849 1.000061374533355 1.509285293402464 212.9870496654816 0.001317267399507034
0.06810000000000001 6378.949003697579 1.000061061449187 1.509190368494925 212.7314759657337 0.001275211760047515
0.0682 6378.988383753574 1.00006074911161 1.509095423677194 212.4755056017719 0.001234328683735139
0.0683 6379.02782484942 1.000060437522707 1.509000458975249 212.2191384787724 0.001194590755033836
0.0684 6379.067326999694 1.000060126684544 1.508905474415189 211.9623745019879 0.001155971054858415
0.06850000000000001 6379.106890218959 1.000059816599177 1.508810470023207 211.7052135767661 0.0011184431550226
0.06860000000000001 6379.146514521765 1.000059507268647 1.508715445825594 211.4476556085255 0.001081981112671805
0.0687 6379.186199922649 1.000059198694983 1.508620401848778 211.1897005027789 0.001046559464715394
0.0688 6379.225946436133 1.000058890880202 1.508525338119269 210.9313481651342 0.001012153222249375
0.0689 6379.265754076728 1.000058583826309 1.508430254663686 210.6725985012698 0.0009787378649717109
0.06900000000000001 6379.305622858929 1.000058277535291 1.508335151508772 210.413451416959 0.0009462893356012266
0.06910000000000001 6379.345552797222 1.000057972009128 1.508240028681367 210.1539068180576 0.000914784034290388
0.0692 6379.385543906074 1.000057667249783 1.508144886208416 209.8939646105163 0.0008841988130413143
0.0693 6379.425596199942 1.000057363259207 1.508049724116992 209.63362470038 0.0008545109701218652
0.0694 6379.465709693268 1.000057060039338 1.507954542434249 209.3728869937589 0.0008256982444816764
0.06950000000000001 6379.50588440048 1.000056757592099 1.507859341187471 209.1117513968815 0.0007977388101821192
0.06960000000000001 6379.546120335993 1.000056455919402 1.507764120404054 208.8502178160469 0.0007706112708209496
0.0697 6379.586417514208 1.000056155023144 1.507668880111494 208.5882861576491 0.0007442946539723435
0.0698 6379.626775949513 1.000055854905209 1.507573620337389 208.3259563281648 0.0007187684056319044
0.0699 6379.667195656281 1.000055555567467 1.507478341109474 208.063228234177 0.0006940123846753904
0.07000000000000001 6379.707676648868 1.000055257011774 1.507383042455582 207.8001017823575 0.0006700068573248294
0.07010000000000001 6379.748218941621 1.000054959239973 1.507287724403656 207.5365768794608 0.0006467324916289004
0.0702 6379.788822548871 1.000054662253892 1.507192386981745 207.2726534323418 0.0006241703519595765
0.0703 6379.829487484933 1.000054366055347 1.507097030218022 207.0083313479385 0.0006023018935210799
0.0704 6379.870213764109 1.000054070646139 1.507001654140769 206.7436105332948 0.0005811089568791468
0.07050000000000001 6379.911001400686 1.000053776028053 1.506906258778387 206.4784908955438 0.0005605737625047763
0.07060000000000001 6379.951850408936 1.000053482202864 1.506810844159377 206.2129723419188 0.0005406789053396613
0.0707 6379.992760803119 1.000053189172329 1.506715410312358 205.9470547797299 0.0005214073493793715
0.0708 6380.033732597478 1.000052896938194 1.506619957266063 205.6807381163939 0.0005027424222821548
0.07090000000000001 6380.074765806241 1.000052605502188 1.506524485049345 205.4140222594336 0.0004846678099981398
0.07100000000000001 6380.115860443623 1.000052314866027 1.506428993691163 205.1469071164491 0.0004671675514205622
0.0711 6380.157016523824 1.000052025031411 1.506333483220606 204.8793925951467 0.0004502260330661064
0.0712 6380.198234061028 1.00005173600003 1.506237953666843 204.6114786033212 0.0004338279837781404
0.0713 6380.239513069403 1.000051447773553 1.506142405059198 204.34316504888 0.0004179584694597745
0.07140000000000001 6380.280853563104 1.000051160353639 1.506046837427088 204.074451839825 0.0004026028878325627
0.07150000000000001 6380.32225555627 1.000050873741931 1.505951250800047 203.8053388842467 0.0003877469632253151
0.0716 6380.363719063024 1.000050587940058 1.505855645207733 203.5358260903421 0.0003733767413944777
0.0717 6380.405244097477 1.000050302949631 1.505760020679912 203.2659133664027 0.0003594785843740549
0.0718 6380.44683067372 1.000050018772251 1.50566437724647 202.9956006208207 0.0003460391653587051
0.07190000000000001 6380.488478805831 1.0000497354095 1.505568714937406 202.7248877621004 0.000333045463620164
0.07200000000000001 6380.530188507873 1.000049452862947 1.50547303378284 202.4537746988289 0.0003204847594556763
0.0721 6380.571959793891 1.000049171134146 1.505377333812997 202.1822613397056 0.0003083446291742011
0.0722 6380.613792677918 1.000048890224635 1.505281615058238 201.9103475935307 0.0002966129401163082
0.0723 6380.655687173969 1.000048610135937 1.505185877549034 201.6380333692044 0.0002852778457112399
0.07240000000000001 6380.697643296041 1.000048330869561 1.505090121315958 201.3653185757338 0.0002743277805715631
0.07250000000000001 6380.73966105812 1.000048052426997 1.504994346389724 201.0922031222202 0.0002637514556252408
0.0726 6380.781740474173 1.000047774809725 1.504898552801141 200.8186869178775 0.0002535378532877771
0.0727 6380.82388155815 1.000047498019205 1.504802740581156 200.5447698720258 0.0002436762226729994
0.0728 6380.866084323989 1.000047222056885 1.504706909760816 200.270451894074 0.0002341560748438128
0.07290000000000001 6380.908348785607 1.000046946924194 1.504611060371304 199.9957328935551 0.0002249671781058307
0.07300000000000001 6380.950674956908 1.000046672622548 1.504515192443899 199.7206127800968 0.0002160995533403333
0.0731 6380.993062851779 1.000046399153347 1.504419306010027 199.4450914634389 0.0002075434693811678
0.0732 6381.035512484089 1.000046126517974 1.504323401101195 199.1691688534219 0.0001992894384335289
0.0733 6381.078023867693 1.000045854717797 1.504227477749073 198.8928448599985 0.0001913282115369489
0.07340000000000001 6381.120597016428 1.000045583754168 1.504131535985403 198.6161193932161 0.0001836507740714163
0.07350000000000001 6381.163231944114 1.000045313628424 1.504035575842086 198.3389923632579 0.0001762483413096907
0.0736 6381.205928664554 1.000045044341885 1.503939597351115 198.0614636803961 0.0001691123540121711
0.0737 6381.248687191538 1.000044775895854 1.503843600544607 197.7835332550029 0.0001622344740690026
0.0738 6381.291507538834 1.000044508291621 1.503747585454817 197.505200997581 0.0001556065801884972
0.07390000000000001 6381.334389720196 1.000044241530456 1.50365155211409 197.2264668187275 0.0001492207636303296
0.07400000000000001 6381.377333749359 1.000043975613617 1.50355550055491 196.9473306291637 0.0001430693239871446
0.0741 6381.420339640044 1.000043710542342 1.503459430809873 196.6677923397173 0.0001371447650122104
0.0742 6381.463407405951 1.000043446317855 1.50336334291169 196.3878518613163 0.0001314397904949497
0.07430000000000001 6381.506537060768 1.000043182941363 1.5032672368932 196.1075091050074 0.0001259473001848258
0.07440000000000001 6381.54972861816 1.000042920414056 1.503171112787358 195.8267639819609 0.0001206603857631158
0.0745 6381.592982091778 1.000042658737109 1.50307497062724 195.5456164034421 0.0001155723268625055
0.0746 6381.636297495254 1.000042397911679 1.502978810446026 195.2640662808461 0.0001106765871366559
0.0747 6381.679674842204 1.000042137938907 1.50288263227704 194.9821135256747 0.0001059668103776285
0.07480000000000001 6381.723114146224 1.000041878819918 1.50278643615371 194.6997580495416 0.0001014368166830639
0.07490000000000001 6381.766615420896 1.000041620555819 1.50269022210958 194.4169997641733 9.708059867263328e-005
0.075 6381.810178679781 1.000041363147701 1.502593990178331 194.133838581426 9.289231775429959e-005
0.0751 6381.853803936423 1.000041106596639 1.502497740393736 193.8502744132505 8.886630043948408e-005
0.0752 6381.897491204349 1.00004085090369 1.502401472789711 193.5663071717339 8.499703470921222e-005
0.07530000000000001 6381.941240497066 1.000040596069895 1.502305187400282 193.2819367690694 8.127916642914677e-005
0.07540000000000001 6381.985051828066 1.000040342096277 1.502208884259595 192.9971631175685 7.770749581524908e-005
0.0755 6382.028925210821 1.000040088983844 1.502112563401908 192.7119861296609 7.427697394934102e-005
0.0756 6382.072860658785 1.000039836733585 1.502016224861602 192.4264057179006 7.098269934485928e-005
0.0757 6382.116858185392 1.000039585346473 1.50191986867319 192.1404217949538 6.781991456254345e-005
0.07580000000000001 6382.16091780406 1.000039334823462 1.50182349487129 191.8540342736109 6.478400287654493e-005
0.07590000000000001 6382.205039528188 1.000039085165493 1.501727103490632 191.5672430667804 6.187048499045169e-005
0.076 6382.249223371156 1.000038836373487 1.501630694566083 191.2800480874834 5.907501580340921e-005
0.0761 6382.293469346329 1.000038588448346 1.50153426813261 190.9924492488648 5.639338122644267e-005
0.0762 6382.337777467045 1.000038341390958 1.501437824225315 190.7044464642057 5.382149504869304e-005
0.07630000000000001 6382.382147746632 1.000038095202193 1.501341362879406 190.4160396468936 5.135539585312818e-005
0.07640000000000001 6382.426580198394 1.000037849882903 1.501244884130215 190.1272287104401 4.89912439824313e-005
0.0765 6382.471074835617 1.000037605433922 1.501148388013188 189.8380135684869 4.672531855435548e-005
0.0766 6382.515631671571 1.000037361856068 1.501051874563888 189.5483941347878 4.455401452633736e-005
0.0767 6382.560250719504 1.00003711915014 1.500955343818006 189.258370323227 4.247383980967181e-005
0.07680000000000001 6382.604931992643 1.000036877316921 1.500858795811344 188.9679420478186 4.048141243262161e-005
0.07690000000000001 6382.649675504201 1.000036636357175 1.50076223057981 188.6771092226949 3.857345775233849e-005
0.077 6382.694481267367 1.00003639627165 1.500665648159447 188.3858717621123 3.674680571557978e-005
0.0771 6382.739349295314 1.000036157061075 1.500569048586409 188.0942295804574 3.499838816784663e-005
0.07720000000000001 6382.784279601196 1.000035918726162 1.500472431896955 187.8021825922291 3.332523621055888e-005
0.07730000000000001 6382.829272198143 1.000035681267605 1.500375798127478 187.509730712074 3.172447760645694e-005
0.07740000000000001 6382.874327099269 1.000035444686081 1.500279147314474 187.216873854751 3.019333423221967e-005
0.0775 6382.919444317669 1.000035208982247 1.500182479494569 186.9236119351493 2.872911957873218e-005
0.0776 6382.964623866416 1.000034974156744 1.500085794704491 186.6299448682938 2.732923629830019e-005
0.07770000000000001 6383.009865758564 1.000034740210196 1.499989092981089 186.3358725693337 2.599117379848334e-005
0.07780000000000001 6383.055170007147 1.000034507143208 1.499892374361329 186.0413949535422 2.471250588236272e-005
0.0779 6383.10053662518 1.000034274956366 1.499795638882286 185.7465119363286 2.349088843487535e-005
0.078 6383.145965625658 1.00003404365024 1.499698886581163 185.4512234332264 2.232405715470126e-005
0.0781 6383.191457021553 1.000033813225381 1.499602117495261 185.1555293599048 2.120982533153577e-005
0.07820000000000001 6383.237010825821 1.000033583682321 1.499505331662008 184.8594296321634 2.014608166818656e-005
0.07830000000000001 6383.282627051395 1.000033355021577 1.499408529118937 184.5629241659316 1.913078814719978e-005
0.0784 6383.328305711189 1.000033127243644 1.499311709903707 184.266012877269 1.816197794158341e-005
0.0785 6383.374046818098 1.000032900349002 1.499214874054074 183.9686956823651 1.723775336920877e-005
0.0786 6383.419850384991 1.000032674338111 1.499118021607919 183.6709724975575 1.635628389051568e-005
0.07870000000000001 6383.465716424724 1.000032449211415 1.499021152603236 183.3728432392958 1.551580414887179e-005
0.07880000000000001 6383.511644950127 1.000032224969337 1.498924267078124 183.0743078241775 1.471461205351619e-005
0.0789 6383.557635974011 1.000032001612284 1.498827365070796 182.7753661689302 1.395106690425711e-005
0.079 6383.603689509167 1.000031779140643 1.498730446619588 182.4760181904175 1.322358755769206e-005
0.0791 6383.649805568363 1.000031557554785 1.498633511762932 182.1762638056388 1.253065063439148e-005
0.07920000000000001 6383.695984164349 1.00003133685506 1.498536560539381 181.8761029317296 1.187078876658694e-005
0.07930000000000001 6383.742225309854 1.000031117041801 1.498439592987591 181.5755354859497 1.124258888585279e-005
0.0794 6383.788529017582 1.000030898115324 1.498342609146341 181.2745613857181 1.064469055041431e-005
0.0795 6383.83489530022 1.000030680075924 1.498245609054507 180.9731805485725 1.007578431132135e-005
0.0796 6383.881324170432 1.000030462923881 1.498148592751079 180.6713928921921 9.534610117285382e-006
0.07970000000000001 6383.927815640863 1.000030246659452 1.498051560275164 180.3691983343923 9.019955757469291e-006
0.07980000000000001 6383.974369724132 1.000030031282879 1.497954511665966 180.0665967931421 8.530655341819546e-006
0.0799 6384.020986432842 1.000029816794385 1.497857446962806 179.7635881865289 8.065587818292542e-006
0.08 6384.067665779571 1.000029603194174 1.497760366205108 179.4601724327875 7.623675526649899e-006
0.08010000000000001 6384.114407776878 1.000029390482432 1.497663269432407 179.1563494502951 7.203882788124205e-006
0.08020000000000001 6384.161212437298 1.000029178659327 1.497566156684346 178.8521191575645 6.805214530489875e-006
0.08030000000000001 6384.208079773345 1.000028967725005 1.497469028000673 178.5474814732564 6.426714948025741e-006
0.0804 6384.255009797513 1.000028757679599 1.49737188342124 178.2424363161675 6.067466195778092e-006
0.0805 6384.302002522271 1.000028548523219 1.497274722986017 177.9369836052364 5.726587117640408e-006
0.08060000000000001 6384.34905796007 1.000028340255958 1.497177546735061 177.6311232595434 5.403232007677183e-006
0.08070000000000001 6384.396176123337 1.000028132877892 1.497080354708544 177.324855198311 5.096589404157742e-006
0.08080000000000001 6384.443357024476 1.000027926389075 1.496983146946751 177.0181793409032 4.805880915756123e-006
0.0809 6384.490600675872 1.000027720789545 1.496885923490054 176.7110956068322 4.530360079377781e-006
0.081 6384.537907089884 1.000027516079321 1.496788684378943 176.4036039157517 4.269311249050955e-006
0.08110000000000001 6384.585276278854 1.000027312258402 1.496691429654002 176.0957041874516 4.022048515350582e-006
0.08120000000000001 6384.632708255095 1.000027109326771 1.49659415935592 175.7873963418814 3.787914654830615e-006
0.0813 6384.680203030905 1.000026907284389 1.496496873525505 175.4786802991206 3.566280108853188e-006
0.0814 6384.727760618553 1.000026706131201 1.496399572203631 175.1695559794083 3.356541991359775e-006
0.0815 6384.775381030289 1.000026505867132 1.496302255431306 174.8600233031197 3.158123124954336e-006
0.08160000000000001 6384.823064278342 1.000026306492089 1.496204923249625 174.5500821907775 2.970471104822671e-006
0.08170000000000001 6384.870810374915 1.00002610800596 1.496107575699789 174.2397325630526 2.793057389912034e-006
0.0818 6384.918619332189 1.000025910408614 1.496010212823088 173.9289743407693 2.625376420844679e-006
0.0819 6384.966491162324 1.000025713699902 1.495912834660927 173.6178074448939 2.466944764015828e-006
0.082 6385.014425877456 1.000025517879655 1.495815441254799 173.3062317965345 2.317300281359593e-006
0.08210000000000001 6385.0624234897 1.000025322947688 1.495718032646291 172.994247316953 2.176001325248706e-006
0.08220000000000001 6385.110484011143 1.000025128903794 1.495620608877103 172.6818539275708 2.04262595799041e-006
0.0823 6385.158607453856 1.000024935747748 1.495523169989022 172.3690515499337 1.916771195380709e-006
0.0824 6385.206793829883 1.000024743479309 1.495425716023932 172.0558401057587 1.798052273847703e-006
0.0825 6385.255043151246 1.000024552098214 1.49532824702381 171.7422195168987 1.686101940595192e-006
0.08260000000000001 6385.303355429942 1.000024361604184 1.495230763030741 171.4281897053783 1.580569766295671e-006
0.08270000000000001 6385.351730677947 1.000024171996918 1.495133264086887 171.113750593346 1.481121479765113e-006
0.0828 6385.400168907213 1.0000239832761 1.495035750234518 170.7989021031161 1.387438324174779e-006
0.0829 6385.448670129668 1.000023795441392 1.494938221515994 170.4836441571564 1.299216434248852e-006
0.083 6385.497234357218 1.000023608492439 1.49484067797377 170.1679766780825 1.216166233973615e-006
0.08310000000000001 6385.545861601744 1.000023422428868 1.494743119650389 169.8518995886637 1.138011854327399e-006
0.08320000000000001 6385.594551875106 1.000023237250285 1.494645546588488 169.5354128118114 1.064490570537146e-006
0.0833 6385.643305189137 1.000023052956279 1.494547958830797 169.2185162706081 9.953522583949569e-007
0.0834 6385.692121555649 1.00002286954642 1.494450356420137 168.9012098882844 9.303588691366086e-007
0.08350000000000001 6385.741000986429 1.000022687020258 1.494352739399413 168.5834935882125 8.692839224303059e-007
0.08360000000000001 6385.789943493241 1.000022505377328 1.494255107811626 168.2653672939363 8.119120170130379e-007
0.08370000000000001 6385.838949087824 1.000022324617142 1.494157461699867 167.9468309291473 7.580383584991007e-007
0.0838 6385.888017781895 1.000022144739195 1.494059801107311 167.6278844176849 7.074683039246594e-007
0.0839 6385.937149587146 1.000021965742964 1.493962126077217 167.308527683554 6.600169225797204e-007
0.08400000000000001 6385.986344515245 1.000021787627907 1.493864436652943 166.9887606509072 6.155085726795472e-007
0.08410000000000001 6386.035602577837 1.000021610393461 1.493766732877922 166.6685832440629 5.737764934535501e-007
0.08420000000000001 6386.084923786541 1.000021434039049 1.493669014795682 166.347995387487 5.346624122143015e-007
0.0843 6386.134308152951 1.000021258564072 1.493571282449824 166.026997005817 4.980161659970367e-007
0.0844 6386.183755688642 1.000021083967913 1.493473535884045 165.7055880238262 4.636953373435115e-007
0.08450000000000001 6386.233266405161 1.000020910249936 1.493375775142126 165.3837683664536 4.315649038383847e-007
0.08460000000000001 6386.282840314029 1.000020737409487 1.493278000267913 165.0615379588097 4.014969009869892e-007
0.0847 6386.332477426748 1.000020565445894 1.493180211305363 164.7388967261408 3.733700980411261e-007
0.0848 6386.382177754789 1.000020394358466 1.493082408298495 164.4158445938705 3.470696863976664e-007
0.0849 6386.431941309605 1.000020224146492 1.49298459129141 164.0923814875704 3.224869801768396e-007
0.08500000000000001 6386.481768102619 1.000020054809245 1.492886760328291 163.7685073329775 2.995191286188585e-007
0.08510000000000001 6386.531658145233 1.000019886345977 1.492788915453414 163.4442220559885 2.780688399275111e-007
0.0852 6386.581611448823 1.000019718755923 1.492691056711116 163.1195255826536 2.580441162048872e-007
0.0853 6386.63162802474 1.000019552038299 1.492593184145815 162.7944178391889 2.39357999127269e-007
0.0854 6386.681707884312 1.000019386192303 1.492495297802015 162.4688987519697 2.219283260159751e-007
0.08550000000000001 6386.731851038842 1.000019221217114 1.492397397724296 162.1429682475254 2.0567749596783e-007
0.08560000000000001 6386.782057499606 1.000019057111892 1.492299483957306 161.8166262525623 1.905322457169326e-007
0.0857 6386.832327277855 1.000018893875781 1.492201556545777 161.4898726939408 1.764234349013734e-007
0.0858 6386.882660384818 1.000018731507903 1.492103615534509 161.1627074986808 1.632858404235705e-007
0.0859 6386.933056831698 1.000018570007365 1.492005660968378 160.8351305939617 1.510579595939786e-007
0.08600000000000001 6386.983516629673 1.000018409373254 1.491907692892339 160.5071419071286 1.3968182175747e-007
0.08610000000000001 6387.034039789892 1.000018249604637 1.491809711351414 160.1787413657038 1.291028081080996e-007
0.0862 6387.084626323485 1.000018090700567 1.4917117163907 159.8499288973457 1.192694794032765e-007
0.0863 6387.135276241555 1.000017932660074 1.491613708055357 159.5207044298958 1.101334113017267e-007
0.08640000000000001 6387.185989555176 1.000017775482174 1.491515686390628 159.1910678913554 1.016490370466364e-007
0.08650000000000001 6387.236766275402 1.000017619165861 1.491417651441818 158.8610192098853 9.377349723076327e-008
0.08660000000000001 6387.28760641326 1.000017463710114 1.491319603254297 158.5305583138119 8.646649638316038e-008
0.0867 6387.338509979749 1.000017309113891 1.491221541873511 158.1996851316329 7.969016612447916e-008
0.0868 6387.389476985845 1.000017155376134 1.491123467344974 157.8683995920059 7.340893464438364e-008
0.08690000000000001 6387.440507442499 1.000017002495765 1.491025379714262 157.5367016237536 6.758940226232538e-008
0.08700000000000001 6387.491601360637 1.000016850471691 1.490927279027011 157.2045911558588 6.220022283807941e-008
0.08710000000000001 6387.542758751156 1.000016699302796 1.49082916532894 156.8720681174872 5.721199080627197e-008
