0 6365.5 1.000340560303341 1.56198468844578 297.15 17.60847635214909
0.0001 6365.505641026056 1.000340275140451 1.561916733256605 297.1133333306369 17.56973095727924
0.0002 6365.511325317487 1.000339988090718 1.561848745489212 297.0763854363357 17.53076371645331
0.0003 6365.517052895201 1.000339699159629 1.561780724911156 297.039156181192 17.49157608849078
0.0004 6365.522823780255 1.000339408352699 1.561712671291029 297.0016454283435 17.452169539939
0.0005 6365.528637993854 1.00033911567548 1.561644584398423 296.9638530399469 17.41254554497909
0.0006000000000000001 6365.534495557354 1.000338821133558 1.561576464003965 296.925778877201 17.37270558538116
0.0007 6365.540396492254 1.00033852473255 1.561508309879293 296.8874228003468 17.33265115043418
0.0008 6365.546340820205 1.00033822647811 1.561440121797021 296.8487846686679 17.2923837368754
0.0009000000000000001 6365.552328562999 1.000337926375922 1.561371899530825 296.8098643405077 17.25190484883777
0.001 6365.558359742578 1.000337624431705 1.561303642855276 296.7706616732402 17.21121599774774
0.0011 6365.564434381026 1.000337320651208 1.5612353515462 296.7311765233288 17.17031870231468
0.0012 6365.570552500573 1.000337015040218 1.561167025380084 296.6914087462736 17.12921448840328
0.0013 6365.576714123593 1.00033670760455 1.561098664134613 296.6513581966464 17.08790488899745
0.0014 6365.5829192726 1.000336398350053 1.561030267588501 296.6110247281025 17.04639144413918
0.0015 6365.589167970253 1.000336087282609 1.560961835521334 296.5704081933576 17.00467570083033
0.0016 6365.595460239351 1.000335774408132 1.560893367713745 296.5295084442167 16.96275921298887
0.0017 6365.601796102837 1.000335459732569 1.560824863947358 296.4883253315569 16.920643541356
0.0018 6365.608175583795 1.000335143261896 1.560756324004754 296.4468587053328 16.87833025342721
0.0019 6365.614598705443 1.000334825002124 1.560687747669565 296.4051084146184 16.83582092341889
0.002 6365.621065491144 1.000334504959293 1.560619134726416 296.3630743075654 16.79311713215009
0.0021 6365.627575964396 1.000334183139477 1.560550484960801 296.3207562314268 16.75022046699026
0.0022 6365.634130148837 1.000333859548779 1.56048179815935 296.2781540325572 16.7071325217823
0.0023 6365.640728068244 1.000333534193334 1.560413074109557 296.2352675564124 16.66385489676535
0.0024 6365.647369746527 1.00033320707931 1.56034431259998 296.1920966475735 16.62038919852094
0.0025 6365.654055207733 1.000332878212902 1.56027551342016 296.1486411497348 16.57673703988276
0.0026 6365.660784476047 1.000332547600339 1.560206676360589 296.1049009056918 16.53290003984634
0.0027 6365.667557575788 1.000332215247878 1.560137801212726 296.0608757573772 16.48887982352566
0.0028 6365.674374531407 1.000331881161809 1.560068887769117 296.0165655458544 16.44467802206769
0.0029 6365.68123536749 1.00033154534845 1.559999935823168 295.9719701113121 16.40029627256663
0.003 6365.688140108758 1.000331207814149 1.559930945169373 295.9270892930698 16.35573621798959
0.0031 6365.695088780062 1.000330868565286 1.559861915603179 295.8819229295958 16.31099950711355
0.0032 6365.702081406385 1.000330527608269 1.559792846920964 295.8364708584953 16.26608779443249
0.0033 6365.709118012843 1.000330184949534 1.559723738920245 295.7907329165222 16.22100274008757
0.0034 6365.716198624679 1.00032984059555 1.559654591399358 295.7447089395849 16.17574600979111
0.0035 6365.72332326727 1.000329494552812 1.559585404157772 295.6983987627467 16.13031927474423
0.0036 6365.730491966118 1.000329146827846 1.55951617699584 295.6518022202312 16.0847242115599
0.0037 6365.737704746859 1.000328797427205 1.559446909715007 295.6049191454166 16.0389625021741
0.0038 6365.744961635252 1.000328446357472 1.559377602117617 295.5577493708596 15.99303583378546
0.0039 6365.752262657186 1.000328093625258 1.559308254007096 295.5102927282891 15.94694589876546
0.004 6365.759607838676 1.000327739237203 1.559238865187772 295.4625490486063 15.90069439457417
0.0041 6365.766997205863 1.000327383199973 1.559169435465136 295.4145181618909 15.85428302368136
0.004200000000000001 6365.774430785013 1.000327025520263 1.559099964645484 295.3661998974125 15.80771349349282
0.0043 6365.781908602519 1.000326666204798 1.559030452536266 295.3175940836248 15.7609875162592
0.0044 6365.789430684897 1.000326305260325 1.558960898945867 295.268700548172 15.71410680899593
0.004500000000000001 6365.796997058785 1.000325942693625 1.55889130368368 295.2195191178997 15.66707309340834
0.0046 6365.804607750946 1.0003255785115 1.558821666560121 295.1700496188499 15.61988809579942
0.0047 6365.812262788265 1.000325212720783 1.558751987386645 295.1202918762782 15.57255354699981
0.0048 6365.819962197748 1.000324845328333 1.558682265975645 295.0702457146361 15.52507118226361
0.0049 6365.827706006522 1.000324476341033 1.558612502140617 295.0199109576068 15.47744274121436
0.005 6365.835494241836 1.000324105765796 1.558542695695952 294.9692874280635 15.42966996771791
0.0051 6365.843326931057 1.000323733609559 1.558472846457216 294.9183749481284 15.38175460984984
0.005200000000000001 6365.851204101671 1.000323359879285 1.558402954240873 294.8671733391378 15.33369841977326
0.0053 6365.859125781284 1.000322984581963 1.558333018864432 294.8156824216534 15.28550315366088
0.0054 6365.867091997619 1.000322607724608 1.558263040146481 294.7639020154742 15.23717057161674
0.005500000000000001 6365.875102778516 1.00032222931426 1.558193017906597 294.7118319396485 15.18870243759735
0.0056 6365.88315815193 1.000321849357984 1.558122951965368 294.6594720124561 15.14010051930511
0.0057 6365.891258145936 1.00032146786287 1.558052842144404 294.6068220514143 15.09136658810342
0.0058 6365.899402788721 1.000321084836032 1.557982688266413 294.5538818733129 15.04250241895881
0.0059 6365.907592108587 1.00032070028461 1.557912490155089 294.5006512941853 14.99350979032238
0.006 6365.915826133951 1.000320314215767 1.557842247635169 294.44713012932 14.94439048404944
0.0061 6365.924104893341 1.000319926636692 1.55777196053243 294.3933181932842 14.89514628532944
0.006200000000000001 6365.9324284154 1.000319537554594 1.557701628673671 294.3392152999003 14.84577898257218
0.0063 6365.940796728883 1.00031914697671 1.557631251886823 294.2848212622574 14.79629036732646
0.0064 6365.949209862655 1.000318754910298 1.557560830000712 294.2301358927415 14.74668223421422
0.006500000000000001 6365.957667845692 1.000318361362639 1.557490362845358 294.1751590029993 14.69695638080533
0.0066 6365.966170707081 1.000317966341039 1.557419850251743 294.1198904039742 14.64711460755655
0.0067 6365.974718476015 1.000317569852824 1.557349292051967 294.0643299059001 14.59715871771257
0.0068 6365.9833111818 1.000317171905346 1.557278688079078 294.0084773183015 14.5470905172121
0.006900000000000001 6365.991948853846 1.000316772505976 1.557208038167347 293.9523324499995 14.49691181459919
0.007 6366.000631521674 1.000316371662109 1.557137342151943 293.8958951091175 14.44662442093405
0.0071 6366.00935921491 1.000315969381161 1.557066599869197 293.8391651030873 14.39623014970364
0.007200000000000001 6366.018131963285 1.00031556567057 1.556995811156472 293.782142238649 14.34573081672678
0.0073 6366.026949796636 1.000315160537795 1.556924975852232 293.7248263218629 14.29512824006936
0.0074 6366.035812744907 1.000314753990318 1.556854093795898 293.6672171581034 14.24442423994362
0.007500000000000001 6366.044720838142 1.00031434603564 1.556783164828134 293.6093145520771 14.19362063862809
0.0076 6366.05367410649 1.000313936681283 1.55671218879054 293.5511183078164 14.14271926036634
0.0077 6366.062672580201 1.000313525934791 1.55664116552589 293.4926282286918 14.09172193128106
0.007800000000000001 6366.071716289632 1.000313113803725 1.556570094877984 293.433844117394 14.0406304792622
0.007900000000000001 6366.080805265236 1.00031270029567 1.556498976691661 293.374765775969 13.98944673390115
0.008 6366.089939537567 1.000312285418229 1.556427810812967 293.3153930058128 13.93817252638856
0.0081 6366.099119137281 1.000311869179023 1.556356597088935 293.255725607671 13.8868096894171
0.008200000000000001 6366.108344095133 1.000311451585695 1.556285335367732 293.1957633816331 13.83536005707907
0.0083 6366.117614441976 1.000311032645905 1.556214025498574 293.135506127156 13.78382546478912
0.008400000000000001 6366.126930208759 1.000310612367334 1.556142667331799 293.0749536430638 13.73220774918636
0.008500000000000001 6366.136291426532 1.000310190757678 1.556071260718897 293.0141057275426 13.68050874803124
0.0086 6366.145698126436 1.000309767824656 1.555999805512365 292.9529621781634 13.62873030012748
0.008700000000000001 6366.155150339714 1.000309343576002 1.555928301565831 292.8915227918586 13.57687424520351
0.008800000000000001 6366.164648097699 1.000308918019468 1.555856748734048 292.829787364958 13.52494242384389
0.0089 6366.17419143182 1.000308491162824 1.555785146872882 292.7677556931702 13.47293667737548
0.009000000000000001 6366.1837803736 1.000308063013858 1.555713495839269 292.7054275716013 13.42085884778333
0.0091 6366.193414954655 1.000307633580374 1.555641795491293 292.6428027947421 13.36871077760166
0.0092 6366.203095206693 1.000307202870195 1.55557004568808 292.5798811564927 13.31649430983421
0.009300000000000001 6366.212821161514 1.000306770891157 1.555498246289994 292.5166624501616 13.26421128785472
0.0094 6366.222592851006 1.000306337651116 1.555426397158412 292.4531464684604 13.21186355530231
0.0095 6366.232410307151 1.000305903157941 1.555354498155881 292.3893330035156 13.15945295599148
0.009600000000000001 6366.242273562019 1.000305467419519 1.555282549146035 292.3252218468741 13.106981333817
0.0097 6366.252182647769 1.000305030443752 1.555210549993672 292.2608127895036 13.05445053265378
0.0098 6366.262137596646 1.000304592238557 1.555138500564689 292.1961056218041 13.0018623962663
0.009900000000000001 6366.272138440983 1.000304152811865 1.555066400726153 292.1311001336084 12.94921876820817
0.01 6366.282185213203 1.000303712171624 1.554994250346195 292.0657961141814 12.89652149172166
0.0101 6366.292277945809 1.000303270325796 1.554922049294128 292.0001933522384 12.84377240965146
0.0102 6366.302416671395 1.000302827282355 1.554849797440399 291.9342916359332 12.79097336433432
0.0103 6366.312601422635 1.000302383049292 1.554777494656553 291.8680907528754 12.73812619751257
0.0104 6366.322832232288 1.000301937634611 1.554705140815327 291.8015904901252 12.68523275022837
0.0105 6366.333109133198 1.000301491046326 1.554632735790603 291.7347906342105 12.63229486273691
0.0106 6366.343432158288 1.00030104329247 1.554560279457326 291.6676909711272 12.57931437440513
0.0107 6366.353801340564 1.000300594381084 1.554487771691696 291.6002912863331 12.52629312360596
0.0108 6366.364216713115 1.000300144320225 1.554415212370976 291.5325913647542 12.47323294762172
0.0109 6366.374678309105 1.00029969311796 1.554342601373634 291.4645909908198 12.42013568257066
0.011 6366.385186161782 1.000299240782369 1.554269938579252 291.3962899484153 12.36700316326844
0.0111 6366.395740304471 1.000298787321545 1.554197223868587 291.3276880209354 12.31383722316831
0.0112 6366.406340770574 1.00029833274359 1.554124457123562 291.2587849912665 12.26063969424567
0.0113 6366.416987593572 1.000297877056619 1.554051638227243 291.1895806417805 12.20741240689204
0.0114 6366.427680807021 1.000297420268759 1.553978767063834 291.1200747543647 12.15415718983634
0.0115 6366.438420444552 1.000296962388145 1.553905843518739 291.0502671104099 12.10087587003407
0.0116 6366.449206539874 1.000296503422924 1.553832867478533 290.9801574908219 12.04757027257483
0.0117 6366.460039126766 1.000296043381253 1.553759838830904 290.9097456760218 11.99424222058062
0.0118 6366.470918239084 1.0002955822713 1.55368675746476 290.8390314459519 11.94089353510873
0.0119 6366.481843910757 1.000295120101239 1.553613623270162 290.7680145800817 11.88752603505458
0.012 6366.492816175783 1.000294656879259 1.553540436138315 290.6966948574135 11.83414153705453
0.0121 6366.503835068233 1.000294192613552 1.553467195961632 290.6250720564884 11.78074185538867
0.0122 6366.514900622249 1.000293727312324 1.553393902633685 290.5531459553807 11.72732880187483
0.0123 6366.526012872041 1.000293260983785 1.553320556049263 290.4809163317331 11.67390418579335
0.0124 6366.537171851891 1.000292793636156 1.553247156104242 290.4083829627092 11.62046981375048
0.0125 6366.548377596146 1.000292325277665 1.553173702695776 290.3355456250532 11.56702748962063
0.0126 6366.559630139222 1.000291855916548 1.55310019572212 290.2624040950599 11.51357901442309
0.0127 6366.570929515603 1.000291385561048 1.553026635082783 290.1889581485806 11.46012618622505
0.0128 6366.582275759837 1.000290914219414 1.552953020678381 290.1152075610588 11.40667080006615
0.0129 6366.593668906539 1.000290441899904 1.552879352410809 290.0411521074947 11.35321464783138
0.013 6366.605108990389 1.000289968610781 1.552805630183067 289.9667915624744 11.29975951817139
0.0131 6366.616596046127 1.000289494360313 1.552731853899387 289.8921257001765 11.24630719640564
0.0132 6366.628130108561 1.000289019156777 1.552658023465153 289.8171542943536 11.19285946440866
0.0133 6366.639711212558 1.000288543008453 1.552584138786997 289.7418771183742 11.13941810053878
0.0134 6366.651339393047 1.000288065923626 1.552510199772696 289.6662939451929 11.08598487951621
0.0135 6366.663014685021 1.000287587910589 1.55243620633126 289.5904045473625 11.03256157233092
0.0136 6366.674737123528 1.000287108977636 1.552362158372842 289.514208697069 10.97914994616708
0.0137 6366.686506743678 1.000286629133067 1.552288055808851 289.4377061660906 10.92575176427344
0.0138 6366.698323580642 1.000286148385187 1.552213898551843 289.3608967258273 10.87236878588403
0.0139 6366.710187669643 1.000285666742304 1.552139686515597 289.2837801473182 10.81900276613022
0.014 6366.722099045966 1.000285184212729 1.552065419615103 289.2063562012185 10.76565545592436
0.0141 6366.734057744951 1.000284700804776 1.551991097766527 289.1286246578164 10.71232860187232
0.0142 6366.746063801993 1.000284216526763 1.551916720887245 289.0505852870459 10.65902394618203
0.0143 6366.75811725254 1.000283731387009 1.551842288895863 288.9722378584919 10.60574322656794
0.0144 6366.770218132096 1.000283245393838 1.551767801712149 288.8935821413728 10.55248817613976
0.0145 6366.782366476221 1.000282758555573 1.551693259257104 288.8146179045642 10.49926052331953
0.0146 6366.794562320521 1.000282270880541 1.55161866145291 288.7353449166106 10.44606199175072
0.0147 6366.806805700659 1.000281782377068 1.551544008222998 288.6557629457196 10.3928943001955
0.0148 6366.819096652346 1.000281293053483 1.551469299491983 288.5758717597499 10.33975916242854
0.0149 6366.831435211346 1.000280802918115 1.551394535185658 288.4956711262529 10.28665828716645
0.015 6366.843821413469 1.000280311979294 1.551319715231084 288.4151608124488 10.23359337795403
0.0151 6366.856255294577 1.00027982024535 1.551244839556461 288.3343405852505 10.18056613308222
0.0152 6366.868736890578 1.000279327724612 1.551169908091294 288.2532102112458 10.12757824547902
0.0153 6366.881266237426 1.00027883442541 1.551094920766216 288.1717694567327 10.0746314026355
0.0154 6366.893843371125 1.000278340356072 1.551019877513109 288.0900180876901 10.02172728648962
0.0155 6366.906468327721 1.000277845524925 1.550944778265052 288.0079558698129 9.968867573352652
0.0156 6366.919141143307 1.000277349940295 1.550869622956364 287.9255825685067 9.916053933808916
0.0157 6366.931861854019 1.000276853610506 1.550794411522543 287.8428979488752 9.863288032612177
0.0158 6366.944630496037 1.000276356543882 1.550719143900313 287.7599017757565 9.810571528612645
0.0159 6366.957447105584 1.000275858748742 1.55064382002763 287.6765938137045 9.757906074650116
0.016 6366.970311718922 1.000275360233403 1.550568439843666 287.5929738270073 9.705293317470161
0.0161 6366.983224372357 1.000274861006181 1.550493003288769 287.5090415796811 9.65273489762556
0.0162 6366.996185102234 1.000274361075385 1.550417510304525 287.424796835482 9.600232449389328
0.0163 6367.009193944937 1.000273860449325 1.550341960833758 287.3402393579116 9.547787600664257
0.0164 6367.02225093689 1.000273359136305 1.55026635482044 287.2553689102118 9.495401972885531
0.0165 6367.035356114556 1.000272857144623 1.550190692209868 287.1701852553878 9.44307718094198
0.0166 6367.04850951443 1.000272354482575 1.550114972948464 287.0846881562023 9.390814833079332
0.0167 6367.06171117305 1.000271851158453 1.550039196983888 286.998877375176 9.338616530807624
0.0168 6367.074961126985 1.000271347180541 1.549963364265023 286.9127526745987 9.286483868816191
0.0169 6367.088259412841 1.00027084255712 1.549887474741977 286.8263138165356 9.234418434885407
0.017 6367.101606067256 1.000270337296465 1.549811528366054 286.7395605628334 9.182421809798745
0.0171 6367.115001126905 1.000269831406843 1.549735525089784 286.6524926751198 9.130495567251753
0.0172 6367.128444628491 1.000269324896517 1.54965946486693 286.5651099148098 9.078641273764996
0.0173 6367.141936608752 1.000268817773743 1.549583347652428 286.4774120431115 9.026860488597416
0.0174 6367.155477104457 1.000268310046769 1.549507173402459 286.3893988210319 8.975154763660084
0.0175 6367.169066152404 1.000267801723837 1.549430942074421 286.3010700093772 8.923525643426952
0.0176 6367.18270378942 1.00026729281318 1.549354653626928 286.2124253687701 8.87197466485639
0.0177 6367.196390052362 1.000266783323025 1.549278308019775 286.1234646596444 8.820503357299316
0.0178 6367.210124978115 1.00026627326159 1.549201905214011 286.0341876422502 8.769113242414781
0.0179 6367.223908603591 1.000265762637083 1.549125445171865 285.9445940766608 8.717805834085999
0.018 6367.237740965726 1.000265251457706 1.549048927856814 285.8546837227835 8.666582638340177
0.0181 6367.251622101486 1.00026473973165 1.548972353233529 285.7644563403427 8.615445153252042
0.0182 6367.265552047857 1.000264227467097 1.548895721267863 285.6739116889265 8.564394868884794
0.0183 6367.279530841855 1.000263714672219 1.548819031926937 285.58304952794 8.513433267177923
0.0184 6367.293558520515 1.00026320135518 1.548742285179031 285.4918696166523 8.462561821889103
0.0185 6367.307635120895 1.000262687524131 1.548665480993676 285.4003717141844 8.41178199850312
0.0186 6367.321760680074 1.000262173187213 1.54858861934159 285.3085555795159 8.361095254151394
0.0187 6367.335935235156 1.000261658352557 1.548511700194681 285.2164209714841 8.310503037528802
0.0188 6367.350158823263 1.000261143028283 1.548434723526097 285.1239676487907 8.260006788814341
0.0189 6367.364431481536 1.000260627222498 1.548357689310169 285.0311953700187 8.209607939598735
0.019 6367.378753247133 1.000260110943298 1.548280597522435 284.9381038936334 8.159307912802836
0.0191 6367.393124157235 1.000259594198768 1.548203448139652 284.8446929779697 8.109108122590348
0.0192 6367.407544249037 1.000259076996977 1.548126241139762 284.750962381262 8.059009974303468
0.0193 6367.42201355975 1.000258559345985 1.548048976501917 284.6569118616266 8.009014864373635
0.0194 6367.436532126601 1.000258041253836 1.547971654206478 284.562541177091 7.959124180258202
0.0195 6367.451099986834 1.000257522728564 1.547894274234982 284.4678500855765 7.909339300352495
0.0196 6367.465717177706 1.000257003778187 1.54781683657017 284.3728383449096 7.859661593918273
0.0197 6367.480383736486 1.000256484410708 1.547739341195986 284.27750571284 7.810092421015796
0.0198 6367.495099700458 1.000255964634119 1.547661788097585 284.1818519470229 7.760633132417976
0.0199 6367.509865106917 1.000255444456394 1.547584177261262 284.0858768050365 7.711285069543782
0.02 6367.52467999317 1.000254923885495 1.547506508674566 283.9895800443941 7.662049564389039
0.0201 6367.539544396532 1.000254402929366 1.547428782326203 283.8929614225439 7.612927939451774
0.0202 6367.554458354329 1.000253881595938 1.547350998206063 283.7960206968631 7.563921507655354
0.0203 6367.569421903897 1.000253359893126 1.547273156305247 283.6987576246701 7.515031572281338
0.0204 6367.58443508258 1.000252837828826 1.547195256616014 283.6011719632296 7.466259426899996
0.0205 6367.599497927727 1.000252315410922 1.547117299131823 283.5032634697712 7.417606355307314
0.0206 6367.614610476699 1.000251792647278 1.547039283847319 283.4050319014594 7.369073631439209
0.0207 6367.629772766855 1.000251269545742 1.5469612107583 283.3064770154409 7.320662519324682
0.0208 6367.644984835567 1.000250746114146 1.54688307986175 283.2075985688151 7.272374273001533
0.0209 6367.660246720207 1.000250222360302 1.546804891155868 283.1083963186519 7.22421013645628
0.021 6367.675558458152 1.000249698292007 1.54672664463998 283.0088700220093 7.176171343564609
0.0211 6367.690920086782 1.000249173917037 1.546648340314616 282.9090194359159 7.128259118015361
0.0212 6367.706331643479 1.000248649243152 1.546569978181437 282.8088443173882 7.080474673252524
0.0213 6367.721793165626 1.000248124278092 1.546491558243299 282.7083444234312 7.03281921240939
0.0214 6367.737304690609 1.000247599029578 1.546413080504217 282.6075195110437 6.985293928246328
0.0215 6367.75286625581 1.000247073505313 1.54633454496938 282.5063693372366 6.937900003094835
0.0216 6367.768477898614 1.000246547712978 1.546255951645112 282.4048936590087 6.890638608782941
0.0217 6367.784139656403 1.000246021660236 1.546177300538922 282.3030922333827 6.84351090658917
0.0218 6367.799851566556 1.000245495354731 1.546098591659443 282.200964817387 6.796518047172365
0.0219 6367.815613666451 1.000244968804083 1.54601982501651 282.0985111680678 6.749661170516178
0.022 6367.831425993462 1.000244442015894 1.545941000621048 281.9957310424951 6.702941405871584
0.0221 6367.847288584958 1.000243914997745 1.545862118485161 281.8926241977741 6.656359871702845
0.0222 6367.863201478302 1.000243387757195 1.54578317862212 281.7891903910398 6.609917675626257
0.0223 6367.879164710851 1.000242860301781 1.545704181046319 281.6854293794685 6.563615914357792
0.0224 6367.895178319958 1.000242332639019 1.54562512577325 281.5813409202718 6.517455673653632
0.0225 6367.911242342968 1.000241804776403 1.545546012819615 281.4769247707089 6.471438028259515
0.0226 6367.927356817216 1.000241276721404 1.545466842203209 281.372180688098 6.425564041860825
0.0227 6367.943521780031 1.00024074848147 1.545387613942948 281.2671084297984 6.37983476702061
0.0228 6367.95973726873 1.000240220064029 1.545308328058917 281.1617077532527 6.334251245144314
0.0229 6367.976003320622 1.000239691476482 1.54522898457227 281.0559784159562 6.288814506414416
0.023 6367.992319973003 1.000239162726209 1.545149583505321 280.9499201754815 6.243525569749142
0.0231 6368.00868726316 1.000238633820565 1.545070124881524 280.8435327894598 6.198385442744286
0.0232 6368.025105228366 1.000238104766882 1.544990608725407 280.7368160156233 6.153395121641107
0.0233 6368.041573905882 1.000237575572468 1.544911035062612 280.6297696117689 6.108555591262473
0.0234 6368.058093332954 1.000237046244604 1.544831403919901 280.5223933358001 6.063867824982442
0.0235 6368.074663546815 1.00023651679055 1.544751715325157 280.414686945703 6.019332784669366
0.0236 6368.091284584682 1.000235987217539 1.544671969307333 280.3066501995644 5.97495142064733
0.0237 6368.107956483758 1.000235457532778 1.54459216589652 280.1982828555714 5.93072467165109
0.0238 6368.124679281227 1.000234927743451 1.544512305123874 280.0895846720235 5.886653464786805
0.0239 6368.141453014257 1.000234397856713 1.544432387021652 279.9805554073267 5.842738715486497
0.024 6368.158277719999 1.000233867879695 1.544352411623188 279.8711948200051 5.798981327470679
0.0241 6368.175153435584 1.000233337819502 1.544272378962941 279.7615026687071 5.755382192709495
0.0242 6368.192080198124 1.000232807683213 1.54419228907639 279.6514787121931 5.711942191377841
0.0243 6368.209058044713 1.000232277477877 1.544112142000141 279.5411227093658 5.668662191827866
0.0244 6368.226087012422 1.000231747210519 1.54403193777185 279.4304344192577 5.625543050546
0.0245 6368.243167138302 1.000231216888137 1.543951676430247 279.3194136010374 5.582585612118073
0.0246 6368.260298459382 1.0002306865177 1.54387135801511 279.2080600140151 5.539790709195378
0.0247 6368.277481012669 1.000230156106149 1.543790982567326 279.0963734176493 5.497159162461732
0.0248 6368.294714835146 1.000229625660399 1.54371055012879 278.9843535715517 5.454691780601493
0.0249 6368.31199996377 1.000229095187335 1.543630060742484 278.8720002354938 5.412389360268572
0.025 6368.329336435478 1.000228564693816 1.543549514452395 278.7593131693951 5.370252686049824
0.0251 6368.346724287177 1.000228034186668 1.543468911303631 278.6462921333522 5.328282530445017
0.0252 6368.364163555751 1.000227503672694 1.543388251342245 278.5329368876213 5.286479653830064
0.0253 6368.381654278057 1.000226973158663 1.543307534615392 278.4192471926302 5.244844804432396
0.0254 6368.399196490925 1.000226442651316 1.543226761171255 278.3052228089899 5.203378718307262
0.0255 6368.416790231155 1.000225912157367 1.54314593105903 278.1908634974947 5.162082119310699
0.0256 6368.434435535521 1.000225381683497 1.543065044328918 278.076169019116 5.120955719071485
0.0257 6368.452132440765 1.000224851236358 1.542984101032183 277.9611391350267 5.080000216974799
0.0258 6368.469880983604 1.000224320822574 1.542903101221063 277.8457736065765 5.039216300129965
0.0259 6368.487681200719 1.000223790448735 1.542822044948833 277.7300721953283 4.998604643360356
0.026 6368.505533128762 1.000223260121404 1.542740932269734 277.6140346630458 4.958165909177465
0.0261 6368.523436804356 1.000222729847111 1.54265976323907 277.4976607716879 4.917900747758313
0.0262 6368.541392264087 1.000222199632355 1.54257853791308 277.3809502834323 4.877809796934209
0.0263 6368.559399544512 1.000221669483604 1.542497256349023 277.2639029606752 4.837893682172239
0.0264 6368.577458682151 1.000221139407297 1.542415918605142 277.1465185660198 4.798153016553918
0.0265 6368.595569713491 1.000220609409838 1.542334524740642 277.028796862306 4.758588400769014
0.0266 6368.613732674987 1.000220079497601 1.542253074815735 276.9107376125861 4.719200423092388
0.0267 6368.631947603053 1.000219549676927 1.542171568891599 276.7923405801552 4.679989659379892
0.0268 6368.650214534071 1.000219019954128 1.542090007030334 276.6736055285386 4.640956673051432
0.0269 6368.668533504385 1.000218490335479 1.542008389295042 276.5545322214983 4.602102015081113
0.027 6368.686904550301 1.000217960827226 1.541926715749787 276.4351204230446 4.563426223990376
0.0271 6368.705327708089 1.000217431435581 1.541844986459551 276.3153698974241 4.524929825834538
0.0272 6368.723803013978 1.000216902166722 1.541763201490286 276.1952804091437 4.48661333420194
0.0273 6368.74233050416 1.000216373026797 1.541681360908863 276.0748517229584 4.448477250202731
0.0274 6368.760910214786 1.00021584402192 1.541599464783095 275.9540836038894 4.410522062468242
0.0275 6368.779542181967 1.000215315158167 1.541517513181753 275.8329758172121 4.372748247142084
0.0276 6368.798226441774 1.000214786441588 1.541435506174485 275.7115281284676 4.335156267879881
0.0277 6368.816963030235 1.000214257878193 1.541353443831868 275.5897403034695 4.29774657584819
0.0278 6368.835751983337 1.000213729473962 1.541271326225417 275.4676121083088 4.260519609724522
0.0279 6368.854593337023 1.000213201234839 1.541189153427537 275.3451433093486 4.223475795694878
0.028 6368.873487127195 1.000212673166735 1.541106925511523 275.2223336732299 4.186615547456079
0.0281 6368.892433389708 1.000212145275526 1.541024642551581 275.099182966895 4.149939266224465
0.0282 6368.911432160377 1.000211617567053 1.540942304622813 274.9756909575525 4.113447340728022
0.0283 6368.930483474968 1.000211090047124 1.54085991180117 274.8518574127064 4.077140147219183
0.0284 6368.949587369203 1.000210562721511 1.540777464163526 274.72768210018 4.041018049486682
0.0285 6368.96874387876 1.000210035595951 1.540694961787585 274.6031647880626 4.005081398846167
0.0286 6368.987953039265 1.000209508676148 1.540612404751953 274.4783052447746 3.969330534166448
0.0287 6369.007214886305 1.000208981967767 1.54052979313608 274.35310323902 3.933765781864248
0.0288 6369.026529455411 1.000208455476441 1.540447127020256 274.2275585398282 3.898387455925679
0.0289 6369.045896782071 1.000207929207767 1.540364406485646 274.1016709165359 3.863195857911862
0.029 6369.065316901723 1.000207403167306 1.540281631614253 273.9754401387989 3.828191276974143
0.0291 6369.084789849756 1.000206877360583 1.540198802488864 273.8488659765866 3.793373989865466
0.0292 6369.104315661508 1.000206351793087 1.5401159191932 273.7219482001991 3.758744260959425
0.0293 6369.123894372266 1.000205826470274 1.540032981811688 273.5946865802679 3.724302342265485
0.0294 6369.14352601727 1.000205301397559 1.539949990429664 273.4670808877435 3.690048473442216
0.0295 6369.163210631705 1.000204776580326 1.539866945133221 273.3391308939193 3.655982881821265
0.0296 6369.182948250705 1.000204252023918 1.539783846009293 273.21083637042 3.622105782422861
0.0297 6369.202738909351 1.000203727733646 1.539700693145563 273.0821970892188 3.588417377980368
0.0298 6369.222582642674 1.000203203714782 1.539617486630551 272.95321282262 3.554917858956592
0.0299 6369.242479485648 1.000202679972562 1.539534226553556 272.8238833432887 3.521607403573627
0.03 6369.262429473195 1.000202156512185 1.539450913004631 272.6942084242327 3.48848617783146
0.0301 6369.282432640182 1.000201633338817 1.539367546074602 272.5641878388145 3.455554335535421
0.0302 6369.302489021422 1.00020111045758 1.539284125855108 272.4338213607574 3.422812018323174
0.0303 6369.322598651671 1.000200587873566 1.539200652438496 272.3031087641392 3.390259355689863
0.0304 6369.342761565632 1.000200065591826 1.539117125917877 272.1720498233925 3.357896465015938
0.0305 6369.362977797948 1.000199543617377 1.539033546387105 272.0406443133401 3.3257234516048
0.0306 6369.383247383208 1.000199021955196 1.538949913940795 271.9088920091475 3.293740408701141
0.0307 6369.403570355942 1.000198500610224 1.538866228674276 271.7767926863766 3.261947417535112
0.0308 6369.423946750624 1.000197979587366 1.538782490683585 271.6443461209436 3.230344547344513
0.0309 6369.444376601668 1.000197458891488 1.538698700065513 271.5115520891553 3.198931855416736
0.031 6369.464859943431 1.000196938527419 1.538614856917535 271.3784103676966 3.167709387120369
0.0311 6369.48539681021 1.000196418499953 1.538530961337836 271.2449207336366 3.136677175942197
0.0312 6369.505987236242 1.000195898813842 1.538447013425318 271.1110829644289 3.105835243523903
0.0313 6369.526631255705 1.000195379473804 1.538363013279531 270.976896837917 3.075183599701249
0.0314 6369.547328902717 1.00019486048452 1.53827896100075 270.8423621323408 3.04472224254431
0.0315 6369.568080211334 1.00019434185063 1.538194856689895 270.70747862633 3.014451158396122
0.0316 6369.588885215551 1.00019382357674 1.538110700448589 270.5722460989167 2.984370321916441
0.0317 6369.609743949302 1.000193305667417 1.538026492379076 270.4366643295347 2.954479696123887
0.0318 6369.630656446458 1.000192788127188 1.537942232584289 270.3007330980198 2.924779232439196
0.0319 6369.651622740828 1.000192270960547 1.53785792116777 270.1644521846159 2.89526887073085
0.032 6369.672642866159 1.000191754171947 1.537773558233742 270.0278213699688 2.86594853935921
0.0321 6369.693716856132 1.000191237765803 1.537689143887054 269.890840435144 2.836818155226823
0.0322 6369.714844744366 1.000190721746495 1.537604678233145 269.7535091616209 2.807877623824649
0.0323 6369.736026564417 1.000190206118363 1.537520161378108 269.6158273312925 2.779126839280668
0.0324 6369.757262349774 1.00018969088571 1.537435593428633 269.4777947264719 2.750565684410786
0.0325 6369.778552133863 1.000189176052801 1.53735097449201 269.3394111298916 2.722194030769536
0.0326 6369.799895950044 1.000188661623864 1.537266304676137 269.2006763247158 2.694011738704236
0.0327 6369.821293831612 1.000188147603087 1.537181584089493 269.0615900945226 2.666018657404157
0.0328 6369.842745811794 1.000187633994623 1.537096812841127 268.9221522233391 2.638214624961492
0.0329 6369.864251923753 1.000187120802586 1.537011991040688 268.7823624956067 2.610599468419042
0.033 6369.885812200584 1.000186608031053 1.536927118798354 268.6422206962037 2.583173003830842
0.0331 6369.907426675316 1.000186095684062 1.536842196224902 268.5017266104463 2.555935036318998
0.0332 6369.929095380909 1.000185583765615 1.536757223431618 268.3608800240939 2.528885360132682
0.0333 6369.950818350255 1.000185072279674 1.536672200530371 268.2196807233435 2.502023758705841
0.0334 6369.972595616178 1.000184561230166 1.53658712763354 268.0781284948411 2.475350004719315
0.0335 6369.994427211437 1.000184050620978 1.536502004854033 267.9362231256586 2.448863860157232
0.0336 6370.016313168718 1.000183540455961 1.536416832305301 267.7939644033348 2.42256507637663
0.0337 6370.038253520638 1.000183030738929 1.536331610101265 267.6513521158521 2.396453394165764
0.0338 6370.060248299747 1.000182521473658 1.536246338356375 267.5083860516419 2.370528543808994
0.0339 6370.082297538524 1.000182012663884 1.536161017185603 267.3650659995968 2.344790245153627
0.034 6370.104401269376 1.00018150431331 1.536075646704368 267.2213917490529 2.319238207672377
0.0341 6370.126559524644 1.000180996425598 1.535990227028579 267.0773630898133 2.293872130534214
0.0342 6370.148772336594 1.000180489004375 1.535904758274653 266.932979812142 2.268691702670788
0.0343 6370.171039737422 1.00017998205323 1.535819240559412 266.7882417067584 2.243696602843851
0.0344 6370.193361759254 1.000179475575715 1.535733674000202 266.643148564849 2.218886499716692
0.0345 6370.215738434144 1.000178969575345 1.535648058714762 266.4977001780611 2.194261051923378
0.0346 6370.238169794074 1.000178464055597 1.535562394821305 266.3518963385212 2.169819908142915
0.0347 6370.260655870952 1.000177959019913 1.535476682438479 266.2057368388108 2.145562707167299
0.0348 6370.283196696616 1.000177454471696 1.53539092168534 266.0592214719962 2.12148907797939
0.0349 6370.305792302831 1.000176950414315 1.535305112681375 265.912350031599 2.097598639821819
0.035 6370.328442721288 1.000176446851099 1.535219255546485 265.7651223116312 2.073891002277464
0.0351 6370.351147983603 1.000175943785342 1.535133350400953 265.6175381065781 2.050365765342012
0.0352 6370.373908121323 1.000175441220303 1.535047397365494 265.4695972113976 2.027022519500332
0.0353 6370.396723165919 1.000174939159203 1.534961396561168 265.3212994215268 2.003860845804605
0.0354 6370.419593148787 1.000174437605226 1.534875348109437 265.1726445328871 1.980880315953234
0.0355 6370.442518101248 1.000173936561521 1.534789252132134 265.0236323418852 1.958080492369613
0.0356 6370.465498054554 1.000173436031201 1.534703108751433 264.8742626454003 1.935460928279933
0.0357 6370.488533039876 1.000172936017343 1.534616918089892 264.7245352408084 1.913021167797184
0.0358 6370.511623088312 1.000172436522987 1.534530680270404 264.5744499259703 1.890760746000497
0.0359 6370.534768230888 1.000171937551139 1.534444395416187 264.4240064992254 1.868679189016225
0.036 6370.557968498551 1.000171439104768 1.534358063650807 264.2732047594217 1.846776014104985
0.0361 6370.581223922172 1.000170941186808 1.53427168509815 264.1220445058801 1.825050729739879
0.0362 6370.604534532549 1.000170443800159 1.534185259882408 263.97052553843 1.803502835695819
0.0363 6370.627900360403 1.000169946947682 1.534098788128091 263.8186476573795 1.782131823130163
0.0364 6370.651321436379 1.000169450632208 1.534012269959995 263.6664106635393 1.760937174671703
0.0365 6370.674797791044 1.000168954856529 1.533925705503215 263.5138143582166 1.739918364506106
0.0366 6370.69832945489 1.000168459623404 1.533839094883126 263.3608585432152 1.719074858462894
0.0367 6370.721916458333 1.000167964935557 1.533752438225376 263.2075430208355 1.698406114103123
0.0368 6370.745558831711 1.000167470795678 1.53366573565587 263.0538675938805 1.67791158080851
0.0369 6370.769256605285 1.000166977206421 1.533578987300795 262.8998320656495 1.657590699869612
0.03700000000000001 6370.793009809239 1.000166484170409 1.533492193286556 262.7454362399448 1.637442904576253
0.0371 6370.81681847368 1.000165991690227 1.533405353739847 262.5906799210824 1.617467620309277
0.0372 6370.840682628635 1.000165499768429 1.53331846878755 262.4355629138753 1.597664264629079
0.0373 6370.864602304056 1.000165008407534 1.533231538556782 262.280085023633 1.578032247367124
0.0374 6370.888577529819 1.000164517610028 1.53314456317489 262.1242460561733 1.558570970719519
0.0375 6370.912608335719 1.000164027378363 1.533057542769443 261.9680458178285 1.539279829340358
0.0376 6370.936694751471 1.00016353771496 1.532970477468183 261.8114841154392 1.520158210434132
0.0377 6370.960836806717 1.000163048622203 1.532883367399047 261.6545607563424 1.501205493848055
0.0378 6370.985034531017 1.000162560102447 1.532796212690179 261.4972755483899 1.48242105216853
0.0379 6371.009287953854 1.000162072158013 1.532709013469893 261.3396282999473 1.463804250815908
0.038 6371.033597104632 1.000161584791188 1.532621769866668 261.181618819889 1.445354448139097
0.0381 6371.057962012676 1.000161098004229 1.53253448200915 261.0232469176034 1.42707099551206
0.0382 6371.082382707234 1.000160611799361 1.532447150026131 260.8645124029816 1.408953237428749
0.0383 6371.106859217472 1.000160126178774 1.532359774046557 260.705415086435 1.391000511601926
0.0384 6371.131391572479 1.00015964114463 1.532272354199516 260.545954778889 1.373212149059668
0.0385 6371.155979801265 1.000159156699058 1.532184890614199 260.3861312917778 1.355587474242385
0.0386 6371.180623932762 1.000158672844155 1.532097383419956 260.2259444370496 1.338125805101578
0.03870000000000001 6371.20532399582 1.000158189581989 1.532009832746238 260.0653940271731 1.320826453198982
0.0388 6371.230080019211 1.000157706914595 1.531922238722576 259.904479875131 1.303688723804806
0.0389 6371.254892031629 1.000157224843979 1.531834601478642 259.7432017944146 1.286711915996416
0.039 6371.279760061687 1.000156743372115 1.531746921144168 259.5815595990356 1.269895322759261
0.0391 6371.304684137919 1.000156262500947 1.531659197848986 259.4195531035256 1.253238231086868
0.0392 6371.329664288781 1.000155782232393 1.531571431722985 259.2571821229247 1.236739922079991
0.0393 6371.354700542645 1.000155302568335 1.531483622896138 259.0944464728053 1.220399671049705
0.0394 6371.37979292781 1.000154823510629 1.531395771498466 258.9313459692361 1.204216747614829
0.0395 6371.40494147249 1.000154345061103 1.531307877660052 258.7678804288179 1.188190415806809
0.0396 6371.430146204821 1.000153867221552 1.531219941511015 258.6040496686659 1.172319934169507
0.0397 6371.455407152859 1.000153389993746 1.531131963181503 258.4398535064155 1.156604555861649
0.0398 6371.480724344582 1.000152913379424 1.531043942801707 258.2752917602164 1.141043528758364
0.0399 6371.506097807886 1.000152437380297 1.530955880501841 258.1103642487386 1.125636095554107
0.04 6371.53152757059 1.000151961998051 1.530867776412112 257.9450707911664 1.110381493864686
0.0401 6371.557013660429 1.000151487234338 1.530779630662753 257.77941120721 1.09527895633114
0.0402 6371.582556105063 1.000151013090789 1.530691443383968 257.6133853170885 1.080327710721091
0.0403 6371.60815493207 1.000150539569004 1.530603214705982 257.4469929415467 1.06552698003353
0.04040000000000001 6371.633810168946 1.000150066670556 1.530514944758993 257.2802339018498 1.050875982601585
0.0405 6371.659521843113 1.000149594396992 1.530426633673159 257.1131080197655 1.036373932194457
0.0406 6371.685289981908 1.000149122749832 1.530338281578612 256.9456151175995 1.022020038124139
0.0407 6371.71111461259 1.000148651730571 1.530249888605464 256.7777550181657 1.007813505346554
0.0408 6371.73699576234 1.000148181340676 1.530161454883764 256.6095275447927 0.9937535345659289
0.0409 6371.762933458256 1.00014771158159 1.530072980543493 256.440932521335 0.9798393223397085
0.041 6371.788927727361 1.000147242454729 1.529984465714584 256.2719697721553 0.9660700611810716
0.0411 6371.814978596594 1.000146773961484 1.52989591052691 256.102639122137 0.9524449396639778
0.0412 6371.841086092818 1.000146306103222 1.529807315110248 255.9329403966834 0.9389631425272488
0.0413 6371.867250242813 1.000145838881284 1.529718679594307 255.7628734217122 0.925623850778217
0.0414 6371.893471073283 1.00014537229699 1.529630004108687 255.5924380236614 0.9124262417973269
0.0415 6371.919748610851 1.000144906351629 1.529541288782916 255.4216340294714 0.8993694894409067
0.04160000000000001 6371.946082882059 1.000144441046473 1.52945253374639 255.2504612666147 0.8864527641475622
0.0417 6371.972473913375 1.000143976382768 1.529363739128402 255.0789195630604 0.8736752330395535
0.0418 6371.998921731184 1.000143512361735 1.52927490505813 254.9070087473036 0.861036060029077
0.0419 6372.02542636179 1.000143048984574 1.529186031664627 254.7347286483658 0.8485344059221751
0.042 6372.051987831423 1.000142586252461 1.529097119076796 254.5620790957531 0.8361694285196243
0.04210000000000001 6372.078606166229 1.000142124166551 1.529008167423415 254.3890599195096 0.8239402827246001
0.0422 6372.105281392282 1.000141662727976 1.528919176833102 254.21567095017 0.8118461206429622
0.0423 6372.13201353557 1.000141201937846 1.528830147434338 254.0419120187952 0.79988609168934
0.0424 6372.158802622006 1.000140741797249 1.528741079355427 253.8677829569605 0.7880593426896811
0.0425 6372.185648677426 1.000140282307252 1.528651972724518 253.6932835967317 0.7763650179829229
0.0426 6372.212551727584 1.000139823468903 1.528562827669562 253.5184137707009 0.7648022595264978
0.0427 6372.239511798159 1.000139365283227 1.528473644318342 253.3431733119686 0.7533702069980109
0.0428 6372.266528914748 1.000138907751228 1.528384422798475 253.1675620541376 0.7420679978975636
0.0429 6372.293603102874 1.000138450873892 1.528295163237352 252.9915798313194 0.7308947676506318
0.043 6372.320734387979 1.000137994652184 1.528205865762169 252.8152264781337 0.7198496497103132
0.0431 6372.34792279543 1.000137539087049 1.528116530499915 252.6385018297027 0.7089317756589554
0.0432 6372.375168350515 1.000137084179414 1.528027157577379 252.4614057216512 0.6981402753099142
0.04330000000000001 6372.402471078444 1.000136629930188 1.527937747121107 252.2839379901123 0.687474276809376
0.0434 6372.42983100435 1.000136176340258 1.527848299257435 252.1060984717277 0.6769329067375105
0.0435 6372.457248153288 1.000135723410495 1.527758814112465 251.9278870036295 0.6665152902082863
0.0436 6372.484722550237 1.000135271141752 1.527669291812034 251.7493034234584 0.6562205509710725
0.0437 6372.5122542201 1.000134819534864 1.52757973248177 251.5703475693516 0.6460478115101507
0.0438 6372.539843187701 1.000134368590649 1.527490136247026 251.391019279943 0.6359961931445841
0.0439 6372.567489477789 1.000133918309906 1.527400503232909 251.2113183943746 0.6260648161283668
0.044 6372.595193115035 1.000133468693421 1.527310833564243 251.0312447522737 0.6162527997482145
0.0441 6372.622954124035 1.000133019741959 1.527221127365603 250.8507981937695 0.606559262423275
0.0442 6372.65077252931 1.000132571456272 1.527131384761279 250.6699785594823 0.5969833218027878
0.0443 6372.678648355303 1.000132123837095 1.52704160587528 250.4887856905287 0.5875240948642922
0.0444 6372.706581626382 1.000131676885148 1.526951790831314 250.3072194285163 0.5781806980107616
0.0445 6372.73457236684 1.000131230601135 1.526861939752823 250.125279615543 0.5689522471676074
0.0446 6372.762620600893 1.000130784985745 1.526772052762924 249.9429660941977 0.5598378578792135
0.0447 6372.790726352682 1.000130340039654 1.526682129984445 249.7602787075656 0.5508366454052761
0.0448 6372.818889646277 1.000129895763522 1.526592171539902 249.5772172991991 0.5419477248149133
0.0449 6372.847110505668 1.000129452157995 1.526502177551481 249.393781713159 0.5331702110837572
0.04500000000000001 6372.875388954772 1.000129009223707 1.52641214814107 249.209971793979 0.5245032191867508
0.0451 6372.903725017434 1.000128566961276 1.526322083430207 249.0257873866775 0.5159458641927385
0.0452 6372.932118717423 1.000128125371309 1.52623198354011 248.8412283367519 0.5074972613576468
0.0453 6372.960570078433 1.000127684454399 1.526141848591661 248.6562944901842 0.4991565262176587
0.0454 6372.989079124086 1.000127244211128 1.526051678705392 248.4709856934413 0.4909227746815206
0.0455 6373.017645877929 1.000126804642065 1.525961474001491 248.285301793463 0.4827951231217517
0.0456 6373.046270363438 1.000126365747766 1.525871234599796 248.0992426376559 0.474772688465545
0.0457 6373.074952604013 1.000125927528778 1.525780960619787 247.9128080739177 0.4668545882863235
0.0458 6373.103692622983 1.000125489985634 1.525690652180573 247.7259979506129 0.459039940892612
0.0459 6373.132490443604 1.000125053118859 1.525600309400899 247.5388121165728 0.4513278654173264
0.046 6373.161346089061 1.000124616928964 1.525509932399145 247.351250421102 0.4437174819066471
0.0461 6373.190259582464 1.000124181416453 1.525419521293312 247.1633127139838 0.4362079114082045
0.0462 6373.219230946853 1.000123746581817 1.525329076201006 246.9749988454568 0.4287982760574119
0.0463 6373.248260205196 1.000123312425541 1.525238597239463 246.7863086662263 0.4214876991645592
0.0464 6373.27734738039 1.000122878948096 1.525148084525511 246.5972420274651 0.4142753053007147
0.0465 6373.30649249526 1.000122446149948 1.525057538175599 246.4077987808067 0.4071602203826934
0.0466 6373.335695572561 1.000122014031553 1.524966958305763 246.2179787783519 0.4001415717577583
0.04670000000000001 6373.364956634977 1.000121582593356 1.524876345031654 246.0277818726507 0.3932184882867097
0.0468 6373.39427570512 1.000121151835798 1.524785698468483 245.8372079167201 0.3863901004275514
0.0469 6373.423652805534 1.000120721759308 1.524695018731082 245.6462567640264 0.3796555403170982
0.047 6373.453087958695 1.000120292364312 1.524604305933836 245.4549282684851 0.3730139418524848
0.0471 6373.482581187004 1.000119863651223 1.524513560190734 245.263222284473 0.3664644407722995
0.0472 6373.512132512797 1.000119435620453 1.524422781615323 245.0711386668221 0.3600061747362936
0.0473 6373.541741958338 1.000119008272403 1.524331970320725 244.8786772708016 0.3536382834039303
0.0474 6373.571409545826 1.000118581607468 1.524241126419641 244.6858379521303 0.3473599085131287
0.0475 6373.601135297389 1.00011815562604 1.524150250024314 244.4926205669702 0.3411701939575929
0.0476 6373.630919235086 1.000117730328503 1.524059341246563 244.2990249719386 0.3350682858638824
0.0477 6373.660761380909 1.000117305715234 1.523968400197758 244.1050510240901 0.3290533326666997
0.0478 6373.690661756784 1.000116881786608 1.52387742698883 243.9106985809052 0.3231244851835639
0.04790000000000001 6373.720620384567 1.000116458542992 1.523786421730242 243.7159675003135 0.3172808966897191
0.048 6373.750637286048 1.000116035984751 1.523695384532016 243.520857640688 0.3115217229912407
0.0481 6373.780712482951 1.000115614112243 1.523604315503708 243.3253688608214 0.3058461224967745
0.0482 6373.810845996932 1.000115192925825 1.523513214754427 243.1295010199441 0.3002532562896341
0.0483 6373.841037849581 1.000114772425846 1.523422082392801 242.9332539777237 0.2947422881984621
0.04840000000000001 6373.871288062423 1.000114352612656 1.523330918526998 242.7366275942476 0.2893123848665075
0.0485 6373.901596656919 1.000113933486599 1.52323972326472 242.5396217300289 0.2839627158206805
0.0486 6373.93196365446 1.000113515048016 1.523148496713189 242.3422362460122 0.2786924535396774
0.0487 6373.962389076376 1.000113097297247 1.523057238979157 242.1444710035561 0.2735007735205515
0.0488 6373.992872943931 1.000112680234627 1.522965950168899 241.9463258644504 0.2683868543453094
0.0489 6374.023415278324 1.000112263860492 1.52287463038819 241.7478006908931 0.2633498777454828
0.049 6374.054016100691 1.000111848175172 1.522783279742351 241.5488953455077 0.2583890286668421
0.0491 6374.084675432104 1.000111433179 1.522691898336189 241.3496096913258 0.2535034953322507
0.0492 6374.115393293571 1.000111018872304 1.52260048627403 241.1499435917866 0.2486924693040347
0.0493 6374.146169706038 1.000110605255412 1.522509043659722 240.9498969107552 0.2439551455458006
0.0494 6374.177004690385 1.000110192328652 1.522417570596607 240.7494695124986 0.2392907224822911
0.0495 6374.207898267434 1.000109780092349 1.522326067187535 240.54866126168 0.2346984020587225
0.04960000000000001 6374.238850457941 1.000109368546831 1.522234533534845 240.347472023382 0.2301773897998171
0.0497 6374.269861282603 1.000108957692424 1.522142969740384 240.1459016630837 0.2257268948667546
0.0498 6374.300930762053 1.000108547529454 1.522051375905502 239.9439500466541 0.2213461301135754
0.0499 6374.332058916864 1.000108138058247 1.521959752131055 239.741617040382 0.2170343121433456
0.05 6374.363245767549 1.000107729279132 1.521868098517352 239.5389025109288 0.2127906613616636
0.05010000000000001 6374.394491334559 1.000107321192434 1.521776415164241 239.3358063253694 0.2086144020310736
0.0502 6374.425795638283 1.000106913798485 1.521684702171028 239.1323283511573 0.2045047623228411
0.0503 6374.457158699056 1.000106507097614 1.521592959636521 238.9284684561361 0.2004609743687217
0.0504 6374.488580537146 1.000106101090154 1.521501187659017 238.7242265085514 0.1964822743116887
0.0505 6374.520061172766 1.000105695776438 1.521409386336286 238.5196023770212 0.1925679023548308
0.0506 6374.55160062607 1.000105291156802 1.521317555765602 238.3145959305479 0.1887171028100582
0.0507 6374.583198917151 1.000104887231585 1.521225696043701 238.1092070385179 0.1849291241455424
0.0508 6374.614856066048 1.000104484001126 1.52113380726681 237.9034355706902 0.1812032190319134
0.0509 6374.646572092736 1.00010408146577 1.521041889530643 237.6972813972142 0.17753864438797
0.051 6374.678347017139 1.00010367962586 1.520949942930387 237.4907443885994 0.1739346614245033
0.0511 6374.710180859118 1.000103278481749 1.520857967560692 237.2838244157341 0.1703905356879434
0.0512 6374.74207363848 1.000102878033787 1.520765963515713 237.0765213498788 0.1669055371025401
0.05130000000000001 6374.774025374975 1.00010247828233 1.520673930889071 236.8688350626607 0.1634789400115155
0.0514 6374.806036088296 1.000102079227738 1.520581869773852 236.6607654260732 0.16011002321728
0.0515 6374.838105798081 1.000101680870375 1.520489780262628 236.4523123124708 0.1567980700205142
0.0516 6374.870234523912 1.000101283210608 1.520397662447444 236.2434755945741 0.1535423682583987
0.0517 6374.902422285314 1.00010088624881 1.52030551641982 236.0342551454586 0.1503422103415225
0.05180000000000001 6374.93466910176 1.000100489985356 1.520213342270743 235.8246508385604 0.1471968932900298
0.0519 6374.966974992666 1.000100094420628 1.520121140090678 235.6146625476703 0.1441057187685402
0.052 6374.999339977395 1.00009969955501 1.520028909969572 235.4042901469337 0.1410679931201175
0.0521 6375.031764075256 1.000099305388896 1.519936651996814 235.1935335108391 0.1380830273990296
0.0522 6375.064247305503 1.00009891192268 1.519844366261293 234.9823925142294 0.1351501374028079
0.0523 6375.096789687339 1.000098519156763 1.519752052851378 234.7708670322967 0.1322686437030051
0.0524 6375.129391239912 1.000098127091554 1.519659711854869 234.5589569405696 0.1294378716748421
0.0525 6375.16205198232 1.000097735727464 1.519567343359087 234.3466621149199 0.1266571515260615
0.0526 6375.194771933605 1.000097345064912 1.519474947450787 234.1339824315681 0.1239258183247331
0.0527 6375.227551112759 1.000096955104323 1.519382524216222 233.9209177670658 0.1212432120257162
0.0528 6375.260389538723 1.000096565846127 1.519290073741099 233.7074679983015 0.1186086774964021
0.0529 6375.293287230386 1.000096177290761 1.519197596110612 233.4936330024888 0.1160215645412008
0.05300000000000001 6375.326244206587 1.000095789438669 1.519105091409424 233.2794126571843 0.1134812279253596
0.0531 6375.359260486112 1.000095402290301 1.519012559721667 233.0648068402696 0.1109870273973194
0.0532 6375.392336087701 1.000095015846114 1.518920001130958 232.8498154299458 0.1085383277102021
0.0533 6375.425471030039 1.00009463010657 1.51882741572038 232.6344383047448 0.1061344986424788
0.0534 6375.458665331766 1.000094245072142 1.518734803572499 232.4186753435177 0.1037749150173458
0.05350000000000001 6375.491919011471 1.000093860743306 1.518642164769349 232.2025264254411 0.101458956721287
0.0536 6375.525232087692 1.000093477120548 1.51854949939245 231.9859914300044 0.09918600872143195
0.0537 6375.55860457892 1.00009309420436 1.518456807522803 231.7690702370168 0.09695546108209911
0.0538 6375.5920365036 1.000092711995243 1.518364089240873 231.5517627266003 0.09476670898021036
0.0539 6375.625527880126 1.000092330493703 1.518271344626621 231.3340687791787 0.09261915271965313
0.054 6375.659078726847 1.000091949700256 1.518178573759484 231.1159882754949 0.09051219774494337
0.0541 6375.692689062062 1.000091569615425 1.518085776718389 230.8975210965995 0.08844525465359943
0.05420000000000001 6375.726358904023 1.00009119023974 1.517992953581741 230.67866712385 0.08641773920765115
0.0543 6375.760088270939 1.000090811573742 1.517900104427417 230.459426238894 0.08442907234400965
0.0544 6375.793877180971 1.000090433617977 1.517807229332811 230.2397983236864 0.08247868018419238
0.0545 6375.827725652232 1.000090056372999 1.517714328374784 230.0197832604894 0.08056599404290513
0.0546 6375.861633702792 1.000089679839374 1.517621401629689 229.799380931849 0.07869045043546144
0.05470000000000001 6375.895601350675 1.000089304017672 1.517528449173377 229.5785912206128 0.0768514910846094
0.0548 6375.929628613859 1.000088928908474 1.517435471081194 229.357414009918 0.07504856292614961
0.0549 6375.963715510279 1.000088554512369 1.517342467427975 229.1358491831855 0.0732811181136661
0.055 6375.997862057825 1.000088180829954 1.517249438288048 228.9138966241379 0.07154861402250674
0.0551 6376.032068274342 1.000087807861836 1.51715638373525 228.6915562167754 0.06985051325250086
0.05520000000000001 6376.066334177634 1.000087435608629 1.517063303842913 228.4688278453763 0.06818628362994972
0.0553 6376.100659785459 1.000087064070956 1.516970198683876 228.2457113945142 0.06655539820882736
0.0554 6376.135045115534 1.00008669324945 1.516877068330476 228.0222067490289 0.06495733527071881
0.0555 6376.169490185531 1.000086323144752 1.516783912854559 227.7983137940499 0.06339157832425123
0.0556 6376.203995013082 1.000085953757512 1.516690732327488 227.5740324149668 0.06185761610324764
0.0557 6376.238559615776 1.00008558508839 1.516597526820124 227.3493624974589 0.06035494256441131
0.0558 6376.273184011158 1.000085217138053 1.51650429640285 227.1243039274713 0.05888305688376006
0.05590000000000001 6376.307868216736 1.000084849907177 1.516411041145568 226.8988565912153 0.05744146345235938
0.056 6376.342612249974 1.000084483396451 1.516317761117683 226.6730203751684 0.05602967187119377
0.0561 6376.377416128296 1.000084117606568 1.51622445638814 226.4467951660739 0.0546471969451828
0.0562 6376.412279869085 1.000083752538233 1.516131127025392 226.220180850947 0.05329355867638757
0.0563 6376.447203489684 1.000083388192159 1.516037773097432 225.9931773170514 0.05196828225620481
0.05640000000000001 6376.482187007397 1.000083024569069 1.515944394671761 225.7657844519225 0.05067089805701975
0.0565 6376.517230439485 1.000082661669694 1.515850991815433 225.5380021433501 0.04940094162279417
0.0566 6376.552333803174 1.000082299494775 1.515757564595025 225.3098302793663 0.04815795365889155
0.0567 6376.58749711565 1.000081938045062 1.515664113076647 225.0812687482752 0.0469414800213291
0.0568 6376.622720394058 1.000081577321314 1.515570637325959 224.8523174386231 0.04575107170491509
0.05690000000000001 6376.658003655507 1.000081217324299 1.515477137408157 224.6229762392048 0.04458628483080623
0.057 6376.693346917066 1.000080858054795 1.515383613387977 224.3932450390693 0.04344668063329082
0.0571 6376.72875019577 1.000080499513588 1.515290065329715 224.1631237274959 0.04233182544566697
0.0572 6376.764213508611 1.000080141701474 1.515196493297198 223.9326121940302 0.04124129068566409
0.0573 6376.799736872546 1.000079784619257 1.515102897353836 223.7017103284483 0.04017465283977756
0.0574 6376.835320304497 1.00007942826775 1.515009277562579 223.4704180207685 0.03913149344710955
0.0575 6376.870963821347 1.000079072647777 1.514915633985945 223.2387351612459 0.03811139908240686
0.05760000000000001 6376.906667439943 1.000078717760169 1.514821966686003 223.0066616403718 0.03711396133842064
0.0577 6376.942431177096 1.000078363605767 1.514728275724396 222.7741973488741 0.03613877680756986
0.0578 6376.978255049584 1.00007801018542 1.514634561162336 222.5413421777051 0.03518544706287106
0.0579 6377.014139074144 1.000077657499987 1.514540823060622 222.3080960180658 0.03425357863834164
0.058 6377.050083267482 1.000077305550334 1.51444706147961 222.0744587613698 0.03334278300849796
0.05810000000000001 6377.086087646267 1.000076954337338 1.514353276479247 221.840430299267 0.03245267656744394
0.0582 6377.122152227133 1.000076603861884 1.514259468119064 221.6060105236382 0.0315828806071981
0.0583 6377.15827702668 1.000076254124865 1.514165636458175 221.3711993265769 0.03073302129535151
0.0584 6377.194462061477 1.000075905127182 1.514071781555287 221.135996600401 0.02990272965222162
0.0585 6377.230707348053 1.000075556869747 1.513977903468704 220.9004022376533 0.02909164152735287
0.05860000000000001 6377.267012902908 1.000075209353478 1.513884002256326 220.6644161310954 0.02829939757540377
0.0587 6377.303378742507 1.000074862579303 1.513790077975649 220.4280381737075 0.02752564323147322
0.05880000000000001 6377.339804883281 1.000074516548156 1.513696130683792 220.1912682586766 0.02677002868581878
0.0589 6377.376291341629 1.000074171260983 1.51360216043746 219.9541062794145 0.02603220885811279
0.059 6377.412838133917 1.000073826718735 1.51350816729298 219.71655212954 0.02531184337103645
0.0591 6377.449445276479 1.000073482922372 1.513414151306302 219.4786057028845 0.02460859652341642
0.0592 6377.486112785617 1.000073139872863 1.513320112532999 219.2402668934864 0.02392213726280218
0.05930000000000001 6377.5228406776 1.000072797571183 1.513226051028246 219.0015355955969 0.02325213915756779
0.0594 6377.559628968666 1.000072456018315 1.513131966846872 218.7624117036684 0.02259828036846461
0.0595 6377.596477675022 1.000072115215253 1.513037860043317 218.5228951123539 0.02196024361972356
0.0596 6377.633386812843 1.000071775162994 1.512943730671669 218.2829857165196 0.0213377161697135
0.0597 6377.670356398273 1.000071435862545 1.512849578785666 218.0426834112267 0.02073038978105857
0.05980000000000001 6377.707386447425 1.00007109731492 1.512755404438661 217.8019880917371 0.02013796069037102
0.0599 6377.744476976382 1.000070759521141 1.512661207683671 217.5608996535142 0.01956012957752965
0.06 6377.781628001198 1.000070422482235 1.512566988573381 217.319417992216 0.01899660153451989
0.0601 6377.818839537893 1.000070086199238 1.512472747160092 217.077543003696 0.01844708603387636
0.0602 6377.856111602462 1.000069750673192 1.512378483495798 216.8352745839965 0.01791129689671226
0.0603 6377.893444210868 1.000069415905146 1.512284197632151 216.592612629361 0.01738895226040027
0.0604 6377.930837379043 1.000069081896157 1.512189889620457 216.3495570362223 0.01687977454582485
0.06050000000000001 6377.968291122892 1.000068748647286 1.512095559511711 216.1061077012022 0.01638349042429902
0.0606 6378.005805458291 1.000068416159602 1.512001207356572 215.8622645211116 0.01589983078413018
0.0607 6378.043380401086 1.00006808443418 1.511906833205378 215.6180273929389 0.01542853069682481
0.0608 6378.081015967096 1.000067753472101 1.51181243710816 215.3733962138734 0.01496932938303615
0.0609 6378.11871217211 1.000067423274453 1.511718019114645 215.128370881282 0.01452197017810552
0.06100000000000001 6378.156469031889 1.000067093842328 1.511623579274223 214.8829512927203 0.01408620049737128
0.0611 6378.194286562167 1.000066765176824 1.511529117636015 214.6371373459159 0.01366177180113452
0.0612 6378.232164778649 1.000066437279047 1.511434634248818 214.3909289387792 0.01324843955940167
0.0613 6378.270103697015 1.000066110150106 1.51134012916114 214.1443259694041 0.01284596321633974
0.0614 6378.308103332913 1.000065783791116 1.511245602421219 213.8973283360677 0.01245410615447883
0.06150000000000001 6378.346163701968 1.000065458203196 1.511151054076973 213.6499359372068 0.01207263565863798
0.0616 6378.384284819776 1.000065133387473 1.511056484176057 213.4021486714531 0.01170132287971612
0.0617 6378.422466701907 1.000064809345075 1.510961892765855 213.153966437604 0.01133994279816395
0.0618 6378.460709363902 1.000064486077137 1.510867279893461 212.9053891346342 0.01098827418731655
0.0619 6378.49901282128 1.000064163584798 1.51077264560571 212.656416661678 0.01064609957649026
0.062 6378.53737708953 1.000063841869202 1.510677989949162 212.407048918053 0.01031320521395765
0.0621 6378.575802184116 1.000063520931495 1.510583312970126 212.1572858032481 0.009989381029702588
0.06220000000000001 6378.614288120474 1.000063200772829 1.510488614714655 211.907127216918 0.00967442059802808
0.0623 6378.652834914018 1.00006288139436 1.510393895228541 211.6565730588826 0.009368121100027375
0.0624 6378.691442580133 1.000062562797245 1.510299154557335 211.4056232291335 0.009070283285927622
0.0625 6378.730111134182 1.000062244982647 1.510204392746338 211.154277627816 0.008780711437283104
0.0626 6378.7688405915 1.000061927951732 1.51010960984061 210.9025361552525 0.00849921332910686
0.06270000000000001 6378.807630967396 1.000061611705668 1.51001480588499 210.6503987119253 0.008225600191853229
0.06280000000000001 6378.846482277156 1.000061296245627 1.509919980924076 210.3978651984879 0.007959686673346549
0.0629 6378.88539453604 1.000060981572783 1.509825135002228 210.1449355157418 0.007701290800594464
0.063 6378.924367759284 1.000060667688313 1.509730268163601 209.891609564654 0.007450233941579787
0.0631 6378.963401962099 1.000060354593396 1.50963538045213 209.6378872463569 0.007206340766977096
0.06320000000000001 6379.002497159671 1.000060042289213 1.509540471911521 209.3837684621366 0.006969439211814153
0.06330000000000001 6379.041653367163 1.000059730776949 1.509445542585288 209.1292531134389 0.006739360437117468
0.0634 6379.080870599713 1.000059420057787 1.509350592516725 208.8743411018635 0.006515938791523744
0.0635 6379.120148872435 1.000059110132915 1.509255621748929 208.6190323291752 0.00629901177289455
0.0636 6379.159488200418 1.000058801003521 1.509160630324803 208.363326697281 0.006088419989898388
0.06370000000000001 6379.198888598729 1.000058492670795 1.509065618287052 208.1072241082592 0.005884007123646565
0.06380000000000001 6379.238350082412 1.000058185135928 1.508970585678194 207.8507244643241 0.005685619889293373
0.0639 6379.277872666484 1.00005787840011 1.508875532540563 207.5938276678556 0.005493107997718102
0.064 6379.317456365941 1.000057572464533 1.508780458916307 207.3365336213814 0.005306324117207328
0.0641 6379.357101195756 1.000057267330391 1.508685364847409 207.0788422275886 0.005125123835208429
0.06420000000000001 6379.396807170877 1.000056962998875 1.508590250375664 206.8207533893004 0.004949365620115684
0.06430000000000001 6379.436574306231 1.000056659471179 1.508495115542707 206.5622670094998 0.004778910783157471
0.0644 6379.47640261672 1.000056356748496 1.508399960390003 206.3033829913173 0.004613623440335046
0.0645 6379.516292117227 1.000056054832018 1.508304784958867 206.0441012380255 0.004453370474452497
0.0646 6379.556242822606 1.000055753722937 1.508209589290443 205.7844216530624 0.004298021497259926
0.06470000000000001 6379.596254747693 1.000055453422443 1.508114373425744 205.5243441399961 0.004147448811664461
0.0648 6379.6363279073 1.000055153931727 1.508019137405608 205.2638686025483 0.004001527374090882
0.0649 6379.676462316217 1.000054855251978 1.507923881270744 205.0029949445887 0.003860134756945504
0.065 6379.716657989212 1.000054557384384 1.507828605061716 204.7417230701229 0.003723151111207895
0.06510000000000001 6379.756914941028 1.00005426033013 1.507733308818959 204.480052883316 0.003590459129180117
0.06520000000000001 6379.797233186389 1.000053964090402 1.507637992582763 204.2179842884692 0.003461944007357546
0.0653 6379.837612739996 1.000053668666381 1.507542656393299 203.9555171900255 0.003337493409470761
0.0654 6379.878053616528 1.000053374059249 1.507447300290608 203.6926514925698 0.00321699742968695
0.0655 6379.91855583064 1.000053080270182 1.50735192431461 203.4293871008407 0.003100348555987005
0.06560000000000001 6379.959119396968 1.000052787300356 1.507256528505116 203.1657239197069 0.002987441633704791
0.06570000000000001 6379.999744330124 1.000052495150944 1.507161112901809 202.9016618541967 0.002878173829275736
0.0658 6380.0404306447 1.000052203823115 1.507065677544262 202.6372008094507 0.002772444594145525
0.0659 6380.081178355266 1.000051913318037 1.506970222471965 202.3723406907692 0.002670155628918568
0.066 6380.121987476369 1.000051623636871 1.506874747724273 202.1070814036001 0.00257121084768782
0.06610000000000001 6380.162858022537 1.000051334780777 1.506779253340476 201.8414228535097 0.002475516342573014
0.06620000000000001 6380.203790008274 1.000051046750912 1.50668373935974 201.575364946218 0.002382980348503554
0.0663 6380.244783448064 1.000050759548426 1.506588205821157 201.3089075875868 0.0022935132082099
0.0664 6380.285838356369 1.000050473174468 1.50649265276372 201.042050683602 0.002207027337446903
0.0665 6380.32695474763 1.000050187630179 1.506397080226351 200.7747941404035 0.002123437190471953
0.06660000000000001 6380.368132636268 1.0000499029167 1.50630148824787 200.5071378642609 0.002042659225750337
0.06670000000000001 6380.40937203668 1.000049619035163 1.506205876867044 200.23908176158 0.001964611871921347
0.0668 6380.450672963245 1.000049335986697 1.506110246122554 199.9706257389083 0.001889215494020335
0.0669 6380.492035430319 1.000049053772425 1.506014596053008 199.7017697029236 0.001816392359957394
0.067 6380.533459452238 1.000048772393466 1.505918926696943 199.4325135604512 0.001746066607271284
0.06710000000000001 6380.574945043317 1.000048491850932 1.505823238092846 199.1628572184408 0.001678164210144158
0.06720000000000001 6380.616492217847 1.00004821214593 1.505727530279147 198.8928005839956 0.001612612946707166
0.0673 6380.658100990103 1.00004793327956 1.505631803294195 198.6223435643313 0.001549342366609844
0.0674 6380.699771374337 1.000047655252916 1.505536057176307 198.3514860668114 0.001488283758894794
0.0675 6380.741503384777 1.000047378067086 1.505440291963737 198.080227998947 0.001429370120153564
0.06760000000000001 6380.783297035637 1.000047101723153 1.505344507694691 197.8085692683616 0.001372536122969988
0.06770000000000001 6380.825152341104 1.00004682622219 1.505248704407347 197.5365097828266 0.001317718084678001
0.0678 6380.867069315347 1.000046551565266 1.505152882139822 197.2640494502433 0.001264853936410264
0.0679 6380.909047972516 1.000046277753439 1.505057040930218 196.9911881786492 0.001213883192458234
0.068 6380.951088326735 1.000046004787763 1.504961180816571 196.7179258762234 0.001164746919941733
0.06810000000000001 6380.993190392113 1.000045732669285 1.504865301836908 196.4442624512634 0.001117387708786423
0.0682 6381.035354182737 1.00004546139904 1.504769404029214 196.1701978122086 0.001071749642026222
0.0683 6381.077579712671 1.00004519097806 1.50467348743147 195.8957318676402 0.001027778266420343
0.0684 6381.119866995958 1.000044921407365 1.504577552081603 195.6208645262753 0.0009854205633916073
0.06850000000000001 6381.162216046624 1.000044652687968 1.504481598017539 195.3455956969436 0.0009446249202871461
0.06860000000000001 6381.204626878674 1.000044384820875 1.504385625277187 195.0699252886164 0.0009053411019746219
0.0687 6381.24709950609 1.000044117807081 1.504289633898434 194.793853210413 0.0008675202227638203
0.0688 6381.289633942834 1.000043851647573 1.504193623919151 194.5173793715766 0.0008311147186560292
0.0689 6381.332230202849 1.000043586343329 1.504097595377216 194.2405036814806 0.0007960783199315667
0.06900000000000001 6381.374888300055 1.000043321895318 1.504001548310485 193.9632260496404 0.0007623660240733906
0.06910000000000001 6381.417608248355 1.000043058304499 1.503905482756819 193.6855463856895 0.0007299340690235781
0.0692 6381.460390061628 1.000042795571821 1.503809398754075 193.407464599415 0.0006987399067857132
0.0693 6381.503233753735 1.000042533698225 1.503713296340101 193.1289806007225 0.0006687421773589406
0.0694 6381.546139338515 1.00004227268464 1.503617175552772 192.8500942996533 0.0006399006830196887
0.06950000000000001 6381.589106829786 1.000042012531986 1.503521036429946 192.5708056063908 0.0006121763629441328
0.06960000000000001 6381.632136241347 1.000041753241172 1.503424879009503 192.2911144312424 0.0005855312681715678
0.0697 6381.675227586977 1.000041494813096 1.503328703329327 192.0110206846515 0.0005599285369148609
