0 6365.5 1.000356964745759 1.56198468844578 297.15 21.48831012465651
0.0001 6365.505641026056 1.000356647536089 1.561920341118327 297.1133333306369 21.44102760888314
0.0002 6365.511323020715 1.000356328376381 1.561855955214767 297.0764003653507 21.39349356139667
0.0003 6365.517046008693 1.000356007272511 1.561791530481772 297.0392009434962 21.34570961832494
0.0004 6365.522810014865 1.00035568423039 1.561727066667177 297.0017349033764 21.29767742407339
0.0005 6365.528615064271 1.000355359255966 1.561662563519722 296.9640020822357 21.24939863124905
0.0006000000000000001 6365.534461182111 1.000355032355217 1.561598020789273 296.9260023162782 21.20087490061423
0.0007 6365.540348393745 1.000354703534159 1.561533438226722 296.8877354406558 21.15210790100207
0.0008 6365.546276724694 1.000354372798841 1.561468815584093 296.8492012894916 21.10309930927665
0.0009000000000000001 6365.552246200637 1.000354040155348 1.561404152614334 296.8103996958624 21.05385081024012
0.001 6365.558256847412 1.000353705609796 1.561339449071546 296.7713304918224 21.00436409659174
0.0011 6365.564308691018 1.000353369168339 1.5612747047108 296.731993508385 20.95464086883408
0.0012 6365.570401757605 1.000353030837161 1.561209919288255 296.6923885755649 20.90468283525349
0.0013 6365.576536073486 1.000352690622482 1.56114509256112 296.652515522342 20.85449171180278
0.0014 6365.582711665125 1.000352348530555 1.561080224287628 296.6123741766854 20.80406922205832
0.0015 6365.588928559145 1.000352004567667 1.561015314227038 296.5719643655592 20.75341709715406
0.0016 6365.59518678232 1.000351658740139 1.560950362139697 296.5312859149225 20.70253707570766
0.0017 6365.601486361581 1.000351311054322 1.560885367786965 296.4903386497234 20.6514309037388
0.0018 6365.607827324011 1.000350961516604 1.560820330931262 296.4491223939289 20.60010033463134
0.0019 6365.614209696845 1.000350610133404 1.56075525133604 296.4076369705066 20.54854712903583
0.002 6365.620633507471 1.000350256911174 1.560690128765842 296.3658822014371 20.49677305480844
0.0021 6365.627098783429 1.000349901856398 1.560624962986195 296.3238579077137 20.44477988693481
0.0022 6365.633605552406 1.000349544975595 1.560559753763648 296.28156390936 20.3925694074752
0.0023 6365.640153842245 1.000349186275314 1.560494500865882 296.2390000254067 20.3401434054581
0.0024 6365.646743680933 1.000348825762137 1.5604292040616 296.1961660739383 20.28750367686083
0.0025 6365.653375096607 1.000348463442678 1.560363863120521 296.1530618720525 20.23465202448045
0.0026 6365.660048117554 1.000348099323584 1.560298477813396 296.1096872359007 20.1815902579059
0.0027 6365.666762772205 1.000347733411532 1.560233047912147 296.0660419806649 20.12832019340994
0.0028 6365.673519089141 1.000347365713232 1.560167573189586 296.0221259205813 20.07484365389847
0.0029 6365.680317097088 1.000346996235425 1.560102053419683 295.9779388689284 20.02116246881602
0.003 6365.687156824916 1.000346624984883 1.560036488377451 295.9334806380447 19.96727847408686
0.0031 6365.694038301642 1.000346251968411 1.559970877838899 295.8887510393287 19.91319351203401
0.0032 6365.700961556423 1.000345877192842 1.559905221581169 295.8437498832508 19.85890943131191
0.0033 6365.707926618563 1.000345500665043 1.559839519382457 295.7984769793414 19.80442808681035
0.0034 6365.714933517507 1.00034512239191 1.559773771021974 295.752932136203 19.74975133958624
0.0035 6365.721982282845 1.00034474238037 1.55970797627997 295.7071151615095 19.69488105678089
0.0036 6365.729072944303 1.000344360637379 1.559642134937898 295.6610258620307 19.63981911156498
0.0037 6365.736205531753 1.000343977169926 1.559576246778126 295.6146640436081 19.58456738302645
0.0038 6365.743380075201 1.000343591985028 1.559510311584155 295.5680295111905 19.52912775612862
0.0039 6365.750596604799 1.000343205089733 1.559444329140581 295.5211220688046 19.47350212159025
0.004 6365.757855150833 1.000342816491118 1.559378299233006 295.4739415195844 19.41769237583562
0.0041 6365.765155743729 1.000342426196289 1.559312221648229 295.4264876657593 19.36170042089491
0.004200000000000001 6365.77249841405 1.000342034212383 1.559246096173964 295.3787603086779 19.30552816434604
0.0043 6365.779883192493 1.000341640546566 1.559179922599142 295.3307592487962 19.24917751921425
0.0044 6365.787310109895 1.000341245206031 1.559113700713692 295.2824842856834 19.19265040389213
0.004500000000000001 6365.794779197226 1.000340848198003 1.559047430308697 295.2339352180337 19.13594874206614
0.0046 6365.802290485591 1.000340449529732 1.558981111176259 295.1851118436606 19.07907446262189
0.0047 6365.809844006228 1.0003400492085 1.55891474310961 295.1360139595203 19.02202949958339
0.0048 6365.817439790509 1.000339647241615 1.558848325903097 295.086641361694 18.96481579200376
0.0049 6365.825077869938 1.000339243636414 1.558781859352104 295.0369938453999 18.90743528388984
0.005 6365.832758276153 1.000338838400263 1.558715343253157 294.987071205005 18.84988992412637
0.0051 6365.840481040919 1.000338431540553 1.558648777403871 294.9368732340248 18.79218166638591
0.005200000000000001 6365.848246196134 1.000338023064705 1.558582161602979 294.8863997251295 18.73431246904524
0.0053 6365.856053773825 1.000337612980167 1.55851549565026 294.8356504701381 18.67628429508776
0.0054 6365.863903806149 1.000337201294414 1.558448779346685 294.7846252600301 18.61809911202588
0.005500000000000001 6365.87179632539 1.000336788014946 1.558382012494283 294.7333238849632 18.55975889182951
0.0056 6365.87973136396 1.000336373149294 1.558315194896199 294.6817461342615 18.50126561082045
0.0057 6365.887708954398 1.000335956705011 1.558248326356748 294.6298917964158 18.44262124957993
0.0058 6365.895729129368 1.00033553868968 1.558181406681319 294.5777606591067 18.3838277928826
0.0059 6365.903791921662 1.000335119110909 1.558114435676413 294.5253525091993 18.32488722959634
0.006 6365.911897364195 1.000334697976331 1.558047413149662 294.4726671327306 18.26580155257541
0.0061 6365.920045490006 1.000334275293606 1.557980338909862 294.4197043149578 18.20657275861942
0.006200000000000001 6365.928236332259 1.000333851070419 1.55791321276693 294.366463840316 18.1472028483323
0.0063 6365.936469924238 1.000333425314481 1.557846034531903 294.3129454924541 18.08769382606722
0.0064 6365.94474629935 1.000332998033528 1.557778804016914 294.259149054223 18.02804769981797
0.006500000000000001 6365.953065491124 1.00033256923532 1.557711521035358 294.2050743076933 17.96826648114305
0.0066 6365.961427533209 1.000332138927644 1.557644185401651 294.1507210341432 17.90835218505641
0.0067 6365.969832459373 1.000331707118309 1.557576796931408 294.0960890140767 17.84830682995072
0.0068 6365.978280303505 1.000331273815149 1.557509355441382 294.0411780272174 17.78813243749398
0.006900000000000001 6365.986771099609 1.000330839026024 1.557441860749534 293.9859878525439 17.72783103257119
0.007 6365.995304881809 1.000330402758816 1.557374312674898 293.9305182682427 17.66740464313497
0.0071 6366.003881684345 1.000329965021431 1.557306711037665 293.8747690517556 17.60685530015938
0.007200000000000001 6366.012501541575 1.000329525821798 1.557239055659272 293.8187399797615 17.54618503752226
0.0073 6366.021164487969 1.000329085167871 1.557171346362263 293.7624308282005 17.48539589193217
0.0074 6366.029870558114 1.000328643067626 1.557103582970344 293.705841372256 17.42448990281027
0.007500000000000001 6366.038619786711 1.000328199529062 1.557035765308403 293.6489713863783 17.36346911221638
0.0076 6366.047412208573 1.000327754560199 1.556967893202529 293.5918206442728 17.30233556473664
0.0077 6366.056247858626 1.000327308169081 1.556899966479958 293.5343889189297 17.24109130741511
0.007800000000000001 6366.065126771907 1.000326860363774 1.556831984969081 293.476675982606 17.17973838963425
0.007900000000000001 6366.074048983563 1.000326411152367 1.556763948499551 293.4186816068376 17.11827886302695
0.008 6366.083014528856 1.000325960542967 1.556695856902122 293.360405562439 17.05671478137547
0.0081 6366.092023443151 1.000325508543707 1.556627710008781 293.3018476195156 16.99504820052256
0.008200000000000001 6366.101075761926 1.000325055162737 1.556559507652676 293.2430075474807 16.9332811782884
0.0083 6366.110171520765 1.000324600408231 1.556491249668231 293.1838851150268 16.87141577433745
0.008400000000000001 6366.11931075536 1.000324144288382 1.556422935890992 293.1244800901603 16.80945405011342
0.008500000000000001 6366.128493501509 1.000323686811404 1.556354566157681 293.0647922401903 16.74739806872422
0.0086 6366.137719795118 1.000323227985532 1.556286140306296 293.004821331734 16.68524989484524
0.008700000000000001 6366.146989672193 1.00032276781902 1.556217658176009 292.9445671307466 16.62301159464668
0.008800000000000001 6366.156303168847 1.000322306320141 1.556149119607223 292.8840294024916 16.5606852356594
0.0089 6366.165660321299 1.00032184349719 1.556080524441475 292.8232079115586 16.49827288668946
0.009000000000000001 6366.175061165864 1.000321379358478 1.556011872521643 292.762102421881 16.43577661773223
0.0091 6366.184505738966 1.000320913912338 1.555943163691733 292.7007126967241 16.37319849985584
0.0092 6366.193994077124 1.00032044716712 1.555874397796981 292.6390384986911 16.31054060510256
0.009300000000000001 6366.203526216962 1.000319979131192 1.555805574683917 292.5770795897469 16.24780500640801
0.0094 6366.213102195201 1.000319509812943 1.555736694200186 292.514835731194 16.18499377747183
0.0095 6366.22272204866 1.000319039220777 1.555667756194743 292.4523066837086 16.1221089926882
0.009600000000000001 6366.23238581426 1.000318567363116 1.555598760517763 292.3894922073104 16.05915272701032
0.0097 6366.242093529014 1.000318094248401 1.555529707020662 292.3263920614103 15.99612705589194
0.0098 6366.251845230035 1.00031761988509 1.555460595556046 292.2630060047749 15.93303405514561
0.009900000000000001 6366.26164095453 1.000317144281657 1.555391425977826 292.1993337955558 15.8698758008658
0.01 6366.271480739802 1.000316667446593 1.555322198141095 292.1353751912901 15.80665436932221
0.0101 6366.281364623246 1.000316189388405 1.5552529119023 292.0711299488997 15.74337183685283
0.0102 6366.291292642353 1.000315710115618 1.555183567118982 292.0065978247038 15.68003027976854
0.0103 6366.301264834705 1.00031522963677 1.555114163650069 291.9417785744184 15.61663177424574
0.0104 6366.311281237976 1.000314747960416 1.555044701355674 291.8766719531567 15.55317839621893
0.0105 6366.321341889929 1.000314265095128 1.554975180097221 291.8112777154582 15.48967222130172
0.0106 6366.331446828421 1.00031378104949 1.554905599737306 291.7455956152656 15.42611532465585
0.0107 6366.341596091394 1.000313295832103 1.554835960139887 291.6796254059421 15.36250978090035
0.0108 6366.351789716881 1.000312809451581 1.554766261170133 291.6133668402716 15.29885766400325
0.0109 6366.362027743005 1.000312321916554 1.554696502694474 291.5468196704704 15.23516104718449
0.011 6366.372310207968 1.000311833235664 1.5546266845807 291.4799836482051 15.17142200282418
0.0111 6366.382637150068 1.000311343417568 1.554556806697707 291.412858524557 15.10764260231987
0.0112 6366.393008607683 1.000310852470937 1.554486868915814 291.3454440500635 15.0438249160172
0.0113 6366.403424619273 1.000310360404453 1.55441687110658 291.2777399747241 14.97997101310615
0.0114 6366.413885223388 1.000309867226812 1.554346813142817 291.2097460479766 14.91608296148947
0.0115 6366.424390458656 1.000309372946723 1.55427669489865 291.1414620187328 14.85216282770672
0.0116 6366.434940363789 1.000308877572906 1.554206516249497 291.0728876353722 14.78821267681907
0.0117 6366.44553497758 1.000308381114094 1.55413627707201 291.0040226457307 14.72423457228866
0.0118 6366.456174338902 1.000307883579033 1.554065977244198 290.9348667971357 14.66023057590192
0.0119 6366.466858486709 1.000307384976477 1.553995616645315 290.8654198363882 14.59620274764311
0.012 6366.477587460033 1.000306885315193 1.553925195155947 290.7956815097872 14.53215314560617
0.0121 6366.488361297982 1.00030638460396 1.553854712657949 290.7256515631169 14.46808382587375
0.0122 6366.499180039744 1.000305882851565 1.553784169034518 290.6553297416652 14.40399684242326
0.0123 6366.510043724582 1.000305380066807 1.553713564170076 290.5847157902175 14.3398942470112
0.0124 6366.520952391836 1.000304876258494 1.553642897950444 290.5138094530683 14.27577808907368
0.0125 6366.531906080918 1.000304371435444 1.553572170262682 290.4426104740336 14.21165041562658
0.0126 6366.542904831316 1.000303865606486 1.553501380995186 290.3711185964443 14.14751327114978
0.0127 6366.553948682591 1.000303358780454 1.553430530037651 290.2993335631585 14.08336869748724
0.0128 6366.565037674374 1.000302850966195 1.553359617281122 290.2272551165673 14.01921873374169
0.0129 6366.576171846371 1.000302342172561 1.553288642617898 290.154882998589 13.95506541615879
0.013 6366.587351238355 1.000301832408415 1.55321760594165 290.0822169506922 13.8909107780375
0.0131 6366.598575890172 1.000301321682625 1.553146507147327 290.0092567138848 13.82675684960891
0.0132 6366.609845841733 1.000300810004069 1.553075346131258 289.9360020287371 13.76260565794639
0.0133 6366.62116113302 1.000300297381631 1.553004122791002 289.86245263537 13.69845922684449
0.0134 6366.632521804083 1.000299783824202 1.552932837025538 289.7886082734611 13.63431957671347
0.0135 6366.643927895035 1.000299269340679 1.552861488735119 289.7144686822743 13.57018872449434
0.0136 6366.655379446056 1.000298753939967 1.552790077821346 289.6400336006358 13.50606868352756
0.0137 6366.666876497393 1.000298237630975 1.552718604187118 289.5653027669463 13.44196146345273
0.0138 6366.678419089353 1.000297720422619 1.552647067736731 289.4902759192045 13.37786907011832
0.0139 6366.69000726231 1.00029720232382 1.552575468375766 289.4149527949834 13.31379350545079
0.014 6366.701641056697 1.000296683343503 1.552503806011132 289.3393331314718 13.24973676737935
0.0141 6366.713320513009 1.000296163490599 1.552432080551121 289.2634166654447 13.18570084970032
0.0142 6366.725045671801 1.000295642774043 1.552360291905331 289.1872031332927 13.12168774199181
0.0143 6366.736816573691 1.000295121202774 1.552288439984692 289.1106922710104 13.05769942949338
0.0144 6366.748633259352 1.000294598785735 1.552216524701515 289.0338838142142 12.99373789301072
0.0145 6366.760495769517 1.000294075531872 1.552144545969378 288.9567774981418 12.92980510880547
0.0146 6366.772404144975 1.000293551450134 1.552072503703313 288.8793730576648 12.86590304849497
0.0147 6366.784358426571 1.000293026549473 1.552000397819639 288.8016702272879 12.80203367894226
0.0148 6366.796358655207 1.000292500838843 1.551928228236005 288.7236687411554 12.73819896215109
0.0149 6366.808404871838 1.000291974327203 1.551855994871434 288.6453683330509 12.67440085515633
0.015 6366.820497117475 1.000291447023508 1.551783697646299 288.5667687364092 12.61064130992403
0.0151 6366.832635433178 1.000290918936721 1.551711336482321 288.4878696843401 12.54692227326113
0.0152 6366.844819860063 1.000290390075801 1.551638911302578 288.4086709095926 12.4832456866774
0.0153 6366.857050439294 1.000289860449711 1.551566422031495 288.3291721445906 12.4196134863051
0.0154 6366.869327212086 1.000289330067414 1.551493868594843 288.2493731214389 12.35602760279464
0.0155 6366.881650219706 1.000288798937871 1.551421250919792 288.169273571911 12.29248996119634
0.0156 6366.894019503466 1.000288267070045 1.551348568934824 288.0888732274733 12.22900248087069
0.0157 6366.906435104726 1.000287734472898 1.55127582256978 288.0081718192786 12.16556707537522
0.0158 6366.918897064897 1.000287201155392 1.551203011755891 287.9271690781724 12.10218565236099
0.0159 6366.931405425431 1.000286667126487 1.551130136425736 287.8458647346987 12.03886011346938
0.016 6366.943960227828 1.00028613239514 1.55105719651325 287.7642585191178 11.97559235423805
0.0161 6366.956561513631 1.000285596970309 1.550984191953706 287.6823501614002 11.91238426398882
0.0162 6366.969209324427 1.000285060860947 1.550911122683811 287.6001393912269 11.84923772572043
0.0163 6366.981903701844 1.000284524076009 1.550837988641537 287.5176259380127 11.78615461601974
0.0164 6366.994644687556 1.000283986624441 1.550764789766305 287.4348095308886 11.72313680494137
0.0165 6367.007432323273 1.000283448515191 1.550691525998842 287.3516898987258 11.66018615591935
0.0166 6367.020266650748 1.000282909757202 1.550618197281287 287.2682667701409 11.5973045256653
0.0167 6367.03314771177 1.000282370359411 1.550544803557105 287.1845398734966 11.53449376406242
0.0168 6367.04607554817 1.000281830330755 1.55047134477115 287.1005089368954 11.4717557140556
0.0169 6367.059050201815 1.000281289680161 1.550397820869643 287.0161736882031 11.40909221156381
0.017 6367.072071714605 1.000280748416557 1.550324231800169 286.9315338550672 11.34650508538813
0.0171 6367.085140128482 1.000280206548863 1.550250577511659 286.8465891648688 11.28399615707213
0.0172 6367.098255485418 1.000279664085992 1.550176857954441 286.7613393447822 11.22156724084134
0.0173 6367.111417827421 1.000279121036853 1.550103073080214 286.6757841217631 11.1592201434904
0.0174 6367.124627196531 1.00027857741035 1.55002922284199 286.5899232225482 11.09695666427947
0.0175 6367.13788363482 1.000278033215378 1.549955307194226 286.5037563736677 11.03477859483957
0.0176 6367.151187184394 1.000277488460826 1.549881326092698 286.4172833014385 10.97268771906551
0.0177 6367.164537887385 1.000276943155576 1.549807279494559 286.3305037319946 10.91068581303466
0.0178 6367.17793578596 1.000276397308503 1.549733167358345 286.2434173912628 10.84877464488791
0.0179 6367.191380922308 1.000275850928473 1.549658989643941 286.1560240049988 10.78695597475327
0.018 6367.204873338652 1.000275304024344 1.549584746312604 286.0683232987629 10.7252315546278
0.0181 6367.218413077239 1.000274756604966 1.549510437326956 285.9803149979442 10.66360312829361
0.0182 6367.232000180344 1.00027420867918 1.549436062651028 285.8919988277661 10.60207243122152
0.0183 6367.245634690264 1.000273660255817 1.549361622250151 285.8033745132865 10.54064119047108
0.0184 6367.259316649323 1.000273111343699 1.549287116091066 285.7144417793978 10.47931112459114
0.0185 6367.273046099869 1.000272561951638 1.549212544141857 285.6252003508506 10.41808394353719
0.0186 6367.286823084271 1.000272012088435 1.54913790637202 285.5356499522417 10.35696134856457
0.0187 6367.30064764492 1.000271461762882 1.549063202752357 285.44579030802 10.29594503213464
0.0188 6367.314519824229 1.000270910983758 1.548988433255072 285.3556211425106 10.23503667783324
0.0189 6367.328439664631 1.000270359759833 1.548913597853721 285.2651421798963 10.17423796026157
0.019 6367.342407208577 1.000269808099863 1.548838696523218 285.1743531442479 10.11355054495968
0.0191 6367.356422498538 1.000269256012593 1.548763729239871 285.083253759506 10.05297608829843
0.0192 6367.370485577 1.000268703506756 1.548688695981316 284.9918437494988 9.992516237396021
0.0193 6367.384596486468 1.000268150591072 1.548613596726563 284.9001228379601 9.932172630034692
0.0194 6367.398755269462 1.000267597274248 1.548538431455992 284.8080907484995 9.871946894546879
0.0195 6367.412961968517 1.000267043564978 1.548463200151341 284.7157472046378 9.811840649744862
0.0196 6367.427216626183 1.000266489471941 1.548387902795664 284.6230919298131 9.751855504831282
0.0197 6367.44151928502 1.000265935003804 1.548312539373446 284.530124647369 9.691993059298788
0.0198 6367.455869987604 1.000265380169217 1.548237109870479 284.4368450805722 9.632254902849555
0.0199 6367.470268776521 1.000264824976818 1.548161614273942 284.3432529526125 9.572642615303831
0.02 6367.484715694367 1.000264269435228 1.548086052572309 284.2493479866147 9.513157766516704
0.0201 6367.499210783749 1.000263713553054 1.548010424755475 284.1551299056326 9.453801916284181
0.0202 6367.513754087282 1.000263157338885 1.547934730814659 284.060598432667 9.394576614264908
0.0203 6367.52834564759 1.000262600801297 1.547858970742432 283.9657532906652 9.335483399891253
0.0204 6367.542985507303 1.000262043948847 1.547783144532726 283.8705942025275 9.276523802284794
0.0205 6367.557673709059 1.000261486790077 1.547707252180786 283.7751208911185 9.217699340176081
0.0206 6367.572410295498 1.000260929333511 1.547631293683239 283.6793330792615 9.159011521814101
0.0207 6367.587195309269 1.000260371587655 1.547555269038028 283.5832304897502 9.100461844887398
0.0208 6367.602028793024 1.000259813560999 1.547479178244488 283.486812845343 9.042051796435084
0.0209 6367.616910789415 1.000259255262012 1.547403021303223 283.390079868804 8.983782852787124
0.021 6367.631841341098 1.000258696699148 1.547326798216247 283.293031282862 8.925656479455187
0.0211 6367.646820490731 1.00025813788084 1.547250508986836 283.1956668102456 8.86767413107081
0.0212 6367.661848280973 1.000257578815503 1.547174153619686 283.0979861736777 8.809837251299227
0.0213 6367.676924754478 1.000257019511531 1.547097732120775 282.9999890958928 8.752147272768038
0.0214 6367.692049953904 1.0002564599773 1.547021244497419 282.9016752996257 8.694605616979139
0.0215 6367.707223921904 1.000255900221165 1.546944690758273 282.8030445076228 8.637213694235442
0.0216 6367.722446701129 1.000255340251461 1.546868070913287 282.70409644266 8.579972903571687
0.0217 6367.737718334228 1.000254780076501 1.546791384973793 282.6048308275193 8.522884632661984
0.0218 6367.753038863841 1.000254219704579 1.546714632952411 282.5052473850359 8.465950257769224
0.0219 6367.768408332606 1.000253659143965 1.546637814863075 282.4053458380625 8.409171143647491
0.022 6367.783826783153 1.00025309840291 1.54656093072105 282.3051259095054 8.352548643486085
0.0221 6367.799294258107 1.000252537489641 1.546483980542934 282.2045873223059 8.29608409882395
0.0222 6367.814810800081 1.000251976412364 1.546406964346595 282.1037297994707 8.239778839491706
0.0223 6367.830376451686 1.00025141517926 1.54632988215127 282.0025530640418 8.183634183521333
0.0224 6367.845991255515 1.00025085379849 1.546252733977431 281.9010568391499 8.127651437102889
0.0225 6367.861655254157 1.000250292278189 1.546175519846921 281.7992408479789 8.071831894492666
0.0226 6367.877368490186 1.000249730626469 1.546098239782847 281.6971048137897 8.016176837955131
0.0227 6367.893131006166 1.00024916885142 1.546020893809639 281.5946484599198 7.9606875376926
0.0228 6367.908942844648 1.000248606961105 1.545943481953006 281.4918715097896 7.905365251779071
0.0229 6367.924804048167 1.000248044963564 1.545866004239966 281.3887736869141 7.850211226098083
0.023 6367.940714659246 1.00024748286681 1.545788460698821 281.2853547149028 7.795226694275077
0.0231 6367.956674720392 1.000246920678834 1.545710851359155 281.1816143174541 7.740412877607648
0.0232 6367.972684274095 1.000246358407599 1.54563317625184 281.0775522183843 7.685770985015512
0.0233 6367.988743362828 1.000245796061043 1.54555543540907 280.9731681416164 7.631302212969373
0.0234 6368.004852029048 1.000245233647077 1.545477628864216 280.8684618111855 7.577007745430249
0.0235 6368.021010315191 1.000244671173586 1.545399756652044 280.763432951257 7.522888753795773
0.0236 6368.037218263675 1.000244108648429 1.545321818808515 280.6580812861142 7.468946396832147
0.0237 6368.053475916897 1.000243546079437 1.545243815370881 280.5524065401709 7.415181820619341
0.0238 6368.069783317233 1.000242983474413 1.545165746377664 280.4464084379882 7.361596158500151
0.0239 6368.086140507037 1.000242420841134 1.545087611868629 280.3400867042577 7.308190531012201
0.024 6368.102547528643 1.000241858187347 1.545009411884839 280.2334410638185 7.25496604583903
0.0241 6368.119004424358 1.000241295520772 1.544931146468582 280.1264712416754 7.201923797761932
0.0242 6368.135511236465 1.000240732849101 1.544852815663352 280.0191769629749 7.14906486859224
0.0243 6368.152068007225 1.000240170179995 1.54477441951399 279.9115579530352 7.096390327131119
0.0244 6368.168674778871 1.000239607521088 1.544695958066505 279.8036139373397 7.043901229112726
0.0245 6368.18533159361 1.000239044879982 1.544617431368156 279.6953446415376 6.991598617151459
0.0246 6368.20203849362 1.000238482264252 1.544538839467469 279.5867497914732 6.939483520704467
0.0247 6368.218795521053 1.000237919681442 1.54446018241417 279.477829113156 6.887556956006654
0.0248 6368.235602718031 1.000237357139064 1.544381460259215 279.3685823327968 6.835819926038093
0.0249 6368.252460126647 1.000236794644601 1.544302673054801 279.2590091767955 6.784273420469733
0.025 6368.269367788963 1.000236232205506 1.544223820854318 279.1491093717412 6.732918415616012
0.0251 6368.286325747009 1.000235669829198 1.544144903712395 279.0388826444417 6.681755874402317
0.0252 6368.303334042785 1.000235107523067 1.544065921684858 278.9283287218999 6.630786746308596
0.0253 6368.320392718256 1.000234545294471 1.543986874828724 278.8174473313373 6.58001196733621
0.0254 6368.337501815354 1.000233983150734 1.543907763202252 278.7062382002003 6.52943245996747
0.0255 6368.354661375978 1.000233421099149 1.543828586864863 278.5947010561421 6.479049133115638
0.0256 6368.37187144199 1.000232859146978 1.543749345877162 278.482835627064 6.428862882102865
0.0257 6368.389132055218 1.000232297301448 1.54367004030098 278.3706416410804 6.378874588604483
0.0258 6368.406443257454 1.000231735569754 1.543590670199307 278.258118826548 6.32908512062381
0.0259 6368.42380509045 1.000231173959057 1.543511235636287 278.1452669120775 6.279495332459892
0.026 6368.44121759592 1.000230612476484 1.543431736677288 278.0320856265224 6.230106064665963
0.0261 6368.458680815542 1.00023005112913 1.543352173388814 277.9185746989782 6.180918144014464
0.0262 6368.476194790953 1.000229489924055 1.543272545838523 277.8047338588066 6.131932383473442
0.0263 6368.493759563749 1.000228928868284 1.543192854095265 277.6905628356293 6.083149582171187
0.0264 6368.511375175486 1.000228367968807 1.54311309822901 277.5760613593401 6.034570525369714
0.0265 6368.529041667678 1.000227807232581 1.543033278310886 277.4612291600928 5.986195984429376
0.0266 6368.546759081796 1.000227246666526 1.542953394413186 277.346065968325 5.93802671678973
0.0267 6368.564527459268 1.000226686277529 1.542873446609292 277.230571514758 5.890063465941462
0.0268 6368.582346841478 1.000226126072439 1.542793434973769 277.1147455303911 5.842306961397165
0.0269 6368.600217269767 1.00022556605807 1.542713359582269 276.9985877465132 5.794757918670721
0.027 6368.618138785429 1.000225006241201 1.54263322051159 276.8820978947145 5.747417039257766
0.0271 6368.636111429711 1.000224446628573 1.542553017839645 276.7652757068812 5.700285010610113
0.0272 6368.654135243814 1.000223887226891 1.542472751645444 276.6481209152065 5.653362506118623
0.0273 6368.672210268895 1.000223328042825 1.542392422009097 276.5306332521853 5.606650185090174
0.0274 6368.690336546058 1.000222769083006 1.542312029011813 276.4128124506259 5.560148692732984
0.0275 6368.70851411636 1.000222210354028 1.542231572735922 276.2946582436615 5.513858660143044
0.0276 6368.726743020809 1.00022165186245 1.542151053264814 276.1761703647388 5.467780704282493
0.0277 6368.745023300363 1.000221093614789 1.542070470682972 276.0573485476415 5.421915427973148
0.0278 6368.763354995926 1.000220535617529 1.541989825075934 275.9381925264782 5.376263419877413
0.0279 6368.781738148355 1.000219977877113 1.541909116530336 275.8187020356949 5.330825254489663
0.028 6368.800172798451 1.000219420399946 1.541828345133859 275.6988768100681 5.285601492122089
0.0281 6368.818658986964 1.000218863192396 1.541747510975253 275.5787165847354 5.240592678905194
0.0282 6368.837196754591 1.000218306260791 1.541666614144292 275.4582210951593 5.195799346765058
0.0283 6368.855786141972 1.000217749611421 1.541585654731841 275.3373900771807 5.151222013435103
0.0284 6368.874427189695 1.000217193250537 1.541504632829747 275.2162232669833 5.106861182435977
0.0285 6368.893119938291 1.000216637184351 1.541423548530944 275.0947204011117 5.062717343076609
0.0286 6368.911864428234 1.000216081419034 1.541342401929343 274.9728812164766 5.018790970452087
0.0287 6368.930660699943 1.000215525960719 1.54126119311992 274.8507054503674 4.975082525444865
0.0288 6368.949508793778 1.0002149708155 1.541179922198624 274.7281928404399 4.931592454718775
0.0289 6368.968408750042 1.000214415989429 1.541098589262434 274.6053431247282 4.888321190722871
0.029 6368.987360608977 1.00021386148852 1.541017194409313 274.4821560416507 4.845269151694374
0.0291 6369.006364410768 1.000213307318744 1.54093573773824 274.3586313300101 4.802436741660829
0.0292 6369.025420195538 1.000212753486036 1.540854219349155 274.2347687290052 4.759824350447673
0.0293 6369.044528003351 1.000212199996285 1.540772639342991 274.1105679782189 4.71743235367891
0.0294 6369.063687874209 1.000211646855344 1.540690997821637 273.9860288176423 4.675261112791316
0.0295 6369.082899848052 1.000211094069023 1.540609294887969 273.8611509876622 4.633310975037742
0.0296 6369.102163964756 1.00021054164309 1.540527530645831 273.7359342290855 4.591582273503734
0.0297 6369.121480264137 1.000209989583275 1.540445705199978 273.6103782831091 4.550075327107625
0.0298 6369.140848785945 1.000209437895262 1.540363818656131 273.4844828913555 4.508790440623688
0.0299 6369.160269569866 1.000208886584699 1.54028187112097 273.3582477958729 4.467727904694597
0.03 6369.179742655521 1.000208335657188 1.540199862702066 273.2316727391116 4.426887995837649
0.0301 6369.199268082466 1.000207785118292 1.540117793507935 273.1047574639709 4.386270976475324
0.0302 6369.21884589019 1.00020723497353 1.540035663648008 272.9775017137644 4.345877094940303
0.0303 6369.238476118117 1.00020668522838 1.539953473232626 272.8499052322426 4.305706585500939
0.0304 6369.258158805601 1.00020613588828 1.539871222373017 272.7219677635939 4.265759668380348
0.0305 6369.27789399193 1.000205586958622 1.539788911181321 272.5936890524557 4.226036549780525
0.0306 6369.297681716324 1.000205038444758 1.539706539770564 272.4650688438913 4.186537421896766
0.0307 6369.317522017934 1.000204490351996 1.539624108254625 272.3361068834309 4.147262462953547
0.0308 6369.337414935839 1.000203942685605 1.539541616748283 272.2068029170481 4.108211837221555
0.0309 6369.357360509051 1.000203395450806 1.539459065367176 272.0771566911716 4.069385695047017
0.031 6369.377358776509 1.000202848652782 1.539376454227774 271.9471679526913 4.030784172880445
0.0311 6369.397409777083 1.00020230229667 1.539293783447435 271.8168364489583 3.992407393304913
0.0312 6369.417513549571 1.000201756387567 1.539211053144321 271.6861619277905 3.954255465067397
0.0313 6369.437670132696 1.000201210930523 1.539128263437439 271.555144137479 3.916328483111369
0.0314 6369.45787956511 1.00020066593055 1.539045414446628 271.4237828267877 3.878626528608959
0.0315 6369.478141885394 1.000200121392611 1.538962506292539 271.2920777449416 3.841149668991104
0.0316 6369.498457132051 1.000199577321631 1.538879539096641 271.1600286416682 3.803897957994149
0.0317 6369.518825343514 1.000199033722489 1.538796512981174 271.0276352671561 3.766871435684132
0.0318 6369.539246558138 1.000198490600019 1.538713428069221 270.8948973721025 3.730070128507482
0.0319 6369.559720814204 1.000197947959017 1.538630284484583 270.7618147076772 3.693494049319702
0.032 6369.580248149916 1.00019740580423 1.538547082351919 270.6283870255469 3.657143197431931
0.0321 6369.600828603404 1.000196864140363 1.538463821796581 270.4946140778746 3.621017558652118
0.0322 6369.621462212718 1.00019632297208 1.538380502944719 270.360495617332 3.585117105330673
0.0323 6369.642149015834 1.000195782303997 1.538297125923239 270.2260313970813 3.549441796399436
0.0324 6369.662889050648 1.000195242140689 1.538213690859786 270.0912211707872 3.513991577419964
0.0325 6369.683682354978 1.000194702486688 1.538130197882728 269.9560646926406 3.478766380635995
0.0326 6369.704528966566 1.00019416334648 1.538046647121167 269.8205617173229 3.443766125011698
0.0327 6369.72542892307 1.000193624724508 1.537963038704942 269.6847120000479 3.408990716291277
0.0328 6369.746382262071 1.000193086625172 1.537879372764568 269.5485152965374 3.374440047042874
0.0329 6369.767389021073 1.000192549052827 1.537795649431288 269.4119713630279 3.340113996711477
0.033 6369.788449237493 1.000192012011785 1.537711868837031 269.2750799562936 3.306012431677409
0.0331 6369.809562948673 1.000191475506313 1.537628031114413 269.137840833623 3.272135205304159
0.0332 6369.830730191871 1.000190939540635 1.537544136396726 269.000253752837 3.238482157997856
0.0333 6369.851951004262 1.00019040411893 1.537460184817927 268.8623184722941 3.20505311726492
0.0334 6369.873225422943 1.000189869245337 1.537376176512625 268.7240347508731 3.171847897765227
0.0335 6369.894553484922 1.000189334923945 1.537292111616101 268.5854023480086 3.138866301379355
0.0336 6369.915935227129 1.000188801158803 1.537207990264253 268.4464210236614 3.106108117261342
0.0337 6369.93737068641 1.000188267953916 1.537123812593635 268.307090538336 3.07357312190405
0.0338 6369.958859899525 1.000187735313244 1.537039578741397 268.1674106530867 3.041261079202805
0.0339 6369.980402903151 1.000187203240704 1.536955288845343 268.0273811295177 3.009171740518823
0.034 6370.001999733881 1.000186671740168 1.536870943043843 267.8870017297712 2.977304844741171
0.0341 6370.023650428222 1.000186140815466 1.536786541475891 267.7462722165568 2.94566011835934
0.0342 6370.045355022596 1.000185610470381 1.536702084281072 267.605192353128 2.914237275524847
0.0343 6370.067113553338 1.000185080708658 1.536617571599525 267.4637619033059 2.883036018124695
0.0344 6370.088926056698 1.000184551533992 1.536533003571981 267.3219806314613 2.852056035846712
0.0345 6370.110792568841 1.000184022950039 1.536448380339731 267.1798483025326 2.821297006253924
0.0346 6370.132713125842 1.000183494960408 1.536363702044612 267.0373646820257 2.790758594856077
0.0347 6370.154687763692 1.000182967568668 1.536278968829005 266.8945295360021 2.760440455179812
0.0348 6370.176716518292 1.000182440778341 1.536194180835833 266.7513426311028 2.730342228847543
0.0349 6370.198799425455 1.000181914592908 1.53610933820854 266.6078037345422 2.70046354565106
0.035 6370.220936520908 1.000181389015806 1.536024441091098 266.4639126140963 2.6708040236251
0.0351 6370.243127840288 1.000180864050429 1.535939489627958 266.3196690381263 2.641363269129387
0.0352 6370.265373419143 1.000180339700126 1.535854483964096 266.1750727755729 2.612140876925543
0.0353 6370.287673292932 1.000179815968206 1.535769424244967 266.030123595944 2.583136430253972
0.0354 6370.310027497025 1.000179292857933 1.535684310616503 265.8848212693391 2.55434950091898
0.0355 6370.332436066701 1.000178770372528 1.535599143225115 265.7391655664427 2.525779649368893
0.0356 6370.35489903715 1.000178248515169 1.535513922217681 265.5931562585246 2.497426424778459
0.0357 6370.377416443472 1.000177727288994 1.535428647741513 265.4467931174339 2.469289365131171
0.0358 6370.399988320674 1.000177206697094 1.535343319944363 265.300075915617 2.441367997307164
0.0359 6370.422614703676 1.000176686742521 1.535257938974431 265.1530044261052 2.4136618371664
0.036 6370.445295627303 1.000176167428283 1.535172504980357 265.0055784225273 2.386170389637384
0.0361 6370.468031126292 1.000175648757346 1.535087018111159 264.8577976791029 2.358893148803505
0.0362 6370.490821235284 1.000175130732634 1.535001478516281 264.7096619706548 2.331829597993646
0.0363 6370.51366598883 1.000174613357028 1.534915886345566 264.5611710726029 2.304979209870452
0.0364 6370.53656542139 1.000174096633368 1.534830241749245 264.412324760964 2.278341446520694
0.0365 6370.55951956733 1.000173580564453 1.534744544877908 264.2631228123522 2.251915759546578
0.0366 6370.582528460925 1.000173065153039 1.534658795882538 264.1135650039845 2.225701590159032
0.0367 6370.605592136354 1.000172550401841 1.534572994914448 263.9636511136986 2.199698369273897
0.0368 6370.628710627705 1.000172036313531 1.534487142125329 263.8133809199174 2.173905517599762
0.0369 6370.651883968972 1.000171522890744 1.534401237667199 263.6627542016848 2.148322445739064
0.03700000000000001 6370.675112194055 1.000171010136068 1.534315281692423 263.5117707386415 2.122948554279823
0.0371 6370.698395336762 1.000170498052055 1.534229274353646 263.3604303110491 2.097783233896333
0.0372 6370.721733430803 1.000169986641215 1.534143215803871 263.2087326997779 2.072825865444647
0.0373 6370.745126509799 1.000169475906016 1.534057106196367 263.0566776863074 2.048075820060967
0.0374 6370.768574607273 1.000168965848887 1.533970945684717 262.9042650527257 2.023532459260871
0.0375 6370.792077756653 1.000168456472215 1.533884734422797 262.7514945817537 1.999195135043092
0.0376 6370.815635991275 1.00016794777835 1.533798472564732 262.5983660567152 1.975063189985547
0.0377 6370.839249344376 1.000167439769599 1.533712160264914 262.4448792615548 1.951135957349778
0.0378 6370.862917849104 1.000166932448231 1.533625797678009 262.2910339808258 1.927412761181472
0.0379 6370.886641538504 1.000166425816476 1.533539384958924 262.136829999726 1.903892916419029
0.038 6370.910420445532 1.000165919876521 1.533452922262787 261.9822671040446 1.880575728989234
0.0381 6370.934254603045 1.000165414630519 1.533366409744966 261.8273450802088 1.857460495919097
0.0382 6370.958144043805 1.000164910080582 1.533279847561034 261.672063715267 1.834546505438408
0.0383 6370.982088800478 1.000164406228781 1.533193235866805 261.5164227968938 1.811833037086607
0.0384 6371.006088905635 1.000163903077152 1.533106574818227 261.3604221133731 1.789319361816888
0.0385 6371.03014439175 1.00016340062769 1.53301986457153 261.2040614536271 1.767004742107872
0.0386 6371.054255291199 1.000162898882354 1.532933105283036 261.0473406072045 1.744888432069833
0.03870000000000001 6371.078421636265 1.000162397843064 1.532846297109274 260.890259364275 1.722969677552518
0.0388 6371.102643459134 1.000161897511702 1.532759440206949 260.7328175156289 1.701247716254454
0.0389 6371.126920791892 1.000161397890114 1.532672534732887 260.5750148527007 1.679721777836079
0.039 6371.151253666532 1.000160898980107 1.532585580844081 260.4168511675401 1.658391084026108
0.0391 6371.175642114948 1.000160400783452 1.532498578697641 260.258326252835 1.637254848735817
0.0392 6371.200086168939 1.000159903301884 1.532411528450805 260.099439901894 1.616312278168244
0.0393 6371.224585860205 1.000159406537101 1.532324430260936 259.9401919086644 1.595562570932697
0.0394 6371.249141220352 1.000158910490764 1.532237284285482 259.7805820677139 1.575004918155093
0.0395 6371.273752280884 1.000158415164498 1.532150090682007 259.6206101742549 1.554638503594204
0.0396 6371.298419073212 1.000157920559895 1.53206284960814 259.4602760241204 1.53446250375228
0.0397 6371.323141628649 1.000157426678507 1.531975561221609 259.2995794137818 1.514476087991477
0.0398 6371.347919978411 1.000156933521855 1.531888225680196 259.1385201403313 1.494678418646262
0.0399 6371.372754153615 1.000156441091423 1.531800843141737 258.9770980014995 1.475068651140699
0.04 6371.397644185284 1.00015594938866 1.53171341376413 258.8153127956556 1.455645934103899
0.0401 6371.422590104338 1.000155458414982 1.531625937705308 258.6531643218012 1.436409409485187
0.0402 6371.447591941606 1.000154968171768 1.531538415123253 258.4906523795588 1.41735821266903
0.0403 6371.472649727816 1.000154478660368 1.531450846175917 258.3277767691951 1.398491472594518
0.04040000000000001 6371.497763493599 1.000153989882095 1.531363231021322 258.1645372916036 1.379808311870316
0.0405 6371.52293326949 1.000153501838227 1.531275569817468 258.000933748316 1.361307846893411
0.0406 6371.548159085924 1.000153014530014 1.531187862722352 257.8369659414969 1.34298918796614
0.0407 6371.57344097324 1.00015252795867 1.531100109893954 257.6726336739374 1.324851439413558
0.0408 6371.598778961682 1.000152042125376 1.531012311490233 257.507936749067 1.306893699703076
0.0409 6371.624173081392 1.000151557031284 1.53092446766912 257.3428749709536 1.289115061563011
0.041 6371.649623362418 1.00015107267751 1.530836578588495 257.1774481442861 1.271514612099518
0.0411 6371.675129834709 1.000150589065141 1.53074864440621 257.0116560743917 1.254091432917597
0.0412 6371.700692528118 1.000150106195234 1.530660665280011 256.84549856723 1.236844600239754
0.0413 6371.726311472401 1.000149624068812 1.530572641367637 256.6789754293935 1.219773185025503
0.0414 6371.751986697214 1.000149142686869 1.530484572826703 256.512086468107 1.202876253091056
0.0415 6371.77771823212 1.000148662050368 1.530396459814759 256.344831491222 1.186152865228588
0.04160000000000001 6371.803506106579 1.000148182160244 1.530308302489257 256.1772103072343 1.169602077328026
0.0417 6371.829350349961 1.0001477030174 1.530220101007547 256.0092227252547 1.153222940494237
0.0418 6371.855250991534 1.000147224622709 1.530131855526864 255.8408685550265 1.137014501169086
0.0419 6371.881208060472 1.000146746977019 1.530043566204319 255.6721476069314 1.120975801252331
0.042 6371.90722158585 1.000146270081145 1.5299552331969 255.5030596919718 1.105105878220348
0.04210000000000001 6371.933291596648 1.000145793935875 1.529866856661464 255.3336046217886 1.08940376524831
0.0422 6371.959418121746 1.00014531854197 1.529778436754714 255.1637822086494 1.073868491329586
0.0423 6371.985601189933 1.000144843900161 1.529689973633192 254.9935922654366 1.058499081395253
0.0424 6372.011840829897 1.000144370011155 1.529601467453287 254.8230346056711 1.043294556436826
0.0425 6372.038137070231 1.00014389687563 1.52951291837121 254.6521090435002 1.02825393362571
0.0426 6372.064489939432 1.000143424494234 1.529424326543012 254.4808153936923 1.013376226433213
0.0427 6372.0908994659 1.000142952867596 1.529335692124521 254.3091534716481 0.9986604447520554
0.0428 6372.117365677941 1.000142481996311 1.529247015271395 254.1371230933831 0.9841055950152432
0.0429 6372.143888603763 1.000142011880955 1.529158296139081 253.9647240755397 0.9697106803174251
0.043 6372.170468271479 1.000141542522073 1.529069534882815 253.7919562353867 0.9554747005350955
0.0431 6372.197104709106 1.00014107392019 1.528980731657603 253.6188193908077 0.9413966524457185
0.0432 6372.223797944567 1.000140606075803 1.528891886618238 253.4453133603132 0.9274755298486684
0.04330000000000001 6372.250548005688 1.000140138989384 1.52880299991926 253.2714379630282 0.9137103236840765
0.0434 6372.2773549202 1.000139672661386 1.528714071714973 253.0971930186987 0.9001000221529447
0.0435 6372.30421871574 1.000139207092232 1.52862510215943 252.9225783476912 0.8866436108365787
0.0436 6372.331139419849 1.000138742282326 1.52853609140641 252.7475937709813 0.8733400728149049
0.0437 6372.358117059975 1.000138278232047 1.528447039609458 252.5722391101652 0.8601883887863956
0.0438 6372.385151663468 1.000137814941754 1.528357946921793 252.39651418746 0.847187537186796
0.0439 6372.412243257587 1.00013735241178 1.528268813496391 252.2204188256854 0.8343364943063003
0.044 6372.439391869497 1.00013689064244 1.528179639485921 252.0439528482706 0.8216342344082356
0.0441 6372.466597526266 1.000136429634025 1.528090425042746 251.8671160792709 0.8090797298482386
0.0442 6372.493860254871 1.000135969386805 1.528001170318942 251.689908343339 0.7966719511897188
0.0443 6372.521180082195 1.000135509901031 1.527911875466254 251.5123294657304 0.7844098673215829
0.0444 6372.548557035026 1.000135051176933 1.527822540636104 251.3343792723334 0.7722924455771704
0.0445 6372.575991140059 1.000134593214719 1.52773316597961 251.1560575896154 0.7603186518471196
0.0446 6372.603482423899 1.000134136014579 1.52764375164754 250.9773642446588 0.7484874506979798
0.0447 6372.631030913054 1.000133679576684 1.527554297790301 250.7982990651489 0.7367978054871427
0.0448 6372.658636633942 1.000133223901186 1.527464804557967 250.6188618793739 0.7252486784781699
0.0449 6372.686299612889 1.000132768988219 1.527375272100262 250.4390525162192 0.7138390309553021
0.04500000000000001 6372.714019876128 1.000132314837896 1.52728570056653 250.2588708051675 0.7025678233379078
0.0451 6372.741797449799 1.000131861450315 1.527196090105762 250.078316576304 0.6914340152948124
0.0452 6372.769632359952 1.000131408825556 1.527106440866559 249.8973896603114 0.6804365658573884
0.0453 6372.797524632545 1.000130956963682 1.527016752997133 249.7160898884575 0.6695744335318131
0.0454 6372.825474293446 1.000130505864738 1.526927026645305 249.5344170926013 0.6588465764118975
0.0455 6372.85348136843 1.000130055528754 1.526837261958523 249.3523711052047 0.6482519522916791
0.0456 6372.881545883183 1.000129605955744 1.526747459083785 249.1699517593091 0.6377895187753754
0.0457 6372.909667863301 1.000129157145706 1.526657618167725 248.9871588885411 0.6274582333885371
0.0458 6372.937847334289 1.000128709098624 1.526567739356521 248.8039923271243 0.617257053688899
0.0459 6372.966084321561 1.000128261814464 1.526477822795946 248.6204519098559 0.6071849373746365
0.046 6372.994378850442 1.000127815293181 1.526387868631358 248.43653747213 0.5972408423946438
0.0461 6373.022730946169 1.000127369534715 1.526297877007642 248.2522488499025 0.5874237270549334
0.0462 6373.05114063389 1.000126924538991 1.526207848069264 248.0675858797143 0.5777325501276251
0.0463 6373.079607938664 1.000126480305923 1.526117781960236 247.882548398686 0.5681662709576331
0.0464 6373.10813288546 1.000126036835409 1.526027678824112 247.6971362445114 0.5587238495686885
0.0465 6373.136715499159 1.000125594127336 1.525937538803999 247.5113492554636 0.5494042467692811
0.0466 6373.165355804557 1.00012515218158 1.525847362042515 247.3251872703776 0.5402064242566876
0.04670000000000001 6373.19405382636 1.000124710998003 1.525757148681824 247.1386501286614 0.5311293447217805
0.0468 6373.222809589186 1.000124270576458 1.525666898863605 246.951737670291 0.5221719719521863
0.0469 6373.251623117568 1.000123830916784 1.525576612729047 246.7644497358095 0.513333270934987
0.047 6373.280494435951 1.00012339201881 1.525486290418868 246.5767861663161 0.5046122079580967
0.0471 6373.309423568696 1.000122953882358 1.525395932073261 246.3887468034771 0.4960077507119726
0.0472 6373.338410540074 1.000122516507235 1.525305537831959 246.2003314895209 0.487518868389676
0.0473 6373.367455374274 1.000122079893241 1.525215107834154 246.0115400672192 0.479144531785617
0.0474 6373.396558095397 1.000121644040167 1.525124642218548 245.8223723799177 0.4708837133955922
0.0475 6373.425718727461 1.000121208947795 1.525034141123313 245.6328282715057 0.4627353875133274
0.0476 6373.454937294397 1.000120774615897 1.52494360468612 245.4429075864163 0.4546985303275267
0.0477 6373.484213820055 1.000120341044238 1.524853033044096 245.2526101696443 0.4467721200187783
0.0478 6373.513548328197 1.000119908232575 1.524762426333845 245.0619358667226 0.4389551368538192
0.04790000000000001 6373.542940842503 1.000119476180658 1.524671784691427 244.8708845237278 0.4312465632801806
0.048 6373.57239138657 1.000119044888229 1.524581108252383 244.6794559872923 0.423645384020129
0.0481 6373.601899983913 1.000118614355024 1.524490397151688 244.4876501045627 0.4161505861615775
0.0482 6373.631466657962 1.000118184580773 1.524399651523782 244.2954667232474 0.4087611592515997
0.0483 6373.661091432064 1.000117755565198 1.524308871502539 244.1029056915808 0.4014760953857131
0.04840000000000001 6373.690774329489 1.000117327308018 1.524218057221272 243.9099668583234 0.3942943892976435
0.0485 6373.720515373419 1.000116899808944 1.524127208812758 243.7166500727739 0.387215038448549
0.0486 6373.75031458696 1.000116473067685 1.524036326409184 243.5229551847627 0.3802370431145853
0.0487 6373.780171993132 1.000116047083943 1.523945410142159 243.3288820446409 0.3733594064732913
0.0488 6373.810087614879 1.000115621857417 1.523854460142752 243.1344305032852 0.366581134689625
0.0489 6373.840061475064 1.0001151973878 1.523763476541415 242.9396004120812 0.3599012370001641
0.049 6373.870093596468 1.000114773674785 1.52367245946804 242.744391622958 0.3533187257981152
0.0491 6373.900184001795 1.000114350718059 1.523581409051927 242.5488039883356 0.3468326167142599
0.0492 6373.930332713667 1.000113928517307 1.523490325421781 242.3528373611661 0.3404419287000874
0.0493 6373.960539754629 1.000113507072211 1.523399208705727 242.1564915949097 0.3341456841076717
0.0494 6373.990805147149 1.000113086382452 1.52330805903129 241.9597665435293 0.3279429087691156
0.0495 6374.021128913617 1.000112666447707 1.523216876525369 241.7626620614905 0.3218326320751245
0.04960000000000001 6374.051511076342 1.000112247267654 1.523125661314289 241.5651780037787 0.3158138870530328
0.0497 6374.081951657558 1.000111828841967 1.523034413523768 241.3673142258702 0.3098857104422804
0.0498 6374.112450679425 1.000111411170321 1.522943133278897 241.1690705837381 0.304047142769919
0.0499 6374.143008164021 1.000110994252389 1.522851820704171 240.9704469338634 0.2982972284251644
0.05 6374.173624133353 1.000110578087847 1.522760475923444 240.7714431332064 0.2926350157316266
0.05010000000000001 6374.204298609348 1.000110162676367 1.522669099059977 240.5720590392356 0.2870595570201527
0.0502 6374.235031613863 1.000109748017622 1.52257769023641 240.3722945098924 0.2815699086986748
0.0503 6374.265823168675 1.000109334111289 1.52248624957473 240.172149403615 0.2761651313226124
0.0504 6374.29667329549 1.000108920957042 1.522394777196331 239.9716235793143 0.2708442896628158
0.0505 6374.32758201594 1.000108508554559 1.522303273221941 239.7707168963919 0.265606452773499
0.0506 6374.35854935158 1.000108096903517 1.522211737771706 239.5694292147285 0.2604506940582154
0.0507 6374.389575323896 1.000107686003597 1.52212017096509 239.3677603946775 0.255376091334852
0.0508 6374.420659954298 1.000107275854482 1.522028572920961 239.1657102970652 0.2503817268996165
0.0509 6374.451803264125 1.000106866455857 1.521936943757499 238.963278783185 0.2454666875897093
0.051 6374.483005274646 1.00010645780741 1.521845283592307 238.7604657148034 0.2406300648451113
0.0511 6374.514266007053 1.000106049908831 1.521753592542285 238.5572709541538 0.235870954768899
0.0512 6374.545585482472 1.000105642759814 1.521661870723733 238.3536943639305 0.2311884581863873
0.05130000000000001 6374.576963721957 1.000105236360058 1.521570118252283 238.1497358072774 0.2265816807029615
0.0514 6374.608400746491 1.000104830709264 1.521478335242932 237.9453951478112 0.2220497327615223
0.0515 6374.639896576985 1.000104425807138 1.52138652181001 237.7406722495979 0.2175917296976521
0.0516 6374.671451234285 1.00010402165339 1.521294678067215 237.5355669771469 0.213206791794009
0.0517 6374.703064739164 1.000103618247735 1.521202804127584 237.3300791954347 0.2088940443341448
0.05180000000000001 6374.734737112328 1.000103215589893 1.521110900103514 237.1242087698691 0.2046526176538482
0.0519 6374.766468374414 1.00010281367959 1.521018966106725 236.9179555663076 0.2004816471924243
0.052 6374.798258545994 1.000102412516556 1.520927002248296 236.7113194510388 0.1963802735420209
0.0521 6374.830107647569 1.000102012100527 1.520835008638645 236.5043002908009 0.1923476424964606
0.0522 6374.862015699574 1.000101612431246 1.520742985387553 236.2968979527694 0.1883829050982546
0.0523 6374.893982722378 1.000101213508461 1.520650932604104 236.0891123045457 0.1844852176844226
0.0524 6374.926008736282 1.000100815331928 1.520558850396752 235.8809432141683 0.1806537419315457
0.0525 6374.958093761525 1.000100417901408 1.520466738873295 235.6723905500897 0.1768876448989366
0.0526 6374.990237818277 1.00010002121667 1.520374598140842 235.4634541812001 0.1731860990714649
0.0527 6375.022440926646 1.000099625277491 1.52028242830587 235.254133976803 0.1695482824002949
0.0528 6375.054703106672 1.000099230083652 1.520190229474186 235.044429806634 0.1659733783431447
0.0529 6375.087024378333 1.000098835634946 1.520098001750938 234.8343415408361 0.1624605759026013
0.05300000000000001 6375.119404761545 1.000098441931171 1.520005745240607 234.6238690499607 0.1590090696636407
0.0531 6375.151844276157 1.000098048972134 1.519913460047013 234.4130122049786 0.155618059830112
0.0532 6375.18434294196 1.00009765675765 1.519821146273319 234.2017708772627 0.1522867522595149
0.0533 6375.216900778676 1.000097265287542 1.519728804022032 233.9901449386056 0.1490143584971326
0.0534 6375.249517805973 1.000096874561643 1.519636433394985 233.7781342611783 0.1458000958080232
0.05350000000000001 6375.282194043451 1.000096484579794 1.519544034493361 233.5657387175714 0.1426431872090861
0.0536 6375.314929510651 1.000096095341845 1.519451607417677 233.352958180766 0.1395428614988147
0.0537 6375.347724227055 1.000095706847656 1.519359152267786 233.1397925241448 0.1364983532864715
0.0538 6375.380578212083 1.000095319097095 1.519266669142894 232.9262416214632 0.1335089030194589
0.0539 6375.413491485095 1.00009493209004 1.519174158141543 232.7123053468844 0.130573757010413
0.054 6375.446464065391 1.000094545826381 1.519081619361611 232.4979835749558 0.1276921674622466
0.0541 6375.479495972215 1.000094160306014 1.518989052900324 232.2832761806034 0.1248633924922599
0.05420000000000001 6375.51258722475 1.000093775528849 1.518896458854257 232.0681830391253 0.1220866961550626
0.0543 6375.545737842121 1.000093391494803 1.51880383731931 231.852704026216 0.1193613484646795
0.0544 6375.578947843394 1.000093008203807 1.518711188390755 231.6368390179363 0.1166866254147768
0.0545 6375.612217247582 1.000092625655799 1.518618512163191 231.4205878907195 0.114061808998174
0.0546 6375.645546073636 1.00009224385073 1.518525808730568 231.2039505213655 0.1114861872250266
0.05470000000000001 6375.678934340453 1.000091862788561 1.518433078186201 230.9869267870525 0.1089590541400443
0.0548 6375.712382066877 1.000091482469264 1.518340320622728 230.7695165653016 0.106479709837988
0.0549 6375.745889271689 1.000091102892824 1.518247536132161 230.551719734024 0.1040474604789667
0.055 6375.779455973619 1.000090724059233 1.518154724805865 230.3335361714738 0.1016616183014833
0.0551 6375.813082191346 1.0000903459685 1.518061886734544 230.114965756254 0.09932150163495668
0.05520000000000001 6375.846767943486 1.00008996862064 1.517969022008274 229.89600836734 0.09702643491127104
0.0553 6375.880513248608 1.000089592015684 1.517876130716482 229.6766638840498 0.09477574867461266
0.0554 6375.914318125223 1.000089216153673 1.517783212947968 229.4569321860507 0.09256877959056328
0.0555 6375.948182591793 1.00008884103466 1.517690268790866 229.2368131533466 0.09040487045388605
0.0556 6375.982106666725 1.000088466658708 1.517597298332712 229.0163066662902 0.08828337019543044
0.0557 6376.016090368371 1.000088093025897 1.517504301660375 228.7954126055891 0.08620363388785487
0.0558 6376.050133715035 1.000087720136314 1.517411278860117 228.5741308522701 0.08416502274985987
0.05590000000000001 6376.08423672497 1.000087347990061 1.517318230017555 228.3524612876967 0.08216690414984087
0.056 6376.118399416372 1.000086976587253 1.517225155217687 228.1304037935814 0.08020865160837924
0.0561 6376.152621807393 1.000086605928014 1.517132054544889 227.9079582519443 0.0782896447991847
0.0562 6376.18690391613 1.000086236012484 1.517038928082905 227.6851245451538 0.07640926954970344
0.0563 6376.221245760633 1.000085866840814 1.516945775914871 227.4619025558862 0.07456691783994114
0.05640000000000001 6376.2556473589 1.000085498413167 1.516852598123301 227.2382921671486 0.07276198780079599
0.0565 6376.290108728883 1.000085130729721 1.516759394790088 227.0142932622615 0.07099388371099806
0.0566 6376.324629888481 1.000084763790665 1.516666165996529 226.7899057248763 0.06926201599330206
0.0567 6376.359210855547 1.0000843975962 1.516572911823303 226.5651294389462 0.06756580120928322
0.0568 6376.393851647887 1.000084032146541 1.516479632350479 226.3399642887374 0.06590466205344947
0.05690000000000001 6376.428552283257 1.000083667441917 1.516386327657536 226.1144101588296 0.06427802734624972
0.057 6376.463312779368 1.000083303482568 1.516292997823343 225.8884669341099 0.06268533202604699
0.0571 6376.498133153882 1.000082940268748 1.516199642926167 225.6621344997669 0.06112601714011023
0.0572 6376.533013424417 1.000082577800723 1.516106263043703 225.4354127412906 0.05959952983467739
0.0573 6376.567953608542 1.000082216078773 1.516012858253034 225.2083015444786 0.05810532334409206
0.0574 6376.602953723783 1.000081855103191 1.515919428630666 224.9808007954119 0.05664285697879492
0.0575 6376.638013787618 1.000081494874282 1.515825974252523 224.7529103804853 0.05521159611272388
0.05760000000000001 6376.673133817483 1.000081135392365 1.515732495193946 224.5246301863593 0.05381101216929249
0.0577 6376.708313830767 1.000080776657772 1.515638991529689 224.2959601000138 0.05244058260708499
0.0578 6376.743553844816 1.000080418670848 1.515545463333957 224.0669000086945 0.05109979090398379
0.0579 6376.778853876932 1.00008006143195 1.515451910680356 223.8374497999429 0.04978812654091314
0.058 6376.814213944373 1.000079704941449 1.515358333641946 223.6076093615783 0.04850508498441463
0.05810000000000001 6376.849634064354 1.00007934919973 1.515264732291226 223.3773785816978 0.04725016766846101
0.0582 6376.885114254048 1.000078994207189 1.515171106700121 223.1467573486883 0.04602288197547297
0.0583 6376.920654530585 1.000078639964236 1.515077456940003 222.9157455511967 0.04482274121626857
0.0584 6376.956254911053 1.000078286471294 1.514983783081721 222.6843430781536 0.0436492646094669
0.0585 6376.991915412498 1.000077933728798 1.514890085195528 222.4525498187617 0.04250197725988027
0.05860000000000001 6377.027636051925 1.000077581737198 1.514796363351177 222.2203656624896 0.04138041013613424
0.0587 6377.063416846297 1.000077230496955 1.514702617617862 221.987790499072 0.04028410004752477
0.05880000000000001 6377.099257812538 1.000076880008543 1.514608848064239 221.7548242185038 0.03921258962006569
0.0589 6377.135158967531 1.000076530272449 1.514515054758443 221.5214667110457 0.03816542727182366
0.059 6377.171120328119 1.000076181289173 1.51442123776808 221.2877178672246 0.03714216718746787
0.0591 6377.207141911106 1.000075833059227 1.514327397160225 221.0535775778097 0.03614236929197808
0.0592 6377.243223733255 1.000075485583136 1.514233533001448 220.8190457338422 0.03516559922385744
0.05930000000000001 6377.279365811291 1.000075138861438 1.514139645357789 220.5841222266116 0.0342114283073985
0.0594 6377.315568161899 1.000074792894682 1.51404573429479 220.3488069476556 0.03327943352435531
0.0595 6377.35183080173 1.00007444768343 1.513951799877481 220.1130997887543 0.03236919748490456
0.0596 6377.388153747393 1.000074103228259 1.513857842170387 219.877000641948 0.03148030839802515
0.0597 6377.424537015459 1.000073759529753 1.513763861237554 219.6405093995194 0.03061236004107896
0.05980000000000001 6377.460980622464 1.000073416588512 1.513669857142516 219.4036259539815 0.02976495172877716
0.0599 6377.497484584907 1.000073074405147 1.513575829948323 219.1663501981019 0.02893768828164346
0.06 6377.534048919249 1.00007273298028 1.513481779717553 218.9286820248784 0.02813017999368881
0.0601 6377.570673641914 1.000072392314547 1.513387706512289 218.6906213275573 0.02734204259963068
0.0602 6377.607358769291 1.000072052408594 1.513293610394151 218.4521679996095 0.02657289724138278
0.0603 6377.644104317733 1.000071713263078 1.513199491424295 218.2133219347364 0.02582237043407422
0.0604 6377.680910303557 1.000071374878669 1.51310534966339 217.9740830268819 0.02509009403152331
0.06050000000000001 6377.717776743046 1.000071037256049 1.513011185171663 217.7344511702025 0.02437570519103835
0.0606 6377.754703652447 1.000070700395909 1.51291699800888 217.4944262590974 0.02367884633787102
0.0607 6377.791691047973 1.000070364298953 1.512822788234363 217.2540081881783 0.02299916512897423
0.0608 6377.828738945801 1.000070028965895 1.512728555906983 217.0131968522936 0.02233631441641608
0.0609 6377.865847362078 1.000069694397461 1.512634301085164 216.7719921464926 0.02168995221013937
0.06100000000000001 6377.903016312912 1.000069360594387 1.512540023826894 216.5303939660729 0.0210597416404768
0.0611 6377.94024581438 1.000069027557419 1.512445724189754 216.2884022065272 0.02044535091993563
0.0612 6377.977535882529 1.000068695287315 1.512351402230856 216.0460167635609 0.01984645330473412
0.0613 6378.014886533367 1.000068363784843 1.512257058006931 215.8032375331162 0.01926272705591495
0.0614 6378.052297782873 1.00006803305078 1.512162691574268 215.5600644113241 0.01869385539987127
0.06150000000000001 6378.089769646994 1.000067703085914 1.512068302988758 215.3164972945405 0.0181395264886768
0.0616 6378.127302141642 1.000067373891044 1.511973892305874 215.072536079328 0.0175994333599007
0.0617 6378.1648952827 1.000067045466978 1.511879459580692 214.8281806624503 0.0170732738960832
0.0618 6378.202549086018 1.000066717814531 1.511785004867901 214.5834309408841 0.01656075078389339
0.0619 6378.240263567415 1.000066390934531 1.511690528221778 214.3382868118009 0.01606157147288161
0.062 6378.278038742679 1.000066064827814 1.511596029696237 214.0927481725852 0.01557544813397955
0.0621 6378.315874627567 1.000065739495226 1.51150150934479 213.8468149208164 0.01510209761761375
0.06220000000000001 6378.353771237804 1.00006541493762 1.511406967220586 213.6004869542752 0.0146412414115701
0.0623 6378.391728589088 1.000065091155858 1.511312403376396 213.3537641709312 0.01419260559853987
0.0624 6378.429746697083 1.000064768150814 1.511217817864622 213.106646468961 0.01375592081345079
0.0625 6378.467825577425 1.000064445923366 1.511123210737308 212.8591337467363 0.01333092220048651
0.0626 6378.505965245722 1.000064124474403 1.511028582046143 212.6112259028063 0.01291734936985835
0.06270000000000001 6378.54416571755 1.000063803804821 1.510933931842457 212.3629228359267 0.01251494635442945
0.06280000000000001 6378.582427008457 1.000063483915524 1.510839260177253 212.114224445031 0.01212346156602531
0.0629 6378.62074913396 1.000063164807424 1.510744567101173 211.8651306292594 0.01174264775164158
0.063 6378.659132109551 1.000062846481439 1.51064985266453 211.6156412879176 0.01137226194935415
0.0631 6378.69757595069 1.000062528938498 1.510555116917303 211.3657563205123 0.0110120654441769
0.06320000000000001 6378.73608067281 1.000062212179534 1.510460359909156 211.1154756267337 0.01066182372367844
0.06330000000000001 6378.774646291316 1.000061896205486 1.510365581689421 210.864799106443 0.01032130643346632
0.0634 6378.813272821585 1.000061581017303 1.510270782307115 210.6137266596969 0.009990287332588534
0.0635 6378.851960278967 1.000061266615939 1.510175961810946 210.3622581867174 0.009668544248744122
0.0636 6378.890708678781 1.000060953002353 1.51008112024933 210.1103935879217 0.009355859033468191
0.06370000000000001 6378.929518036324 1.000060640177512 1.509986257670357 209.8581327638925 0.00905201751714842
0.06380000000000001 6378.968388366862 1.000060328142389 1.509891374121841 209.6054756153957 0.008756809464023841
0.0639 6379.007319685637 1.00006001689796 1.509796469651302 209.3524220433627 0.008470028527074512
0.064 6379.046312007859 1.00005970644521 1.509701544305969 209.0989719489143 0.008191472202906879
0.0641 6379.085365348717 1.000059396785127 1.5096065981328 208.8451252333365 0.007920941786544384
0.06420000000000001 6379.124479723373 1.000059087918706 1.50951163117846 208.5908817980752 0.007658242326213438
0.06430000000000001 6379.163655146958 1.000058779846944 1.509416643489373 208.3362415447713 0.007403182578155973
0.0644 6379.202891634583 1.000058472570845 1.509321635111664 208.0812043752074 0.007155574961347659
0.0645 6379.24218920133 1.000058166091416 1.509226606091237 207.8257701913557 0.006915235512328466
0.0646 6379.281547862254 1.00005786040967 1.509131556473701 207.5699388953475 0.006681983839976827
0.06470000000000001 6379.320967632388 1.000057555526622 1.50903648630444 207.31371038948 0.006455643080353191
0.0648 6379.360448526736 1.000057251443291 1.508941395628585 207.0570845762157 0.00623603985158241
0.0649 6379.39999056028 1.000056948160701 1.508846284491032 206.800061358177 0.006023004208787717
0.065 6379.439593747975 1.000056645679878 1.508751152936434 206.5426406381633 0.005816369599112285
0.06510000000000001 6379.479258104751 1.000056344001851 1.508656001009219 206.2848223191162 0.005615972816776421
0.06520000000000001 6379.518983645515 1.000056043127653 1.508560828753581 206.0266063041544 0.005421653958282951
0.0653 6379.558770385146 1.000055743058319 1.50846563621351 205.7679924965504 0.005233256377676096
0.0654 6379.598618338502 1.000055443794885 1.508370423432767 205.5089807997364 0.005050626641936258
0.0655 6379.638527520416 1.000055145338392 1.508275190454904 205.2495711172982 0.004873614486488506
0.06560000000000001 6379.678497945695 1.000054847689881 1.508179937323266 204.9897633529812 0.004702072770852489
0.06570000000000001 6379.718529629123 1.000054550850395 1.50808466408101 204.7295574107023 0.004535857434438477
0.0658 6379.75862258546 1.000054254820978 1.507989370771072 204.4689531945086 0.004374827452462888
0.0659 6379.798776829443 1.000053959602676 1.507894057436213 204.2079506086183 0.004218844792080667
0.066 6379.838992375785 1.000053665196536 1.507798724119006 203.9465495573976 0.004067774368648674
0.06610000000000001 6379.879269239173 1.000053371603606 1.507703370861835 203.6847499453723 0.003921484002193578
0.06620000000000001 6379.919607434274 1.000053078824933 1.507607997706909 203.4225516772161 0.003779844374057762
0.0663 6379.960006975731 1.000052786861567 1.507512604696266 203.1599546577503 0.003642728983753396
0.0664 6380.000467878162 1.000052495714555 1.507417191871776 202.8969587919499 0.003510014106029279
0.0665 6380.040990156162 1.000052205384946 1.507321759275138 202.6335639849498 0.003381578748155722
0.06660000000000001 6380.081573824304 1.000051915873788 1.507226306947898 202.3697701420264 0.003257304607425067
0.06670000000000001 6380.122218897139 1.000051627182128 1.507130834931441 202.1055771685982 0.00313707602889758
0.0668 6380.162925389192 1.000051339311013 1.507035343267008 201.8409849702492 0.003020779963401166
0.0669 6380.203693314971 1.000051052261488 1.506939831995684 201.5759934526876 0.002908305925753682
0.067 6380.244522688956 1.000050766034597 1.506844301158429 201.310602521787 0.002799545953281803
0.06710000000000001 6380.285413525605 1.000050480631382 1.506748750796046 201.0448120835689 0.002694394564580454
0.06720000000000001 6380.326365839356 1.000050196052885 1.506653180949215 200.7786220441848 0.002592748718548379
0.0673 6380.367379644623 1.000049912300143 1.506557591658488 200.5120323099517 0.002494507773726137
0.0674 6380.408454955798 1.000049629374194 1.506461982964287 200.2450427873108 0.002399573447893188
0.0675 6380.449591787252 1.000049347276071 1.506366354906914 199.977653382863 0.002307849777989621
0.06760000000000001 6380.490790153332 1.000049066006804 1.506270707526564 199.709864003339 0.002219243080316187
0.06770000000000001 6380.532050068365 1.000048785567424 1.506175040863306 199.4416745556294 0.002133661911063541
0.0678 6380.573371546653 1.000048505958954 1.506079354957104 199.1730849467548 0.002051017027136218
0.0679 6380.614754602479 1.000048227182416 1.505983649847832 198.9040950838834 0.001971221347313084
0.068 6380.656199250104 1.000047949238827 1.505887925575253 198.6347048743254 0.001894189913726367
0.06810000000000001 6380.697705503765 1.000047672129203 1.505792182179021 198.3649142255271 0.001819839853673111
0.0682 6380.73927337768 1.000047395854553 1.505696419698719 198.0947230450823 0.001748090341768916
0.0683 6380.780902886042 1.000047120415883 1.505600638173838 197.8241312407271 0.001678862562439067
0.0684 6380.822594043027 1.000046845814194 1.505504837643776 197.5531387203272 0.001612079672756009
0.06850000000000001 6380.864346862785 1.000046572050481 1.505409018147857 197.2817453918964 0.001547666765636598
0.06860000000000001 6380.906161359448 1.000046299125738 1.50531317972532 197.0099511635902 0.001485550833389787
0.0687 6380.948037547123 1.000046027040948 1.505217322415346 196.7377559437003 0.001425660731625743
0.0688 6380.9899754399 1.000045755797093 1.505121446257032 196.4651596406483 0.001367927143530488
0.0689 6381.031975051845 1.000045485395149 1.505025551289418 196.1921621630094 0.001312282544515846
0.06900000000000001 6381.074036397001 1.000045215836083 1.504929637551478 195.9187634194949 0.001258661167233203
0.06910000000000001 6381.116159489393 1.000044947120859 1.504833705082128 195.6449633189462 0.001206998966966742
0.0692 6381.158344343025 1.000044679250434 1.50473775392023 195.3707617703407 0.001157233587408715
0.0693 6381.200590971876 1.000044412225758 1.504641784104587 195.0961586828033 0.001109304326818369
0.0694 6381.242899389909 1.000044146047773 1.504545795673969 194.8211539655894 0.001063152104561353
0.06950000000000001 6381.285269611062 1.000043880717417 1.504449788667094 194.5457475280958 0.001018719428043039
0.06960000000000001 6381.327701649253 1.000043616235617 1.504353763122628 194.2699392798557 0.0009759503600298272
0.0697 6381.370195518379 1.000043352603297 1.504257719079216 193.9937291305381 0.0009347904863649498
