0 6365.5 1.000286768384427 1.568958407826084 298.15 5.069650259640696
0.0001 6365.501201756362 1.000286729989498 1.568878316842135 298.1421885836456 5.067289997921194
0.0002 6365.502454495076 1.000286689971693 1.568798239807816 298.1340457820082 5.06483062713028
0.0003 6365.503758207307 1.000286648332037 1.568718175289092 298.1255716525023 5.062272291419803
0.0004 6365.505112885139 1.000286605071553 1.56863812199855 298.1167662465954 5.059615138196794
0.0005 6365.506518521473 1.000286560191271 1.568558078773649 298.1076296104283 5.056859318302404
0.0006000000000000001 6365.507975109953 1.000286513692222 1.568478044560235 298.0981617853062 5.054004986151199
0.0007 6365.509482644897 1.00028646557545 1.568398018397232 298.0883628081714 5.051052299864704
0.0008 6365.511041121235 1.000286415842006 1.568317999405074 298.0782327119758 5.048001421374251
0.0009000000000000001 6365.51265053446 1.000286364492955 1.568237986775493 298.0677715260121 5.044852516510997
0.001 6365.514310880581 1.000286311529372 1.56815797976245 298.0569792762207 5.041605755088427
0.0011 6365.516022156086 1.00028625695235 1.56807797767521 298.0458559854445 5.038261310968478
0.0012 6365.5177843579 1.000286200762995 1.567997979871929 298.0344016736475 5.034819362116621
0.0013 6365.519597483362 1.000286142962429 1.567917985753736 298.022616358145 5.031280090660162
0.0014 6365.521461530194 1.000286083551794 1.567837994761166 298.01050005374 5.027643682917718
0.0015 6365.523376496472 1.000286022532247 1.567758006368676 297.9980527729298 5.023910329449708
0.0016 6365.525342380613 1.000285959904965 1.567678020082208 297.9852745260126 5.020080225078269
0.0017 6365.52735918135 1.000285895671146 1.567598035435461 297.9721653212235 5.016153568915758
0.0018 6365.529426897712 1.000285829832003 1.567518051987414 297.9587251648703 5.012130564392861
0.0019 6365.531545529013 1.000285762388775 1.567438069320073 297.9449540614163 5.008011419270456
0.002 6365.533715074833 1.000285693342718 1.567358087035827 297.9308520135868 5.003796345658204
0.0021 6365.535935535007 1.00028562269511 1.567278104756294 297.9164190224518 4.999485560025736
0.0022 6365.538206909615 1.00028555044725 1.567198122120032 297.901655087503 4.995079283211738
0.0023 6365.540529198967 1.00028547660046 1.5671181387813 297.8865602067125 4.990577740427438
0.0024 6365.542902403597 1.000285401156084 1.567038154408774 297.8711343766221 4.98598116126855
0.0025 6365.54532652425 1.000285324115486 1.5669581686843 297.8553775923782 4.981289779711054
0.0026 6365.547801561874 1.000285245480054 1.566878181302013 297.8392898478209 4.976503834122486
0.0027 6365.550327517617 1.0002851652512 1.566798191966822 297.8228711354894 4.971623567248279
0.0028 6365.552904392815 1.000285083430357 1.56671820039434 297.8061214467056 4.966649226220641
0.0029 6365.555532188986 1.000285000018981 1.56663820630951 297.7890407715908 4.961581062547792
0.003 6365.558210907828 1.000284915018553 1.566558209445905 297.7716290991197 4.956419332113433
0.0031 6365.560940551207 1.000284828430575 1.566478209545677 297.7538864171555 4.951164295170592
0.0032 6365.563721121156 1.000284740256574 1.566398206358202 297.7358127124857 4.945816216335217
0.0033 6365.566552619871 1.000284650498101 1.566318199640099 297.7174079708392 4.940375364574147
0.0034 6365.569435049702 1.000284559156729 1.566238189154531 297.6986721769343 4.934842013201576
0.0035 6365.572368413156 1.000284466234055 1.566158174670611 297.6796053144843 4.929216439862948
0.0036 6365.575352712884 1.000284371731701 1.566078155963634 297.6602073662565 4.923498926534244
0.0037 6365.578387951684 1.000284275651311 1.565998132813727 297.6404783140546 4.917689759498328
0.0038 6365.581474132497 1.000284177994556 1.565918105006231 297.6204181387719 4.911789229341856
0.0039 6365.584611258402 1.000284078763127 1.565838072331372 297.6000268203856 4.905797630934539
0.004 6365.587799332612 1.000283977958743 1.565758034583564 297.5793043380212 4.899715263428905
0.0041 6365.591038358475 1.000283875583143 1.56567799156141 297.5582506699119 4.893542430228518
0.004200000000000001 6365.594328339466 1.000283771638094 1.565597943067532 297.536865793469 4.887279438988897
0.0043 6365.597669279191 1.000283666125383 1.56551788890829 297.5151496852585 4.88092660159037
0.0044 6365.601061181378 1.000283559046825 1.565437828893292 297.4931023210423 4.874484234129701
0.004500000000000001 6365.604504049881 1.000283450404257 1.565357762835594 297.4707236757726 4.867952656897582
0.0046 6365.607997888673 1.00028334019954 1.565277690551345 297.4480137236268 4.861332194367936
0.0047 6365.611542701845 1.000283228434561 1.565197611859689 297.4249724380082 4.854623175176542
0.0048 6365.615138493607 1.000283115111228 1.565117526582323 297.4015997915516 4.847825932101149
0.0049 6365.618785268286 1.000283000231477 1.565037434543936 297.3778957561407 4.840940802044724
0.005 6365.622483030318 1.000282883797264 1.564957335571452 297.3538603029323 4.83396812602012
0.0051 6365.626231784255 1.000282765810572 1.564877229494319 297.3294934023442 4.826908249124171
0.005200000000000001 6365.630031534756 1.000282646273408 1.564797116144263 297.3047950240847 4.819761520523514
0.0053 6365.633882286593 1.000282525187801 1.564716995355214 297.2797651371469 4.81252829342984
0.0054 6365.637784044642 1.000282402555806 1.564636866963059 297.2544037098263 4.80520892508174
0.005500000000000001 6365.641736813888 1.000282278379501 1.564556730805639 297.2287107097267 4.797803776722814
0.0056 6365.64574059942 1.000282152660988 1.564476586722841 297.202686103772 4.79031321358125
0.0057 6365.64979540643 1.000282025402394 1.564396434556297 297.1763298582063 4.782737604845693
0.005800000000000001 6365.653901240215 1.000281896605869 1.564316274149277 297.1496419386057 4.775077323644269
0.0059 6365.658058106171 1.000281766273587 1.564236105346798 297.1226223098901 4.767332747023331
0.006 6365.662266009796 1.000281634407747 1.564155927995464 297.095270936329 4.759504255924212
0.0061 6365.666524956688 1.000281501010569 1.564075741943379 297.0675877815301 4.751592235154678
0.006200000000000001 6365.670834952543 1.000281366084299 1.563995547040139 297.039572808474 4.743597073373624
0.0063 6365.675196003154 1.000281229631207 1.563915343136702 297.0112259794972 4.735519163060298
0.0064 6365.679608114413 1.000281091653586 1.563835130085416 296.9825472563156 4.727358900495084
0.006500000000000001 6365.684071292307 1.000280952153752 1.563754907739919 296.9535366000063 4.719116685728221
0.0066 6365.688585542915 1.000280811134045 1.563674675955185 296.9241939710554 4.710792922566785
0.0067 6365.693150872414 1.000280668596829 1.563594434587351 296.8945193293106 4.702388018534503
0.006800000000000001 6365.697767287074 1.000280524544492 1.563514183493648 296.8645126340224 4.693902384856526
0.006900000000000001 6365.702434793255 1.000280378979443 1.563433922532589 296.8341738438443 4.685336436432177
0.007 6365.707153397413 1.000280231904118 1.563353651563706 296.8035029168149 4.676690591802458
0.0071 6365.711923106094 1.000280083320974 1.563273370447617 296.7724998103876 4.667965273130676
0.007200000000000001 6365.716743925933 1.00027993323249 1.563193079045981 296.7411644814364 4.659160906176109
0.0073 6365.721615863656 1.00027978164117 1.563112777221524 296.7094968862383 4.650277920260796
0.0074 6365.726538926078 1.000279628549543 1.563032464837738 296.6774969804909 4.641316748246068
0.007500000000000001 6365.731513120105 1.000279473960158 1.562952141759284 296.6451647193184 4.632277826505507
0.0076 6365.736538452728 1.000279317875587 1.56287180785161 296.6125000572655 4.623161594894334
0.0077 6365.741614931028 1.000279160298427 1.562791462981194 296.5795029483214 4.613968496726865
0.007800000000000001 6365.746742562171 1.000279001231297 1.56271110701522 296.54617334589 4.60469897873883
0.007900000000000001 6365.751921353411 1.000278840676838 1.562630739821842 296.5125112028312 4.595353491069281
0.008 6365.757151312087 1.000278678637715 1.562550361269963 296.4785164714375 4.585932487224119
0.0081 6365.762432445624 1.000278515116614 1.562469971229402 296.4441891034456 4.576436424049304
0.008200000000000001 6365.767764761531 1.000278350116246 1.562389569570629 296.4095290500485 4.566865761703781
0.0083 6365.773148267403 1.000278183639342 1.562309156165047 296.3745362618832 4.557220963625664
0.008400000000000001 6365.778582970916 1.000278015688658 1.562228730884601 296.3392106890432 4.547502496504737
0.008500000000000001 6365.784068879833 1.00027784626697 1.562148293602257 296.3035522810836 4.53771083025308
0.0086 6365.789606001998 1.000277675377078 1.562067844191445 296.2675609870101 4.527846437970614
0.008700000000000001 6365.795194345336 1.000277503021803 1.56198738252647 296.2312367553139 4.517909795923398
0.008800000000000001 6365.800833917858 1.00027732920399 1.561906908482186 296.1945795339246 4.507901383499039
0.0089 6365.806524727652 1.000277153926503 1.561826421934334 296.1575892702634 4.497821683189391
0.009000000000000001 6365.812266782891 1.00027697719223 1.561745922759144 296.1202659112076 4.487671180548817
0.0091 6365.818060091827 1.000276799004081 1.561665410833599 296.0826094031262 4.477450364171563
0.0092 6365.823904662791 1.000276619364988 1.561584886035319 296.0446196918618 4.467159725654463
0.009300000000000001 6365.829800504194 1.000276438277904 1.561504348242544 296.0062967227372 4.456799759565857
0.0094 6365.835747624532 1.000276255745804 1.561423797334126 295.9676404405426 4.446370963409527
0.0095 6365.841746032373 1.000276071771684 1.561343233189593 295.928650789578 4.435873837602815
0.009600000000000001 6365.847795736366 1.000275886358562 1.561262655689044 295.889327713623 4.42530888543532
0.0097 6365.85389674524 1.000275699509478 1.561182064713171 295.8496711559427 4.414676613037067
0.0098 6365.8600490678 1.000275511227492 1.561101460143273 295.8096810593 4.403977529348
0.009900000000000001 6365.86625271293 1.000275321515685 1.561020841861253 295.7693573659552 4.393212146084138
0.01 6365.87250768959 1.000275130377163 1.560940209749516 295.728700017666 4.382380977703525
0.0101 6365.878814006818 1.000274937815047 1.560859563691186 295.6877089556818 4.371484541370436
0.0102 6365.885171673727 1.000274743832483 1.560778903569823 295.6463841207732 4.360523356928841
0.0103 6365.891580699507 1.000274548432637 1.56069822926952 295.6047254532022 4.34949794685994
0.0104 6365.898041093425 1.000274351618696 1.560617540675106 295.5627328927402 4.33840883625212
0.0105 6365.904552864819 1.000274153393867 1.560536837671727 295.5204063786799 4.327256552769131
0.0106 6365.911116023107 1.000273953761378 1.560456120145276 295.4777458498055 4.316041626607161
0.0107 6365.917730577779 1.000273752724477 1.560375387982024 295.4347512444341 4.304764590470463
0.0108 6365.9243965384 1.000273550286433 1.560294641068865 295.3914225003981 4.293425979531206
0.0109 6365.93111391461 1.000273346450535 1.560213879293202 295.3477595550334 4.282026331390784
0.011 6365.937882716122 1.000273141220093 1.560133102542907 295.3037623452086 4.270566186051752
0.0111 6365.944702952721 1.000272934598435 1.56005231070647 295.2594308073138 4.259046085878794
0.0112 6365.951574634266 1.000272726588911 1.559971503672827 295.2147648772719 4.247466575565669
0.0113 6365.95849777069 1.000272517194891 1.559890681331403 295.1697644905152 4.235828202092831
0.0114 6365.965472371997 1.000272306419764 1.559809843572185 295.1244295820205 4.224131514700198
0.0115 6365.972498448264 1.000272094266937 1.559728990285667 295.0787600862863 4.212377064844474
0.0116 6365.979576009638 1.00027188073984 1.559648121362811 295.0327559373553 4.200565406168522
0.0117 6365.986705066339 1.000271665841921 1.559567236695081 294.9864170687978 4.188697094459924
0.0118 6365.993885628657 1.000271449576646 1.559486336174467 294.9397434137285 4.176772687618543
0.0119 6366.001117706955 1.000271231947503 1.559405419693416 294.8927349047953 4.164792745616343
0.012 6366.008401311664 1.000271012957996 1.55932448714491 294.8453914741848 4.152757830461613
0.0121 6366.015736453286 1.000270792611651 1.559243538422336 294.7977130536405 4.140668506166062
0.0122 6366.023123142394 1.000270570912012 1.55916257341967 294.7496995744385 4.128525338701248
0.0123 6366.030561389629 1.000270347862641 1.559081592031267 294.7013509674119 4.116328895966894
0.0124 6366.038051205702 1.000270123467119 1.559000594152092 294.6526671629384 4.104079747750066
0.0125 6366.045592601393 1.000269897729047 1.558919579677424 294.6036480909464 4.09177846568875
0.0126 6366.05318558755 1.000269670652043 1.558838548503195 294.5542936809269 4.079425623236741
0.0127 6366.06083017509 1.000269442239745 1.558757500525678 294.5046038619156 4.067021795621017
0.0128 6366.068526374998 1.000269212495807 1.558676435641714 294.4545785625109 4.054567559807885
0.0129 6366.076274198327 1.000268981423903 1.558595353748531 294.4042177108735 4.042063494464557
0.013 6366.084073656198 1.000268749027725 1.558514254743931 294.353521234715 4.029510179917695
0.0131 6366.091924759796 1.000268515310982 1.558433138526119 294.3024890613273 4.016908198122102
0.0132 6366.099827520377 1.000268280277403 1.558352004993723 294.2511211175528 4.004258132614663
0.0133 6366.107781949259 1.000268043930731 1.558270854045977 294.1994173298143 3.991560568482799
0.0134 6366.115788057833 1.000267806274731 1.558189685582472 294.1473776240854 3.978816092318259
0.0135 6366.12384585755 1.000267567313183 1.55810849950332 294.0950019259257 3.966025292186786
0.0136 6366.131955359928 1.000267327049884 1.558027295709056 294.0422901604692 3.953188757586073
0.0137 6366.140116576551 1.000267085488651 1.557946074100695 293.9892422524184 3.940307079405079
0.0138 6366.148329519069 1.000266842633314 1.557864834579758 293.9358581260502 3.927380849886183
0.0139 6366.156594199195 1.000266598487725 1.557783577048185 293.8821377052335 3.914410662590063
0.014 6366.16491062871 1.000266353055749 1.557702301408364 293.8280809133879 3.901397112346216
0.0141 6366.173278819453 1.000266106341269 1.557621007563226 293.7736876735547 3.888340795230503
0.0142 6366.181698783333 1.000265858348187 1.557539695416075 293.7189579083378 3.875242308511245
0.0143 6366.190170532319 1.000265609080418 1.557458364870697 293.663891539927 3.862102250615213
0.0144 6366.198694078445 1.000265358541895 1.557377015831387 293.6084884901105 3.848921221090656
0.0145 6366.207269433807 1.000265106736568 1.557295648202861 293.5527486802565 3.835699820563202
0.0146 6366.215896610565 1.000264853668404 1.557214261890318 293.4966720313254 3.822438650698767
0.0147 6366.224575620941 1.000264599341383 1.557132856799371 293.4402584638814 3.809138314166348
0.0148 6366.233306477218 1.000264343759503 1.557051432836165 293.3835078980809 3.795799414595173
0.0149 6366.242089191743 1.000264086926779 1.556969989907231 293.3264202536724 3.782422556534606
0.015 6366.250923776922 1.000263828847241 1.556888527919627 293.2689954500082 3.769008345416773
0.0151 6366.259810245224 1.000263569524932 1.556807046780811 293.2112334060447 3.755557387516331
0.0152 6366.268748609181 1.000263308963914 1.556725546398782 293.1531340403243 3.742070289906108
0.0153 6366.27773888138 1.000263047168264 1.556644026681895 293.0946972710289 3.72854766042914
0.0154 6366.286781074475 1.000262784142072 1.556562487538987 293.0359230159146 3.714990107643242
0.0155 6366.295875201176 1.000262519889445 1.55648092887947 292.9768111923594 3.701398240791598
0.0156 6366.305021274253 1.000262254414505 1.556399350613091 292.9173617173568 3.687772669760945
0.0157 6366.314219306538 1.000261987721388 1.556317752650093 292.8575745075044 3.674114005038411
0.0158 6366.323469310919 1.000261719814246 1.556236134901184 292.7974494790273 3.660422857676443
0.0159 6366.332771300346 1.000261450697244 1.556154497277547 292.7369865477543 3.646699839246897
0.016 6366.342125287826 1.000261180374563 1.556072839690773 292.6761856291304 3.632945561803225
0.0161 6366.351531286426 1.000260908850398 1.555991162052952 292.6150466382336 3.619160637843928
0.0162 6366.360989309268 1.000260636128958 1.555909464276696 292.5535694897579 3.605345680267964
0.0163 6366.370499369536 1.000260362214466 1.555827746274954 292.491754098019 3.591501302335507
0.0164 6366.380061480468 1.000260087111159 1.55574600796119 292.4296003769599 3.577628117628689
0.0165 6366.38967565536 1.000259810823289 1.555664249249386 292.3671082401633 3.563726740013617
0.0166 6366.399341907567 1.000259533355121 1.555582470053888 292.3042776008155 3.549797783591874
0.0167 6366.409060250498 1.000259254710932 1.555500670289559 292.2411083717601 3.535841862671744
0.0168 6366.418830697621 1.000258974895016 1.555418849871736 292.1776004654624 3.521859591719721
0.0169 6366.428653262457 1.000258693911678 1.555337008716213 292.1137537940271 3.507851585323836
0.017 6366.438527958586 1.000258411765236 1.555255146739158 292.049568269192 3.493818458151753
0.0171 6366.448454799641 1.000258128460022 1.555173263857359 291.9850438023349 3.4797608249115
0.0172 6366.458433799312 1.00025784400038 1.55509135998795 291.9201803044724 3.465679300310894
0.0173 6366.468464971342 1.00025755839067 1.555009435048568 291.8549776862786 3.451574499020829
0.0174 6366.47854832953 1.00025727163526 1.55492748895729 291.7894358580551 3.43744703562834
0.0175 6366.48868388773 1.000256983738534 1.55484552163268 291.7235547297545 3.423297524601222
0.0176 6366.498871659848 1.000256694704887 1.554763532993791 291.6573342109867 3.409126580248811
0.0177 6366.509111659846 1.000256404538727 1.554681522960097 291.5907742110011 3.39493481667772
0.0178 6366.519403901737 1.000256113244475 1.55459949145154 291.5238746387098 3.380722847756486
0.0179 6366.529748399588 1.00025582082656 1.55451743838857 291.4566354026764 3.366491287072658
0.018 6366.540145167522 1.000255527289428 1.554435363692048 291.3890564111097 3.352240747891217
0.0181 6366.550594219708 1.000255232637535 1.554353267283352 291.3211375718992 3.33797184312177
0.0182 6366.561095570373 1.000254936875347 1.554271149084295 291.2528787925738 3.323685185269569
0.0183 6366.571649233794 1.000254640007343 1.554189009017132 291.1842799803375 3.309381386402775
0.0184 6366.582255224302 1.000254342038014 1.554106847004662 291.1153410420392 3.295061058106124
0.0185 6366.592913556274 1.000254042971862 1.554024662970086 291.0460618842207 3.280724811450692
0.0186 6366.603624244142 1.000253742813398 1.553942456837086 290.9764424130748 3.266373256945236
0.0187 6366.614387302389 1.000253441567147 1.553860228529846 290.9064825344693 3.252007004501142
0.0188 6366.625202745548 1.000253139237642 1.553777977972989 290.8361821539351 3.237626663390084
0.0189 6366.636070588202 1.000252835829429 1.553695705091613 290.7655411766895 3.223232842209034
0.019 6366.646990844982 1.000252531347063 1.553613409811281 290.6945595076189 3.208826148836861
0.0191 6366.657963530571 1.000252225795112 1.553531092058021 290.6232370512906 3.19440719039705
0.0192 6366.668988659701 1.000251919178151 1.55344875175836 290.5515737119407 3.179976573215707
0.0193 6366.680066247155 1.000251611500766 1.553366388839273 290.4795693934919 3.165534902785628
0.0194 6366.691196307759 1.000251302767555 1.553284003228214 290.4072239995656 3.151082783729189
0.0195 6366.702378856393 1.000250992983125 1.553201594853088 290.3345374334461 3.136620819751893
0.0196 6366.713613907981 1.00025068215209 1.553119163642324 290.2615095981222 3.122149613611385
0.0197 6366.7249014775 1.000250370279078 1.553036709524749 290.1881403962515 3.107669767071226
0.0198 6366.73624157997 1.000250057368724 1.552954232429709 290.1144297301961 3.093181880868865
0.0199 6366.74763423046 1.000249743425673 1.552871732287037 290.0403775020108 3.078686554674311
0.02 6366.759079444085 1.000249428454577 1.552789209027023 289.9659836134487 3.064184387052428
0.0201 6366.770577236007 1.000249112460102 1.552706662580397 289.8912479659556 3.04967597542301
0.0202 6366.782127621435 1.000248795446918 1.552624092878419 289.8161704606699 3.03516191602217
0.0203 6366.793730615626 1.000248477419707 1.552541499852786 289.7407509984345 3.020642803866099
0.0204 6366.805386233877 1.000248158383157 1.552458883435688 289.6649894798023 3.006119232713776
0.0205 6366.817094491536 1.000247838341967 1.552376243559761 289.5888858050192 2.991591795025273
0.0206 6366.828855403994 1.000247517300843 1.552293580158151 289.5124398740412 2.977061081926995
0.0207 6366.840668986686 1.0002471952645 1.552210893164453 289.4356515865405 2.962527683174752
0.0208 6366.852535255094 1.00024687223766 1.552128182512759 289.358520841888 2.947992187112482
0.0209 6366.864454224742 1.000246548225054 1.552045448137654 289.2810475391765 2.933455180638955
0.021 6366.876425911199 1.00024622323142 1.551962689974137 289.2032315772093 2.918917249167893
0.0211 6366.888450330077 1.000245897261506 1.551879907957736 289.1250728545 2.904378976590495
0.0212 6366.900527497032 1.000245570320063 1.551797102024417 289.0465712692902 2.889840945241379
0.0213 6366.912657427763 1.000245242411855 1.551714272110681 288.9677267195378 2.87530373585917
0.0214 6366.924840138011 1.000244913541648 1.551631418153442 288.8885391029288 2.860767927551622
0.0215 6366.937075643561 1.000244583714219 1.551548540090142 288.8090083168535 2.846234097754384
0.0216 6366.949363960239 1.000244252934349 1.551465637858658 288.729134258448 2.83170282220184
0.0217 6366.961705103913 1.00024392120683 1.55138271139736 288.6489168245647 2.817174674885109
0.0218 6366.974099090494 1.000243588536455 1.551299760645132 288.56835591179 2.802650228018854
0.0219 6366.986545935931 1.000243254928029 1.551216785541266 288.4874514164502 2.788130052006072
0.022 6366.999045656216 1.000242920386361 1.551133786025606 288.4062032345936 2.773614715398805
0.0221 6367.011598267383 1.000242584916265 1.55105076203842 288.3246112620085 2.759104784865427
0.0222 6367.024203785504 1.000242248522563 1.55096771352048 288.2426753942231 2.744600825154877
0.0223 6367.036862226693 1.000241911210084 1.550884640413006 288.1603955264935 2.73010339905902
0.0224 6367.049573607102 1.000241572983661 1.55080154265776 288.0777715538396 2.715613067383511
0.0225 6367.062337942922 1.000241233848132 1.550718420196926 287.9948033710092 2.701130388906339
0.0226 6367.075155250385 1.000240893808343 1.550635272973188 287.9114908724959 2.686655920345954
0.0227 6367.088025545762 1.000240552869144 1.550552100929689 287.8278339525449 2.67219021632747
0.0228 6367.100948845363 1.000240211035391 1.55046890401007 287.7438325051415 2.657733829345992
0.0229 6367.113925165532 1.000239868311944 1.550385682158479 287.6594864240404 2.643287309737285
0.023 6367.126954522656 1.00023952470367 1.550302435319474 287.5747956027361 2.628851205638443
0.0231 6367.140036933157 1.00023918021544 1.550219163438162 287.4897599344807 2.61442606295693
0.0232 6367.153172413495 1.000238834852128 1.550135866460075 287.4043793122841 2.600012425336749
0.0233 6367.166360980166 1.000238488618616 1.550052544331257 287.3186536289194 2.585610834125826
0.0234 6367.179602649705 1.000238141519789 1.549969196998228 287.2325827769176 2.571221828341614
0.0235 6367.192897438682 1.000237793560534 1.549885824407972 287.1461666485674 2.556845944637927
0.0236 6367.206245363703 1.000237444745746 1.549802426507961 287.0594051359325 2.542483717274935
0.0237 6367.21964644141 1.000237095080323 1.549719003246121 286.9722981308345 2.528135678083464
0.0238 6367.233100688481 1.000236744569165 1.549635554570936 286.8848455248761 2.513802356436386
0.0239 6367.246608121628 1.000236393217178 1.549552080431269 286.7970472094179 2.499484279212442
0.024 6367.260168757601 1.000236041029271 1.549468580776517 286.7089030755955 2.485181970767102
0.0241 6367.27378261318 1.000235688010356 1.549385055556561 286.6204130143318 2.470895952902636
0.0242 6367.287449705182 1.000235334165349 1.54930150472173 286.5315769163193 2.456626744833642
0.0243 6367.301170050459 1.00023497949917 1.549217928222838 286.4423946720198 2.442374863155719
0.0244 6367.314943665895 1.00023462401674 1.549134326011198 286.3528661716822 2.428140821817216
0.0245 6367.328770568408 1.000234267722985 1.549050698038583 286.2629913053487 2.413925132089271
0.0246 6367.342650774948 1.000233910622834 1.548967044257256 286.1727699628367 2.399728302532374
0.0247 6367.356584302502 1.000233552721217 1.548883364619925 286.082202033739 2.385550838966045
0.0248 6367.370571168083 1.000233194023067 1.54879965907984 285.9912874074593 2.371393244444268
0.0249 6367.384611388741 1.000232834533321 1.548715927590655 285.9000259731823 2.357256019220987
0.025 6367.398704981557 1.000232474256917 1.548632170106566 285.8084176198803 2.343139660721451
0.0251 6367.412851963642 1.000232113198795 1.548548386582191 285.7164622363242 2.329044663514711
0.0252 6367.427052352141 1.000231751363899 1.548464576972635 285.6241597110842 2.314971519284532
0.0253 6367.441306164228 1.000231388757171 1.548380741233523 285.5315099325175 2.300920716798785
0.0254 6367.455613417108 1.000231025383559 1.548296879320909 285.438512788798 2.286892741885413
0.0255 6367.469974128017 1.000230661248012 1.548212991191322 285.3451681678929 2.272888077400559
0.0256 6367.484388314219 1.000230296355477 1.548129076801815 285.2514759575741 2.25890720320238
0.0257 6367.498855993013 1.000229930710906 1.548045136109869 285.1574360454127 2.244950596122457
0.0258 6367.513377181723 1.000229564319251 1.547961169073432 285.0630483188023 2.23101872994188
0.0259 6367.527951897702 1.000229197185466 1.54787717565097 284.9683126649355 2.217112075360578
0.026 6367.542580158334 1.000228829314504 1.5477931558014 284.8732289708277 2.203231099973952
0.0261 6367.557261981031 1.000228460711321 1.547709109484096 284.7777971232989 2.189376268243686
0.0262 6367.571997383233 1.000228091380873 1.54762503665893 284.6820170089862 2.175548041473209
0.0263 6367.586786382409 1.000227721328116 1.547540937286237 284.5858885143433 2.161746877781699
0.0264 6367.601628996054 1.000227350558006 1.547456811326826 284.4894115256465 2.147973232079242
0.0265 6367.616525241693 1.000226979075503 1.547372658741963 284.3925859289947 2.13422755604142
0.0266 6367.631475136876 1.000226606885562 1.547288479493389 284.2954116103095 2.120510298084217
0.0267 6367.646478699179 1.000226233993142 1.547204273543345 284.1978884553354 2.106821903339228
0.0268 6367.661535946209 1.0002258604032 1.547120040854514 284.100016349645 2.093162813630007
0.0269 6367.676646895594 1.000225486120693 1.547035781390035 284.0017951786398 2.079533467447891
0.027 6367.691811564991 1.000225111150579 1.546951495113548 283.9032248275615 2.065934299929752
0.0271 6367.707029972082 1.000224735497815 1.546867181989139 283.8043051814688 2.052365742831177
0.0272 6367.722302134574 1.000224359167356 1.546782841981378 283.7050361252722 2.03882822450811
0.0273 6367.737628070199 1.000223982164158 1.546698475055286 283.6054175437051 2.025322169889871
0.0274 6367.753007796716 1.000223604493176 1.546614081176368 283.5054493213473 2.011848000459775
0.0275 6367.768441331905 1.000223226159364 1.546529660310567 283.4051313426188 1.99840613423204
0.0276 6367.783928693571 1.000222847167673 1.546445212424329 283.3044634917859 1.984996985730603
0.0277 6367.799469899547 1.000222467523057 1.546360737484515 283.2034456529435 1.971620965965136
0.0278 6367.815064967685 1.000222087230465 1.546276235458492 283.1020777100506 1.958278482414453
0.0279 6367.83071391586 1.000221706294846 1.546191706314074 283.0003595469124 1.944969939003153
0.028 6367.846416761972 1.000221324721147 1.546107150019535 282.8982910471804 1.931695736080977
0.0281 6367.862173523946 1.000220942514315 1.54602256654362 282.7958720943524 1.91845627040252
0.0282 6367.877984219725 1.000220559679292 1.545937955855529 282.6931025717903 1.905251935109541
0.0283 6367.893848867276 1.000220176221021 1.545853317924909 282.5899823627082 1.892083119709789
0.0284 6367.909767484588 1.000219792144443 1.545768652721878 282.4865113501782 1.878950210058458
0.0285 6367.925740089673 1.000219407454493 1.545683960217011 282.3826894171247 1.865853588338494
0.0286 6367.941766700563 1.00021902215611 1.545599240381341 282.278516446342 1.852793633044224
0.0287 6367.957847335308 1.000218636254225 1.545514493186381 282.1739923205004 1.839770718963792
0.0288 6367.973982011984 1.000218249753769 1.545429718604038 282.0691169221044 1.826785217156076
0.0289 6367.990170748683 1.00021786265967 1.545344916606735 281.9638901335583 1.813837494941224
0.029 6368.006413563522 1.000217474976854 1.545260087167318 281.8583118371065 1.800927915876091
0.0291 6368.022710474633 1.000217086710243 1.545175230259083 281.7523819148872 1.788056839743933
0.0292 6368.03906150017 1.000216697864757 1.545090345855815 281.6461002488967 1.775224622533535
0.0293 6368.055466658305 1.000216308445312 1.545005433931697 281.5394667210188 1.762431616426642
0.0294 6368.071925967231 1.000215918456821 1.544920494461398 281.4324812129956 1.749678169778597
0.0295 6368.08843944516 1.000215527904195 1.544835527420022 281.3251436064628 1.736964627107158
0.0296 6368.105007110318 1.00021513679234 1.544750532783125 281.2174537829318 1.724291329075274
0.0297 6368.121628980955 1.000214745126159 1.544665510526723 281.1094116237958 1.711658612477077
0.0298 6368.138305075333 1.000214352910551 1.544580460627244 281.0010170103359 1.699066810224204
0.0299 6368.155035411737 1.000213960150413 1.544495383061597 280.8922698237087 1.68651625133044
0.03 6368.171820008467 1.000213566850635 1.54441027780713 280.7831699449647 1.674007260900146
0.0301 6368.18865888384 1.000213173016105 1.544325144841587 280.6737172550419 1.661540160114318
0.0302 6368.205552056189 1.000212778651708 1.544239984143222 280.5639116347719 1.649115266218367
0.0303 6368.222499543865 1.000212383762323 1.544154795690678 280.45375296488 1.63673289250959
0.0304 6368.239501365234 1.000211988352825 1.544069579463079 280.343241125979 1.624393348324368
0.0305 6368.256557538678 1.000211592428085 1.543984335439953 280.2323759985933 1.612096939029028
0.0306 6368.273668082597 1.000211195992969 1.54389906360127 280.1211574631228 1.599843966004497
0.0307 6368.290833015402 1.000210799052339 1.543813763927467 280.0095853998849 1.587634726639873
0.0308 6368.308052355524 1.000210401611052 1.543728436399367 279.8976596890965 1.57546951431979
0.0309 6368.325326121404 1.00021000367396 1.543643080998264 279.7853802108738 1.563348618414158
0.031 6368.342654331502 1.00020960524591 1.54355769770588 279.6727468452385 1.551272324268916
0.0311 6368.36003700429 1.000209206331745 1.543472286504343 279.5597594721179 1.539240913196518
0.0312 6368.377474158253 1.000208806936302 1.543386847376238 279.4464179713563 1.527254662468052
0.0313 6368.394965811892 1.000208407064412 1.543301380304571 279.3327222227034 1.515313845303219
0.0314 6368.41251198372 1.000208006720902 1.543215885272768 279.2186721058205 1.503418730862597
0.0315 6368.430112692265 1.000207605910593 1.543130362264704 279.1042675002799 1.491569584239657
0.0316 6368.447767956064 1.000207204638302 1.543044811264626 278.9895082855832 1.479766666454985
0.0317 6368.465477793672 1.000206802908836 1.542959232257276 278.8743943411313 1.468010234446007
0.0318 6368.483242223652 1.000206400727002 1.542873625227759 278.7589255462602 1.456300541063803
0.03190000000000001 6368.501061264583 1.000205998097597 1.542787990161627 278.6431017802114 1.444637835063636
0.032 6368.518934935052 1.000205595025414 1.542702327044843 278.5269229221611 1.433022361101888
0.0321 6368.53686325366 1.000205191515239 1.5426166358638 278.410388851209 1.421454359729168
0.0322 6368.554846239019 1.000204787571853 1.542530916605286 278.2934994463775 1.409934067385034
0.0323 6368.572883909749 1.000204383200031 1.54244516925654 278.1762545866303 1.39846171639482
0.0324 6368.590976284487 1.000203978404539 1.542359393805166 278.0586541508363 1.387037534961654
0.0325 6368.609123381875 1.00020357319014 1.542273590239226 277.9406980178113 1.375661747166385
0.0326 6368.62732522057 1.000203167561588 1.542187758547156 277.8223860662941 1.364334572961544
0.0327 6368.645581819234 1.000202761523633 1.542101898717821 277.7037181749764 1.353056228170821
0.0328 6368.663893196544 1.000202355081015 1.542016010740499 277.584694222467 1.341826924482719
0.0329 6368.68225937118 1.000201948238472 1.541930094604852 277.4653140873273 1.330646869451354
0.033 6368.700680361839 1.00020154100073 1.541844150300952 277.3455776480481 1.319516266492037
0.0331 6368.719156187221 1.000201133372511 1.541758177819311 277.2254847830608 1.308435314880613
0.0332 6368.737686866038 1.00020072535853 1.541672177150787 277.1050353707555 1.297404209753674
0.0333 6368.756272417008 1.000200316963494 1.541586148286676 276.9842292894513 1.286423142104825
0.0334 6368.774912858859 1.000199908192103 1.541500091218641 276.8630664174142 1.275492298785712
0.0335 6368.79360821033 1.000199499049052 1.54141400593877 276.741546632857 1.264611862505788
0.03360000000000001 6368.812358490161 1.000199089539024 1.54132789243954 276.6196698139569 1.253782011834048
0.0337 6368.831163717104 1.000198679666699 1.541241750713809 276.4974358388262 1.243002921196933
0.0338 6368.850023909918 1.000198269436748 1.541155580754847 276.3748445855357 1.232274760881385
0.0339 6368.868939087367 1.000197858853833 1.541069382556283 276.251895932115 1.221597697036157
0.034 6368.887909268226 1.000197447922612 1.540983156112151 276.1285897565343 1.210971891671992
0.0341 6368.90693447127 1.00019703664773 1.540896901416904 276.0049259367464 1.200397502667305
0.0342 6368.926014715286 1.000196625033831 1.540810618465309 275.8809043506388 1.189874683766601
0.0343 6368.945150019066 1.000196213085544 1.540724307252589 275.7565248760697 1.179403584586408
0.0344 6368.964340401405 1.000195800807495 1.540637967774284 275.6317873908673 1.168984350618516
0.0345 6368.983585881107 1.000195388204301 1.540551600026368 275.5066917728071 1.158617123231654
0.0346 6369.002886476977 1.000194975280569 1.540465204005168 275.3812378996466 1.148302039678495
0.0347 6369.022242207831 1.000194562040901 1.540378779707383 275.2554256490961 1.138039233097625
0.03480000000000001 6369.041653092486 1.000194148489888 1.540292327130083 275.1292548988421 1.127828832520308
0.0349 6369.061119149763 1.000193734632114 1.540205846270741 275.0027255265417 1.117670962875189
0.035 6369.08064039849 1.000193320472154 1.540119337127156 274.8758374098164 1.107565744993398
0.0351 6369.100216857497 1.000192906014577 1.540032799697529 274.7485904262702 1.097513295615936
0.0352 6369.11984854562 1.000192491263939 1.539946233980434 274.6209844534714 1.087513727398603
0.03530000000000001 6369.139535481698 1.000192076224792 1.539859639974757 274.4930193689646 1.077567148919675
0.0354 6369.159277684571 1.000191660901676 1.539773017679826 274.3646950502888 1.067673664688363
0.0355 6369.179075173086 1.000191245299126 1.539686367095251 274.2360113749413 1.057833375149553
0.0356 6369.19892796609 1.000190829421664 1.539599688221054 274.1069682204137 1.048046376694403
0.0357 6369.218836082435 1.000190413273806 1.539512981057607 273.9775654641738 1.038312761667219
0.0358 6369.238799540974 1.000189996860059 1.539426245605633 273.8478029836718 1.028632618374519
0.0359 6369.258818360562 1.00018958018492 1.539339481866179 273.717680656346 1.019006031094465
0.036 6369.278892560059 1.000189163252878 1.539252689840706 273.587198359617 1.009433080085784
0.0361 6369.299022158325 1.000188746068412 1.539165869530961 273.4563559708876 0.999913841597511
0.0362 6369.319207174221 1.000188328635993 1.539079020939089 273.3251533675665 0.990448387880811
0.0363 6369.339447626609 1.000187910960083 1.538992144067537 273.1935904270389 0.9810367871972963
0.0364 6369.359743534355 1.000187493045134 1.538905238919135 273.0616670266899 0.9716791038315795
0.03650000000000001 6369.380094916324 1.000187074895589 1.538818305497022 272.9293830438927 0.9623753981016311
0.0366 6369.400501791382 1.00018665651588 1.538731343804713 272.7967383560148 0.9531257263707755
0.0367 6369.420964178396 1.000186237910435 1.538644353846018 272.6637328404235 0.943930141060037
0.0368 6369.441482096234 1.000185819083666 1.538557335625121 272.5303663744802 0.9347886906600206
0.0369 6369.462055563761 1.00018540003998 1.538470289146517 272.3966388355524 0.9257014197443787
0.03700000000000001 6369.482684599846 1.000184980783773 1.538383214415041 272.2625501010015 0.9166683689820127
0.0371 6369.503369223356 1.000184561319432 1.538296111435864 272.1281000481889 0.9076895751508537
0.0372 6369.524109453157 1.000184141651333 1.538208980214467 271.9932885544821 0.8987650711519832
0.0373 6369.544905308116 1.000183721783845 1.538121820756667 271.8581154972484 0.8898948860233157
0.0374 6369.565756807097 1.000183301721326 1.538034633068599 271.7225807538729 0.8810790449551873
0.0375 6369.586663968964 1.000182881468122 1.537947417156743 271.5866842017348 0.8723175693035814
0.0376 6369.607626812582 1.000182461028573 1.537860173027858 271.4504257182192 0.8636104766060401
0.0377 6369.62864535681 1.000182040407009 1.537772900689046 271.3138051807349 0.8549577805982584
0.0378 6369.649719620508 1.000181619607746 1.537685600147727 271.1768224666965 0.8463594912287465
0.0379 6369.670849622535 1.000181198635096 1.537598271411631 271.0394774535247 0.8378156146749952
0.038 6369.692035381746 1.000180777493356 1.537510914488762 270.9017700186518 0.8293261533603449
0.0381 6369.713276916995 1.000180356186817 1.537423529387491 270.7637000395338 0.8208911059715347
0.03820000000000001 6369.734574247132 1.000179934719756 1.537336116116478 270.6252673936446 0.8125104674754804
0.0383 6369.755927391006 1.000179513096446 1.537248674684645 270.4864719584638 0.8041842291360526
0.0384 6369.777336367461 1.000179091321143 1.537161205101273 270.3473136115007 0.7959123785333269
0.0385 6369.798801195343 1.000178669398098 1.537073707375919 270.2077922302705 0.787694899580312
0.0386 6369.820321893489 1.00017824733155 1.536986181518416 270.0679076923237 0.7795317725431732
0.03870000000000001 6369.841898480735 1.000177825125728 1.536898627538919 269.927659875223 0.7714229740586232
0.0388 6369.863530975914 1.000177402784851 1.536811045447894 269.7870486565602 0.7633684771540701
0.0389 6369.885219397855 1.000176980313129 1.536723435256046 269.6460739139451 0.7553682512663595
0.039 6369.906963765381 1.000176557714759 1.536635796974406 269.504735525023 0.7474222622625234
0.0391 6369.928764097315 1.00017613499393 1.536548130614293 269.3630333674508 0.7395304724584942
0.0392 6369.950620412473 1.000175712154822 1.536460436187285 269.2209673189271 0.7316928406411262
0.0393 6369.972532729665 1.000175289201601 1.53637271370526 269.0785372571799 0.7239093220881802
0.0394 6369.994501067698 1.000174866138426 1.536284963180372 268.9357430599665 0.71617986858929
0.0395 6370.016525445375 1.000174442969444 1.536197184625061 268.7925846050624 0.7085044284665997
0.0396 6370.038605881494 1.000174019698793 1.536109378052028 268.6490617702901 0.7008829465979224
0.0397 6370.060742394847 1.000173596330599 1.536021543474254 268.5051744334959 0.6933153644373226
0.0398 6370.08293500422 1.000173172868979 1.535933680904979 268.3609224725732 0.6858016200385136
0.03990000000000001 6370.105183728394 1.000172749318039 1.535845790357741 268.2163057654392 0.6783416480760479
0.04 6370.127488586146 1.000172325681875 1.535757871846315 268.0713241900525 0.6709353798689678
0.0401 6370.149849596245 1.000171901964573 1.535669925384749 267.925977624407 0.663582743403499
0.0402 6370.172266777454 1.000171478170207 1.535581950987349 267.78026594655 0.6562836633572189
0.0403 6370.194740148531 1.000171054302842 1.5354939486687 267.6341890345465 0.6490380611208263
0.04040000000000001 6370.217269728228 1.000170630366533 1.535405918443614 267.4877467665204 0.6418458548240443
0.0405 6370.239855535288 1.000170206365324 1.535317860327187 267.3409390206315 0.6347069593585275
0.0406 6370.262497588449 1.000169782303247 1.535229774334737 267.1937656750805 0.6276212864025206
0.0407 6370.285195906444 1.000169358184326 1.535141660481854 267.0462266081157 0.6205887444457658
0.0408 6370.307950507996 1.000168934012573 1.535053518784372 266.8983216980267 0.6136092388140974
0.0409 6370.330761411821 1.000168509791991 1.534965349258354 266.7500508231623 0.6066826716954095
0.041 6370.353628636631 1.00016808552657 1.534877151920144 266.6014138619006 0.5998089421636538
0.04110000000000001 6370.376552201126 1.000167661220293 1.534788926786283 266.4524106926791 0.5929879462058598
0.0412 6370.399532124002 1.000167236877129 1.534700673873584 266.3030411939884 0.586219576747722
0.0413 6370.422568423946 1.000166812501039 1.534612393199059 266.1533052443486 0.5795037236786552
0.0414 6370.445661119637 1.000166388095974 1.534524084780002 266.0032027223568 0.5728402738802865
0.0415 6370.468810229746 1.00016596366587 1.534435748633901 265.8527335066514 0.5662291112514349
0.04160000000000001 6370.492015772935 1.000165539214659 1.53434738477849 265.7018974759238 0.5596701167354681
0.0417 6370.515277767859 1.000165114746258 1.534258993231714 265.550694508919 0.5531631683473459
0.0418 6370.538596233164 1.000164690264575 1.534170574011762 265.399124484435 0.5467081412008903
0.0419 6370.561971187488 1.000164265773508 1.534082127137032 265.2471872813288 0.5403049075365216
0.042 6370.585402649459 1.000163841276943 1.533993652626152 265.0948827785168 0.533953336748952
0.04210000000000001 6370.608890637698 1.000163416778757 1.533905150497941 264.9422108549624 0.5276532954146054
0.0422 6370.632435170815 1.000162992282817 1.533816620771482 264.7891713897001 0.5214046473207176
0.0423 6370.656036267412 1.000162567792977 1.53372806346602 264.6357642618235 0.5152072534931541
0.0424 6370.67969394608 1.000162143313083 1.533639478601035 264.4819893504795 0.5090609722246946
0.0425 6370.703408225404 1.000161718846971 1.533550866196218 264.3278465348739 0.5029656591039943
0.0426 6370.727179123956 1.000161294398464 1.533462226271458 264.1733356942835 0.4969211670449519
0.0427 6370.7510066603 1.000160869971377 1.533373558846844 264.0184567080504 0.4909273463155538
0.04280000000000001 6370.77489085299 1.000160445569513 1.53328486394267 263.8632094555636 0.4849840445664682
0.0429 6370.798831720571 1.000160021196665 1.533196141579438 263.7075938162892 0.4790911068616435
0.043 6370.822829281576 1.000159596856618 1.533107391777829 263.5516096697583 0.473248375707468
0.0431 6370.846883554528 1.000159172553142 1.533018614558732 263.3952568955668 0.4674556910825667
0.0432 6370.870994557942 1.000158748290002 1.532929809943206 263.2385353733761 0.4617128904677657
0.04330000000000001 6370.895162310322 1.000158324070948 1.532840977952527 263.0814449829062 0.4560198088760052
0.0434 6370.919386830158 1.000157899899723 1.53275211860815 262.923985603972 0.4503762788839026
0.0435 6370.943668135934 1.000157475780057 1.532663231931704 262.7661571164298 0.4447821306602591
0.0436 6370.96800624612 1.000157051715674 1.532574317944994 262.6079594002184 0.4392371919981389
0.0437 6370.992401179176 1.000156627710283 1.532485376670033 262.4493923353538 0.4337412883453681
0.0438 6371.016852953552 1.000156203767586 1.532396408128995 262.2904558019108 0.4282942428347861
0.0439 6371.041361587687 1.000155779891272 1.532307412344226 262.1311496800353 0.4228958763156696
0.044 6371.065927100007 1.000155356085023 1.532218389338247 261.9714738499559 0.4175460073852644
0.0441 6371.090549508927 1.00015493235251 1.532129339133745 261.8114281919724 0.4122444524196371
0.0442 6371.115228832853 1.000154508697392 1.532040261753595 261.6510125864551 0.4069910256050653
0.0443 6371.139965090177 1.00015408512332 1.53195115722082 261.4902269138514 0.4017855389697349
0.0444 6371.164758299279 1.000153661633934 1.5318620255586 261.3290710546856 0.3966278024153522
0.04450000000000001 6371.18960847853 1.000153238232864 1.5317728667903 261.1675448895529 0.3915176237486809
0.0446 6371.214515646288 1.00015281492373 1.531683680939426 261.0056482991312 0.3864548087137473
0.0447 6371.239479820896 1.000152391710143 1.531594468029648 260.8433811641752 0.3814391610235787
0.0448 6371.264501020691 1.000151968595703 1.53150522808479 260.6807433655107 0.3764704823920484
0.0449 6371.289579263991 1.000151545584 1.531415961128828 260.517734784058 0.3715485725667151
0.04500000000000001 6371.314714569108 1.000151122678615 1.531326667185874 260.3543553007966 0.3666732293599447
0.0451 6371.339906954338 1.000150699883118 1.531237346280213 260.1906047968063 0.3618442486824431
0.0452 6371.365156437965 1.000150277201071 1.531147998436261 260.0264831532262 0.3570614245743828
0.0453 6371.390463038263 1.000149854636024 1.531058623678574 259.86199025129 0.3523245492388896
0.0454 6371.415826773489 1.000149432191518 1.530969222031855 259.6971259723199 0.3476334130743538
0.0455 6371.441247661893 1.000149009871086 1.530879793520952 259.5318901976974 0.342987804706158
0.0456 6371.466725721705 1.000148587678248 1.530790338170831 259.3662828089163 0.3383875110208104
0.04570000000000001 6371.492260971149 1.000148165616518 1.530700856006617 259.2003036875293 0.3338323171971208
0.0458 6371.517853428433 1.000147743689398 1.530611347053545 259.033952715184 0.3293220067399261
0.0459 6371.543503111752 1.000147321900381 1.530521811336976 258.8672297736106 0.3248563615125296
0.046 6371.569210039289 1.000146900252951 1.530432248882422 258.700134744622 0.3204351617695178
0.0461 6371.594974229211 1.000146478750581 1.530342659715528 258.5326675101259 0.3160581861899183
0.04620000000000001 6371.620795699677 1.000146057396737 1.530253043862006 258.3648279521007 0.3117252119094588
0.0463 6371.646674468827 1.000145636194873 1.530163401347743 258.1966159526254 0.307436014554245
0.0464 6371.672610554791 1.000145215148435 1.530073732198744 258.0280313938559 0.3031903682730732
0.0465 6371.698603975685 1.000144794260861 1.529984036441087 257.8590741580487 0.2989880457709756
0.0466 6371.724654749611 1.000144373535575 1.529894314101012 257.6897441275308 0.2948288183414332
0.04670000000000001 6371.750762894657 1.000143952975998 1.529804565204837 257.5200411847303 0.290712455900079
0.0468 6371.776928428899 1.000143532585537 1.529714789779017 257.3499652121576 0.2866387270172223
0.0469 6371.803151370397 1.000143112367592 1.529624987850094 257.1795160924179 0.2826073989511012
0.047 6371.829431737199 1.000142692325553 1.529535159444729 257.008693708205 0.2786182376806943
0.0471 6371.855769547339 1.000142272462802 1.529445304589678 256.8374979422955 0.2746710079385342
0.0472 6371.882164818836 1.00014185278271 1.529355423311812 256.6659286775665 0.2707654732440494
0.0473 6371.908617569695 1.000141433288641 1.529265515638086 256.4939857969838 0.2669013959361967
0.04740000000000001 6371.935127817908 1.00014101398395 1.529175581595568 256.3216691835959 0.2630785372062182
0.0475 6371.961695581454 1.000140594871981 1.529085621211404 256.1489787205518 0.2592966571308955
0.0476 6371.988320878293 1.000140175956071 1.52899563451285 255.9759142910951 0.2555555147052305
0.0477 6372.015003726376 1.000139757239548 1.528905621527236 255.8024757785582 0.2518548678750981
0.0478 6372.041744143637 1.00013933872573 1.52881558228202 255.628663066362 0.2481944735699898
0.04790000000000001 6372.068542147996 1.000138920417928 1.528725516804686 255.454476038028 0.2445740877359528
0.048 6372.095397757359 1.000138502319443 1.528635425122865 255.2799145771663 0.2409934653679761
0.0481 6372.122310989619 1.000138084433568 1.528545307264218 255.1049785674758 0.2374523605425759
0.0482 6372.149281862652 1.000137666763587 1.528455163256534 254.9296678927616 0.2339505264506715
0.0483 6372.17631039432 1.000137249312776 1.528364993127654 254.7539824369177 0.2304877154296728
0.04840000000000001 6372.203396602471 1.000136832084402 1.528274796905501 254.5779220839385 0.2270636789960949
0.0485 6372.230540504938 1.000136415081724 1.52818457461808 254.4014867179011 0.2236781678775176
0.0486 6372.257742119541 1.000135998307992 1.528094326293463 254.2246762229833 0.2203309320451569
0.0487 6372.285001464082 1.000135581766448 1.528004051959805 254.047490483469 0.217021720746108
0.0488 6372.31231855635 1.000135165460326 1.527913751645312 253.8699293837252 0.2137502825349476
0.0489 6372.339693414121 1.000134749392851 1.527823425378275 253.6919928082133 0.2105163653059212
0.049 6372.367126055152 1.00013433356724 1.52773307318705 253.5136806415129 0.2073197163252231
0.04910000000000001 6372.394616497189 1.000133917986702 1.527642695100041 253.3349927682747 0.2041600822618949
0.0492 6372.422164757961 1.000133502654439 1.527552291145733 253.1559290732556 0.2010372092201206
0.0493 6372.449770855182 1.000133087573644 1.527461861352665 252.9764894413191 0.1979508427707517
0.0494 6372.477434806551 1.0001326727475 1.527371405749435 252.7966737574174 0.1949007279824207
0.0495 6372.505156629754 1.000132258179186 1.527280924364698 252.616481906597 0.1918866094529506
0.04960000000000001 6372.53293634246 1.00013184387187 1.52719041722717 252.4359137740111 0.1889082313407312
0.0497 6372.560773962321 1.000131429828713 1.527099884365608 252.2549692449132 0.1859653373956626
0.0498 6372.588669506979 1.000131016052868 1.527009325808835 252.0736482046399 0.1830576709897872
0.0499 6372.616622994055 1.000130602547482 1.526918741585705 251.8919505386397 0.1801849751485521
0.05 6372.64463444116 1.000130189315692 1.526828131725143 251.7098761324618 0.1773469925812483
0.05010000000000001 6372.672703865886 1.000129776360629 1.52673749625611 251.5274248717382 0.1745434657112334
0.0502 6372.700831285813 1.000129363685414 1.526646835207611 251.344596642219 0.1717741367068262
0.0503 6372.729016718501 1.000128951293164 1.526556148608689 251.1613913297432 0.1690387475110395
0.0504 6372.7572601815 1.000128539186985 1.526465436488445 250.9778088202501 0.1663370398717978
0.0505 6372.785561692342 1.000128127369978 1.526374698876001 250.7938489997795 0.1636687553718083
0.0506 6372.813921268542 1.000127715845235 1.52628393580054 250.6095117544777 0.1610336354583505
0.0507 6372.842338927603 1.000127304615842 1.526193147291253 250.4247969705797 0.1584314214725592
0.05080000000000001 6372.87081468701 1.000126893684877 1.526102333377407 250.2397045344327 0.1558618546791254
0.0509 6372.899348564235 1.000126483055411 1.526011494088246 250.0542343324727 0.1533246762951504
0.051 6372.927940576732 1.000126072730507 1.525920629453109 249.868386251242 0.1508196275193996
0.0511 6372.956590741941 1.000125662713222 1.525829739501315 249.6821601773835 0.1483464495610407
0.0512 6372.985299077286 1.000125253006605 1.525738824262241 249.4955559976405 0.1459048836682753
0.05130000000000001 6373.014065600177 1.000124843613698 1.525647883765278 249.308573598851 0.1434946711567042
0.0514 6373.042890328005 1.000124434537537 1.525556918039857 249.1212128679653 0.1411155534378005
0.0515 6373.07177327815 1.00012402578115 1.525465927115412 248.9334736920281 0.1387672720467235
0.0516 6373.100714467972 1.000123617347558 1.525374911021417 248.7453559581849 0.1364495686702384
0.0517 6373.129713914817 1.000123209239775 1.525283869787381 248.5568595536873 0.1341621851744226
0.05180000000000001 6373.158771636018 1.000122801460811 1.525192803442796 248.3679843658819 0.1319048636319451
0.0519 6373.187887648891 1.000122394013665 1.525101712017207 248.1787302822094 0.1296773463492831
0.05200000000000001 6373.217061970733 1.000121986901331 1.525010595540155 247.9890971902349 0.1274793758940622
0.0521 6373.246294618832 1.000121580126798 1.524919454041211 247.7990849775946 0.1253106951212058
0.0522 6373.275585610453 1.000121173693047 1.524828287549954 247.6086935320544 0.1231710472001712
0.0523 6373.30493496285 1.000120767603051 1.524737096095987 247.4179227414751 0.1210601756408572
0.0524 6373.334342693262 1.000120361859779 1.524645879708919 247.2267724938 0.1189778243195745
0.05250000000000001 6373.363808818909 1.000119956466192 1.524554638418352 247.0352426770909 0.1169237375052976
0.0526 6373.393333356997 1.000119551425244 1.524463372253934 246.8433331795217 0.1148976598852108
0.0527 6373.422916324717 1.000119146739886 1.524372081245297 246.6510438893373 0.1128993365896548
0.0528 6373.452557739244 1.000118742413058 1.524280765422084 246.4583746949128 0.1109285132178918
0.0529 6373.482257617738 1.000118338447696 1.524189424813955 246.2653254847058 0.1089849358625039
0.05300000000000001 6373.512015977341 1.000117934846731 1.524098059450567 246.0718961472866 0.1070683511343442
0.0531 6373.541832835182 1.000117531613085 1.524006669361573 245.8780865713196 0.1051785061867508
0.0532 6373.571708208372 1.000117128749677 1.52391525457664 245.683896645582 0.103315148739861
0.0533 6373.601642114009 1.000116726259417 1.523823815125449 245.4893262589393 0.1014780271042648
0.0534 6373.631634569174 1.00011632414521 1.523732351037659 245.2943753003696 0.09966689020485514
0.05350000000000001 6373.661685590932 1.000115922409955 1.523640862342932 245.0990436589453 0.09788148760402038
0.0536 6373.691795196331 1.000115521056546 1.523549349070946 244.9033312238456 0.09612156952485108
0.05370000000000001 6373.721963402408 1.000115120087869 1.52345781125137 244.7072378843499 0.09438688687391282
0.0538 6373.75219022618 1.000114719506806 1.523366248913844 244.5107635298322 0.0926771912637549
0.0539 6373.782475684649 1.000114319316232 1.523274662088042 244.3139080497789 0.090992235035352
0.054 6373.812819794803 1.000113919519017 1.523183050803614 244.1166713337829 0.08933177128005911
0.0541 6373.843222573613 1.000113520118023 1.52309141509021 243.9190532715137 0.08769555386110005
0.05420000000000001 6373.873684038036 1.00011312111611 1.522999754977467 243.7210537527652 0.0860833374354221
0.0543 6373.904204205011 1.000112722516129 1.522908070495013 243.5226726674258 0.08449487747461998
0.0544 6373.934783091465 1.000112324320926 1.522816361672478 243.3239099054784 0.08292993028583102
0.0545 6373.965420714304 1.000111926533343 1.522724628539461 243.1247653570243 0.08138825303252704
0.0546 6373.996117090424 1.000111529156216 1.522632871125578 242.9252389122474 0.07986960375455272
0.05470000000000001 6374.026872236701 1.000111132192372 1.522541089460423 242.7253304614441 0.07837374138838582
0.0548 6374.057686169999 1.000110735644637 1.52244928357358 242.5250398950051 0.07690042578673756
0.0549 6374.088558907165 1.00011033951583 1.5223574534946 242.3243671034278 0.07544941773808582
0.055 6374.119490465029 1.000109943808763 1.522265599253041 242.12331197731 0.07402047898577932
0.0551 6374.150480860408 1.000109548526245 1.522173720878459 241.92187440735 0.07261337224689082
0.05520000000000001 6374.181530110101 1.000109153671077 1.522081818400359 241.7200542843465 0.07122786123077218
0.0553 6374.212638230893 1.000108759246056 1.521989891848267 241.5178514991989 0.06986371065730983
0.05540000000000001 6374.243805239554 1.000108365253974 1.521897941251671 241.315265942901 0.06852068627484004
0.0555 6374.275031152837 1.000107971697618 1.521805966640037 241.112297506559 0.06719855487791879
0.0556 6374.306315987481 1.000107578579768 1.52171396804285 240.9089460813738 0.06589708432455015
0.0557 6374.337659760208 1.0001071859032 1.521621945489528 240.7052115586465 0.06461604355326925
0.0558 6374.369062487726 1.000106793670685 1.521529899009502 240.5010938297791 0.06335520259987855
0.05590000000000001 6374.400524186727 1.000106401884987 1.521437828632184 240.2965927862737 0.06211433261387696
0.056 6374.432044873887 1.000106010548867 1.52134573438694 240.0917083197331 0.06089320587457959
0.0561 6374.463624565869 1.00010561966508 1.521253616303156 239.8864403218548 0.05969159580689454
0.0562 6374.495263279316 1.000105229236375 1.52116147441016 239.6807886844484 0.0585092769969269
0.0563 6374.526961030859 1.000104839265497 1.521069308737285 239.4747532994182 0.05734602520706225
0.05640000000000001 6374.558717837113 1.000104449755187 1.520977119313826 239.2683340587631 0.05620161739084598
0.0565 6374.590533714679 1.000104060708178 1.520884906169068 239.0615308545883 0.05507583170761392
0.0566 6374.622408680139 1.000103672127199 1.52079266933227 238.8543435790938 0.0539684475366763
0.0567 6374.654342750064 1.000103284014975 1.520700408832661 238.6467721245857 0.05287924549131814
0.0568 6374.686335941006 1.000102896374227 1.520608124699456 238.4388163834591 0.05180800743232666
0.05690000000000001 6374.718388269505 1.000102509207667 1.520515816961845 238.2304762482153 0.05075451648139125
0.057 6374.750499752084 1.000102122518006 1.520423485648995 238.0217516114561 0.04971855703406203
0.05710000000000001 6374.78267040525 1.000101736307948 1.520331130790046 237.8126423658722 0.04869991477236654
0.0572 6374.814900245497 1.000101350580192 1.520238752414111 237.6031484042723 0.04769837667731319
0.0573 6374.8471892893 1.000100965337434 1.520146350550293 237.3932696195478 0.0467137310407598
0.0574 6374.879537553124 1.000100580582363 1.52005392522765 237.1830059046969 0.04574576747725429
0.0575 6374.911945053415 1.000100196317663 1.519961476475235 236.972357152806 0.04479427693536105
0.05760000000000001 6374.944411806604 1.000099812546016 1.519869004322058 236.7613232570742 0.04385905170886151
0.0577 6374.976937829109 1.000099429270094 1.51977650879713 236.549904110795 0.04293988544744806
0.0578 6375.009523137331 1.00009904649257 1.519683989929404 236.3380996073505 0.04203657316716047
0.0579 6375.042167747657 1.000098664216108 1.519591447747831 236.1259096402295 0.04114891126060691
0.058 6375.074871676458 1.000098282443368 1.519498882281321 235.9133341030209 0.04027669750676442
0.05810000000000001 6375.107634940092 1.000097901177006 1.519406293558777 235.7003728894027 0.03941973108044317
0.0582 6375.140457554899 1.000097520419673 1.519313681609066 235.4870258931591 0.03857781256155683
0.05830000000000001 6375.173339537205 1.000097140174015 1.519221046461028 235.2732930081687 0.03775074394395651
0.0584 6375.206280903322 1.000096760442673 1.519128388143476 235.0591741284051 0.03693832864400085
0.0585 6375.239281669547 1.000096381228282 1.519035706685202 234.844669147942 0.03614037150883407
0.05860000000000001 6375.272341852161 1.000096002533474 1.518943002114976 234.6297779609539 0.03535667882432755
0.0587 6375.305461467429 1.000095624360876 1.518850274461538 234.4145004617097 0.03458705832268847
0.05880000000000001 6375.338640531603 1.000095246713109 1.518757523753603 234.198836544579 0.03383131918980072
0.0589 6375.371879060922 1.000094869592791 1.518664750019848 233.9827861040079 0.03308927207215256
0.059 6375.405177071605 1.000094493002533 1.518571953288949 233.766349034567 0.03236072908370127
0.0591 6375.43853457986 1.000094116944941 1.518479133589552 233.5495252309096 0.03164550381212009
0.0592 6375.471951601878 1.000093741422619 1.518386290950258 233.3323145877952 0.03094341132496325
0.05930000000000001 6375.505428153836 1.000093366438164 1.518293425399671 233.1147170000662 0.03025426817536686
0.0594 6375.538964251897 1.000092991994169 1.518200536966349 232.8967323626715 0.02957789240759955
0.0595 6375.572559912208 1.00009261809322 1.518107625678827 232.6783605706486 0.02891410356217588
0.0596 6375.606215150902 1.000092244737901 1.518014691565633 232.4596015191354 0.02826272268076096
0.0597 6375.639929984096 1.000091871930789 1.517921734655263 232.2404551033764 0.02762357231075311
0.05980000000000001 6375.673704427893 1.000091499674458 1.517828754976174 232.0209212186927 0.02699647650946448
0.0599 6375.707538498384 1.000091127971476 1.517735752556827 231.8009997605062 0.02638126084816161
0.06000000000000001 6375.741432211639 1.000090756824404 1.517642727425633 231.580690624345 0.0257777524157532
0.0601 6375.775385583719 1.000090386235803 1.517549679611003 231.359993705826 0.02518577982211837
0.0602 6375.809398630669 1.000090016208224 1.51745660914131 231.1389089006547 0.0246051732011941
0.0603 6375.843471368516 1.000089646744216 1.517363516044922 230.9174361046488 0.02403576421383162
0.0604 6375.877603813276 1.000089277846322 1.517270400350165 230.6955752137031 0.02347738605020806
0.06050000000000001 6375.91179598095 1.00008890951708 1.517177262085362 230.4733261238247 0.02292987343213542
0.0606 6375.946047887522 1.000088541759023 1.5170841012788 230.2506887311091 0.02239306261493121
0.0607 6375.980359548964 1.000088174574679 1.516990917958758 230.0276629317349 0.02186679138905451
0.0608 6376.014730981232 1.000087807966571 1.516897712153484 229.8042486219928 0.02135089908154309
0.0609 6376.049162200268 1.000087441937216 1.516804483891222 229.5804456982563 0.02084522655703011
0.06100000000000001 6376.083653222 1.000087076489128 1.516711233200183 229.3562540569996 0.02034961621859558
0.0611 6376.11820406234 1.000086711624813 1.516617960108568 229.1316735947911 0.01986391200828702
0.0612 6376.152814737185 1.000086347346775 1.516524664644558 228.9067042083001 0.01938795940739373
0.0613 6376.18748526242 1.000085983657509 1.516431346836305 228.6813457942725 0.01892160543638829
0.0614 6376.222215653913 1.000085620559507 1.516338006711976 228.4555982495666 0.01846469865472481
0.06150000000000001 6376.257005927519 1.000085258055257 1.516244644299688 228.2294614711294 0.018017089160246
0.0616 6376.291856099078 1.000084896147239 1.516151259627546 228.0029353559906 0.01757862858836734
0.06170000000000001 6376.326766184418 1.000084534837929 1.516057852723662 227.7760198012865 0.01714917011105711
0.0618 6376.361736199346 1.000084174129797 1.515964423616129 227.5487147042535 0.01672856843549832
0.0619 6376.396766159661 1.000083814025309 1.515870972332996 227.3210199622052 0.01631667980246466
0.062 6376.431856081144 1.000083454526923 1.515777498902339 227.0929354725616 0.01591336198454241
0.0621 6376.467005979565 1.000083095637094 1.515684003352203 226.8644611328253 0.0155184742840041
0.06220000000000001 6376.502215870675 1.00008273735827 1.515590485710613 226.6355968406114 0.01513187753052914
0.0623 6376.537485770215 1.000082379692895 1.5154969460056 226.4063424936056 0.01475343407855698
0.0624 6376.572815693907 1.000082022643404 1.515403384265168 226.1766979896064 0.01438300780454015
0.0625 6376.608205657462 1.000081666212231 1.515309800517336 225.9466632264947 0.01402046410383817
0.0626 6376.643655676577 1.0000813104018 1.515216194790083 225.7162381022521 0.01366566988745418
0.06270000000000001 6376.679165766931 1.000080955214533 1.515122567111399 225.4854225149487 0.01331849357849063
0.06280000000000001 6376.714735944193 1.000080600652842 1.515028917509263 225.2542163627435 0.01297880510839445
0.0629 6376.750366224015 1.000080246719138 1.514935246011648 225.0226195439017 0.0126464759130004
0.063 6376.786056622035 1.000079893415822 1.514841552646521 224.7906319567713 0.01232137892828953
0.0631 6376.821807153878 1.000079540745291 1.514747837441842 224.5582534997951 0.01200338858597939
0.06320000000000001 6376.857617835151 1.000079188709937 1.514654100425556 224.3254840715161 0.01169238080888647
0.06330000000000001 6376.893488681452 1.000078837312142 1.514560341625634 224.0923235705603 0.01138823300604238
0.0634 6376.92941970836 1.000078486554287 1.514466561070013 223.85877189566 0.01109082406765423
0.0635 6376.965410931442 1.000078136438744 1.514372758786655 223.6248289456302 0.01080003435979435
0.0636 6377.001462366248 1.000077786967879 1.514278934803489 223.3904946193865 0.01051574571893911
0.06370000000000001 6377.037574028319 1.000077438144051 1.514185089148474 223.1557688159272 0.01023784144626169
0.06380000000000001 6377.073745933178 1.000077089969615 1.514091221849559 222.9206514343454 0.009966206301763269
0.0639 6377.109978096332 1.000076742446919 1.513997332934687 222.6851423738402 0.009700726498207501
0.064 6377.146270533278 1.000076395578302 1.51390342243181 222.4492415336939 0.009441289694822998
0.0641 6377.182623259495 1.0000760493661 1.513809490368892 222.2129488132831 0.009187784990859295
0.06420000000000001 6377.219036290449 1.00007570381264 1.513715536773888 221.9762641120791 0.008940102918944043
0.06430000000000001 6377.255509641594 1.000075358920245 1.513621561674751 221.7391873296418 0.008698135438253145
0.0644 6377.292043328364 1.000075014691228 1.513527565099475 221.5017183656318 0.008461775927521519
0.0645 6377.328637366185 1.000074671127898 1.513433547076017 221.263857119798 0.008230919177855268
0.06460000000000001 6377.365291770464 1.000074328232555 1.513339507632375 221.0256034919843 0.008005461385391535
0.06470000000000001 6377.402006556597 1.000073986007495 1.51324544679654 220.786957382123 0.00778530014377962
0.0648 6377.438781739961 1.000073644455005 1.513151364596516 220.5479186902529 0.007570334436520367
0.0649 6377.475617335925 1.000073303577364 1.513057261060322 220.3084873164897 0.007360464629102189
0.065 6377.512513359839 1.000072963376848 1.512963136215983 220.0686631610437 0.007155592461024552
0.06510000000000001 6377.549469827041 1.000072623855722 1.512868990091538 219.8284461242314 0.006955621037661477
0.06520000000000001 6377.586486752853 1.000072285016245 1.512774822715041 219.5878361064582 0.006760454821950594
0.0653 6377.623564152583 1.000071946860669 1.512680634114567 219.3468330082122 0.006569999625948161
0.0654 6377.660702041524 1.00007160939124 1.512586424318198 219.1054367300939 0.006384162602269816
0.0655 6377.697900434957 1.000071272610194 1.512492193354032 218.8636471727804 0.006202852235341274
0.06560000000000001 6377.735159348146 1.000070936519762 1.512397941250187 218.6214642370495 0.006025978332561207
0.06570000000000001 6377.772478796343 1.000070601122164 1.512303668034817 218.3788878237737 0.005853452015309653
0.0658 6377.809858794783 1.000070266419618 1.512209373736052 218.1359178339138 0.005685185709829707
0.0659 6377.847299358688 1.000069932414328 1.512115058382099 217.8925541685316 0.005521093137997993
0.066 6377.884800503265 1.000069599108495 1.512020722001141 217.648796728777 0.005361089307958552
0.06610000000000001 6377.922362243708 1.00006926650431 1.511926364621412 217.404645415901 0.005205090504656545
0.06620000000000001 6377.959984595194 1.000068934603957 1.511831986271149 217.1601001312369 0.005053014280239842
0.0663 6377.997667572889 1.000068603409612 1.511737586978632 216.9151607762186 0.004904779444374686
0.0664 6378.035411191941 1.000068272923441 1.511643166772164 216.6698272523807 0.004760306054443787
0.0665 6378.073215467485 1.000067943147605 1.511548725680063 216.4240994613464 0.004619515405636212
0.06660000000000001 6378.111080414641 1.000067614084255 1.511454263730685 216.1779773048332 0.004482330020950004
0.06670000000000001 6378.149006048516 1.000067285735534 1.511359780952411 215.9314606846477 0.004348673641093611
0.0668 6378.186992384201 1.000066958103576 1.511265277373664 215.6845495026968 0.004218471214306262
0.0669 6378.225039436771 1.000066631190507 1.511170753022882 215.4372436609878 0.004091648886084255
0.067 6378.263147221291 1.000066304998446 1.511076207928537 215.1895430616108 0.003968133988815068
0.06710000000000001 6378.301315752807 1.000065979529501 1.510981642119149 214.9414476067567 0.003847855031350054
0.06720000000000001 6378.339545046351 1.000065654785772 1.510887055623257 214.6929571987165 0.003730741688491126
0.0673 6378.377835116943 1.000065330769352 1.51079244846945 214.4440717398701 0.003616724790399542
0.0674 6378.416185979586 1.000065007482323 1.510697820686334 214.1947911326919 0.003505736311944249
0.0675 6378.454597649268 1.000064684926758 1.510603172302573 213.9451152797568 0.003397709361984303
0.06760000000000001 6378.493070140964 1.000064363104724 1.510508503346851 213.6950440837344 0.003292578172583937
0.06770000000000001 6378.531603469633 1.000064042018275 1.510413813847908 213.4445774473887 0.003190278088172069
0.0678 6378.570197650219 1.000063721669457 1.510319103834528 213.1937152735785 0.003090745554646819
0.0679 6378.608852697652 1.000063402060308 1.510224373335512 212.9424574652629 0.00299391810843093
0.06800000000000001 6378.647568626848 1.000063083192856 1.510129622379726 212.6908039254898 0.002899734365472226
0.06810000000000001 6378.686345452707 1.00006276506912 1.510034850996068 212.4387545574076 0.00280813401020886
0.0682 6378.725183190113 1.000062447691108 1.509940059213488 212.1863092642651 0.00271905778448858
0.0683 6378.764081853937 1.00006213106082 1.509845247060993 211.9334679494117 0.002632447476450421
0.0684 6378.803041459034 1.000061815180244 1.50975041456761 211.6802305162795 0.002548245909366229
0.06850000000000001 6378.842062020245 1.000061500051361 1.509655561762435 211.4265968684071 0.002466396930465555
0.06860000000000001 6378.881143552396 1.000061185676141 1.509560688674605 211.1725669094275 0.002386845399720586
0.0687 6378.920286070296 1.000060872056544 1.509465795333313 210.9181405430744 0.002309537178612793
0.0688 6378.959489588742 1.000060559194519 1.509370881767796 210.663317673176 0.002234419118874822
0.0689 6378.998754122514 1.000060247092006 1.509275948007355 210.4080982036611 0.002161439051218276
0.06900000000000001 6379.038079686377 1.000059935750935 1.509180994081327 210.1524820385529 0.002090545774043378
0.06910000000000001 6379.077466295081 1.000059625173225 1.509086020019117 209.8964690819752 0.002021689042140776
0.0692 6379.116913963361 1.000059315360784 1.508991025850181 209.6400592381523 0.001954819555383259
0.0693 6379.156422705937 1.00005900631551 1.508896011604043 209.383252411409 0.00188988894741242
0.0694 6379.195992537512 1.000058698039293 1.508800977310257 209.1260485061706 0.001826849774323347
0.06950000000000001 6379.235623472778 1.000058390534006 1.508705922998467 208.8684474269452 0.001765655503346181
0.06960000000000001 6379.275315526406 1.000058083801519 1.508610848698351 208.610449078359 0.001706260501544605
0.0697 6379.315068713057 1.000057777843685 1.508515754439663 208.3520533651271 0.001648620024505532
0.0698 6379.354883047373 1.000057472662348 1.508420640252219 208.0932601920766 0.00159269020505139
0.0699 6379.394758543981 1.000057168259343 1.50832550616589 207.8340694641237 0.001538428041954561
0.07000000000000001 6379.434695217494 1.000056864636491 1.508230352210607 207.5744810862906 0.0014857913886768
0.07010000000000001 6379.474693082509 1.000056561795602 1.508135178416382 207.3144949636943 0.001434738942120815
0.0702 6379.514752153606 1.000056259738477 1.508039984813274 207.0541110015582 0.00138523023140811
0.0703 6379.554872445352 1.000055958466904 1.507944771431425 206.7933291052121 0.001337225606678345
0.0704 6379.595053972295 1.000055657982659 1.507849538301028 206.5321491800804 0.001290686227913481
0.07050000000000001 6379.635296748972 1.000055358287507 1.50775428545236 206.270571131682 0.001245574053793802
0.07060000000000001 6379.6756007899 1.000055059383202 1.507659012915755 206.0085948656482 0.001201851830588945
0.0707 6379.715966109582 1.000054761271484 1.507563720721621 205.7462202877167 0.001159483081079269
0.0708 6379.756392722506 1.000054463954085 1.507468408900442 205.4834473037139 0.001118432093512824
0.07090000000000001 6379.796880643141 1.00005416743272 1.507373077482763 205.2202758195843 0.001078663910609577
0.07100000000000001 6379.837429885944 1.000053871709097 1.507277726499223 204.9567057413673 0.001040144318599248
0.0711 6379.878040465354 1.000053576784908 1.507182355980513 204.6927369752024 0.001002839836308472
0.0712 6379.918712395794 1.000053282661834 1.507086965957401 204.4283694273416 0.0009667177042954906
0.0713 6379.959445691671 1.000052989341545 1.506991556460751 204.1636030041376 0.000931745874030593
0.07140000000000001 6380.000240367378 1.000052696825697 1.506896127521471 203.8984376120433 0.0008978929971298526
0.07150000000000001 6380.04109643729 1.000052405115934 1.506800679170577 203.6328731576122 0.0008651284146424783
0.0716 6380.082013915766 1.000052114213888 1.506705211439149 203.3669095475219 0.0008334221463967635
0.0717 6380.122992817147 1.000051824121176 1.506609724358341 203.1005466885448 0.000802744880397357
0.0718 6380.164033155761 1.000051534839405 1.506514217959408 202.8337844875535 0.0007730679622871211
0.07190000000000001 6380.205134945917 1.000051246370169 1.506418692273658 202.5666228515391 0.0007443633848721065
0.07200000000000001 6380.246298201911 1.000050958715046 1.506323147332498 202.2990616875812 0.0007166037777052631
0.0721 6380.287522938018 1.000050671875604 1.506227583167418 202.0311009028836 0.0006897623967431056
0.0722 6380.3288091685 1.000050385853397 1.506131999809981 201.7627404047506 0.000663813114063745
0.0723 6380.370156907602 1.000050100649965 1.506036397291841 201.493980100587 0.0006387304076571767
0.07240000000000001 6380.411566169551 1.000049816266836 1.505940775644737 201.2248198979158 0.0006144893512884522
0.07250000000000001 6380.453036968559 1.000049532705525 1.505845134900487 200.9552597043665 0.0005910656044310514
0.0726 6380.49456931882 1.00004924996753 1.505749475091007 200.6852994276691 0.0005684354022756887
0.0727 6380.536163234512 1.000048968054339 1.505653796248293 200.4149389756716 0.0005465755458174352
0.0728 6380.577818729797 1.000048686967425 1.505558098404421 200.1441782563228 0.0005254633920177139
0.07290000000000001 6380.619535818817 1.000048406708248 1.505462381591568 199.8730171776896 0.0005050768440486298
0.07300000000000001 6380.661314515702 1.000048127278253 1.505366645841999 199.6014556479394 0.000485394341615358
0.0731 6380.703154834559 1.000047848678873 1.505270891188058 199.3294935753637 0.0004663948513639437
0.0732 6380.745056789485 1.000047570911523 1.505175117662191 199.0571308683487 0.0004480578573688679
0.0733 6380.787020394554 1.000047293977609 1.505079325296928 198.7843674353989 0.0004303633517093997
0.07340000000000001 6380.829045663826 1.00004701787852 1.504983514124901 198.5112031851307 0.0004132918251300022
0.07350000000000001 6380.871132611343 1.000046742615629 1.504887684178821 198.2376380262734 0.000396824257788602
0.0736 6380.913281251128 1.0000464681903 1.504791835491496 197.9636718676683 0.0003809421100934298
0.0737 6380.95549159719 1.000046194603877 1.504695968095839 197.689304618263 0.0003656273136292333
0.0738 6380.997763663519 1.000045921857693 1.504600082024839 197.4145361871236 0.0003508622621752337
0.07390000000000001 6381.040097464087 1.000045649953065 1.504504177311606 197.1393664834344 0.0003366298028140823
0.07400000000000001 6381.082493012849 1.000045378891295 1.504408253989311 196.86379541648 0.0003229132271326556
0.0741 6381.124950323743 1.000045108673672 1.504312312091253 196.5878228956693 0.0003096962625186067
0.0742 6381.16746941069 1.000044839301467 1.504216351650801 196.3114488305176 0.0002969630635492379
0.07430000000000001 6381.21005028759 1.00004457077594 1.504120372701446 196.0346731306644 0.0002846982034773736
0.07440000000000001 6381.25269296833 1.000044303098334 1.504024375276756 195.7574957058554 0.0002728866658115964
0.0745 6381.295397466775 1.000044036269875 1.503928359410417 195.4799164659606 0.0002615138359948114
0.0746 6381.338163796775 1.000043770291778 1.503832325136188 195.2019353209624 0.0002505654931788891
0.0747 6381.380991972162 1.00004350516524 1.503736272487956 194.9235521809495 0.0002400278020976465
0.07480000000000001 6381.423882006748 1.000043240891443 1.503640201499691 194.6447669561406 0.0002298873050394858
0.07490000000000001 6381.466833914327 1.000042977471555 1.503544112205459 194.3655795568728 0.0002201309139176988
0.075 6381.509847708679 1.000042714906725 1.503448004639444 194.0859898935895 0.0002107459024404215
0.0751 6381.552923403559 1.000042453198092 1.50335187883592 193.80599787687 0.0002017198983819584
0.0752 6381.59606101271 1.000042192346774 1.503255734829265 193.5256034173884 0.0001930408759520697
0.07530000000000001 6381.639260549853 1.000041932353876 1.503159572653952 193.2448064259546 0.0001846971482686567
0.07540000000000001 6381.682522028694 1.000041673220488 1.503063392344564 192.9636068134909 0.0001766773599292807
0.0755 6381.725845462917 1.000041414947683 1.502967193935785 192.6820044910377 0.0001689704796848466
0.0756 6381.76923086619 1.000041157536518 1.502870977462407 192.3999993697656 0.0001615657932147897
0.0757 6381.81267825216 1.000040900988033 1.502774742959319 192.1175913609635 0.0001544528960031472
0.07580000000000001 6381.856187634458 1.000040645303255 1.502678490461521 191.8347803760265 0.0001476216863163647
0.07590000000000001 6381.899759026695 1.000040390483192 1.502582220004094 191.5515663264858 0.0001410623582838306
0.076 6381.943392442463 1.000040136528837 1.502485931622261 191.2679491239909 0.0001347653950789498
0.0761 6381.987087895336 1.000039883441167 1.502389625351326 190.9839286803152 0.0001287215622025441
0.0762 6382.030845398868 1.000039631221142 1.5022933012267 190.6995049073565 0.0001229219008677726
0.07630000000000001 6382.074664966597 1.000039379869707 1.502196959283895 190.4146777171189 0.000117357721486285
0.07640000000000001 6382.118546612038 1.000039129387788 1.502100599558549 190.1294470217543 0.0001120205972569794
0.0765 6382.162490348689 1.000038879776297 1.502004222086384 189.8438127335211 0.0001069023578543669
0.0766 6382.206496190028 1.000038631036129 1.501907826903242 189.5577747648193 0.0001019950832194686
0.0767 6382.250564149516 1.000038383168161 1.501811414045061 189.2713330281439 9.729109745001415e-005
0.07680000000000001 6382.294694240592 1.000038136173254 1.501714983547898 188.9844874361492 9.278296279307803e-005
0.07690000000000001 6382.338886476678 1.000037890052253 1.5016185354479 188.6972379015959 8.846347373588391e-005
0.077 6382.383140871172 1.000037644805985 1.501522069781337 188.409584337381 8.432565119781536e-005
0.0771 6382.42745743746 1.000037400435262 1.50142558658458 188.1215266565135 8.036273682102172e-005
0.07720000000000001 6382.471836188901 1.000037156940877 1.501329085894108 187.8330647721444 7.656818736079776e-005
0.07730000000000001 6382.516277138839 1.000036914323607 1.501232567746503 187.5441985975489 7.293566917381519e-005
0.07740000000000001 6382.560780300597 1.000036672584211 1.501136032178464 187.2549280461202 6.945905280460837e-005
0.0775 6382.605345687478 1.000036431723432 1.501039479226785 186.9652530313937 6.613240766993126e-005
0.0776 6382.649973312766 1.000036191741997 1.500942908928378 186.6751734670228 6.29499968395047e-005
0.07770000000000001 6382.694663189724 1.000035952640612 1.500846321320259 186.384689266797 5.99062719136471e-005
0.07780000000000001 6382.739415331595 1.00003571441997 1.500749716439557 186.0938003446298 5.699586799633732e-005
0.0779 6382.784229751605 1.000035477080743 1.500653094323503 185.8025066145709 5.421359876366415e-005
0.078 6382.829106462954 1.000035240623589 1.500556455009432 185.5108079907999 5.15544516265505e-005
0.0781 6382.874045478827 1.000035005049146 1.500459798534802 185.2187043876264 4.901358298731392e-005
0.07820000000000001 6382.919046812386 1.000034770358036 1.500363124937166 184.9261957194902 4.658631358927473e-005
0.07830000000000001 6382.964110476775 1.000034536550862 1.500266434254192 184.6332819009612 4.426812395866821e-005
0.0784 6383.009236485116 1.000034303628211 1.500169726523654 184.3399628467449 4.205464993813407e-005
0.0785 6383.05442485051 1.000034071590652 1.500073001783428 184.0462384716833 3.994167831089302e-005
0.0786 6383.09967558604 1.000033840438735 1.499976260071513 183.7521086907422 3.792514251477138e-005
0.07870000000000001 6383.144988704765 1.000033610172995 1.499879501426001 183.4575734190293 3.600111844552923e-005
0.07880000000000001 6383.190364219726 1.000033380793946 1.4997827258851 183.1626325717824 3.416582034820658e-005
0.0789 6383.235802143942 1.000033152302087 1.499685933487134 182.8672860643754 3.241559679595232e-005
0.079 6383.281302490412 1.000032924697898 1.49958912427051 182.571533812324 3.074692675530328e-005
0.0791 6383.326865272113 1.00003269798184 1.49949229827377 182.2753757312679 2.915641573687756e-005
0.07920000000000001 6383.372490502002 1.000032472154358 1.499395455535555 181.9788117369889 2.764079203088953e-005
0.07930000000000001 6383.418178193015 1.000032247215879 1.499298596094598 181.6818417454045 2.619690302619378e-005
0.0794 6383.463928358067 1.000032023166809 1.499201719989757 181.3844656725627 2.48217116120446e-005
0.0795 6383.509741010053 1.00003180000754 1.499104827259999 181.0866834346588 2.351229266169225e-005
0.0796 6383.555616161843 1.000031577738444 1.499007917944382 180.7884949480184 2.22658295965486e-005
0.07970000000000001 6383.60155382629 1.000031356359874 1.498910992082093 180.489900129115 2.107961103024494e-005
0.07980000000000001 6383.647554016222 1.000031135872167 1.498814049712408 180.1908988945578 1.995102749127382e-005
0.0799 6383.693616744448 1.000030916275639 1.498717090874724 179.8914911610863 1.887756822335328e-005
0.08 6383.739742023756 1.000030697570591 1.498620115608522 179.5916768455876 1.785681806252239e-005
0.08010000000000001 6383.78592986691 1.000030479757303 1.498523123953416 179.2914558650849 1.688645438972295e-005
0.08020000000000001 6383.832180286654 1.000030262836039 1.498426115949112 178.9908281367492 1.596424415800564e-005
0.08030000000000001 6383.878493295711 1.000030046807042 1.498329091635424 178.6897935778815 1.508804099311448e-005
0.0804 6383.92486890678 1.00002983167054 1.498232051052266 178.3883521059305 1.425578236658412e-005
0.0805 6383.971307132541 1.00002961742674 1.498134994239672 178.086503638487 1.346548684008116e-005
0.08060000000000001 6384.017807985649 1.000029404075831 1.498037921237769 177.7842480932835 1.271525137999861e-005
0.08070000000000001 6384.064371478739 1.000029191617984 1.497940832086794 177.4815853881945 1.20032487411932e-005
0.08080000000000001 6384.110997624425 1.000028980053352 1.497843726827079 177.1785154412363 1.132772491876857e-005
0.0809 6384.157686435297 1.000028769382068 1.497746605499083 176.8750381705671 1.068699666680544e-005
0.081 6384.204437923923 1.00002855960425 1.49764946814334 176.5711534944988 1.007944908295832e-005
0.08110000000000001 6384.25125210285 1.000028350719992 1.497552314800509 176.2668613314735 9.503533257718727e-006
0.08120000000000001 6384.298128984602 1.000028142729374 1.497455145511347 175.9621616000867 8.957763987407668e-006
0.0813 6384.345068581679 1.000027935632455 1.497357960316714 175.6570542190879 8.440717549640181e-006
0.0814 6384.392070906561 1.000027729429278 1.497260759257563 175.3515391073564 7.951029540170566e-006
0.0815 6384.439135971704 1.000027524119863 1.49716354237497 175.0456161839255 7.487392770130273e-006
0.08160000000000001 6384.486263789544 1.000027319704216 1.49706630971009 174.7392853679643 7.048555222399624e-006
0.08170000000000001 6384.533454372491 1.000027116182321 1.496969061304196 174.4325465788073 6.633318066149916e-006
0.0818 6384.580707732935 1.000026913554146 1.496871797198658 174.1253997359253 6.24053372829594e-006
0.0819 6384.628023883241 1.000026711819637 1.496774517434941 173.8178447589365 5.869104020908866e-006
0.082 6384.675402835752 1.000026510978725 1.496677222054621 173.5098815676132 5.51797832342012e-006
0.08210000000000001 6384.722844602789 1.000026311031319 1.496579911099365 173.2015100818693 5.186151818515798e-006
0.08220000000000001 6384.77034919665 1.000026111977312 1.49648258461094 172.8927302217725 4.872663780683634e-006
0.0823 6384.81791662961 1.000025913816577 1.496385242631218 172.5835419075323 4.576595916276736e-006
0.0824 6384.86554691392 1.000025716548967 1.496287885202165 172.273945059518 4.297070754074766e-006
0.0825 6384.913240061807 1.000025520174317 1.496190512365858 171.9639395982525 4.033250085217794e-006
0.08260000000000001 6384.960996085477 1.000025324692445 1.496093124164447 171.6535254444005 3.784333451473083e-006
0.08270000000000001 6385.008814997112 1.000025130103149 1.495995720640201 171.3427025187747 3.549556680798211e-006
0.0828 6385.056696808869 1.000024936406207 1.495898301835477 171.031470742353 3.328190469143048e-006
0.0829 6385.104641532885 1.00002474360138 1.49580086779273 170.7198300362496 3.119539007409452e-006
0.083 6385.152649181271 1.000024551688408 1.495703418554515 170.4077803217382 2.92293865261334e-006
0.08310000000000001 6385.200719766115 1.000024360667015 1.495605954163469 170.095321520252 2.737756642167935e-006
0.08320000000000001 6385.248853299481 1.000024170536904 1.495508474662342 169.7824535533722 2.563389850289569e-006
0.0833 6385.297049793412 1.000023981297759 1.495410980093968 169.4691763428217 2.39926358553505e-006
0.0834 6385.345309259924 1.000023792949248 1.495313470501275 169.1554898104949 2.244830428491091e-006
0.08350000000000001 6385.39363171101 1.000023605491016 1.495215945927289 168.8413938784341 2.09956910858712e-006
0.08360000000000001 6385.442017158642 1.000023418922693 1.495118406415124 168.5268884688293 1.962983419104428e-006
0.08370000000000001 6385.490465614764 1.000023233243887 1.495020852007988 168.2119735040359 1.834601169415215e-006
0.0838 6385.538977091298 1.00002304845419 1.494923282749178 167.8966489065632 1.71397317348295e-006
0.0839 6385.587551600142 1.000022864553172 1.494825698682097 167.5809145990742 1.600672273708243e-006
0.08400000000000001 6385.636189153171 1.000022681540387 1.494728099850221 167.2647705043913 1.49429239919219e-006
0.08410000000000001 6385.684889762233 1.000022499415368 1.494630486297121 166.948216545485 1.394447657498045e-006
0.08420000000000001 6385.733653439155 1.000022318177632 1.49453285806646 166.6312526454911 1.300771459028458e-006
0.0843 6385.782480195739 1.000022137826673 1.49443521520199 166.3138787276993 1.21291567311281e-006
0.0844 6385.83137004376 1.00002195836197 1.494337557747548 165.9960947155586 1.130549814947592e-006
0.08450000000000001 6385.880322994974 1.000021779782981 1.49423988574706 165.677900532672 1.053360262521299e-006
0.08460000000000001 6385.929339061106 1.000021602089145 1.494142199244547 165.3592961028138 9.810495026869696e-007
0.0847 6385.978418253862 1.000021425279884 1.494044498284101 165.0402813499003 9.133354055330386e-007
0.0848 6386.02756058492 1.000021249354601 1.493946782909909 164.7208561980191 8.499505262589981e-007
0.0849 6386.076766065938 1.000021074312677 1.493849053166248 164.4010205714056 7.906414337253929e-007
0.08500000000000001 6386.126034708543 1.000020900153477 1.493751309097475 164.0807743944728 7.351680649101202e-007
0.08510000000000001 6386.175366524342 1.000020726876348 1.493653550748024 163.7601175917752 6.833031044715016e-007
0.0852 6386.224761524915 1.000020554480616 1.493555778162425 163.4390500880508 6.348313886816756e-007
0.0853 6386.27421972182 1.000020382965589 1.493457991385278 163.1175718081676 5.895493329531004e-007
0.0854 6386.323741126587 1.000020212330557 1.493360190461278 162.7956826771828 5.472643822573485e-007
0.08550000000000001 6386.373325750723 1.00002004257479 1.493262375435191 162.4733826203013 5.077944836842623e-007
0.08560000000000001 6386.422973605709 1.00001987369754 1.493164546351867 162.1506715628938 4.709675804604837e-007
0.0857 6386.472684703001 1.00001970569804 1.493066703256238 161.8275494304961 4.366211267254533e-007
0.0858 6386.52245905403 1.000019538575506 1.492968846193312 161.504016148804 4.046016223910274e-007
0.0859 6386.572296670204 1.000019372329131 1.492870975208184 161.1800716436727 3.747641674244827e-007
0.08600000000000001 6386.622197562904 1.000019206958094 1.492773090346009 160.855715841123 3.46972034907442e-007
0.08610000000000001 6386.672161743486 1.000019042461554 1.49267519165204 160.5309486673413 3.210962622368653e-007
0.0862 6386.72218922328 1.000018878838648 1.492577279171596 160.2057700486793 2.970152598503882e-007
0.0863 6386.772280013592 1.0000187160885 1.49247935295007 159.8801799116544 2.74614436871951e-007
0.08640000000000001 6386.822434125702 1.000018554210212 1.492381413032937 159.5541781829378 2.53785843087172e-007
0.08650000000000001 6386.872651570865 1.000018393202867 1.49228345946574 159.2277647893778 2.344278266758476e-007
0.08660000000000001 6386.922932360309 1.000018233065531 1.492185492294099 158.9009396579944 2.164447071354955e-007
0.0867 6386.973276505239 1.000018073797251 1.49208751156371 158.5737027159493 1.997464628495678e-007
0.0868 6387.023684016833 1.000017915397055 1.491989517320331 158.2460538905874 1.842484327715219e-007
0.08690000000000001 6387.074154906243 1.000017757863954 1.491891509609806 157.9179931094194 1.698710316975365e-007
0.08700000000000001 6387.124689184598 1.000017601196938 1.491793488478037 157.5895203001154 1.565394786258752e-007
0.08710000000000001 6387.175286862998 1.000017445394982 1.491695453970995 157.2606353905111 1.441835377098574e-007
