0 6365.5 1.00039854758127 1.568958407826084 298.15 31.68531412275435
0.0001 6365.501201756362 1.000398463013378 1.568902531206985 298.1421885836456 31.67056248700747
0.0002 6365.502439081357 1.000398375965227 1.568846661668528 298.1341459711802 31.65538050588105
0.0003 6365.503711970506 1.000398286439112 1.568790797827485 298.1258721917128 31.63976877984779
0.0004 6365.505020420212 1.000398194437323 1.568734938386496 298.1173672686244 31.62372791382962
0.0005 6365.506364427703 1.000398099962149 1.568679082125415 298.108631219928 31.60725851786709
0.0006000000000000001 6365.507743990987 1.000398003015876 1.568623227892596 298.0996640585821 31.59036120769887
0.0007 6365.509159108805 1.000397903600798 1.568567374598783 298.0904657927684 31.57303660527403
0.0008 6365.510609780591 1.000397801719213 1.568511521210205 298.0810364261582 31.5552853392412
0.0009000000000000001 6365.512096006439 1.000397697373432 1.568455666743429 298.0713759581485 31.53710804538157
0.001 6365.513617787068 1.000397590565773 1.568399810261761 298.0614843840571 31.51850536696351
0.0011 6365.515175123797 1.00039748129857 1.568343950868984 298.051361695318 31.49947795509655
0.0012 6365.516768018516 1.000397369574173 1.568288087707775 298.0410078796466 31.48002646902938
0.0013 6365.518396473659 1.000397255394948 1.56823221995462 298.0304229212173 31.46015157646952
0.0014 6365.520060492187 1.00039713876328 1.568176346818419 298.0196068007875 31.43985395380243
0.0015 6365.521760077563 1.000397019681573 1.568120467536793 298.0085594958395 31.41913428634362
0.0016 6365.523495233741 1.000396898152255 1.568064581374131 297.9972809806808 31.39799326851254
0.0017 6365.52526596514 1.000396774177773 1.568008687619368 297.9857712265924 31.37643160409469
0.0018 6365.527072276633 1.0003966477606 1.567952785584134 297.9740302018876 31.35445000633709
0.0019 6365.528914173533 1.000396518903233 1.567896874601313 297.9620578720359 31.33204919816516
0.002 6365.530791661578 1.000396387608194 1.567840954022642 297.9498541997463 31.30922991232159
0.0021 6365.532704746918 1.000396253878032 1.567785023218046 297.9374191450319 31.28599289147159
0.0022 6365.53465343611 1.000396117715322 1.56772908157451 297.924752665287 31.26233888832996
0.0023 6365.536637736095 1.000395979122669 1.567673128493895 297.9118547153815 31.23826866582076
0.0024 6365.538657654201 1.000395838102702 1.567617163393047 297.8987252476967 31.213782997126
0.0025 6365.540713198127 1.000395694658085 1.567561185701874 297.8853642121779 31.18888266576743
0.0026 6365.542804375932 1.000395548791507 1.567505194863227 297.8717715564416 31.16356846578676
0.0027 6365.544931196036 1.000395400505689 1.567449190331483 297.8579472257687 31.13784120171611
0.0028 6365.547093667203 1.000395249803383 1.567393171572231 297.8438911631823 31.11170168870255
0.0029 6365.54929179854 1.000395096687371 1.567337138061424 297.8296033094883 31.08515075256588
0.003 6365.551525599489 1.000394941160469 1.567281089284318 297.8150836033232 31.0581892298671
0.0031 6365.553795079818 1.000394783225521 1.567225024735821 297.8003319811832 31.03081796794353
0.0032 6365.556100249621 1.000394622885407 1.56716894391922 297.785348377466 31.00303782496549
0.0033 6365.558441119305 1.000394460143038 1.567112846345686 297.770132724518 30.97484967000352
0.0034 6365.560817699592 1.000394295001358 1.567056731534413 297.7546849526519 30.94625438304032
0.0035 6365.563230001509 1.000394127463345 1.567000599011641 297.7390049901941 30.91725285503717
0.0036 6365.565678036387 1.000393957532011 1.566944448310219 297.7230927634845 30.88784598791232
0.0037 6365.568161815855 1.000393785210401 1.566888278969866 297.7069481969419 30.85803469463933
0.0038 6365.570681351835 1.000393610501594 1.566832090536307 297.6905712130755 30.82781989924659
0.0039 6365.573236656539 1.000393433408704 1.566775882560719 297.6739617324969 30.79720253681642
0.004 6365.575827742467 1.000393253934881 1.566719654600209 297.6571196739673 30.7661835535494
0.0041 6365.5784546224 1.000393072083305 1.566663406217146 297.6400449544034 30.73476390675171
0.004200000000000001 6365.581117309399 1.000392887857198 1.566607136978587 297.6227374889071 30.70294456486591
0.0043 6365.583815816802 1.000392701259812 1.566550846456586 297.605197190789 30.6707265074902
0.0044 6365.586550158221 1.000392512294436 1.566494534227481 297.5874239715625 30.63811072534316
0.004500000000000001 6365.589320347537 1.000392320964394 1.566438199872347 297.569417741009 30.60509822035825
0.0046 6365.592126398899 1.000392127273047 1.566381842976189 297.551178407154 30.5716900056151
0.0047 6365.594968326722 1.000391931223792 1.566325463127736 297.5327058763086 30.53788710538981
0.0048 6365.597846145682 1.000391732820061 1.566269059919922 297.5140000530695 30.50369055512887
0.0049 6365.600759870716 1.000391532065321 1.566212632949065 297.4950608403486 30.46910140147694
0.005 6365.603709517019 1.000391328963077 1.566156181815037 297.475888139379 30.43412070226075
0.0051 6365.606695100041 1.00039112351687 1.566099706121003 297.4564818497323 30.39874952649448
0.005200000000000001 6365.609716635488 1.000390915730278 1.566043205473529 297.436841869331 30.36298895437367
0.0053 6365.612774139311 1.000390705606915 1.565986679482049 297.4169680944777 30.32684007730118
0.0054 6365.615867627719 1.00039049315043 1.565930127758977 297.3968604198257 30.29030399780505
0.005500000000000001 6365.618997117163 1.000390278364512 1.565873549919955 297.3765187384437 30.25338182962813
0.0056 6365.622162624339 1.000390061252885 1.565816945582828 297.3559429417986 30.21607469766661
0.0057 6365.625364166192 1.00038984181931 1.565760314368678 297.3351329197552 30.17838373794063
0.005800000000000001 6365.628601759904 1.000389620067584 1.565703655900845 297.3140885606234 30.14031009765015
0.0059 6365.631875422901 1.000389396001543 1.565646969805092 297.2928097511407 30.10185493511236
0.006 6365.635185172848 1.000389169625059 1.565590255709888 297.2712963764897 30.06301941976325
0.0061 6365.638531027645 1.000388940942042 1.565533513245892 297.2495483203101 30.02380473214778
0.006200000000000001 6365.641913005429 1.000388709956438 1.565476742045947 297.2275654647104 29.9842120639097
0.0063 6365.645331124574 1.00038847667223 1.565419941745351 297.2053476902682 29.9442426177597
0.0064 6365.648785403684 1.000388241093441 1.565363111981262 297.1828948760534 29.90389760748561
0.006500000000000001 6365.652275861597 1.000388003224128 1.565306252393121 297.1602068996225 29.86317825790905
0.0066 6365.65580251738 1.000387763068389 1.565249362622179 297.1372836370305 29.82208580487355
0.0067 6365.65936539033 1.000387520630354 1.565192442312037 297.1141249628544 29.7806214952534
0.006800000000000001 6365.662964499972 1.000387275914197 1.565135491107781 297.0907307501815 29.73878658689842
0.006900000000000001 6365.666599866057 1.000387028924124 1.565078508656648 297.0671008706271 29.69658234863141
0.007 6365.670271508562 1.000386779664382 1.565021494607609 297.0432351943463 29.65401006023437
0.0071 6365.673979447689 1.000386528139254 1.564964448611401 297.0191335900221 29.61107101239212
0.007200000000000001 6365.677723703863 1.000386274353061 1.564907370320533 296.9947959248892 29.567766506699
0.0073 6365.681504297731 1.000386018310161 1.56485025938926 296.9702220647458 29.52409785564367
0.0074 6365.68532125016 1.000385760014952 1.564793115473332 296.9454118739594 29.48006638258307
0.007500000000000001 6365.68917458224 1.000385499471864 1.564735938230402 296.9203652154432 29.43567342166349
0.0076 6365.693064315276 1.000385236685371 1.564678727319571 296.8950819507094 29.39092031787765
0.0077 6365.696990470793 1.000384971659982 1.564621482401451 296.8695619398453 29.34580842698484
0.007800000000000001 6365.700953070534 1.000384704400242 1.564564203138236 296.8438050415315 29.30033911550408
0.007900000000000001 6365.704952136456 1.000384434910735 1.56450688919381 296.8178111130354 29.25451376066499
0.008 6365.708987690733 1.000384163196085 1.564449540233266 296.7915800102354 29.20833375041035
0.0081 6365.713059755751 1.000383889260949 1.564392155923358 296.7651115876205 29.16180048335651
0.008200000000000001 6365.71716835411 1.000383613110024 1.56433473593217 296.7384056982845 29.11491536874284
0.0083 6365.721313508624 1.000383334748046 1.564277279929278 296.7114621939439 29.06767982642263
0.008400000000000001 6365.725495242315 1.000383054179787 1.564219787585605 296.6842809249496 29.02009528684268
0.008500000000000001 6365.72971357842 1.000382771410055 1.564162258573478 296.6568617402689 28.97216319097095
0.0086 6365.73396854038 1.000382486443699 1.564104692566586 296.6292044875276 28.92388499032706
0.008700000000000001 6365.738260151849 1.000382199285604 1.564047089239844 296.6013090129794 28.87526214688834
0.008800000000000001 6365.742588436688 1.000381909940691 1.563989448269695 296.5731751615307 28.82629613308827
0.0089 6365.746953418962 1.000381618413921 1.563931769333732 296.5448027767455 28.77698843178368
0.009000000000000001 6365.751355122948 1.000381324710291 1.563874052110935 296.5161917008403 28.72734053620059
0.0091 6365.755793573122 1.000381028834837 1.563816296281425 296.487341774707 28.67735394993134
0.0092 6365.76026879417 1.00038073079263 1.563758501526798 296.4582528378959 28.62703018685897
0.009300000000000001 6365.764780810978 1.00038043058878 1.563700667529693 296.4289247286446 28.57637077116349
0.0094 6365.769329648638 1.000380128228435 1.56364279397406 296.3993572838548 28.52537723723534
0.0095 6365.773915332441 1.00037982371678 1.563584880545138 296.3695503391335 28.47405112970084
0.009600000000000001 6365.778537887883 1.000379517059035 1.563526926929306 296.3395037287577 28.42239400331451
0.0097 6365.783197340658 1.000379208260461 1.563468932814198 296.3092172857213 28.37040742299343
0.0098 6365.787893716661 1.000378897326355 1.563410897888646 296.278690841706 28.31809296371899
0.009900000000000001 6365.792627041985 1.000378584262049 1.563352821842634 296.2479242270987 28.26545221051937
0.01 6365.797397342923 1.000378269072916 1.563294704367313 296.2169172710036 28.21248675844137
0.0101 6365.802204645964 1.000377951764362 1.563236545155096 296.185669801236 28.1591982124913
0.0102 6365.807048977795 1.000377632341834 1.563178343899486 296.1541816443345 28.10558818760579
0.0103 6365.811930365299 1.000377310810815 1.563120100295179 296.1224526255545 28.05165830859185
0.0104 6365.816848835555 1.000376987176822 1.563061814038011 296.0904825688925 27.99741021011663
0.0105 6365.821804415836 1.000376661445414 1.563003484824922 296.058271297068 27.94284553662651
0.0106 6365.826797133608 1.000376333622182 1.562945112354132 296.0258186315472 27.88796594233574
0.0107 6365.831827016532 1.000376003712759 1.562886696324769 295.9931243925429 27.8327730911745
0.0108 6365.83689409246 1.000375671722811 1.562828236437354 295.9601883990089 27.77726865672663
0.0109 6365.841998389437 1.000375337658041 1.562769732393315 295.9270104686574 27.72145432220664
0.011 6365.8471399357 1.000375001524191 1.562711183895376 295.8935904179533 27.66533178039635
0.0111 6365.852318759673 1.000374663327038 1.562652590647232 295.859928062126 27.60890273361092
0.0112 6365.857534889973 1.000374323072396 1.562593952353824 295.826023215175 27.55216889365433
0.0113 6365.862788355404 1.000373980766116 1.562535268721044 295.7918756898765 27.49513198177436
0.0114 6365.868079184958 1.000373636414085 1.562476539456092 295.7574852977708 27.43779372858737
0.0115 6365.873407407818 1.000373290022227 1.56241776426714 295.7228518491864 27.38015587406201
0.0116 6365.87877305335 1.000372941596501 1.562358942863485 295.6879751532282 27.32222016744292
0.0117 6365.884176151108 1.000372591142904 1.562300074955606 295.6528550178008 27.26398836723327
0.0118 6365.889616730829 1.000372238667469 1.562241160255004 295.6174912496089 27.20546224113708
0.0119 6365.89509482244 1.000371884176264 1.562182198474269 295.5818836541392 27.14664356597195
0.012 6365.900610456047 1.000371527675394 1.562123189327138 295.5460320356964 27.08753412766919
0.0121 6365.906163661942 1.000371169171002 1.562064132528443 295.5099361973788 27.02813572117585
0.0122 6365.911754470597 1.000370808669262 1.562005027794095 295.4735959411204 26.96845015046323
0.0123 6365.917382912669 1.000370446176389 1.561945874841142 295.437011067649 26.9084792283987
0.0124 6365.923049018996 1.000370081698632 1.561886673387622 295.4001813765279 26.84822477675319
0.0125 6365.928752820595 1.000369715242274 1.561827423152817 295.3631066661322 26.78768862610123
0.0126 6365.934494348664 1.000369346813636 1.561768123857005 295.3257867336841 26.72687261581734
0.0127 6365.94027363458 1.000368976419074 1.561708775221568 295.2882213752295 26.66577859397522
0.0128 6365.946090709898 1.00036860406498 1.56164937696904 295.2504103856612 26.60440841732348
0.0129 6365.951945606352 1.000368229757779 1.561589928822979 295.2123535587137 26.54276395121283
0.013 6365.957838355852 1.000367853503935 1.561530430508105 295.1740506869627 26.48084706953233
0.0131 6365.963768990485 1.000367475309944 1.561470881750202 295.1355015618486 26.41865965468331
0.0132 6365.969737542512 1.00036709518234 1.561411282276142 295.0967059736712 26.35620359750491
0.0133 6365.975744044373 1.000366713127689 1.561351631813951 295.0576637115772 26.29348079718963
0.0134 6365.981788528678 1.000366329152595 1.561291930092723 295.0183745635903 26.23049316126506
0.0135 6365.987871028215 1.000365943263696 1.561232176842612 294.978838316605 26.16724260551784
0.0136 6365.99399157594 1.000365555467664 1.561172371794971 294.9390547563925 26.10373105393605
0.0137 6366.000150204985 1.000365165771205 1.561112514682176 294.8990236676008 26.03996043864174
0.0138 6366.006346948652 1.000364774181062 1.56105260523776 294.8587448337606 25.97593269983225
0.0139 6366.012581840415 1.000364380704012 1.56099264319632 294.8182180373032 25.91164978573977
0.014 6366.018854913917 1.000363985346864 1.560932628293639 294.7774430595422 25.84711365253392
0.0141 6366.025166202971 1.000363588116465 1.560872560266513 294.7364196806919 25.78232626428027
0.0142 6366.031515741558 1.000363189019693 1.56081243885293 294.695147679873 25.7172895928793
0.0143 6366.037903563829 1.000362788063461 1.560752263791986 294.6536268351123 25.65200561799561
0.0144 6366.0443297041 1.000362385254718 1.560692034823862 294.6118569233489 25.58647632699582
0.0145 6366.050794196855 1.000361980600444 1.560631751689897 294.5698377204402 25.52070371488594
0.0146 6366.057297076744 1.000361574107655 1.560571414132508 294.5275690011616 25.45468978423888
0.0147 6366.063838378582 1.000361165783398 1.560511021895361 294.4850505392186 25.38843654513997
0.0148 6366.070418137347 1.000360755634758 1.560450574723066 294.4422821072466 25.32194601511329
0.0149 6366.077036388183 1.000360343668849 1.560390072361472 294.3992634768109 25.25522021904763
0.015 6366.083693166396 1.00035992989282 1.560329514557605 294.3559944184248 25.18826118914931
0.0151 6366.090388507456 1.000359514313854 1.560268901059517 294.3124747015371 25.12107096484868
0.0152 6366.097122446991 1.000359096939166 1.560208231616485 294.2687040945565 25.05365159276082
0.0153 6366.103895020793 1.000358677776005 1.560147505978929 294.2246823648451 24.98600512660007
0.0154 6366.110706264813 1.000358256831651 1.560086723898349 294.1804092787128 24.91813362709407
0.0155 6366.117556215163 1.000357834113419 1.560025885127469 294.1358846014408 24.85003916194266
0.0156 6366.124444908111 1.000357409628655 1.559964989420081 294.0911080972759 24.78172380573086
0.0157 6366.131372380086 1.000356983384738 1.559904036531264 294.046079529442 24.71318963986824
0.0158 6366.138338667672 1.000356555389079 1.559843026217109 294.0007986601344 24.64443875250092
0.0159 6366.145343807611 1.000356125649122 1.559781958234971 293.9552652505316 24.57547323844987
0.016 6366.152387836799 1.000355694172342 1.559720832343323 293.9094790608073 24.50629519914865
0.0161 6366.15947079229 1.000355260966246 1.559659648301842 293.863439850118 24.43690674254463
0.0162 6366.166592711288 1.000354826038373 1.559598405871323 293.8171473766273 24.36730998305344
0.0163 6366.173753631156 1.000354389396296 1.559537104813805 293.7706013974879 24.2975070414504
0.0164 6366.180953589405 1.000353951047615 1.559475744892435 293.7238016688651 24.22750004482363
0.0165 6366.188192623702 1.000353510999964 1.559414325871627 293.6767479459371 24.15729112649106
0.0166 6366.195470771862 1.000353069261009 1.559352847516861 293.6294399828947 24.08688242591685
0.0167 6366.202788071853 1.000352625838445 1.55929130959493 293.5818775329534 24.01627608864497
0.0168 6366.210144561793 1.000352180739998 1.559229711873795 293.5340603483472 23.94547426620577
0.0169 6366.217540279947 1.000351733973427 1.55916805412253 293.4859881803467 23.87447911605718
0.017 6366.224975264729 1.000351285546519 1.559106336111511 293.4376607792586 23.80329280149884
0.0171 6366.232449554704 1.000350835467094 1.559044557612211 293.3890778944264 23.73191749158587
0.0172 6366.239963188577 1.000350383743 1.558982718397475 293.3402392742472 23.66035536106814
0.0173 6366.247516205206 1.000349930382116 1.558920818241176 293.2911446661609 23.58860859028544
0.0174 6366.255108643591 1.00034947539235 1.55885885691854 293.2417938166612 23.51667936509704
0.0175 6366.262740542875 1.000349018781643 1.558796834205947 293.1921864713139 23.44456987681896
0.0176 6366.270411942349 1.000348560557961 1.558734749880988 293.1423223747328 23.37228232210058
0.0177 6366.278122881444 1.000348100729304 1.558672603722528 293.0922012706154 23.29981890288663
0.0178 6366.285873399733 1.000347639303697 1.55861039551068 293.0418229017372 23.22718182631838
0.0179 6366.293663536932 1.000347176289198 1.558548125026675 292.9911870099453 23.15437330463452
0.018 6366.301493332897 1.000346711693892 1.558485792053096 292.9402933361706 23.08139555509707
0.0181 6366.309362827624 1.000346245525892 1.558423396373786 292.8891416204455 23.00825079992509
0.0182 6366.317272061247 1.000345777793342 1.558360937773697 292.8377316018917 22.93494126618543
0.0183 6366.325221074042 1.000345308504412 1.558298416039199 292.7860630187269 22.86146918570843
0.0184 6366.333209906417 1.000344837667301 1.55823583095777 292.7341356082874 22.78783679502831
0.0185 6366.341238598921 1.000344365290238 1.558173182318233 292.6819491070113 22.71404633526394
0.0186 6366.349307192239 1.000343891381476 1.558110469910682 292.6295032504498 22.64010005204145
0.0187 6366.357415727186 1.000343415949299 1.558047693526444 292.5767977732911 22.56600019543249
0.0188 6366.365564244717 1.000342939002019 1.557984852958084 292.5238324093424 22.49174901983377
0.0189 6366.373752785917 1.000342460547971 1.557921947999502 292.4706068915419 22.41734878388776
0.019 6366.381981392007 1.000341980595522 1.55785897844585 292.4171209519531 22.34280175037801
0.0191 6366.390250104338 1.000341499153062 1.557795944093598 292.3633743218055 22.26811018618986
0.0192 6366.398558964392 1.00034101622901 1.557732844740406 292.3093667314541 22.19327636215522
0.0193 6366.406908013781 1.000340531831812 1.557669680185349 292.2550979104261 22.1183025530202
0.0194 6366.415297294248 1.000340045969939 1.557606450228713 292.2005675873915 22.04319103730561
0.0195 6366.423726847662 1.000339558651888 1.557543154672106 292.1457754901984 21.96794409725682
0.0196 6366.432196716023 1.000339069886182 1.557479793318445 292.0907213458498 21.89256401871163
0.0197 6366.440706941457 1.000338579681371 1.557416365971937 292.0354048805328 21.81705309104076
0.0198 6366.449257566213 1.000338088046029 1.557352872438137 291.9798258196128 21.74141360703906
0.0199 6366.457848632672 1.000337594988757 1.557289312523872 291.9239838876332 21.66564786282453
0.02 6366.466480183332 1.000337100518179 1.557225686037293 291.8678788083397 21.58975815776879
0.0201 6366.475152260821 1.000336604642944 1.557161992787925 291.811510304662 21.51374679437091
0.0202 6366.483864907887 1.000336107371729 1.557098232586544 291.7548780987376 21.43761607818691
0.0203 6366.492618167397 1.000335608713231 1.55703440524531 291.6979819119177 21.36136831773439
0.0204 6366.501412082346 1.000335108676173 1.556970510577706 291.6408214647498 21.28500582436531
0.0205 6366.510246695845 1.000334607269303 1.556906548398565 291.5833964770067 21.20853091220161
0.0206 6366.519122051124 1.000334104501392 1.556842518524003 291.5257066676926 21.13194589803835
0.0207 6366.528038191535 1.000333600381234 1.556778420771572 291.4677517550257 21.05525310121516
0.0208 6366.536995160543 1.000333094917647 1.556714254960099 291.4095314564733 20.97845484355791
0.0209 6366.545993001733 1.000332588119472 1.556650020909821 291.351045488734 20.9015534492491
0.021 6366.555031758808 1.000332079995573 1.556585718442301 291.2922935677501 20.82455124473724
0.0211 6366.564111475583 1.000331570554834 1.55652134738051 291.2332754087128 20.74745055863767
0.0212 6366.573232195988 1.000331059806166 1.556456907548705 291.1739907260802 20.67025372164851
0.0213 6366.582393964067 1.000330547758499 1.556392398772556 291.1144392335658 20.59296306642722
0.0214 6366.591596823976 1.000330034420786 1.556327820879149 291.0546206441558 20.5155809275056
0.0215 6366.600840819984 1.000329519802001 1.556263173696871 290.9945346701032 20.43810964117334
0.0216 6366.61012599647 1.00032900391114 1.55619845705558 290.9341810229461 20.36055154539189
0.0217 6366.619452397923 1.000328486757219 1.556133670786442 290.8735594135009 20.28290897967726
0.0218 6366.628820068941 1.000327968349276 1.556068814722063 290.8126695518807 20.20518428501277
0.0219 6366.638229054232 1.00032744869637 1.556003888696388 290.7515111474894 20.12737980373108
0.022 6366.647679398609 1.00032692780758 1.55593889254482 290.6900839090389 20.04949787942593
0.0221 6366.657171146992 1.000326405692004 1.555873826104149 290.6283875445496 19.97154085684079
0.0222 6366.666704344408 1.000325882358762 1.555808689212541 290.5664217613502 19.89351108175719
0.0223 6366.676279035986 1.000325357816991 1.555743481709622 290.5041862660895 19.81541090089765
0.0224 6366.685895266963 1.000324832075849 1.55567820343637 290.4416807647425 19.73724266182056
0.0225 6366.695553082675 1.000324305144515 1.555612854235199 290.3789049626101 19.65900871280729
0.0226 6366.705252528564 1.000323777032182 1.55554743394999 290.3158585643372 19.58071140277109
0.0227 6366.714993650167 1.000323247748066 1.555481942426 290.2525412739122 19.50235308114322
0.0228 6366.724776493129 1.000322717301399 1.555416379509949 290.1889527946618 19.42393609775173
0.0229 6366.734601103189 1.000322185701432 1.555350745049909 290.1250928292737 19.34546280273621
0.023 6366.744467526185 1.000321652957434 1.555285038895504 290.0609610797977 19.26693554643292
0.0231 6366.754375808055 1.000321119078689 1.5552192608977 289.9965572476448 19.18835667925958
0.0232 6366.764325994832 1.000320584074501 1.555153410908953 289.9318810335934 19.10972855160719
0.0233 6366.774318132644 1.00032004795419 1.555087488783185 289.8669321378133 19.03105351375281
0.0234 6366.784352267715 1.000319510727092 1.555021494375726 289.8017102598532 18.95233391572887
0.0235 6366.794428446362 1.000318972402561 1.554955427543344 289.7362150986472 18.87357210721377
0.0236 6366.804546714997 1.000318432989965 1.554889288144315 289.6704463525206 18.79477043742224
0.0237 6366.814707120121 1.00031789249869 1.554823076038352 289.6044037192131 18.71593125501629
0.0238 6366.824909708328 1.000317350938134 1.554756791086623 289.5380868958677 18.63705690797345
0.0239 6366.835154526303 1.000316808317715 1.554690433151741 289.4714955790299 18.55814974346891
0.024 6366.845441620819 1.000316264646862 1.554624002097895 289.4046294646781 18.47921210779251
0.0241 6366.855771038736 1.00031571993502 1.554557497790622 289.337488248217 18.40024634622295
0.0242 6366.866142827004 1.000315174191648 1.55449092009699 289.2700716244721 18.32125480290212
0.0243 6366.87655703266 1.000314627426219 1.554424268885548 289.2023792877129 18.24223982074383
0.0244 6366.887013702823 1.000314079648221 1.554357544026315 289.1344109316536 18.16320374131425
0.0245 6366.897512884698 1.000313530867154 1.554290745390811 289.0661662494644 18.08414890472599
0.0246 6366.908054625576 1.00031298109253 1.554223872852077 288.9976449337595 18.00507764950442
0.0247 6366.918638972828 1.000312430333877 1.554156926284546 288.9288466766155 17.92599231248807
0.0248 6366.929265973909 1.000311878600733 1.55408990556426 288.8597711695887 17.84689522872848
0.0249 6366.939935676353 1.000311325902649 1.554022810568705 288.7904181037033 17.76778873135583
0.025 6366.950648127775 1.000310772249186 1.553955641176876 288.7207871694631 17.68867515147154
0.0251 6366.961403375868 1.000310217649921 1.553888397269253 288.6508780568578 17.60955681803378
0.0252 6366.972201468404 1.000309662114437 1.553821078727883 288.5806904553746 17.53043605774945
0.0253 6366.983042453231 1.000309105652332 1.553753685436266 288.5102240539981 17.45131519495243
0.0254 6366.993926378274 1.000308548273212 1.553686217279447 288.4394785412222 17.37219655149499
0.0255 6367.004853291532 1.000307989986694 1.553618674143985 288.3684536050445 17.29308244661912
0.0256 6367.01582324108 1.000307430802405 1.553551055917946 288.2971489329774 17.21397519684756
0.0257 6367.026836275066 1.000306870729982 1.553483362490939 288.2255642120725 17.13487711588752
0.0258 6367.037892441707 1.000306309779071 1.553415593754066 288.1536991289025 17.05579051448828
0.0259 6367.048991789296 1.000305747959326 1.553347749599999 288.081553369579 16.976717700338
0.026 6367.060134366192 1.000305185280412 1.553279829922928 288.0091266197522 16.89766097794077
0.0261 6367.071320220827 1.000304621751999 1.553211834618546 287.9364185646235 16.81862264850643
0.0262 6367.082549401699 1.000304057383768 1.553143763584138 287.8634288889565 16.73960500984004
0.0263 6367.093821957375 1.000303492185407 1.553075616718448 287.7901572770655 16.66061035620567
0.0264 6367.105137936485 1.000302926166608 1.553007393921879 287.7166034128453 16.58164097823478
0.0265 6367.116497387731 1.000302359337074 1.55293909509628 287.6427669797471 16.50269916277711
0.0266 6367.127900359873 1.000301791706513 1.552870720145072 287.5686476608261 16.42378719282758
0.0267 6367.139346901738 1.00030122328464 1.552802268973214 287.4942451387059 16.34490734736442
0.0268 6367.150837062214 1.000300654081173 1.552733741487276 287.4195590956082 16.26606190125678
0.0269 6367.162370890251 1.00030008410584 1.552665137595327 287.3445892133703 16.18725312515922
0.027 6367.173948434861 1.000299513368371 1.552596457206973 287.2693351734041 16.10848328534403
0.0271 6367.185569745113 1.000298941878502 1.552527700233449 287.1937966567665 16.02975464365155
0.0272 6367.197234870136 1.000298369645973 1.552458866587498 287.1179733441185 15.95106945732242
0.0273 6367.208943859117 1.000297796680529 1.55238995618345 287.0418649157426 15.8724299788919
0.0274 6367.220696761298 1.000297222991917 1.552320968937168 286.9654710515609 15.79383845608384
0.0275 6367.23249362598 1.00029664858989 1.552251904766132 286.8887914311289 15.7152971316802
0.0276 6367.244334502515 1.000296073484202 1.552182763589342 286.8118257336531 15.63680824341481
0.0277 6367.256219440311 1.00029549768461 1.552113545327394 286.7345736379797 15.55837402383688
0.0278 6367.268148488826 1.000294921200875 1.552044249902457 286.6570348226295 15.47999670022275
0.0279 6367.280121697573 1.000294344042758 1.551974877238266 286.5792089657747 15.40167849442737
0.028 6367.292139116114 1.000293766220022 1.55190542726015 286.5010957452622 15.32342162278389
0.0281 6367.304200794059 1.000293187742433 1.551835899894999 286.4226948386139 15.24522829597931
0.0282 6367.316306781071 1.000292608619755 1.551766295071266 286.3440059230383 15.16710071894201
0.0283 6367.328457126856 1.000292028861755 1.551696612719075 286.2650286754364 15.08904109072326
0.0284 6367.34065188117 1.000291448478199 1.551626852769982 286.1857627723961 15.01105160436728
0.0285 6367.352891093812 1.000290867478852 1.551557015157274 286.1062078902213 14.93313444681627
0.0286 6367.365174814629 1.000290285873482 1.551487099815733 286.0263637049146 14.85529179876887
0.0287 6367.377503093508 1.000289703671851 1.551417106681779 285.9462298922007 14.77752583457947
0.0288 6367.389875980382 1.000289120883723 1.551347035693413 285.8658061275204 14.69983872212857
0.0289 6367.402293525223 1.00028853751886 1.55127688679017 285.7850920860486 14.62223262271631
0.029 6367.414755778045 1.00028795358702 1.551206659913264 285.7040874427061 14.54470969095009
0.0291 6367.427262788902 1.000287369097961 1.551136355005455 285.6227918721355 14.4672720745985
0.0292 6367.439814607886 1.000286784061436 1.551065972011103 285.5412050487433 14.38992191450767
0.0293 6367.452411285126 1.000286198487197 1.550995510876153 285.4593266466817 14.31266134446119
0.0294 6367.465052870789 1.000285612384991 1.55092497154818 285.3771563398722 14.23549249107951
0.0295 6367.477739415077 1.00028502576456 1.550854353976327 285.2946938019999 14.15841747369159
0.0296 6367.490470968226 1.000284438635644 1.550783658111345 285.2119387065312 14.08143840422892
0.0297 6367.503247580507 1.000283851007977 1.550712883905597 285.1288907267079 14.00455738709759
0.0298 6367.516069302221 1.000283262891287 1.550642031313023 285.0455495355649 13.92777651907266
0.0299 6367.528936183704 1.000282674295299 1.550571100289172 284.961914805924 13.85109788917068
0.03 6367.541848275321 1.000282085229729 1.550500090791218 284.8779862104124 13.77452357854448
0.0301 6367.554805627466 1.000281495704288 1.550429002777926 284.7937634214735 13.69805566037232
0.0302 6367.567808290561 1.000280905728681 1.550357836209642 284.709246111356 13.62169619972597
0.0303 6367.580856315057 1.000280315312606 1.55028659104834 284.6244339521312 13.54544725346594
0.0304 6367.593949751431 1.000279724465752 1.550215267257594 284.5393266156988 13.46931087012621
0.0305 6367.607088650187 1.000279133197802 1.550143864802573 284.4539237737871 13.39328908979393
0.0306 6367.62027306185 1.000278541518428 1.550072383650078 284.3682250979767 13.31738394401047
0.0307 6367.633503036971 1.000277949437297 1.550000823768477 284.2822302596886 13.24159745564121
0.0308 6367.646778626123 1.000277356964064 1.549929185127809 284.1959389302018 13.16593163877185
0.0309 6367.6600998799 1.000276764108376 1.549857467699616 284.1093507806476 13.09038849858431
0.031 6367.673466848917 1.000276170879869 1.549785671457169 284.0224654820389 13.01497003126384
0.0311 6367.686879583808 1.000275577288171 1.549713796375215 283.935282705247 12.93967822386022
0.0312 6367.700338135225 1.000274983342896 1.549641842430252 283.8478021210366 12.86451505420062
0.0313 6367.713842553839 1.00027438905365 1.54956980960027 283.7600234000482 12.78948249075675
0.0314 6367.727392890334 1.000273794430026 1.549497697864913 283.671946212828 12.71458249255322
0.0315 6367.740989195414 1.000273199481607 1.549425507205418 283.5835702298094 12.63981700903566
0.0316 6367.754631519792 1.00027260421796 1.549353237604638 283.4948951213495 12.56518797998463
0.0317 6367.7683199142 1.000272008648643 1.549280889047048 283.4059205576986 12.49069733537489
0.0318 6367.782054429378 1.000271412783199 1.549208461518693 283.316646209042 12.41634699529491
0.03190000000000001 6367.795835116079 1.000270816631159 1.549135955007228 283.2270717454884 12.342138869822
0.032 6367.809662025065 1.00027022020204 1.549063369501942 283.1371968370753 12.26807485891293
0.0321 6367.823535207111 1.000269623505343 1.548990704993697 283.0470211537812 12.19415685229993
0.0322 6367.837454712993 1.000269026550555 1.548917961474984 282.9565443655432 12.12038672939172
0.0323 6367.851420593503 1.00026842934715 1.548845138939915 282.8657661422334 12.0467663591414
0.0324 6367.865432899432 1.000267831904585 1.548772237384114 282.7746861536942 11.9732975999631
0.0325 6367.879491681579 1.0002672342323 1.548699256804909 282.6833040697387 11.89998229962008
0.0326 6367.893596990748 1.000266636339722 1.548626197201163 282.5916195601384 11.82682229510407
0.0327 6367.907748877746 1.000266038236257 1.548553058573391 282.499632294653 11.75381941254842
0.0328 6367.92194739338 1.000265439931298 1.548479840923645 282.4073419430305 11.68097546711793
0.0329 6367.936192588461 1.000264841434218 1.548406544255639 282.3147481750069 11.60829226289941
0.033 6367.950484513797 1.000264242754374 1.548333168574631 282.2218506603184 11.53577159280225
0.0331 6367.964823220199 1.000263643901104 1.548259713887484 282.128649068707 11.4634152384548
0.0332 6367.979208758472 1.000263044883725 1.548186180202705 282.0351430699324 11.39122497010597
0.0333 6367.993641179422 1.000262445711539 1.548112567530315 281.9413323337602 11.3192025465092
0.0334 6368.008120533847 1.000261846393827 1.548038875881971 281.8472165299976 11.24734971484354
0.0335 6368.022646872543 1.000261246939848 1.547965105270958 281.7527953284692 11.17566821058992
0.03360000000000001 6368.0372202463 1.000260647358844 1.547891255712024 281.6580683990472 11.10415975744882
0.0337 6368.051840705901 1.000260047660035 1.547817327221648 281.5630354116451 11.03282606723156
0.0338 6368.066508302119 1.000259447852618 1.547743319817802 281.4676960362293 10.96166883976575
0.0339 6368.081223085719 1.000258847945773 1.547669233520066 281.3720499428258 10.89068976279694
0.034 6368.095985107458 1.000258247948653 1.547595068349608 281.2760968015253 10.81989051189099
0.0341 6368.110794418079 1.000257647870393 1.547520824329175 281.1798362824837 10.74927275033289
0.0342 6368.125651068318 1.000257047720103 1.547446501483079 281.0832680559337 10.678838129035
0.0343 6368.140555108892 1.000256447506871 1.547372099837196 280.9863917922024 10.60858828645028
0.0344 6368.155506590508 1.000255847239761 1.547297619419003 280.8892071617 10.53852484846471
0.0345 6368.170505563857 1.000255246927813 1.547223060257532 280.7917138349311 10.46864942830782
0.0346 6368.185552079613 1.000254646580044 1.547148422383385 280.6939114825126 10.39896362646808
0.0347 6368.200646188436 1.000254046205444 1.547073705828735 280.5957997751679 10.32946903059219
0.03480000000000001 6368.215787940964 1.00025344581298 1.546998910627312 280.4973783837326 10.26016721539367
0.0349 6368.230977387821 1.000252845411594 1.546924036814407 280.3986469791665 10.19105974256653
0.035 6368.246214579606 1.000252245010199 1.546849084426871 280.2996052325597 10.12214816069547
0.0351 6368.261499566902 1.000251644617687 1.546774053503095 280.2002528151378 10.05343400516697
0.0352 6368.276832400266 1.000251044242917 1.546698944083047 280.1005893982687 9.984918798081276
0.03530000000000001 6368.292213130235 1.000250443894727 1.546623756208241 280.0006146534737 9.91660404816929
0.0354 6368.307641807321 1.000249843581925 1.546548489921713 279.9003282524162 9.848491250694195
0.0355 6368.323118482011 1.000249243313289 1.54647314526808 279.799729866931 9.780581887382315
0.0356 6368.338643204767 1.000248643097573 1.546397722293467 279.6988191690124 9.712877426326603
0.0357 6368.354216026026 1.0002480429435 1.546322221045537 279.5975958308321 9.645379321911189
0.0358 6368.369836996192 1.000247442859765 1.546246641573538 279.4960595247511 9.578089014732665
0.0359 6368.385506165646 1.000246842855034 1.546170983928159 279.3942099233017 9.511007931502791
0.036 6368.401223584736 1.000246242937941 1.546095248161699 279.2920466992172 9.444137484983607
0.0361 6368.41698930378 1.000245643117093 1.546019434327952 279.1895695254319 9.377479073903807
0.0362 6368.432803373065 1.000245043401065 1.545943542482215 279.0867780750754 9.311034082872435
0.0363 6368.448665842846 1.000244443798401 1.54586757268133 278.9836720215016 9.244803882316594
0.0364 6368.464576763343 1.000243844317614 1.545791524983647 278.8802510382715 9.178789828389528
0.03650000000000001 6368.480536184743 1.000243244967186 1.545715399448987 278.7765147991707 9.112993262902714
0.0366 6368.496544157196 1.000242645755568 1.545639196138733 278.6724629782274 9.047415513258748
0.0367 6368.512600730817 1.000242046691175 1.545562915115734 278.5680952496881 8.982057892359153
0.0368 6368.528705955684 1.000241447782393 1.545486556444362 278.4634112880539 8.916921698550638
0.0369 6368.544859881834 1.000240849037573 1.545410120190457 278.3584107680798 8.85200821554988
0.03700000000000001 6368.561062559268 1.000240250465035 1.545333606421356 278.2530933647576 8.787318712358683
0.0371 6368.577314037945 1.000239652073061 1.545257015205889 278.1474587533566 8.722854443216763
0.0372 6368.593614367785 1.000239053869903 1.545180346614374 278.0415066093946 8.658616647511931
0.0373 6368.609963598664 1.000238455863776 1.545103600718571 277.9352366086849 8.594606549738398
0.0374 6368.626361780414 1.000237858062861 1.545026777591752 277.828648427307 8.53082535940939
0.0375 6368.642808962827 1.000237260475305 1.544949877308634 277.721741741624 8.467274270999793
0.0376 6368.659305195646 1.000236663109216 1.544872899945407 277.6145162283004 8.403954463889644
0.0377 6368.675850528572 1.00023606597267 1.544795845579707 277.5069715642848 8.340867102287817
0.0378 6368.692445011256 1.000235469073705 1.544718714290637 277.3991074268387 8.278013335184889
0.0379 6368.709088693303 1.000234872420321 1.544641506158746 277.2909234935313 8.215394296286195
0.038 6368.72578162427 1.000234276020483 1.544564221266 277.1824194422451 8.153011103953128
0.0381 6368.742523853663 1.000233679882118 1.544486859695865 277.0735949511935 8.090864861152388
0.03820000000000001 6368.759315430939 1.000233084013116 1.544409421533175 276.9644496988975 8.028956655382791
0.0383 6368.776156405505 1.000232488421328 1.544331906864244 276.8549833642209 7.967287558637183
0.0384 6368.793046826712 1.000231893114567 1.544254315776747 276.7451956263702 7.905858627345133
0.0385 6368.809986743862 1.000231298100608 1.544176648359847 276.6350861648951 7.844670902317031
0.0386 6368.8269762062 1.000230703387185 1.544098904704085 276.5246546596999 7.783725408696064
0.03870000000000001 6368.844015262917 1.000230108981996 1.544021084901393 276.4139007910375 7.723023155901679
0.0388 6368.861103963151 1.000229514892696 1.543943189045143 276.3028242395216 7.66256513758418
0.0389 6368.878242355979 1.000228921126902 1.54386521723006 276.1914246861383 7.602352331580511
0.039 6368.895430490424 1.000228327692191 1.54378716955228 276.0797018122461 7.542385699864872
0.0391 6368.912668415448 1.000227734596097 1.543709046109343 275.9676552995878 7.482666188507054
0.0392 6368.929956179957 1.000227141846116 1.543630847000139 275.8552848302787 7.423194727619508
0.0393 6368.947293832794 1.0002265494497 1.54355257232492 275.7425900868419 7.363972231330878
0.0394 6368.964681422742 1.000225957414263 1.543474222185347 275.6295707521789 7.30499959772643
0.0395 6368.982118998521 1.000225365747172 1.543395796684421 275.5162265096168 7.24627770883027
0.0396 6368.99960660879 1.000224774455757 1.543317295926477 275.402557042867 7.187807430542557
0.0397 6369.017144302144 1.000224183547304 1.543238720017198 275.2885620360665 7.129589612621242
0.0398 6369.034732127114 1.000223593029054 1.543160069063648 275.1742411737604 7.071625088634518
0.03990000000000001 6369.052370132165 1.000223002908206 1.543081343174196 275.0595941409309 7.013914675938902
0.04 6369.070058365695 1.000222413191919 1.543002542458533 274.9446206229803 6.956459175634634
0.0401 6369.087796876037 1.000221823887303 1.542923667027693 274.82932030576 6.899259372546355
0.0402 6369.105585711455 1.000221235001427 1.542844716994006 274.7136928755411 6.84231603517568
0.0403 6369.123424920145 1.000220646541316 1.542765692471129 274.597738019056 6.785629915690488
0.04040000000000001 6369.141314550233 1.000220058513951 1.542686593573987 274.4814554234862 6.729201749889145
0.0405 6369.159254649775 1.000219470926265 1.54260742041885 274.3648447764625 6.673032257172208
0.0406 6369.177245266756 1.00021888378515 1.542528173123242 274.2479057660888 6.61712214052694
0.0407 6369.195286449088 1.00021829709745 1.542448851805961 274.13063808093 6.561472086496128
0.0408 6369.213378244612 1.000217710869964 1.542369456587089 274.0130414100239 6.506082765159803
0.0409 6369.231520701094 1.000217125109446 1.542289987587998 273.8951154428872 6.450954830115542
0.041 6369.249713866228 1.000216539822604 1.542210444931263 273.7768598695215 6.396088918460216
0.04110000000000001 6369.267957787629 1.000215955016098 1.542130828740776 273.6582743804128 6.341485650770498
0.0412 6369.28625251284 1.000215370696543 1.542051139141615 273.5393586665381 6.287145631087643
0.0413 6369.304598089325 1.000214786870507 1.541971376260146 273.4201124193886 6.233069446911762
0.0414 6369.322994564471 1.00021420354451 1.541891540223907 273.3005353309403 6.179257669173341
0.0415 6369.341441985587 1.000213620725025 1.541811631161713 273.1806270936835 6.1257108522333
0.04160000000000001 6369.359940399903 1.000213038418479 1.541731649203564 273.0603874006287 6.072429533873581
0.0417 6369.378489854569 1.000212456631249 1.541651594480667 272.9398159453007 6.019414235284078
0.0418 6369.397090396654 1.000211875369665 1.541571467125432 272.8189124217505 5.966665461059003
0.0419 6369.415742073145 1.000211294640009 1.541491267271449 272.6976765245553 5.914183699189537
0.042 6369.434444930951 1.000210714448514 1.541410995053513 272.5761079488183 5.861969421058104
0.04210000000000001 6369.453199016893 1.000210134801365 1.541330650607561 272.4542063901985 5.810023081446827
0.0422 6369.47200437771 1.000209555704698 1.541250234070725 272.3319715448869 5.758345118524614
0.0423 6369.490861060059 1.000208977164599 1.541169745581281 272.2094031096184 5.706935953851167
0.0424 6369.509769110509 1.000208399187105 1.541089185278642 272.0865007816896 5.655795992384858
0.0425 6369.528728575546 1.000207821778205 1.54100855330339 271.9632642589526 5.604925622482157
0.0426 6369.547739501567 1.000207244943836 1.540927849797226 271.8396932398154 5.554325215901237
0.0427 6369.566801934882 1.000206668689887 1.540847074902959 271.7157874232652 5.503995127816797
0.04280000000000001 6369.585915921716 1.000206093022197 1.540766228764526 271.591546508845 5.453935696817085
0.0429 6369.605081508202 1.000205517946553 1.540685311526993 271.466970196689 5.404147244926564
0.043 6369.624298740384 1.000204943468693 1.540604323336491 271.3420581875047 5.354630077608539
0.0431 6369.643567664218 1.000204369594304 1.540523264340245 271.2168101825849 5.305384483781347
0.0432 6369.662888325568 1.000203796329023 1.540442134686579 271.0912258838079 5.256410735831387
0.04330000000000001 6369.682260770206 1.000203223678435 1.540360934524863 270.9653049936604 5.207709089636912
0.0434 6369.701685043814 1.000202651648073 1.540279664005559 270.839047215209 5.159279784572701
0.0435 6369.721161191979 1.000202080243423 1.540198323280153 270.7124522521348 5.111123043541579
0.0436 6369.740689260196 1.000201509469914 1.540116912501213 270.5855198087278 5.063239072991381
0.0437 6369.760269293864 1.000200939332927 1.540035431822283 270.4582495898811 5.015628062933682
0.0438 6369.77990133829 1.000200369837792 1.539953881397992 270.3306413011145 4.968290186975207
0.0439 6369.799585438685 1.000199800989784 1.539872261383956 270.2026946485506 4.921225602333147
0.044 6369.819321640161 1.000199232794128 1.539790571936799 270.0744093389566 4.874434449876164
0.0441 6369.839109987736 1.000198665255998 1.539708813214156 269.9457850797143 4.827916854140754
0.0442 6369.858950526334 1.000198098380514 1.539626985374616 269.8168215788322 4.781672923364584
0.0443 6369.878843300772 1.000197532172744 1.539545088577813 269.6875185449811 4.735702749529616
0.0444 6369.898788355778 1.000196966637704 1.539463122984269 269.5578756874464 4.690006408377202
0.04450000000000001 6369.918785735974 1.000196401780358 1.539381088755525 269.4278927161698 4.644583959456536
0.0446 6369.938835485886 1.000195837605616 1.539298986054047 269.2975693417433 4.599435446157681
0.0447 6369.958937649938 1.000195274118337 1.539216815043243 269.1669052754031 4.554560895746358
0.0448 6369.979092272454 1.000194711323326 1.539134575887459 269.0359002290478 4.509960319408481
0.0449 6369.999299397657 1.000194149225335 1.539052268751954 268.904553915232 4.465633712288085
0.04500000000000001 6370.019559069664 1.000193587829064 1.538969893802892 268.7728660471843 4.421581053534847
0.0451 6370.039871332496 1.000193027139159 1.538887451207348 268.6408363387776 4.377802306337329
0.0452 6370.060236230063 1.000192467160214 1.538804941133282 268.5084645045885 4.334297417987374
0.0453 6370.080653806178 1.000191907896768 1.538722363749537 268.3757502598436 4.291066319908664
0.0454 6370.101124104546 1.000191349353309 1.538639719225813 268.2426933204496 4.248108927714423
0.0455 6370.121647168767 1.00019079153427 1.538557007732692 268.1092934030165 4.205425141264343
0.0456 6370.142223042335 1.000190234444031 1.538474229441587 267.9755502248225 4.163014844704048
0.04570000000000001 6370.162851768642 1.00018967808692 1.538391384524749 267.8414635038256 4.120877906521559
0.0458 6370.183533390969 1.00018912246721 1.53830847315526 267.707032958699 4.079014179612498
0.0459 6370.204267952493 1.000188567589121 1.538225495507041 267.5722583087958 4.037423501324478
0.046 6370.225055496278 1.000188013456818 1.538142451754789 267.4371392741904 3.996105693527082
0.0461 6370.245896065288 1.000187460074417 1.538059342074009 267.3016755756311 3.955060562655985
0.04620000000000001 6370.266789702371 1.000186907445974 1.537976166641001 267.1658669345874 3.914287899787696
0.0463 6370.287736450271 1.000186355575497 1.53789292563283 267.0297130732382 3.873787480697595
0.0464 6370.308736351621 1.000185804466938 1.537809619227336 266.893213714466 3.833559065921441
0.0465 6370.329789448941 1.000185254124196 1.537726247603098 266.7563685818863 3.793602400828864
0.0466 6370.350895784644 1.000184704551115 1.537642810939451 266.619177399812 3.75391721567918
0.04670000000000001 6370.372055401032 1.000184155751487 1.537559309416465 266.4816398932952 3.714503225701252
0.0468 6370.393268340291 1.000183607729051 1.537475743214919 266.3437557881092 3.675360131157508
0.0469 6370.414534644501 1.00018306048749 1.537392112516303 266.2055248107425 3.63648761741308
0.047 6370.435854355626 1.000182514030437 1.537308417502823 266.0669466884345 3.597885355018019
0.0471 6370.457227515517 1.000181968361468 1.537224658357358 265.9280211491399 3.559552999770987
0.0472 6370.478654165913 1.000181423484108 1.537140835263489 265.7887479215641 3.521490192804286
0.0473 6370.50013434844 1.000180879401827 1.537056948405408 265.6491267351397 3.483696560653901
0.04740000000000001 6370.521668104609 1.000180336118043 1.536972997968026 265.5091573200442 3.446171715342439
0.0475 6370.543255475814 1.000179793636119 1.536888984136886 265.3688394072118 3.408915254461693
0.0476 6370.564896503337 1.000179251959368 1.536804907098118 265.2281727283097 3.3719267612472
0.0477 6370.586591228345 1.000178711091046 1.536720767038516 265.0871570157559 3.335205804665351
0.0478 6370.608339691888 1.000178171034357 1.536636564145494 264.9457920027311 3.29875193950013
0.04790000000000001 6370.630141934897 1.000177631792454 1.536552298607025 264.8040774231666 3.262564706435116
0.048 6370.651997998192 1.000177093368435 1.536467970611711 264.6620130117507 3.226643632141533
0.0481 6370.673907922474 1.000176555765346 1.536383580348702 264.5195985039221 3.190988229364674
0.0482 6370.695871748324 1.000176018986178 1.536299128007722 264.3768336358943 3.155597997019103
0.0483 6370.717889516209 1.000175483033873 1.536214613779053 264.2337181446432 3.120472420276228
0.04840000000000001 6370.739961266476 1.000174947911319 1.536130037853512 264.0902517679073 3.085610970656272
0.0485 6370.762087039355 1.000174413621349 1.536045400422462 263.9464342441937 3.051013106123038
0.0486 6370.784266874955 1.000173880166747 1.53596070167777 263.8022653127899 3.01667827118131
0.0487 6370.806500813269 1.000173347550243 1.535875941811819 263.6577447137519 2.982605896969897
0.0488 6370.82878889417 1.000172815774516 1.535791121017483 263.5128721878981 2.948795401357527
0.0489 6370.851131157408 1.000172284842191 1.535706239488131 263.3676474768453 2.915246189049653
0.049 6370.87352764262 1.000171754755843 1.535621297417598 263.2220703229726 2.881957651679906
0.04910000000000001 6370.895978389314 1.000171225517995 1.535536295000169 263.0761404694575 2.848929167919309
0.0492 6370.918483436884 1.000170697131118 1.535451232430605 262.9298576602517 2.816160103573095
0.0493 6370.941042824601 1.00017016959763 1.535366109904099 262.7832216400933 2.783649811686914
0.0494 6370.963656591615 1.000169642919901 1.535280927616251 262.6362321545006 2.751397632650267
0.0495 6370.986324776955 1.000169117100248 1.535195685763108 262.488888949796 2.719402894307616
0.04960000000000001 6371.009047419527 1.000168592140936 1.535110384541077 262.3411917730763 2.687664912059014
0.0497 6371.031824558117 1.000168068044181 1.535025024147005 262.1931403722423 2.656182988974841
0.0498 6371.054656231387 1.000167544812148 1.534939604778084 262.044734495987 2.624956415902656
0.0499 6371.077542477879 1.000167022446951 1.534854126631883 261.8959738937837 2.593984471575372
0.05 6371.100483336012 1.000166500950654 1.534768589906336 261.7468583159215 2.563266422730436
0.05010000000000001 6371.123478844079 1.000165980325271 1.534682994799732 261.5973875134877 2.532801524218877
0.0502 6371.146529040254 1.000165460572765 1.53459734151065 261.4475612383498 2.502589019115716
0.0503 6371.169633962584 1.000164941695052 1.534511630238034 261.297379243203 2.472628138844605
0.0504 6371.192793648997 1.000164423693997 1.534425861181129 261.1468412815228 2.442918103284373
0.0505 6371.216008137291 1.000163906571414 1.534340034539468 260.9959471076066 2.413458120894468
0.0506 6371.239277465148 1.000163390329071 1.53425415051286 260.8446964765379 2.384247388826161
0.0507 6371.262601670121 1.000162874968685 1.534168209301412 260.6930891442161 2.35528509304759
0.05080000000000001 6371.285980789638 1.000162360491926 1.534082211105465 260.5411248673503 2.326570408462774
0.0509 6371.309414861006 1.000161846900414 1.533996156125659 260.3888034034598 2.298102499032815
0.051 6371.332903921406 1.000161334195723 1.533910044562806 260.2361245108617 2.269880517895893
0.0511 6371.356448007893 1.000160822379377 1.533823876618009 260.0830879486952 2.241903607494829
0.0512 6371.3800471574 1.000160311452854 1.533737652492532 259.929693476903 2.214170899697857
0.05130000000000001 6371.403701406732 1.000159801417583 1.533651372387883 259.7759408562441 2.186681515925797
0.0514 6371.42741079257 1.000159292274949 1.533565036505745 259.621829848293 2.159434567277918
0.0515 6371.451175351472 1.000158784026285 1.533478645047986 259.4673602154343 2.132429154657657
0.0516 6371.474995119868 1.000158276672882 1.533392198216623 259.3125317208563 2.105664368899286
0.0517 6371.498870134064 1.000157770215984 1.533305696213853 259.1573441285872 2.079139290902527
0.05180000000000001 6371.522800430237 1.000157264656787 1.533219139242007 259.0017972034588 2.052852991755669
0.0519 6371.546786044445 1.000156759996443 1.533132527503551 258.845890711107 2.026804532865803
0.05200000000000001 6371.570827012614 1.000156256236057 1.533045861201067 258.6896244180074 2.000992966095672
0.0521 6371.59492337055 1.000155753376691 1.532959140537252 258.5329980914274 1.975417333887454
0.0522 6371.619075153927 1.00015525141936 1.532872365714896 258.3760114994742 1.950076669403022
0.0523 6371.643282398296 1.000154750365036 1.532785536936884 258.2186644110765 1.924969996654077
0.0524 6371.667545139084 1.000154250214645 1.53269865440616 258.0609565959552 1.900096330631351
0.05250000000000001 6371.691863411588 1.000153750969073 1.532611718325746 257.9028878246767 1.875454677447651
0.0526 6371.716237250983 1.000153252629156 1.532524728898708 257.7444578686112 1.851044034466508
0.0527 6371.740666692315 1.000152755195693 1.532437686328145 257.5856664999509 1.826863390440874
0.0528 6371.765151770506 1.000152258669436 1.532350590817189 257.4265134917094 1.802911725649604
0.0529 6371.78969252035 1.000151763051096 1.532263442568985 257.2669986177283 1.779188012035428
0.05300000000000001 6371.814288976515 1.000151268341341 1.532176241786696 257.1071216526528 1.755691213339133
0.0531 6371.838941173543 1.000150774540798 1.532088988673465 256.9468823719679 1.732420285243088
0.0532 6371.863649145853 1.000150281650051 1.532001683432425 256.7862805519566 1.70937417550399
0.0533 6371.888412927733 1.000149789669644 1.531914326266654 256.6253159697352 1.686551824097396
0.0534 6371.913232553349 1.00014929860008 1.531826917379221 256.4639884032303 1.663952163354158
0.05350000000000001 6371.938108056738 1.000148808441819 1.531739456973132 256.3022976312017 1.641574118104093
0.0536 6371.963039471812 1.000148319195285 1.531651945251316 256.1402434332193 1.619416605813443
0.05370000000000001 6371.988026832358 1.000147830860858 1.531564382416644 255.9778255896748 1.597478536727775
0.0538 6372.013070172035 1.000147343438882 1.531476768671886 255.8150438817755 1.575758814012831
0.0539 6372.038169524378 1.000146856929659 1.531389104219721 255.6518980915447 1.554256333896604
0.054 6372.063324922795 1.000146371333453 1.531301389262726 255.4883880018332 1.532969985813312
0.0541 6372.088536400569 1.000145886650492 1.531213624003339 255.3245133963018 1.511898652543836
0.05420000000000001 6372.113803990857 1.000145402880962 1.531125808643882 255.160274059427 1.491041210359644
0.0543 6372.139127726692 1.000144920025015 1.531037943386518 254.9956697765014 1.470396529166218
0.0544 6372.164507640979 1.000144438082763 1.530950028433276 254.8307003336389 1.449963472647501
0.0545 6372.189943766497 1.000143957054284 1.530862063985994 254.6653655177696 1.42974089840911
0.0546 6372.215436135904 1.000143476939617 1.530774050246373 254.4996651166274 1.409727658121131
0.05470000000000001 6372.240984781728 1.000142997738765 1.530685987415892 254.333598918768 1.389922597664745
0.0548 6372.266589736375 1.000142519451699 1.530597875695838 254.1671667135628 1.370324557276116
0.0549 6372.292251032125 1.00014204207835 1.5305097152873 254.0003682911873 1.350932371689821
0.055 6372.317968701133 1.000141565618617 1.530421506391144 253.8332034426388 1.331744870285906
0.0551 6372.343742775429 1.000141090072364 1.530333249208005 253.6656719597125 1.312760877232249
0.05520000000000001 6372.369573286921 1.000140615439421 1.530244943938272 253.4977736350137 1.293979211631175
0.0553 6372.39546026739 1.000140141719584 1.530156590782084 253.3295082619633 1.2753986876654
0.05540000000000001 6372.421403748494 1.000139668912617 1.530068189939327 253.1608756347922 1.257018114742698
0.0555 6372.447403761765 1.000139197018249 1.529979741609603 252.9918755485295 1.238836297640025
0.0556 6372.473460338614 1.00013872603618 1.529891245992239 252.8225077990081 1.220852036649619
0.0557 6372.499573510327 1.000138255966076 1.529802703286254 252.6527721828769 1.203064127725657
0.0558 6372.525743308065 1.000137786807571 1.529714113690387 252.4826684975768 1.185471362627133
0.05590000000000001 6372.55196976287 1.00013731856027 1.529625477403036 252.3121965413469 1.168072529063873
0.056 6372.578252905655 1.000136851223746 1.52953679462229 252.1413561132421 1.150866410843598
0.0561 6372.604592767216 1.000136384797542 1.529448065545894 251.9701470130975 1.133851788013491
0.0562 6372.630989378221 1.000135919281173 1.529359290371271 251.7985690415643 1.117027437008831
0.0563 6372.65744276922 1.000135454674121 1.529270469295454 251.6266220000679 1.100392130793811
0.05640000000000001 6372.683952970639 1.000134990975844 1.529181602515141 251.4543056908495 1.083944639010351
0.0565 6372.71052001278 1.000134528185767 1.529092690226628 251.2816199169309 1.067683728119215
0.0566 6372.737143925827 1.000134066303292 1.529003732625864 251.1085644821259 1.051608161545538
0.0567 6372.763824739839 1.000133605327789 1.528914729908352 250.9351391910462 1.035716699823487
0.0568 6372.790562484757 1.000133145258604 1.528825682269236 250.7613438490783 1.020008100737965
0.05690000000000001 6372.817357190399 1.000132686095056 1.528736589903203 250.5871782624066 1.004481119470386
0.057 6372.844208886461 1.000132227836436 1.528647453004581 250.4126422380017 0.9891345087408728
0.05710000000000001 6372.871117602522 1.000131770482012 1.528558271767203 250.2377355836087 0.9739670189502147
0.0572 6372.898083368037 1.000131314031026 1.52846904638448 250.062458107759 0.9589773983235586
0.0573 6372.925106212345 1.000130858482695 1.528379777049378 249.8868096197583 0.9441643930516634
0.0574 6372.952186164662 1.000130403836211 1.5282904639544 249.7107899296988 0.9295267474337937
0.0575 6372.979323254087 1.000129950090744 1.528201107291567 249.534398848435 0.9150632040172197
0.05760000000000001 6373.006517509598 1.00012949724544 1.528111707252438 249.3576361876138 0.9007725037407134
0.0577 6373.033768960057 1.000129045299421 1.528022264028072 249.1805017596329 0.8866533860717589
0.0578 6373.061077634203 1.000128594251791 1.527932777809014 249.0029953776819 0.8727045891500238
0.0579 6373.088443560662 1.000128144101625 1.527843248785342 248.8251168556957 0.8589248499232143
0.058 6373.11586676794 1.000127694847984 1.527753677146597 248.6468660083891 0.845312904288998
0.05810000000000001 6373.143347284425 1.000127246489903 1.527664063081786 248.4682426512399 0.8318674872321628
0.0582 6373.170885138387 1.000126799026398 1.5275744067794 248.2892466004822 0.8185873329621907
0.05830000000000001 6373.198480357984 1.000126352456467 1.527484708427392 248.1098776731072 0.8054711750507059
0.0584 6373.226132971251 1.000125906779086 1.527394968213135 247.9301356868685 0.7925177465687301
0.0585 6373.253843006113 1.000125461993212 1.527305186323479 247.7500204602646 0.7797257802215984
0.05860000000000001 6373.281610490375 1.000125018097787 1.527215362944686 247.5695318125626 0.7670940084862039
0.0587 6373.309435451727 1.000124575091729 1.52712549826247 247.3886695637742 0.7546211637441803
0.05880000000000001 6373.337317917747 1.000124132973945 1.527035592461917 247.2074335346446 0.7423059784153314
0.0589 6373.365257915896 1.000123691743321 1.526945645727574 247.0258235466753 0.73014718509277
0.059 6373.39325547352 1.000123251398726 1.526855658243346 246.8438394221188 0.7181435166752378
0.0591 6373.421310617854 1.000122811939014 1.526765630192568 246.6614809839488 0.7062937064971824
0.0592 6373.449423376016 1.000122373363025 1.526675561757941 246.4787480558956 0.6945964884623554
0.05930000000000001 6373.477593775014 1.000121935669581 1.526585453121538 246.2956404624109 0.6830505971719707
0.0594 6373.505821841742 1.000121498857491 1.526495304464815 246.1121580286794 0.6716547680551616
0.0595 6373.534107602981 1.00012106292555 1.526405115968586 245.9283005806245 0.6604077374981722
0.0596 6373.5624510854 1.000120627872537 1.526314887813034 245.7440679448972 0.6493082429716042
0.0597 6373.59085231556 1.00012019369722 1.526224620177674 245.5594599488576 0.6383550231565016
0.05980000000000001 6373.619311319907 1.000119760398355 1.526134313241372 245.3744764206048 0.627546818072382
0.0599 6373.647828124777 1.000119327974682 1.526043967182317 245.1891171889473 0.6168823692008182
0.06000000000000001 6373.676402756398 1.000118896424934 1.52595358217804 245.003382083415 0.6063604196105763
0.0601 6373.705035240885 1.000118465747828 1.525863158405392 244.817270934247 0.5959797140804293
0.0602 6373.733725604247 1.000118035942073 1.525772696040526 244.6307835723977 0.5857389992220344
0.0603 6373.762473872381 1.000117607006367 1.525682195258904 244.4439198295253 0.5756370236008421
0.0604 6373.791280071077 1.000117178939399 1.525591656235306 244.256679537997 0.5656725378570002
0.06050000000000001 6373.820144226019 1.000116751739845 1.525501079143802 244.0690625308779 0.5558442948242862
0.0606 6373.849066362778 1.000116325406376 1.525410464157718 243.8810686419423 0.5461510496492716
0.0607 6373.878046506823 1.000115899937653 1.525319811449711 243.6926977056504 0.53659155990759
0.0608 6373.907084683513 1.000115475332329 1.525229121191681 243.5039495571658 0.5271645857212992
0.0609 6373.936180918104 1.00011505158905 1.525138393554806 243.3148240323261 0.517868889872766
0.06100000000000001 6373.965335235744 1.000114628706452 1.525047628709537 243.1253209676664 0.5087032379201434
0.0611 6373.994547661475 1.000114206683168 1.524956826825566 242.9354402004136 0.4996663983102195
0.0612 6374.023818220237 1.000113785517823 1.524865988071849 242.7451815684625 0.4907571424893422
0.0613 6374.053146936863 1.000113365209037 1.524775112616594 242.5545449103937 0.4819742450151897
0.0614 6374.082533836083 1.000112945755423 1.524684200627237 242.3635300654618 0.4733164836659708
0.06150000000000001 6374.111978942525 1.000112527155593 1.524593252270457 242.1721368735892 0.4647826395487607
0.0616 6374.141482280712 1.00011210940815 1.524502267712161 241.9803651753726 0.4563714972071837
0.06170000000000001 6374.171043875067 1.000111692511695 1.524411247117495 241.7882148120647 0.4480818447268526
0.0618 6374.200663749908 1.000111276464827 1.524320190650808 241.5956856255979 0.4399124738414043
0.0619 6374.230341929454 1.00011086126614 1.524229098475664 241.4027774585492 0.4318621800347541
0.062 6374.260078437823 1.000110446914226 1.524137970754857 241.2094901541517 0.4239297626441784
0.0621 6374.28987329903 1.000110033407675 1.524046807650373 241.0158235563066 0.4161140249620831
0.06220000000000001 6374.319726536994 1.000109620745075 1.523955609323401 240.8217775095417 0.4084137743343625
0.0623 6374.349638175531 1.000109208925013 1.523864375934341 240.6273518590468 0.4008278222606112
0.0624 6374.379608238362 1.000108797946075 1.523773107642765 240.4325464506504 0.3933549844906444
0.0625 6374.409636749105 1.000108387806846 1.523681804607451 240.2373611308193 0.3859940811206933
0.0626 6374.439723731284 1.000107978505913 1.523590466986351 240.0417957466528 0.3787439366880585
0.06270000000000001 6374.469869208324 1.000107570041862 1.523499094936605 239.8458501458948 0.3716033802650939
0.06280000000000001 6374.500073203553 1.000107162413279 1.523407688614525 239.6495241769038 0.364571245550338
0.0629 6374.530335740205 1.000106755618752 1.523316248175594 239.452817688671 0.357646370960049
0.063 6374.560656841414 1.000106349656872 1.523224773774477 239.2557305308081 0.3508275997173002
0.0631 6374.591036530223 1.00010594452623 1.523133265564998 239.0582625535539 0.3441137799403414
0.06320000000000001 6374.621474829577 1.000105540225422 1.523041723700135 238.8604136077496 0.3375037647285786
0.06330000000000001 6374.65197176233 1.000105136753044 1.522950148332037 238.6621835448576 0.3309964122485936
0.0634 6374.682527351239 1.000104734107697 1.522858539612003 238.4635722169491 0.324590585817753
0.0635 6374.713141618971 1.000104332287986 1.522766897690497 238.2645794766862 0.318285153986266
0.0636 6374.7438145881 1.000103931292519 1.522675222717115 238.0652051773521 0.3120789906193427
0.06370000000000001 6374.774546281105 1.000103531119909 1.522583514840616 237.8654491728152 0.3059709749758591
0.06380000000000001 6374.805336720377 1.000103131768774 1.522491774208892 237.6653113175524 0.2999599917874642
0.0639 6374.836185928214 1.000102733237738 1.522400000968991 237.4647914666087 0.2940449313342729
0.064 6374.867093926825 1.00010233552543 1.522308195267083 237.2638894756377 0.2882246895216185
0.0641 6374.898060738327 1.000101938630483 1.522216357248492 237.0626052008723 0.2824981679532214
0.06420000000000001 6374.929086384753 1.000101542551541 1.522124487057668 236.8609384991072 0.2768642740033217
0.06430000000000001 6374.960170888039 1.000101147287249 1.522032584838198 236.6588892277458 0.2713219208891635
0.0644 6374.991314270041 1.000100752836265 1.521940650732801 236.4564572447356 0.2658700277388743
0.0645 6375.022516552522 1.00010035919725 1.521848684883314 236.2536424086092 0.2605075196608455
0.06460000000000001 6375.05377775716 1.000099966368875 1.521756687430723 236.0504445784608 0.2552333278098434
0.06470000000000001 6375.085097905546 1.000099574349819 1.521664658515119 235.8468636139522 0.250046389452449
0.0648 6375.116477019186 1.000099183138768 1.52157259827573 235.6428993752892 0.2449456480302584
0.0649 6375.1479151195 1.000098792734419 1.521480506850906 235.4385517232507 0.2399300532229547
0.065 6375.179412227823 1.000098403135478 1.521388384378112 235.2338205191539 0.2349985610082492
0.06510000000000001 6375.210968365404 1.000098014340658 1.521296230993936 235.0287056248716 0.2301501337216664
0.06520000000000001 6375.242583553414 1.000097626348685 1.521204046834098 234.8232069028085 0.2253837401138318
0.0653 6375.274257812934 1.000097239158294 1.521111832033409 234.617324215931 0.2206983554075179
0.0654 6375.305991164966 1.000096852768229 1.521019586725829 234.41105742772 0.2160929613514066
0.0655 6375.33778363043 1.000096467177248 1.520927311044412 234.204406402206 0.2115665462742664
0.06560000000000001 6375.369635230163 1.000096082384117 1.520835005121345 233.9973710039398 0.2071181051361446
0.06570000000000001 6375.401545984923 1.000095698387615 1.520742669087915 233.7899510979981 0.202746639578867
0.0658 6375.433515915387 1.000095315186532 1.520650303074541 233.5821465499843 0.1984511579748941
0.0659 6375.465545042152 1.000094932779672 1.520557907210738 233.3739572260155 0.1942306754744274
0.066 6375.497633385733 1.000094551165849 1.520465481625171 233.1653829927353 0.1900842140515061
0.06610000000000001 6375.529780966573 1.00009417034389 1.520373026445575 232.956423717278 0.186010802547651
0.06620000000000001 6375.561987805031 1.000093790312635 1.520280541798837 232.7470792672979 0.1820094767153149
0.0663 6375.594253921391 1.000093411070938 1.52018802781094 232.5373495109578 0.1780792792589936
0.0664 6375.62657933586 1.000093032617665 1.520095484606993 232.3272343169114 0.1742192598747497
0.0665 6375.658964068568 1.000092654951698 1.520002912311205 232.1167335543086 0.1704284752886973
0.06660000000000001 6375.69140813957 1.00009227807193 1.519910311046933 231.9058470927961 0.1667059892938688
0.06670000000000001 6375.723911568844 1.00009190197727 1.519817680936624 231.6945748025113 0.1630508727854845
0.0668 6375.756474376296 1.00009152666664 1.519725022101854 231.4829165540763 0.1594622037947412
0.0669 6375.789096581755 1.000091152138979 1.519632334663322 231.270872218592 0.1559390675211214
0.067 6375.821778204979 1.000090778393239 1.519539618740833 231.0584416676383 0.1524805563633246
0.06710000000000001 6375.854519265651 1.000090405428388 1.519446874453332 230.8456247732678 0.1490857699486208
0.06720000000000001 6375.887319783384 1.000090033243407 1.519354101918871 230.6324214080063 0.1457538151608303
0.0673 6375.920179777716 1.000089661837296 1.519261301254655 230.4188314448464 0.1424838061667398
0.0674 6375.953099268115 1.00008929120907 1.519168472576961 230.2048547572539 0.1392748644412372
0.0675 6375.986078273979 1.000088921357758 1.519075616001254 229.9904912191377 0.1361261187904575
0.06760000000000001 6376.019116814635 1.000088552282407 1.518982731642081 229.7757407048738 0.1330367053742823
0.06770000000000001 6376.052214909341 1.000088183982079 1.518889819613146 229.5606030892817 0.1300057677266879
0.0678 6376.085372577286 1.000087816455853 1.518796880027279 229.3450782476419 0.1270324567752536
0.0679 6376.118589837589 1.000087449702827 1.51870391299643 229.1291660556725 0.1241159308586501
0.06800000000000001 6376.151866709302 1.000087083722113 1.518610918631714 228.9128663895348 0.1212553557431238
0.06810000000000001 6376.18520321141 1.000086718512841 1.518517897043356 228.6961791258335 0.1184499046374726
0.0682 6376.218599362831 1.000086354074158 1.518424848340744 228.4791041415991 0.1156987582063831
0.0683 6376.252055182416 1.000085990405229 1.518331772632389 228.2616413142995 0.1130011045827532
0.0684 6376.285570688949 1.000085627505236 1.518238670025968 228.043790521834 0.1103561393783819
0.06850000000000001 6376.319145901151 1.00008526537338 1.518145540628296 227.825551642516 0.1077630656931408
0.06860000000000001 6376.352780837679 1.000084904008878 1.518052384545329 227.6069245550842 0.10522109412313
0.0687 6376.386475517124 1.000084543410967 1.517959201882199 227.3879091386915 0.1027294427671786
0.0688 6376.420229958013 1.0000841835789 1.517865992743179 227.1685052729162 0.1002873372322592
0.0689 6376.454044178812 1.000083824511949 1.517772757231697 226.9487128377208 0.09789401063696049
0.06900000000000001 6376.487918197922 1.000083466209406 1.517679495450361 226.7285317135055 0.09554870361467285
0.06910000000000001 6376.521852033683 1.000083108670579 1.517586207500936 226.5079617810605 0.09325066431432924
0.0692 6376.555845704374 1.000082751894796 1.51749289348435 226.2870029215663 0.09099914840036968
0.0693 6376.589899228214 1.000082395881404 1.517399553500713 226.0656550166112 0.08879341905156706
0.0694 6376.624012623358 1.000082040629767 1.5173061876493 225.8439179481737 0.08663274695818929
0.06950000000000001 6376.658185907905 1.000081686139271 1.517212796028582 225.6217915986166 0.08451641031800816
0.06960000000000001 6376.692419099893 1.000081332409317 1.517119378736199 225.3992758506987 0.08244369483120217
0.0697 6376.7267122173 1.000080979439328 1.517025935868972 225.1763705875513 0.08041389369366242
0.0698 6376.761065278049 1.000080627228745 1.516932467522926 224.9530756926841 0.07842630758933462
0.0699 6376.795478300001 1.000080275777029 1.516838973793278 224.7293910499969 0.07648024468136658
0.07000000000000001 6376.829951300962 1.00007992508366 1.516745454774434 224.5053165437442 0.07457502060161675
0.07010000000000001 6376.864484298683 1.000079575148135 1.516651910560013 224.2808520585589 0.07270995843947727
0.0702 6376.899077310856 1.000079225969974 1.516558341242829 224.0559974794345 0.07088438872913697
0.0703 6376.933730355117 1.000078877548713 1.516464746914919 223.8307526917369 0.06909764943590946
0.0704 6376.968443449049 1.000078529883911 1.516371127667521 223.6051175811807 0.06734908594110388
0.07050000000000001 6377.003216610177 1.000078182975143 1.516277483591101 223.3790920338473 0.06563805102607156
0.07060000000000001 6377.038049855976 1.000077836822006 1.516183814775346 223.1526759361549 0.0639639048547441
0.0707 6377.072943203864 1.000077491424114 1.516090121309173 222.9258691748822 0.06232601495545071
0.0708 6377.107896671207 1.000077146781103 1.51599640328072 222.698671637157 0.06072375620134841
0.07090000000000001 6377.142910275316 1.000076802892628 1.515902660777384 222.4710832104437 0.05915651078976383
0.07100000000000001 6377.177984033454 1.000076459758361 1.515808893885784 222.2431037825498 0.0576236682205774
0.0711 6377.213117962829 1.000076117377998 1.515715102691784 222.014733241614 0.05612462527341675
0.0712 6377.248312080598 1.00007577575125 1.51562128728051 221.7859714761115 0.05465878598391744
0.0713 6377.283566403869 1.000075434877849 1.515527447736353 221.5568183748491 0.05322556161886541
0.07140000000000001 6377.318880949698 1.000075094757549 1.515433584142934 221.3272738269642 0.0518243706503557
0.07150000000000001 6377.35425573509 1.00007475539012 1.515339696583171 221.0973377219137 0.05045463872887385
0.0716 6377.389690777003 1.000074416775354 1.515245785139236 220.8670099494797 0.04911579865549692
0.0717 6377.425186092346 1.000074078913059 1.515151849892583 220.6362903997514 0.04780729035298054
0.0718 6377.460741697977 1.000073741803066 1.515057890923954 220.4051789631493 0.04652856083612736
0.07190000000000001 6377.496357610708 1.000073405445223 1.514963908313366 220.1736755304013 0.04527906418094029
0.07200000000000001 6377.532033847302 1.000073069839398 1.514869902140124 219.9417799925367 0.04405826149296089
0.0721 6377.567770424478 1.000072734985479 1.51477587248286 219.7094922408923 0.04286562087476209
0.0722 6377.603567358904 1.00007240088337 1.514681819419478 219.476812167124 0.04170061739257235
0.0723 6377.639424667204 1.000072067532999 1.514587743027196 219.2437396631716 0.04056273304178699
0.07240000000000001 6377.675342365958 1.000071734934309 1.51449364338256 219.0102746212764 0.0394514567118974
0.07250000000000001 6377.711320471696 1.000071403087262 1.514399520561425 218.7764169339752 0.03836628415045659
0.0726 6377.747359000908 1.00007107199184 1.514305374638976 218.5421664941003 0.03730671792625158
0.0727 6377.783457970037 1.000070741648045 1.514211205689724 218.3075231947622 0.03627226739159153
0.0728 6377.819617395481 1.000070412055895 1.514117013787518 218.0724869293725 0.03526244864399377
0.07290000000000001 6377.855837293597 1.000070083215428 1.514022799005564 217.8370575916209 0.03427678448688741
0.07300000000000001 6377.892117680696 1.0000697551267 1.51392856141639 217.6012350754749 0.0333148043896732
0.0731 6377.928458573049 1.000069427789784 1.5138343010919 217.3650192751796 0.03237604444704721
0.0732 6377.964859986883 1.000069101204774 1.513740018103353 217.1284100852585 0.03146004733760583
0.0733 6378.001321938383 1.00006877537178 1.513645712521366 216.8914074005123 0.03056636228175029
0.07340000000000001 6378.037844443692 1.00006845029093 1.513551384415942 216.6540111160024 0.02969454499884413
0.07350000000000001 6378.074427518913 1.000068125962371 1.513457033856455 216.4162211270676 0.02884415766384163
0.0736 6378.111071180108 1.000067802386266 1.51336266091166 216.1780373293012 0.02801476886311739
0.0737 6378.147775443298 1.000067479562797 1.513268265649706 215.9394596185624 0.02720595354979855
0.0738 6378.184540324465 1.000067157492162 1.513173848138148 215.7004878909764 0.0264172929984421
0.07390000000000001 6378.22136583955 1.000066836174577 1.513079408443926 215.4611220429227 0.02564837475908198
0.07400000000000001 6378.258252004456 1.000066515610277 1.512984946633403 215.221361971035 0.02489879261074461
0.0741 6378.295198835047 1.000066195799509 1.512890462772354 214.9812075721951 0.02416814651439067
0.0742 6378.332206347147 1.000065876742542 1.512795956925981 214.7406587435452 0.02345604256537317
0.07430000000000001 6378.369274556544 1.000065558439658 1.512701429158897 214.4997153824637 0.02276209294526924
0.07440000000000001 6378.406403478987 1.000065240891157 1.512606879535161 214.2583773865835 0.02208591587333588
0.0745 6378.443593130189 1.000064924097356 1.512512308118281 214.0166446537736 0.021427135557378
0.0746 6378.480843525825 1.000064608058586 1.512417714971196 213.7745170821398 0.02078538214420573
0.0747 6378.518154681532 1.000064292775195 1.512323100156307 213.531994570042 0.02016029166968867
0.07480000000000001 6378.555526612913 1.000063978247547 1.512228463735479 213.2890770160647 0.01955150600825627
0.07490000000000001 6378.592959335535 1.000063664476022 1.512133805770029 213.0457643190229 0.01895867282208455
0.075 6378.630452864927 1.000063351461013 1.512039126320758 212.8020563779741 0.01838144550990011
0.0751 6378.668007216586 1.00006303920293 1.511944425447951 212.5579530921945 0.01781948315532318
0.0752 6378.70562240597 1.000062727702198 1.511849703211358 212.3134543611967 0.0172724504749535
0.07530000000000001 6378.743298448505 1.000062416959257 1.51175495967025 212.0685600847181 0.01674001776604528
0.07540000000000001 6378.781035359584 1.000062106974559 1.511660194883366 211.8232701627029 0.01622186085385246
0.0755 6378.818833154563 1.000061797748574 1.511565408908978 211.5775844953377 0.01571766103878246
0.0756 6378.856691848767 1.000061489281783 1.511470601804851 211.3315029830159 0.01522710504311069
0.0757 6378.894611457485 1.000061181574683 1.511375773628275 211.0850255263498 0.01474988495752774
0.07580000000000001 6378.932591995975 1.000060874627783 1.51128092443606 210.8381520261645 0.01428569818739698
0.07590000000000001 6378.970633479462 1.000060568441607 1.51118605428455 210.5908823834978 0.01383424739878933
0.076 6379.008735923138 1.000060263016691 1.511091163229632 210.3432164996065 0.01339524046430999
0.0761 6379.046899342162 1.000059958353585 1.510996251326729 210.095154275948 0.0129683904086821
0.0762 6379.085123751664 1.00005965445285 1.510901318630821 209.8466956141868 0.01255341535419045
0.07630000000000001 6379.12340916674 1.000059351315062 1.510806365196433 209.5978404161887 0.01215003846593697
0.07640000000000001 6379.161755602456 1.000059048940808 1.510711391077675 209.3485885840377 0.01175798789698352
0.0765 6379.200163073845 1.000058747330686 1.510616396328214 209.0989400200073 0.01137699673328447
0.0766 6379.238631595911 1.000058446485308 1.510521381001288 208.8488946265778 0.01100680293857844
0.0767 6379.277161183629 1.000058146405297 1.51042634514972 208.5984523064129 0.01064714929911511
0.07680000000000001 6379.31575185194 1.000057847091284 1.51033128882594 208.347612962389 0.01029778336837546
0.07690000000000001 6379.354403615759 1.000057548543917 1.510236212081956 208.0963764975658 0.009958457411636345
0.077 6379.393116489969 1.000057250763849 1.51014111496939 207.8447428152039 0.009628928350549638
0.0771 6379.431890489423 1.000056953751748 1.51004599753946 207.5927118187532 0.009308957707642012
0.07720000000000001 6379.470725628947 1.00005665750829 1.509950859843008 207.3402834118468 0.008998311550801955
0.07730000000000001 6379.509621923337 1.000056362034162 1.50985570193049 207.0874574983071 0.008696760437774734
0.07740000000000001 6379.548579387362 1.000056067330059 1.509760523852012 206.8342339821455 0.00840407936065702
0.0775 6379.587598035759 1.000055773396688 1.509665325657295 206.5806127675686 0.008120047690420847
0.0776 6379.626677883239 1.000055480234764 1.509570107395698 206.3265937589484 0.007844449121435941
0.07770000000000001 6379.665818944486 1.000055187845011 1.509474869116234 206.0721768608404 0.007577071616099322
0.07780000000000001 6379.705021234156 1.000054896228162 1.509379610867584 205.817361977989 0.007317707349515884
0.0779 6379.744284766874 1.000054605384958 1.50928433269806 205.5621490153161 0.007066152654241259
0.078 6379.783609557243 1.000054315316149 1.509189034655672 205.306537877921 0.006822207965133045
0.0781 6379.822995619835 1.000054026022493 1.509093716788069 205.0505284710742 0.006585677764305081
0.07820000000000001 6379.862442969195 1.000053737504753 1.508998379142618 204.7941207002299 0.006356370526220541
0.07830000000000001 6379.901951619847 1.000053449763704 1.508903021766331 204.5373144709955 0.006134098662883362
0.0784 6379.94152158628 1.000053162800126 1.50880764470593 204.2801096891798 0.005918678469246642
0.0785 6379.981152882964 1.000052876614803 1.508712248007848 204.0225062607332 0.00570993006869013
0.0786 6380.020845524339 1.000052591208529 1.508616831718185 203.7645040917954 0.005507677358763795
0.07870000000000001 6380.060599524821 1.000052306582105 1.50852139588279 203.5061030886658 0.005311747957053619
0.07880000000000001 6380.100414898798 1.000052022736334 1.508425940547206 203.2473031578151 0.005121973147281013
0.0789 6380.140291660635 1.000051739672029 1.508330465756705 202.9881042058736 0.004938187825595396
0.079 6380.180229824671 1.000051457390005 1.508234971556269 202.7285061396373 0.004760230447103644
0.0791 6380.220229405219 1.000051175891086 1.508139457990635 202.4685088660793 0.004587942972637336
0.07920000000000001 6380.260290416568 1.000050895176097 1.508043925104275 202.208112292309 0.004421170815731178
0.07930000000000001 6380.300412872982 1.000050615245868 1.507948372941403 201.9473163256188 0.004259762789918175
0.0794 6380.340596788699 1.000050336101238 1.50785280154597 201.6861208734548 0.004103571056241776
0.0795 6380.380842177935 1.000050057743044 1.507757210961716 201.4245258434229 0.003952451071070855
0.0796 6380.42114905488 1.000049780172131 1.507661601232117 201.1625311432825 0.003806261534196799
0.07970000000000001 6380.4615174337 1.000049503389345 1.507565972400419 200.9001366809529 0.003664864337237094
0.07980000000000001 6380.501947328537 1.000049227395537 1.507470324509663 200.6373423645126 0.003528124512344646
0.0799 6380.542438753509 1.000048952191559 1.507374657602639 200.3741481021942 0.00339591018123336
0.08 6380.58299172271 1.000048677778268 1.507278971721952 200.1105538023838 0.003268092504535763
0.08010000000000001 6380.623606250213 1.000048404156522 1.507183266909977 199.8465593736154 0.003144545631495673
0.08020000000000001 6380.664282350063 1.00004813132718 1.507087543208891 199.5821647245883 0.003025146650018615
0.08030000000000001 6380.705020036287 1.000047859291106 1.506991800660683 199.3173697641322 0.002909775537053148
0.0804 6380.745819322884 1.000047588049163 1.506896039307124 199.0521744012539 0.002798315109373519
0.0805 6380.786680223832 1.000047317602215 1.506800259189824 198.7865785450903 0.002690650974692302
0.08060000000000001 6380.827602753087 1.000047047951129 1.506704460350201 198.5205821049379 0.002586671483186669
0.08070000000000001 6380.868586924578 1.000046779096771 1.506608642829491 198.2541849902412 0.002486267679394352
0.08080000000000001 6380.909632752218 1.000046511040009 1.506512806668762 197.9873871105805 0.002389333254505616
0.0809 6380.950740249893 1.000046243781709 1.506416951908916 197.7201883756956 0.002295764499070424
0.081 6380.991909431466 1.000045977322739 1.506321078590699 197.4525886954742 0.002205460256101106
0.08110000000000001 6381.033140310779 1.000045711663965 1.50622518675468 197.1845879799342 0.002118321874589687
0.08120000000000001 6381.074432901653 1.000045446806254 1.506129276441302 196.916186139253 0.002034253163463135
0.0813 6381.115787217884 1.000045182750471 1.506033347690856 196.6473830837557 0.001953160345952418
0.0814 6381.157203273247 1.000044919497479 1.505937400543478 196.3781787238976 0.001874952014394797
0.0815 6381.198681081495 1.000044657048141 1.505841435039183 196.1085729702817 0.001799539085486729
0.08160000000000001 6381.24022065636 1.000044395403318 1.505745451217836 195.8385657336588 0.00172683475597597
0.08170000000000001 6381.281822011551 1.000044134563868 1.505649449119196 195.5681569249158 0.00165675445880087
0.0818 6381.323485160756 1.000043874530648 1.505553428782885 195.2973464550872 0.001589215819691211
0.0819 6381.365210117641 1.000043615304513 1.505457390248408 195.0261342353318 0.001524138614219676
0.082 6381.40699689585 1.000043356886312 1.505361333555161 194.7545201769739 0.001461444725333333
0.08210000000000001 6381.448845509006 1.000043099276894 1.50526525874244 194.4825041914618 0.001401058101333055
0.08220000000000001 6381.490755970709 1.000042842477104 1.50516916584942 194.2100861903917 0.001342904714340707
0.0823 6381.532728294541 1.000042586487782 1.505073054915183 193.9372660854841 0.001286912519231247
0.0824 6381.57476249406 1.000042331309768 1.504976925978715 193.664043788613 0.001233011413055265
0.0825 6381.616858582803 1.000042076943892 1.504880779078917 193.3904192117824 0.001181133194932359
0.08260000000000001 6381.659016574286 1.000041823390984 1.504784614254597 193.1163922671443 0.001131211526438068
0.08270000000000001 6381.701236482002 1.00004157065187 1.504688431544481 192.8419628669866 0.001083181892472598
0.0828 6381.743518319428 1.000041318727366 1.504592230987222 192.5671309237154 0.001036981562619261
0.0829 6381.785862100016 1.00004106761829 1.504496012621382 192.2918963498963 0.0009925495530052121
0.083 6381.828267837198 1.000040817325448 1.504399776485476 192.0162590582135 0.000949826588642258
0.08310000000000001 6381.870735544384 1.000040567849645 1.504303522617938 191.7402189615044 0.0009087550662764468
0.08320000000000001 6381.913265234965 1.000040319191678 1.504207251057136 191.463775972731 0.0008692790177247005
0.0833 6381.955856922308 1.000040071352339 1.504110961841398 191.186930004997 0.0008313440737176316
0.0834 6381.998510619763 1.000039824332413 1.504014655008969 190.9096809715419 0.0007948974282384675
0.08350000000000001 6382.041226340657 1.000039578132679 1.503918330598073 190.6320287857296 0.0007598878033621087
0.08360000000000001 6382.084004098297 1.000039332753907 1.50382198864687 190.3539733610718 0.0007262654145999682
0.08370000000000001 6382.126843905968 1.000039088196864 1.503725629193469 190.07551461121 0.0006939819367410398
0.0838 6382.169745776936 1.000038844462307 1.503629252275956 189.796652449916 0.0006629904701972674
0.0839 6382.212709724445 1.000038601550986 1.503532857932374 189.5173867911093 0.000633245507852563
0.08400000000000001 6382.255735761719 1.000038359463644 1.503436446200727 189.2377175488276 0.0006047029024082222
0.08410000000000001 6382.298823901961 1.000038118201014 1.503340017118998 188.9576446372565 0.0005773198342359395
0.08420000000000001 6382.341974158353 1.000037877763824 1.503243570725134 188.6771679707057 0.0005510547797257425
0.0843 6382.385186544059 1.000037638152792 1.503147107057059 188.3962874636148 0.0005258674801368385
0.0844 6382.42846107222 1.000037399368627 1.503050626152686 188.1150030305715 0.0005017189109480175
0.08450000000000001 6382.471797755956 1.00003716141203 1.502954128049905 187.8333145862874 0.0004785712517018881
0.08460000000000001 6382.515196608368 1.000036924283693 1.502857612786596 187.5512220456102 0.0004563878563484952
0.0847 6382.558657642535 1.000036687984297 1.502761080400624 187.2687253235234 0.0004351332240824156
0.0848 6382.602180871516 1.000036452514517 1.502664530929843 186.9858243351467 0.0004147729706727263
0.0849 6382.64576630835 1.000036217875016 1.502567964412112 186.7025189957238 0.0003952738002831263
0.08500000000000001 6382.689413966057 1.000035984066448 1.502471380885275 186.4188092206285 0.0003766034777822916
0.08510000000000001 6382.733123857633 1.000035751089456 1.502374780387189 186.1346949253883 0.0003587308015418362
0.0852 6382.776895996054 1.000035518944673 1.502278162955713 185.8501760256489 0.0003416255767146436
0.0853 6382.820730394278 1.000035287632724 1.502181528628702 185.565252437192 0.000325258588998442
0.0854 6382.864627065241 1.00003505715422 1.502084877444025 185.2799240759354 0.0003096015788770955
0.08550000000000001 6382.908586021858 1.000034827509764 1.501988209439566 184.9941908579207 0.0002946272163373924
0.08560000000000001 6382.952607277024 1.000034598699946 1.501891524653223 184.7080526993435 0.0002803090760611034
0.0857 6382.996690843615 1.000034370725345 1.5017948231229 184.4215095165058 0.0002666216130829917
0.0858 6383.040836734483 1.000034143586531 1.501698104886539 184.1345612258632 0.0002535401389203175
0.0859 6383.085044962461 1.00003391728406 1.501601369982083 183.8472077440014 0.0002410407981619414
0.08600000000000001 6383.129315540364 1.000033691818478 1.50150461844751 183.5594489876361 0.0002291005455183833
0.08610000000000001 6383.173648480982 1.000033467190316 1.501407850320823 183.271284873619 0.0002176971233281135
0.0862 6383.218043797087 1.000033243400098 1.501311065640043 182.982715318938 0.0002068090395157827
0.0863 6383.262501501429 1.000033020448333 1.501214264443232 182.6937402407106 0.0001964155459985588
0.08640000000000001 6383.30702160674 1.000032798335516 1.501117446768488 182.4043595561906 0.0001864966175372197
0.08650000000000001 6383.351604125728 1.000032577062132 1.501020612653928 182.1145731827677 0.000177032931027158
0.08660000000000001 6383.396249071083 1.000032356628653 1.500923762137719 181.8243810379616 0.0001680058452251496
0.0867 6383.440956455473 1.000032137035538 1.500826895258053 181.5337830394282 0.0001593973809081234
0.0868 6383.485726291543 1.000031918283233 1.500730012053173 181.2427791049707 0.0001511902014592239
0.08690000000000001 6383.530558591922 1.00003170037217 1.500633112561359 180.9513691525052 0.0001433675938752094
0.08700000000000001 6383.575453369215 1.000031483302768 1.500536196820939 180.6595531001011 0.0001359134501941162
0.08710000000000001 6383.620410636007 1.000031267075435 1.500439264870271 180.3673308659521 0.0001288122493343018
