0 6365.5 1.000336004459227 1.568958407826084 298.15 16.79321648505981
0.0001 6365.501201756362 1.000335945726207 1.568888945478158 298.1421885836456 16.78539811811396
0.0002 6365.502447729388 1.00033588484562 1.568819496092829 298.1340897589765 16.77729544093828
0.0003 6365.503737910866 1.000335821819318 1.568750058078376 298.1257035793695 16.76890886913317
0.0004 6365.505072293597 1.000335756649153 1.568680629977107 298.1170300916218 16.76023882425603
0.0005 6365.50645087131 1.000335689336985 1.568611210447936 298.1080693364828 16.75128573433665
0.0006000000000000001 6365.507873638592 1.000335619884679 1.568541798251128 298.0988213491509 16.74205003435633
0.0007 6365.509340590818 1.000335548294114 1.568472392237282 298.0892861596811 16.73253216663762
0.0008 6365.510851724098 1.000335474567184 1.568402991335955 298.079463793364 16.72273258120374
0.0009000000000000001 6365.512407035222 1.000335398705797 1.568333594546947 298.0693542710559 16.71265173609012
0.001 6365.514006521621 1.000335320711884 1.568264200933115 298.0589576094634 16.70229009760791
0.0011 6365.515650181322 1.000335240587394 1.568194809612928 298.048273821409 16.69164814058917
0.0012 6365.517338012914 1.000335158334299 1.568125419755228 298.0373029160618 16.68072634859593
0.0013 6365.519070015518 1.000335073954598 1.568056030573417 298.0260448991324 16.66952521409336
0.0014 6365.520846188758 1.000334987450311 1.567986641322081 298.0144997730744 16.65804523862797
0.0015 6365.522666532731 1.000334898823489 1.567917251292068 298.0026675372491 16.64628693297004
0.0016 6365.524531047989 1.000334808076207 1.567847859807878 297.9905481880741 16.63425081723755
0.0017 6365.526439735513 1.000334715210573 1.567778466223834 297.9781417191647 16.62193742101374
0.0018 6365.528392596699 1.00033462022872 1.567709069922061 297.9654481214583 16.60934728344631
0.0019 6365.530389633335 1.000334523132816 1.567639670309721 297.9524673833206 16.59648095332848
0.002 6365.532430847591 1.000334423925058 1.567570266816771 297.9391994906581 16.58333898918518
0.0021 6365.534516241999 1.000334322607673 1.567500858894511 297.9256444270067 16.56992195933522
0.0022 6365.536645819441 1.000334219182924 1.56743144601349 297.9118021736321 16.5562304419646
0.0023 6365.53881958314 1.000334113653105 1.567362027662055 297.8976727095891 16.54226502515814
0.0024 6365.541037536643 1.000334006020544 1.567292603344843 297.883256011822 16.52802630697146
0.0025 6365.543299683815 1.000333896287603 1.567223172581898 297.8685520552002 16.51351489543814
0.0026 6365.545606028829 1.000333784456677 1.567153734907295 297.8535608126125 16.49873140863459
0.0027 6365.547956576154 1.000333670530198 1.567084289867722 297.8382822549969 16.48367647468019
0.0028 6365.550351330552 1.00033355451063 1.56701483702253 297.8227163514115 16.46835073177765
0.0029 6365.552790297063 1.000333436400476 1.566945375941683 297.8068630690876 16.45275482823523
0.003 6365.555273481004 1.000333316202271 1.566875906206234 297.7907223734713 16.43688942247675
0.0031 6365.55780088796 1.000333193918589 1.566806427406683 297.7742942282588 16.42075518304525
0.0032 6365.560372523779 1.000333069552038 1.566736939142442 297.7575785954376 16.40435278861181
0.0033 6365.562988394563 1.000332943105262 1.566667441021854 297.7405754353403 16.38768292799552
0.0034 6365.565648506667 1.000332814580944 1.566597932661034 297.7232847066674 16.37074630015364
0.0035 6365.56835286669 1.0003326839818 1.566528413683745 297.7057063665178 16.35354361417719
0.0036 6365.571101481472 1.000332551310587 1.566458883720586 297.6878403704294 16.33607558929744
0.0037 6365.573894358093 1.000332416570095 1.56638934240894 297.6696866723972 16.31834295486873
0.0038 6365.576731503859 1.000332279763153 1.566319789392385 297.6512452249148 16.30034645037378
0.0039 6365.57961292631 1.000332140892627 1.566250224320445 297.6325159789857 16.2820868253996
0.004 6365.582538633207 1.00033199996142 1.566180646848129 297.6134988841535 16.26356483963014
0.0041 6365.585508632534 1.000331856972474 1.566111056635584 297.5941938885311 16.2447812628384
0.004200000000000001 6365.58852293249 1.000331711928765 1.566041453348302 297.5746009388125 16.22573687486059
0.0043 6365.591581541492 1.000331564833308 1.565971836656202 297.5547199803026 16.20643246558709
0.0044 6365.594684468167 1.000331415689158 1.565902206233611 297.5345509569169 16.18686883492411
0.004500000000000001 6365.597831721348 1.000331264499404 1.565832561759371 297.5140938112407 16.16704679281214
0.0046 6365.601023310078 1.000331111267174 1.565762902916202 297.4933484844941 16.14696715915212
0.0047 6365.604259243601 1.000330955995635 1.565693229390667 297.472314916596 16.12663076382842
0.0048 6365.607539531362 1.00033079868799 1.565623540872981 297.4509930461476 16.10603844665119
0.0049 6365.610864183007 1.00033063934748 1.565553837057037 297.429382810455 16.08519105733816
0.005 6365.614233208375 1.000330477977383 1.565484117639752 297.4074841455653 16.0640894555073
0.0051 6365.6176466175 1.000330314581017 1.565414382321603 297.3852969862486 16.04273451061751
0.005200000000000001 6365.62110442061 1.000330149161735 1.565344630805919 297.3628212660336 16.02112710196017
0.0053 6365.624606628122 1.00032998172293 1.565274862798871 297.3400569172076 15.99926811861596
0.0054 6365.628153250641 1.000329812268031 1.565205078009618 297.3170038708339 15.97715845942817
0.005500000000000001 6365.631744298959 1.000329640800505 1.56513527615002 297.2936620567642 15.95479903296971
0.0056 6365.635379784054 1.000329467323858 1.565065456934378 297.27003140365 15.93219075750977
0.0057 6365.639059717084 1.000329291841632 1.564995620079663 297.2461118389546 15.90933456097969
0.005800000000000001 6365.642784109392 1.000329114357407 1.564925765305121 297.2219032889528 15.88623138092718
0.0059 6365.6465529725 1.000328934874801 1.564855892332425 297.1974056787493 15.8628821644869
0.006 6365.650366318108 1.000328753397469 1.564786000885323 297.1726189322957 15.83928786835042
0.0061 6365.654224158096 1.000328569929104 1.564716090689926 297.147542972379 15.81544945870754
0.006200000000000001 6365.658126504514 1.000328384473436 1.564646161474313 297.1221777206573 15.79136791123211
0.0063 6365.662073369593 1.000328197034232 1.564576212968557 297.0965230976475 15.76704421102228
0.0064 6365.666064765732 1.000328007615297 1.564506244904826 297.0705790227434 15.74247935256831
0.006500000000000001 6365.670100705505 1.000327816220474 1.564436257017022 297.0443454142154 15.71767433970311
0.0066 6365.674181201657 1.000327622853641 1.564366249041052 297.0178221892287 15.69263018556892
0.0067 6365.678306267101 1.000327427518715 1.564296220714426 296.9910092638428 15.66734791256682
0.006800000000000001 6365.68247591492 1.000327230219649 1.564226171776629 296.9639065530176 15.64182855231121
0.006900000000000001 6365.686690158363 1.000327030960434 1.564156101968529 296.9365139706432 15.61607314560603
0.007 6365.690949010845 1.000326829745097 1.564086011032957 296.9088314295099 15.59008274236487
0.0071 6365.695252485948 1.000326626577701 1.564015898714251 296.880858841338 15.56385840158614
0.007200000000000001 6365.699600597417 1.00032642146235 1.56394576475814 296.8525961167896 15.53740119131105
0.0073 6365.703993359161 1.000326214403179 1.563875608912114 296.8240431654511 15.51071218855328
0.0074 6365.708430785251 1.000326005404363 1.563805430925025 296.7951998958682 15.4837924792781
0.007500000000000001 6365.712912889919 1.000325794470113 1.563735230547283 296.7660662155284 15.45664315833109
0.0076 6365.717439687557 1.000325581604676 1.563665007530609 296.7366420308789 15.42926532939956
0.0077 6365.722011192717 1.000325366812336 1.563594761628278 296.7069272473381 15.40166010496784
0.007800000000000001 6365.726627420109 1.000325150097411 1.563524492594834 296.6769217692898 15.37382860625564
0.007900000000000001 6365.731288384603 1.00032493146426 1.563454200186038 296.6466255000777 15.3457719631559
0.008 6365.735994101223 1.000324710917273 1.563383884159328 296.6160383420519 15.31749131422145
0.0081 6365.74074458515 1.000324488460877 1.563313544273125 296.5851601965222 15.28898780656359
0.008200000000000001 6365.745539851722 1.000324264099538 1.563243180287247 296.5539909638054 15.2602625958376
0.0083 6365.750379916429 1.000324037837754 1.563172791962785 296.5225305432131 15.23131684617319
0.008400000000000001 6365.755264794914 1.000323809680062 1.56310237906196 296.4907788330578 15.20215173012075
0.008500000000000001 6365.760194502976 1.00032357963103 1.563031941348385 296.458735730659 15.17276842859715
0.0086 6365.765169056563 1.000323347695266 1.56296147858672 296.4264011323429 15.14316813082562
0.008700000000000001 6365.770188471775 1.000323113877412 1.562890990542821 296.3937749334604 15.11335203429137
0.008800000000000001 6365.775252764865 1.000322878182143 1.562820476983805 296.3608570283808 15.08332134467506
0.0089 6365.780361952232 1.000322640614172 1.562749937677901 296.3276473104924 15.05307727579121
0.009000000000000001 6365.785516050427 1.000322401178245 1.56267937239443 296.2941456722255 15.02262104954768
0.0091 6365.790715076148 1.000322159879143 1.562608780903892 296.260352005041 14.99195389587236
0.0092 6365.795959046241 1.000321916721685 1.562538162977758 296.2262661994363 14.96107705265548
0.009300000000000001 6365.801247977699 1.000321671710719 1.562467518388841 296.1918881449568 14.92999176569683
0.0094 6365.80658188766 1.000321424851131 1.562396846910853 296.1572177302081 14.89869928865245
0.0095 6365.81196079341 1.000321176147842 1.56232614831864 296.1222548428322 14.86720088294879
0.009600000000000001 6365.817384712379 1.000320925605805 1.562255422388149 296.0869993695368 14.83549781774449
0.0097 6365.822853662138 1.000320673230009 1.562184668896345 296.0514511961018 14.80359136987019
0.0098 6365.828367660407 1.000320419025474 1.562113887621323 296.0156102073551 14.7714828237415
0.009900000000000001 6365.833926725044 1.000320162997258 1.562043078342011 295.9794762872142 14.73917347132974
0.01 6365.839530874051 1.00031990515045 1.561972240838651 295.9430493186686 14.70666461207921
0.0101 6365.845180125572 1.000319645490173 1.561901374892273 295.9063291837796 14.67395755283998
0.0102 6365.850874497894 1.000319384021583 1.56183048028509 295.869315763692 14.64105360781075
0.0103 6365.856614009438 1.000319120749871 1.561759556800223 295.8320089386524 14.60795409848638
0.0104 6365.862398678771 1.00031885568026 1.56168860422187 295.7944085879907 14.57466035357353
0.0105 6365.868228524596 1.000318588818004 1.561617622335199 295.7565145901266 14.54117370892682
0.0106 6365.874103565754 1.000318320168395 1.561546610926363 295.7183268225989 14.50749550750545
0.0107 6365.880023821225 1.000318049736752 1.561475569782555 295.679845162036 14.47362709927711
0.0108 6365.885989310126 1.00031777752843 1.561404498691902 295.6410694841796 14.43956984116838
0.0109 6365.892000051708 1.000317503548816 1.561333397443569 295.6019996638964 14.40532509700425
0.011 6365.898056065362 1.000317227803329 1.561262265827608 295.5626355751487 14.37089423741088
0.0111 6365.90415737061 1.000316950297419 1.561191103635151 295.5229770910354 14.3362786397801
0.0112 6365.910303987112 1.00031667103657 1.561119910658218 295.4830240837749 14.30147968818175
0.0113 6365.916495934659 1.000316390026295 1.561048686689907 295.4427764247165 14.26649877330134
0.0114 6365.922733233178 1.000316107272143 1.560977431524112 295.4022339843403 14.23133729236701
0.0115 6365.929015902728 1.000315822779689 1.560906144955895 295.3613966322695 14.19599664908635
0.0116 6365.935343963498 1.000315536554545 1.560834826781091 295.3202642372638 14.16047825356732
0.0117 6365.941717435812 1.000315248602349 1.560763476796623 295.2788366672202 14.12478352224403
0.0118 6365.948136340123 1.000314958928774 1.560692094800336 295.2371137892018 14.08891387782747
0.0119 6365.954600697012 1.000314667539521 1.560620680590991 295.1950954694206 14.05287074921498
0.012 6365.961110527194 1.000314374440324 1.560549233968362 295.1527815732374 14.01665557141477
0.0121 6365.967665851513 1.000314079636946 1.560477754733109 295.1101719651673 13.98026978547511
0.0122 6365.974266690936 1.000313783135181 1.560406242686934 295.0672665089159 13.94371483843813
0.0123 6365.980913066564 1.000313484940852 1.560334697632375 295.0240650673312 13.90699218322272
0.0124 6365.987604999624 1.000313185059814 1.560263119373051 294.9805675024458 13.8701032785826
0.0125 6365.994342511466 1.00031288349795 1.560191507713409 294.9367736754701 13.83304958902371
0.0126 6366.001125623571 1.000312580261174 1.560119862458928 294.8926834467874 13.79583258472117
0.0127 6366.007954357543 1.000312275355429 1.560048183415983 294.8482966759706 13.75845374145596
0.0128 6366.01482873511 1.000311968786687 1.559976470391932 294.8036132217829 13.72091454053611
0.0129 6366.021748778127 1.000311660560949 1.559904723195033 294.7586329421719 13.68321646871256
0.013 6366.02871450857 1.000311350684246 1.559832941634595 294.7133556942926 13.64536101811953
0.0131 6366.035725948541 1.000311039162636 1.559761125520746 294.6677813344844 13.60734968617475
0.0132 6366.042783120261 1.000310726002208 1.559689274664646 294.6219097183065 13.56918397552885
0.0133 6366.049886046075 1.000310411209076 1.559617388878378 294.5757407005139 13.53086539396493
0.0134 6366.057034748449 1.000310094789387 1.559545467974973 294.5292741350812 13.49239545433725
0.0135 6366.06422924997 1.000309776749311 1.559473511768436 294.482509875197 13.45377567448487
0.0136 6366.071469573345 1.00030945709505 1.559401520073624 294.4354477732576 13.41500757714504
0.0137 6366.078755741401 1.00030913583283 1.559329492706544 294.3880876808966 13.37609268989551
0.0138 6366.086087777081 1.000308812968907 1.559257429483947 294.3404294489732 13.33703254506224
0.0139 6366.09346570345 1.000308488509564 1.559185330223595 294.2924729275723 13.29782867963658
0.014 6366.100889543691 1.000308162461109 1.55911319474428 294.2442179660101 13.25848263519701
0.0141 6366.1083593211 1.00030783482988 1.559041022865726 294.1956644128521 13.21899595784009
0.0142 6366.115875059092 1.00030750562224 1.558968814408502 294.1468121159013 13.1793701980869
0.0143 6366.123436781199 1.000307174844579 1.558896569194245 294.0976609222097 13.13960691080849
0.0144 6366.131044511066 1.000306842503311 1.55882428704556 294.0482106780727 13.09970765513658
0.0145 6366.138698272454 1.000306508604879 1.558751967785939 293.9984612290467 13.05967399439302
0.0146 6366.146398089239 1.000306173155752 1.558679611239831 293.9484124199493 13.01950749600462
0.0147 6366.154143985407 1.000305836162422 1.558607217232749 293.8980640948529 12.97920973141283
0.0148 6366.161935985061 1.000305497631409 1.558534785591046 293.8474160971031 12.93878227600221
0.0149 6366.169774112414 1.000305157569257 1.558462316142105 293.7964682693063 12.89822670900483
0.015 6366.177658391792 1.000304815982534 1.558389808714321 293.7452204533537 12.85754461343265
0.0151 6366.185588847628 1.000304472877837 1.558317263136904 293.6936724904152 12.81673757598608
0.0152 6366.193565504472 1.000304128261783 1.558244679240199 293.6418242209337 12.77580718696219
0.0153 6366.201588386978 1.000303782141016 1.558172056855446 293.5896754846425 12.73475504018152
0.0154 6366.209657519913 1.000303434522204 1.558099395814828 293.5372261205656 12.6935827329003
0.0155 6366.217772928149 1.000303085412037 1.558026695951574 293.4844759670294 12.6522918657319
0.0156 6366.22593463667 1.000302734817232 1.557953957099831 293.431424861645 12.61088404254461
0.0157 6366.234142670565 1.000302382744526 1.557881179094794 293.378072641326 12.56936087038717
0.0158 6366.242397055031 1.000302029200684 1.557808361772506 293.3244191422999 12.52772395940916
0.0159 6366.25069781537 1.000301674192489 1.557735504970117 293.2704642000971 12.48597492276275
0.016 6366.259044976988 1.000301317726751 1.557662608525757 293.2162076495796 12.44411537653631
0.0161 6366.267438565399 1.0003009598103 1.557589672278459 293.1616493249061 12.40214693963736
0.0162 6366.27587860622 1.000300600449991 1.557516696068292 293.1067890595731 12.36007123373473
0.0163 6366.284365125171 1.000300239652698 1.557443679736291 293.0516266863914 12.31788988315031
0.0164 6366.292898148076 1.000299877425321 1.557370623124541 292.9961620375037 12.27560451478234
0.0165 6366.301477700861 1.000299513774778 1.557297526076044 292.9403949444026 12.23321675802833
0.0166 6366.310103809554 1.000299148708011 1.557224388434852 292.8843252379005 12.19072824467173
0.0167 6366.318776500282 1.000298782231982 1.557151210045979 292.8279527481658 12.1481406088179
0.0168 6366.327495799277 1.000298414353677 1.557077990755443 292.7712773046986 12.1054554867849
0.0169 6366.336261732867 1.000298045080098 1.557004730410298 292.7142987363667 12.06267451703883
0.017 6366.34507432748 1.000297674418271 1.556931428858547 292.6570168713814 12.01979934008424
0.0171 6366.353933609643 1.000297302375243 1.556858085949236 292.5994315373217 11.97683159839002
0.0172 6366.362839605982 1.000296928958079 1.556784701532413 292.5415425611162 11.93377293628398
0.0173 6366.371792343218 1.000296554173865 1.556711275459131 292.4833497690846 11.89062499989138
0.0174 6366.380791848171 1.000296178029708 1.556637807581401 292.4248529868904 11.84738943700721
0.0175 6366.389838147755 1.000295800532731 1.556564297752354 292.3660520395941 11.80406789704298
0.0176 6366.398931268981 1.00029542169008 1.556490745826066 292.3069467516237 11.76066203091189
0.0177 6366.408071238954 1.000295041508918 1.556417151657625 292.2475369467983 11.71717349095319
0.0178 6366.417258084874 1.000294659996427 1.556343515103172 292.1878224483161 11.67360393083028
0.0179 6366.426491834035 1.000294277159809 1.556269836019834 292.1278030787724 11.62995500545021
0.018 6366.43577251382 1.000293893006281 1.556196114265813 292.0674786601716 11.58622837087864
0.0181 6366.445100151708 1.000293507543082 1.556122349700252 292.0068490138968 11.54242568422463
0.0182 6366.454474775269 1.000293120777466 1.556048542183416 291.9459139607524 11.49854860357675
0.0183 6366.463896412162 1.000292732716706 1.555974691576539 291.8846733209451 11.4545987878961
0.0184 6366.47336509014 1.000292343368092 1.555900797741884 291.823126914091 11.41057789692648
0.0185 6366.48288083704 1.000291952738929 1.555826860542813 291.7612745592381 11.36648759111691
0.0186 6366.492443680793 1.000291560836542 1.555752879843637 291.6991160748438 11.32232953151021
0.0187 6366.502053649417 1.000291167668272 1.555678855509726 291.6366512787917 11.27810537966115
0.0188 6366.511710771016 1.000290773241475 1.555604787407507 291.5738799883978 11.23381679754582
0.0189 6366.521415073782 1.000290377563523 1.55553067540451 291.5108020204169 11.18946544747104
0.019 6366.531166585995 1.000289980641804 1.555456519369166 291.4474171910359 11.14505299197517
0.0191 6366.540965336016 1.000289582483723 1.555382319171079 291.383725315898 11.10058109374967
0.0192 6366.550811352297 1.000289183096699 1.555308074680848 291.3197262100729 11.05605141552326
0.0193 6366.56070466337 1.000288782488166 1.555233785770084 291.2554196880982 11.01146561999562
0.0194 6366.570645297851 1.000288380665573 1.55515945231154 291.1908055639677 10.96682536973372
0.0195 6366.580633284441 1.000287977636384 1.555085074178932 291.1258836511314 10.92213232707643
0.0196 6366.590668651924 1.000287573408077 1.555010651247074 291.0606537624952 10.87738815403914
0.0197 6366.600751429161 1.000287167988142 1.554936183391849 290.9951157104509 10.83259451223844
0.0198 6366.6108816451 1.000286761384087 1.55486167049015 290.9292693068522 10.78775306278037
0.0199 6366.621059328765 1.00028635360343 1.554787112420016 290.8631143630267 10.74286546617281
0.02 6366.631284509262 1.000285944653703 1.554712509060422 290.7966506897996 10.69793338224586
0.0201 6366.641557215774 1.000285534542451 1.554637860291503 290.7298780974696 10.65295847004004
0.0202 6366.651877477565 1.000285123277233 1.55456316599445 290.6627963958275 10.60794238772252
0.0203 6366.662245323973 1.000284710865618 1.554488426051505 290.5954053941731 10.56288679250318
0.0204 6366.672660784418 1.000284297315189 1.554413640345942 290.527704901286 10.51779334051896
0.0205 6366.683123888391 1.000283882633541 1.554338808762189 290.4596947254612 10.47266368676175
0.0206 6366.693634665462 1.000283466828279 1.55426393118567 290.3913746744969 10.42749948497469
0.0207 6366.704193145276 1.000283049907021 1.554189007502911 290.3227445557067 10.38230238756404
0.0208 6366.71479935755 1.000282631877395 1.554114037601543 290.2538041759252 10.3370740455073
0.0209 6366.725453332077 1.00028221274704 1.554039021370221 290.1845533415025 10.29181610825342
0.021 6366.736155098721 1.000281792523606 1.553963958698738 290.1149918583154 10.24653022363475
0.0211 6366.746904687419 1.000281371214753 1.553888849477893 290.0451195317741 10.20121803777511
0.0212 6366.757702128182 1.00028094882815 1.55381369359964 289.9749361668154 10.15588119499014
0.0213 6366.768547451087 1.000280525371478 1.553738490956981 289.9044415679331 10.11052133771075
0.0214 6366.779440686285 1.000280100852426 1.553663241444004 289.8336355391479 10.06514010636823
0.0215 6366.790381863994 1.000279675278692 1.553587944955885 289.762517884037 10.01973913931773
0.0216 6366.801371014503 1.000279248657983 1.553512601388884 289.6910884057287 9.974320072738868
0.0217 6366.812408168169 1.000278820998015 1.553437210640388 289.6193469069016 9.928884540540196
0.0218 6366.823493355414 1.000278392306511 1.553361772608827 289.5472931898088 9.883434174278801
0.0219 6366.83462660673 1.000277962591205 1.553286287193743 289.4749270562542 9.837970603049964
0.022 6366.845807952673 1.000277531859836 1.553210754295767 289.4022483076277 9.792495453414249
0.0221 6366.857037423863 1.000277100120151 1.553135173816645 289.3292567448879 9.747010349291113
0.0222 6366.86831505099 1.000276667379905 1.553059545659179 289.2559521685674 9.701516911867609
0.0223 6366.879640864802 1.00027623364686 1.552983869727314 289.1823343787854 9.656016759510772
0.0224 6366.891014896114 1.000275798928783 1.552908145926076 289.1084031752588 9.610511507680052
0.0225 6366.902437175801 1.000275363233451 1.552832374161563 289.0341583572907 9.565002768825222
0.0226 6366.913907734804 1.000274926568642 1.552756554341014 288.9595997237765 9.519492152295504
0.0227 6366.92542660412 1.000274488942143 1.552680686372763 288.8847270732211 9.473981264255947
0.0228 6366.93699381481 1.000274050361747 1.552604770166262 288.8095402037337 9.428471707589466
0.0229 6366.948609397993 1.000273610835251 1.552528805632006 288.7340389130449 9.382965081813381
0.023 6366.96027338485 1.000273170370457 1.552452792681639 288.6582229984773 9.337462982967622
0.0231 6366.971985806616 1.000272728975171 1.552376731227947 288.5820922569932 9.291967003549381
0.0232 6366.983746694588 1.000272286657206 1.552300621184741 288.5056464851763 9.246478732408715
0.0233 6366.995556080118 1.000271843424375 1.552224462467031 288.428885479232 9.200999754655104
0.0234 6367.007413994614 1.000271399284499 1.552148254990871 288.3518090350111 9.155531651578221
0.0235 6367.019320469541 1.000270954245399 1.55207199867345 288.274416947986 9.110076000540811
0.0236 6367.031275536416 1.000270508314903 1.551995693433041 288.1967090132979 9.064634374913666
0.0237 6367.043279226814 1.000270061500837 1.551919339189097 288.1186850257099 9.019208343955137
0.0238 6367.055331572362 1.000269613811035 1.551842935862113 288.0403447796479 8.973799472742956
0.0239 6367.067432604738 1.000269165253329 1.551766483373736 287.9616880692009 8.928409322081887
0.024 6367.079582355676 1.000268715835555 1.551689981646728 287.8827146881093 8.883039448404896
0.0241 6367.091780856956 1.000268265565552 1.551613430604929 287.8034244297882 8.837691403695017
0.0242 6367.104028140413 1.000267814451158 1.551536830173331 287.7238170873155 8.792366735387054
0.0243 6367.116324237933 1.000267362500213 1.551460180278051 287.6438924534385 8.747066986279771
0.0244 6367.128669181446 1.000266909720559 1.551383480846273 287.5636503206027 8.701793694461662
0.0245 6367.141063002936 1.000266456120038 1.551306731806364 287.4830904809168 8.656548393200128
0.0246 6367.153505734431 1.000266001706491 1.551229933087781 287.4022127261995 8.611332610877726
0.0247 6367.165997408008 1.000265546487761 1.551153084621069 287.3210168479508 8.566147870885365
0.0248 6367.178538055789 1.000265090471691 1.551076186337925 287.2395026373687 8.520995691542435
0.0249 6367.191127709946 1.00026463366612 1.550999238171174 287.15766988535 8.475877586007288
0.025 6367.203766402691 1.00026417607889 1.55092224005471 287.0755183825075 8.430795062197793
0.0251 6367.216454166282 1.000263717717841 1.550845191923608 286.9930479191647 8.385749622699112
0.0252 6367.229191033023 1.00026325859081 1.550768093714052 286.9102582853492 8.340742764671948
0.0253 6367.241977035257 1.000262798705634 1.550690945363305 286.8271492708285 8.295775979783626
0.0254 6367.254812205371 1.000262338070146 1.550613746809809 286.7437206650865 8.250850754107272
0.0255 6367.267696575795 1.000261876692179 1.550536497993063 286.659972257335 8.205968568040721
0.0256 6367.280630178997 1.000261414579562 1.550459198853754 286.5759038365198 8.161130896222526
0.0257 6367.293613047487 1.000260951740122 1.550381849333637 286.4915151913327 8.116339207451421
0.0258 6367.306645213816 1.000260488181682 1.550304449375607 286.4068061101992 8.071594964593599
0.0259 6367.319726710567 1.000260023912062 1.550226998923703 286.3217763813144 8.026899624515382
0.026 6367.33285757037 1.000259558939078 1.550149497923027 286.2364257925955 7.982254637972638
0.0261 6367.346037825886 1.000259093270541 1.550071946319883 286.1507541317409 7.937661449556617
0.0262 6367.359267509814 1.00025862691426 1.54999434406163 286.0647611862067 7.893121497596595
0.0263 6367.37254665489 1.000258159878038 1.549916691096777 285.9784467432127 7.84863621407854
0.0264 6367.385875293883 1.000257692169672 1.549838987374942 285.8918105897595 7.804207024570225
0.0265 6367.399253459599 1.000257223796956 1.549761232846877 285.8048525126059 7.7598353481255
0.0266 6367.412681184877 1.000256754767677 1.54968342746443 285.7175722982973 7.715522597216351
0.0267 6367.426158502588 1.000256285089616 1.549605571180606 285.6299697331787 7.671270177656105
0.0268 6367.439685445635 1.000255814770549 1.549527663949488 285.5420446033758 7.627079488508114
0.0269 6367.453262046953 1.000255343818244 1.549449705726306 285.4537966948077 7.582951922010006
0.027 6367.466888339509 1.000254872240465 1.549371696467422 285.3652257931925 7.538888863495331
0.0271 6367.4805643563 1.000254400044966 1.549293636130275 285.2763316840473 7.494891691312738
0.0272 6367.494290130352 1.000253927239495 1.549215524673442 285.1871141527116 7.450961776757325
0.0273 6367.508065694719 1.000253453831794 1.549137362056612 285.0975729843243 7.407100483979054
0.0274 6367.521891082485 1.000252979829594 1.549059148240602 285.0077079638467 7.363309169915087
0.0275 6367.53576632676 1.000252505240621 1.548980883187343 284.9175188760627 7.319589184210898
0.0276 6367.549691460678 1.000252030072589 1.548902566859878 284.8270055055908 7.275941869147626
0.0277 6367.563666517405 1.000251554333208 1.548824199222335 284.7361676368663 7.23236855955573
0.0278 6367.577691530129 1.000251078030175 1.548745780240003 284.6450050541647 7.18887058274916
0.0279 6367.59176653206 1.000250601171178 1.548667309879278 284.5535175416079 7.145449258451397
0.028 6367.605891556437 1.000250123763898 1.548588788107626 284.4617048831582 7.102105898716435
0.0281 6367.620066636519 1.000249645816005 1.548510214893658 284.36956686263 7.058841807858775
0.0282 6367.634291805586 1.000249167335157 1.548431590207107 284.27710326369 7.015658282378354
0.0283 6367.648567096943 1.000248688329004 1.548352914018761 284.184313869869 6.972556610891579
0.0284 6367.662892543915 1.000248208805184 1.548274186300566 284.0911984645558 6.929538074054668
0.0285 6367.677268179846 1.000247728771324 1.548195407025574 283.9977568310031 6.886603944493107
0.0286 6367.691694038103 1.000247248235041 1.548116576167877 283.9039887523339 6.84375548673171
0.0287 6367.706170152067 1.000246767203938 1.548037693702779 283.8098940115646 6.800993957133266
0.0288 6367.720696555141 1.000246285685608 1.547958759606598 283.7154723915813 6.758320603816183
0.0289 6367.735273280746 1.000245803687632 1.547879773856755 283.6207236751524 6.715736666589077
0.029 6367.749900362316 1.000245321217577 1.547800736431854 283.5256476449453 6.67324337688848
0.0291 6367.764577833305 1.000244838282999 1.54772164731151 283.4302440835153 6.630841957703893
0.0292 6367.77930572718 1.00024435489144 1.547642506476473 283.334512773329 6.588533623519335
0.0293 6367.794084077424 1.000243871050429 1.547563313908603 283.2384534967467 6.546319580237106
0.0294 6367.808912917532 1.000243386767482 1.547484069590818 283.1420660360399 6.504201025117994
0.0295 6367.823792281017 1.000242902050099 1.547404773507138 283.0453501733913 6.462179146714254
0.0296 6367.838722201399 1.000242416905769 1.547325425642705 282.948305690907 6.420255124808395
0.0297 6367.853702712215 1.000241931341965 1.547246025983706 282.8509323706043 6.378430130342406
0.0298 6367.86873384701 1.000241445366145 1.547166574517445 282.7532299944354 6.336705325363013
0.0299 6367.883815639341 1.000240958985752 1.547087071232311 282.6551983442818 6.295081862954798
0.03 6367.898948122775 1.000240472208215 1.547007516117767 282.5568372019656 6.253560887181654
0.0301 6367.914131330886 1.000239985040947 1.546927909164352 282.4581463492381 6.212143533018906
0.0302 6367.929365297262 1.000239497491345 1.5468482503637 282.3591255677974 6.170830926298698
0.0303 6367.944650055492 1.00023900956679 1.546768539708543 282.2597746393002 6.129624183653429
0.0304 6367.959985639178 1.000238521274647 1.54668877719261 282.1600933453441 6.088524412447669
0.0305 6367.975372081924 1.000238032622263 1.546608962810807 282.0600814674912 6.047532710728021
0.0306 6367.990809417343 1.000237543616972 1.546529096559038 281.9597387872681 6.006650167163826
0.0307 6368.006297679052 1.000237054266085 1.546449178434322 281.8590650861601 5.965877860986315
0.0308 6368.021836900673 1.000236564576902 1.546369208434688 281.7580601456228 5.925216861935733
0.0309 6368.037427115831 1.000236074556701 1.546289186559325 281.6567237471003 5.884668230211505
0.031 6368.053068358155 1.000235584212744 1.54620911280836 281.5550556719949 5.844233016404192
0.0311 6368.068760661275 1.000235093552273 1.546128987183122 281.453055701715 5.803912261459007
0.0312 6368.084504058825 1.000234602582514 1.546048809685872 281.3507236176396 5.763706996607061
0.0313 6368.100298584438 1.000234111310673 1.545968580320003 281.2480592011533 5.723618243325582
0.0314 6368.116144271749 1.000233619743939 1.545888299089932 281.1450622336291 5.683647013277887
0.0315 6368.132041154392 1.000233127889477 1.545807966001149 281.0417324964518 5.643794308270383
0.0316 6368.147989266001 1.000232635754439 1.545727581060155 280.9380697709943 5.604061120192012
0.0317 6368.163988640206 1.000232143345952 1.545647144274545 280.834073838659 5.564448430979601
0.0318 6368.18003931064 1.000231650671126 1.545566655652912 280.7297444808427 5.524957212554498
0.03190000000000001 6368.196141310927 1.000231157737049 1.545486115204907 280.6250814789772 5.485588426789403
0.032 6368.21229467469 1.000230664550791 1.545405522941237 280.5200846145184 5.44634302545569
0.0321 6368.22849943555 1.000230171119399 1.545324878873613 280.4147536689278 5.407221950169575
0.0322 6368.24475562712 1.000229677449901 1.5452441830148 280.3090884237203 5.368226132363388
0.0323 6368.261063283009 1.000229183549301 1.545163435378583 280.2030886604401 5.329356493231122
0.0324 6368.277422436821 1.000228689424584 1.545082635979758 280.0967541606614 5.290613943683833
0.0325 6368.29383312215 1.000228195082714 1.54500178483419 279.9900847060229 5.251999384318744
0.0326 6368.310295372586 1.00022770053063 1.544920881958706 279.8830800781933 5.213513705363349
0.0327 6368.326809221709 1.000227205775252 1.544839927371184 279.7757400588943 5.175157786641984
0.0328 6368.34337470309 1.000226710823476 1.544758921090516 279.6680644299125 5.13693249753883
0.0329 6368.359991850293 1.000226215682176 1.544677863136583 279.560052973094 5.098838696955443
0.033 6368.376660696869 1.000225720358202 1.544596753530297 279.4517054703496 5.060877233273441
0.0331 6368.393381276362 1.000225224858382 1.544515592293574 279.3430217036492 5.023048944313963
0.0332 6368.410153622301 1.000224729189521 1.54443437944928 279.2340014550458 4.985354657308337
0.0333 6368.426977768204 1.0002242333584 1.544353115021369 279.1246445066748 4.947795188861285
0.0334 6368.443853747578 1.000223737371776 1.544271799034691 279.0149506407428 4.910371344911087
0.0335 6368.460781593917 1.000223241236383 1.544190431515159 278.9049196395389 4.873083920698836
0.03360000000000001 6368.477761340699 1.000222744958929 1.544109012489637 278.7945512854589 4.835933700742489
0.0337 6368.494793021389 1.000222248546099 1.544027541985986 278.6838453609693 4.798921458791869
0.0338 6368.511876669439 1.000221752004554 1.543946020033032 278.572801648649 4.76204795781056
0.0339 6368.52901231828 1.000221255340928 1.543864446660583 278.4614199311835 4.72531394994268
0.034 6368.546200001331 1.000220758561832 1.543782821899432 278.3496999913467 4.688720176476876
0.0341 6368.563439751994 1.00022026167385 1.543701145781318 278.2376416120368 4.652267367828786
0.0342 6368.580731603654 1.000219764683543 1.543619418338958 278.1252445762524 4.615956243505
0.0343 6368.598075589674 1.000219267597443 1.543537639606025 278.0125086671222 4.579787512085344
0.0344 6368.615471743402 1.000218770422058 1.543455809617148 277.8994336678874 4.543761871190762
0.0345 6368.632920098165 1.000218273163871 1.543373928407909 277.7860193619248 4.507880007465494
0.0346 6368.650420687273 1.000217775829336 1.54329199601483 277.6722655327238 4.472142596545139
0.0347 6368.667973544011 1.000217278424883 1.543210012475397 277.5581719639275 4.436550303046274
0.03480000000000001 6368.685578701646 1.000216780956913 1.543127977828032 277.4437384393031 4.401103780534637
0.0349 6368.703236193422 1.000216283431803 1.543045892112051 277.3289647427595 4.365803671509234
0.035 6368.720946052561 1.0002157858559 1.542963755367768 277.2138506583536 4.330650607383626
0.0351 6368.738708312262 1.000215288235525 1.542881567636388 277.0983959702961 4.295645208468181
0.0352 6368.756523005702 1.000214790576972 1.542799328960031 276.9826004629393 4.260788083947957
0.03530000000000001 6368.774390166032 1.000214292886506 1.542717039381747 276.8664639207954 4.226079831870578
0.0354 6368.792309826379 1.000213795170366 1.542634698945523 276.7499861285359 4.191521039129678
0.0355 6368.810282019846 1.000213297434761 1.542552307696201 276.6331668710039 4.157112281452855
0.0356 6368.828306779509 1.000212799685873 1.54246986567959 276.5160059331905 4.122854123380185
0.0357 6368.846384138418 1.000212301929856 1.542387372942347 276.3985031002816 4.088747118264602
0.0358 6368.864514129596 1.000211804172835 1.542304829532068 276.2806581576286 4.05479180825066
0.0359 6368.882696786038 1.000211306420905 1.542222235497198 276.1624708907547 4.02098872426483
0.036 6368.900932140711 1.000210808680134 1.542139590887128 276.0439410853777 3.9873383860118
0.0361 6368.919220226556 1.00021031095656 1.542056895752068 275.9250685273872 3.953841301958235
0.0362 6368.93756107648 1.000209813256192 1.541974150143143 275.8058530028796 3.920497969334396
0.0363 6368.955954723365 1.000209315585009 1.541891354112346 275.6862942981287 3.887308874118355
0.0364 6368.974401200059 1.000208817948962 1.541808507712521 275.5663921996151 3.854274491037896
0.03650000000000001 6368.992900539382 1.000208320353971 1.541725610997385 275.4461464940144 3.821395283561818
0.0366 6369.011452774123 1.000207822805927 1.541642664021537 275.3255569682036 3.788671703897257
0.0367 6369.030057937034 1.000207325310689 1.541559666840383 275.204623409278 3.756104192991161
0.0368 6369.048716060842 1.000206827874089 1.541476619510201 275.0833456045283 3.723693180521605
0.0369 6369.067427178235 1.000206330501925 1.541393522088142 274.9617233414755 3.691439084906079
0.03700000000000001 6369.08619132187 1.000205833199969 1.541310374632112 274.8397564078476 3.659342313294909
0.0371 6369.10500852437 1.000205335973958 1.541227177200953 274.7174445915974 3.627403261576807
0.0372 6369.123878818323 1.000204838829602 1.541143929854254 274.5947876809022 3.595622314380695
0.0373 6369.142802236283 1.000204341772577 1.541060632652465 274.4717854641639 3.563999845078595
0.0374 6369.161778810764 1.000203844808529 1.540977285656853 274.3484377300327 3.532536215795609
0.0375 6369.180808574251 1.000203347943075 1.54089388892947 274.2247442673719 3.501231777405773
0.0376 6369.199891559186 1.000202851181798 1.54081044253319 274.1007048652926 3.470086869547157
0.0377 6369.219027797979 1.000202354530251 1.540726946531711 273.976319313137 3.439101820624402
0.0378 6369.238217322999 1.000201857993955 1.540643400989481 273.8515874005069 3.408276947824195
0.0379 6369.257460166577 1.000201361578399 1.540559805971772 273.7265089172528 3.377612557121347
0.038 6369.276756361005 1.000200865289042 1.540476161544634 273.6010836534673 3.347108943287517
0.0381 6369.296105938539 1.00020036913131 1.54039246777488 273.4753113994974 3.316766389905344
0.03820000000000001 6369.315508931391 1.000199873110595 1.54030872473013 273.349191945956 3.286585169383496
0.0383 6369.334965371738 1.000199377232261 1.540224932478729 273.2227250837044 3.256565542965676
0.0384 6369.354475291711 1.000198881501638 1.540141091089808 273.0959106038816 3.226707760751984
0.0385 6369.374038723403 1.000198385924022 1.540057200633254 272.968748297881 3.197012061708629
0.0386 6369.393655698866 1.000197890504678 1.539973261179717 272.8412379573737 3.167478673689888
0.03870000000000001 6369.413326250106 1.00019739524884 1.539889272800546 272.7133793743086 3.138107813455454
0.0388 6369.433050409092 1.000196900161708 1.539805235567882 272.5851723409008 3.108899686686155
0.0389 6369.452828207746 1.00019640524845 1.539721149554564 272.4566166496492 3.079854488007523
0.039 6369.472659677947 1.000195910514199 1.539637014834185 272.327712093342 3.050972401011586
0.0391 6369.492544851532 1.000195415964058 1.539552831481028 272.1984584650398 3.022253598274413
0.0392 6369.512483760293 1.000194921603096 1.539468599570121 272.0688555580986 2.993698241383993
0.0393 6369.532476435975 1.000194427436349 1.539384319177169 271.9389031661639 2.965306480962475
0.0394 6369.552522910281 1.00019393346882 1.539299990378626 271.808601083177 2.937078456692071
0.0395 6369.572623214865 1.00019343970548 1.539215613251594 271.6779491033807 2.909014297341941
0.0396 6369.592777381336 1.000192946151264 1.539131187873909 271.5469470213133 2.881114120793558
0.0397 6369.612985441259 1.000192452811077 1.539046714324055 271.4155946318145 2.85337803406965
0.0398 6369.633247426149 1.000191959689788 1.538962192681216 271.2838917300318 2.825806133364138
0.03990000000000001 6369.653563367474 1.000191466792234 1.538877623025241 271.1518381114196 2.798398504071802
0.04 6369.673933296655 1.000190974123219 1.538793005436651 271.0194335717459 2.771155220820207
0.0401 6369.694357245063 1.000190481687513 1.53870833999663 270.8866779070921 2.744076347501391
0.0402 6369.714835244023 1.000189989489852 1.538623626786992 270.7535709138527 2.717161937304567
0.0403 6369.735367324809 1.000189497534939 1.538538865890231 270.6201123887416 2.690412032751048
0.04040000000000001 6369.755953518646 1.000189005827442 1.538454057389467 270.4863021288037 2.663826665731274
0.0405 6369.776593856708 1.000188514371999 1.538369201368442 270.3521399313971 2.637405857536951
0.0406 6369.79728837012 1.000188023173209 1.538284297911555 270.2176255942171 2.611149618902421
0.0407 6369.818037089956 1.000187532235642 1.5381993471038 270.082758915284 2.585057950039955
0.0408 6369.838840047239 1.000187041563832 1.538114349030793 269.9475396929491 2.559130840679564
0.0409 6369.859697272938 1.00018655116228 1.53802930377877 269.8119677259009 2.533368270109742
0.041 6369.880608797975 1.000186061035451 1.537944211434564 269.6760428131646 2.507770207218028
0.04110000000000001 6369.901574653215 1.00018557118778 1.537859072085586 269.5397647541025 2.482336610532562
0.0412 6369.922594869473 1.000185081623665 1.537773885819868 269.4031333484257 2.457067428266795
0.0413 6369.94366947751 1.000184592347472 1.537688652725991 269.2661483961823 2.431962598360745
0.0414 6369.964798508035 1.000184103363532 1.53760337289314 269.128809697775 2.407022048528683
0.0415 6369.985981991699 1.000183614676141 1.537518046411051 268.9911170539552 2.38224569630338
0.04160000000000001 6370.007219959105 1.000183126289565 1.537432673370035 268.8530702658176 2.357633449081363
0.0417 6370.028512440797 1.000182638208033 1.537347253860945 268.7146691348229 2.333185204174392
0.0418 6370.049859467265 1.00018215043574 1.537261787975197 268.575913462775 2.308900848853407
0.0419 6370.071261068945 1.000181662976848 1.537176275804736 268.4368030518562 2.284780260403853
0.042 6370.092717276218 1.000181175835486 1.537090717442041 268.2973377045854 2.26082330616846
0.04210000000000001 6370.114228119406 1.000180689015748 1.537005112980148 268.1575172238603 2.237029843605372
0.0422 6370.135793628778 1.000180202521695 1.536919462512584 268.0173414129448 2.213399720337867
0.0423 6370.157413834544 1.000179716357352 1.536833766133395 267.8768100754636 2.189932774206099
0.0424 6370.179088766859 1.000179230526713 1.536748023937143 267.7359230154137 2.166628833322724
0.0425 6370.200818455822 1.000178745033737 1.536662236018879 267.5946800371588 2.143487716126421
0.0426 6370.22260293147 1.000178259882348 1.536576402474182 267.4530809454467 2.12050923144019
0.0427 6370.244442223787 1.00017777507644 1.536490523399072 267.3111255453858 2.097693178523749
0.04280000000000001 6370.266336362695 1.000177290619869 1.536404598890071 267.1688136424808 2.075039347136406
0.0429 6370.288285378061 1.000176806516459 1.536318629044191 267.0261450426027 2.05254751759026
0.043 6370.31028929969 1.000176322770002 1.536232613958882 266.8831195520128 2.030217460812827
0.0431 6370.332348157332 1.000175839384255 1.536146553732067 266.7397369773447 2.008048938403927
0.0432 6370.354461980674 1.000175356362941 1.536060448462111 266.5959971256224 1.986041702698993
0.04330000000000001 6370.376630799344 1.00017487370975 1.535974298247832 266.4518998042657 1.964195496831278
0.0434 6370.398854642912 1.000174391428339 1.535888103188505 266.3074448210731 1.94251005479131
0.0435 6370.421133540886 1.000173909522332 1.535801863383808 266.1626319842388 1.920985101492586
0.0436 6370.443467522716 1.000173427995319 1.535715578933839 266.0174611023475 1.899620352834451
0.0437 6370.465856617787 1.000172946850856 1.535629249939139 265.8719319843857 1.878415515768422
0.0438 6370.488300855428 1.000172466092468 1.535542876500645 265.7260444397183 1.857370288360114
0.0439 6370.510800264904 1.000171985723645 1.535456458719695 265.579798278124 1.836484359860559
0.044 6370.533354875419 1.000171505747845 1.535369996698018 265.4331933097777 1.815757410770526
0.0441 6370.555964716114 1.000171026168492 1.535283490537752 265.2862293452621 1.795189112909875
0.0442 6370.578629816071 1.00017054698898 1.535196940341389 265.1389061955382 1.774779129481879
0.0443 6370.601350204308 1.000170068212666 1.535110346211811 264.9912236719987 1.75452711514984
0.0444 6370.62412590978 1.000169589842878 1.535023708252278 264.8431815864323 1.734432716102022
0.04450000000000001 6370.64695696138 1.00016911188291 1.534937026566374 264.6947797510296 1.714495570123161
0.0446 6370.669843387939 1.000168634336021 1.53485030125808 264.5460179783953 1.694715306667421
0.0447 6370.692785218224 1.000168157205444 1.534763532431684 264.3968960815417 1.675091546929659
0.0448 6370.715782480939 1.000167680494373 1.534676720191822 264.2474138738952 1.655623903918968
0.0449 6370.738835204725 1.000167204205973 1.534589864643489 264.0975711692898 1.636311982531354
0.04500000000000001 6370.761943418156 1.000166728343378 1.534502965891949 263.9473677819855 1.617155379626156
0.0451 6370.785107149746 1.000166252909686 1.53441602404285 263.7968035266498 1.598153684098532
0.0452 6370.808326427944 1.000165777907968 1.534329039202089 263.6458782183644 1.579306476955704
0.0453 6370.831601281133 1.00016530334126 1.534242011475889 263.4945916726364 1.560613331394525
0.0454 6370.854931737633 1.000164829212568 1.53415494097078 263.3429437053868 1.542073812876733
0.0455 6370.878317825699 1.000164355524865 1.53406782779356 263.1909341329564 1.52368747920706
0.0456 6370.90175957352 1.000163882281094 1.533980672051321 263.0385627721174 1.505453880612612
0.04570000000000001 6370.925257009221 1.000163409484165 1.533893473851417 262.8858294400619 1.487372559820004
0.0458 6370.948810160862 1.00016293713696 1.533806233301474 262.7327339543957 1.469443052133858
0.0459 6370.972419056438 1.000162465242326 1.533718950509384 262.5792761331562 1.45166488551867
0.046 6370.996083723875 1.000161993803084 1.533631625583252 262.4254557948124 1.434037580679092
0.0461 6371.019804191039 1.000161522822018 1.533544258631486 262.2712727582469 1.416560651138787
0.04620000000000001 6371.043580485724 1.000161052301888 1.533456849762687 262.116726842792 1.399233603325902
0.0463 6371.067412635664 1.000160582245419 1.533369399085703 261.9618178681875 1.382055936650342
0.0464 6371.091300668519 1.000160112655307 1.533281906709616 261.8065456546286 1.36502714359156
0.0465 6371.11524461189 1.000159643534219 1.53319437274368 261.6509100227125 1.348146709775671
0.0466 6371.13924449331 1.000159174884791 1.533106797297402 261.4949107934857 1.331414114064191
0.04670000000000001 6371.163300340243 1.000158706709629 1.533019180480471 261.3385477884202 1.314828828635438
0.0468 6371.187412180087 1.000158239011309 1.532931522402778 261.1818208294316 1.298390319070907
0.0469 6371.211580040175 1.000157771792379 1.532843823174375 261.0247297388609 1.282098044438329
0.047 6371.235803947771 1.000157305055357 1.532756082905535 260.8672743394867 1.265951457378338
0.0471 6371.260083930073 1.000156838802731 1.532668301706666 260.7094544545251 1.249950004190293
0.0472 6371.284420014211 1.000156373036962 1.532580479688344 260.5512699076297 1.234093124918551
0.0473 6371.308812227248 1.000155907760479 1.532492616961341 260.3927205228855 1.218380253438572
0.04740000000000001 6371.333260596181 1.000155442975685 1.532404713636534 260.2338061248269 1.202810817545774
0.0475 6371.357765147936 1.000154978684954 1.532316769824965 260.0745265384138 1.187384239040685
0.0476 6371.382325909377 1.000154514890632 1.532228785637819 259.9148815890497 1.172099933818573
0.0477 6371.406942907295 1.000154051595035 1.532140761186372 259.7548711025814 1.156957311957666
0.0478 6371.431616168416 1.000153588800453 1.53205269658208 259.594494905299 1.141955777807717
0.04790000000000001 6371.456345719397 1.000153126509148 1.531964591936478 259.4337528239183 1.127094730077303
0.048 6371.481131586829 1.000152664723354 1.53187644736119 259.2726446856103 1.112373561925847
0.0481 6371.505973797232 1.000152203445278 1.531788262968003 259.1111703179894 1.097791661052071
0.0482 6371.530872377062 1.000151742677099 1.531700038868732 258.9493295490955 1.083348409782292
0.0483 6371.555827352703 1.000151282420971 1.531611775175318 258.7871222074299 1.069043185163798
0.04840000000000001 6371.580838750472 1.000150822679019 1.531523471999776 258.6245481219311 1.054875359053154
0.0485 6371.60590659662 1.000150363453342 1.531435129454187 258.4616071219692 1.040844298206436
0.0486 6371.631030917328 1.000149904746015 1.531346747650697 258.2982990373697 1.026949364372265
0.0487 6371.656211738708 1.000149446559083 1.53125832670151 258.1346236984012 1.013189914381959
0.0488 6371.681449086804 1.000148988894568 1.531169866718903 257.970580935776 0.999565300240965
0.0489 6371.706742987593 1.000148531754465 1.531081367815159 257.8061705806434 0.9860748692200232
0.049 6371.732093466984 1.000148075140744 1.530992830102646 257.6413924646025 0.9727179639479883
0.04910000000000001 6371.757500550816 1.00014761905535 1.530904253693718 257.4762464196955 0.9594939225033587
0.0492 6371.78296426486 1.000147163500202 1.530815638700786 257.310732278408 0.946402078506474
0.0493 6371.808484634819 1.000146708477194 1.530726985236265 257.1448498736748 0.9334417612123317
0.0494 6371.834061686327 1.000146253988198 1.530638293412584 256.9785990388745 0.9206122956026046
0.0495 6371.85969544495 1.000145800035058 1.530549563342185 256.8119796078285 0.9079130024782741
0.04960000000000001 6371.885385936184 1.000145346619596 1.530460795137488 256.6449914148019 0.8953431985523751
0.0497 6371.911133185462 1.000144893743609 1.530371988910914 256.4776342944973 0.8829021965424128
0.0498 6371.936937218142 1.000144441408872 1.530283144774884 256.3099080820783 0.8705893052650535
0.0499 6371.962798059515 1.000143989617135 1.530194262841763 256.141812613152 0.858403829727779
0.05 6371.988715734807 1.000143538370124 1.530105343223922 255.9733477237568 0.8463450712211266
0.05010000000000001 6372.014690269172 1.000143087669544 1.530016386033679 255.8045132503806 0.8344123274131083
0.0502 6372.040721687699 1.000142637517077 1.529927391383295 255.6353090299548 0.8226048924419361
0.0503 6372.066810015406 1.000142187914381 1.529838359385008 255.4657348998597 0.8109220570096029
0.0504 6372.092955277243 1.000141738863092 1.529749290151 255.2957906979194 0.7993631084746432
0.0505 6372.119157498093 1.000141290364826 1.529660183793372 255.1254762623952 0.7879273309449144
0.0506 6372.14541670277 1.000140842421174 1.529571040424185 254.9547914319977 0.7766140053715593
0.0507 6372.171732916018 1.000140395033709 1.529481860155384 254.783736045881 0.7654224096417155
0.05080000000000001 6372.198106162517 1.000139948203979 1.529392643098875 254.6123099436367 0.7543518186712075
0.0509 6372.224536466878 1.000139501933514 1.529303389366462 254.4405129652936 0.7434015044975826
0.051 6372.25102385364 1.000139056223821 1.529214099069846 254.2683449513419 0.7325707363745441
0.0511 6372.277568347278 1.000138611076388 1.529124772320634 254.0958057426914 0.7218587808621673
0.0512 6372.304169972198 1.000138166492683 1.529035409230342 253.922895180713 0.7112649019222549
0.05130000000000001 6372.330828752738 1.000137722474151 1.528946009910349 253.7496131072033 0.7007883610087533
0.0514 6372.357544713169 1.00013727902222 1.528856574471942 253.5759593644024 0.6904284171613643
0.0515 6372.384317877692 1.000136836138299 1.52876710302626 253.4019337950052 0.6801843270985792
0.0516 6372.411148270443 1.000136393823774 1.528677595684331 253.2275362421209 0.6700553453074313
0.0517 6372.43803591549 1.000135952080017 1.528588052557038 253.0527665493136 0.6600407241379774
0.05180000000000001 6372.464980836833 1.000135510908377 1.528498473755108 252.8776245605849 0.650139713894084
0.0519 6372.491983058405 1.000135070310186 1.528408859389161 252.7021101203681 0.6403515629247475
0.05200000000000001 6372.519042604072 1.000134630286759 1.528319209569616 252.5262230735337 0.6306755177158793
0.0521 6372.546159497631 1.000134190839391 1.528229524406765 252.349963265396 0.62111082298183
0.0522 6372.573333762815 1.000133751969361 1.528139804010718 252.1733305417005 0.6116567217557131
0.0523 6372.600565423289 1.000133313677928 1.528050048491421 251.9963247486243 0.6023124554801397
0.0524 6372.627854502649 1.000132875966338 1.527960257958636 251.818945732782 0.5930772640979986
0.05250000000000001 6372.655201024428 1.000132438835815 1.527870432521962 251.64119334122 0.5839503861423228
0.0526 6372.682605012089 1.000132002287571 1.527780572290772 251.4630674214217 0.5749310588264867
0.0527 6372.710066489031 1.000131566322798 1.527690677374293 251.2845678212965 0.5660185181331896
0.0528 6372.737585478585 1.000131130942676 1.52760074788151 251.1056943891971 0.5572119989046178
0.0529 6372.765162004018 1.000130696148363 1.527510783921235 250.926446973884 0.5485107349296329
0.05300000000000001 6372.792796088528 1.000130261941008 1.527420785602041 250.7468254245672 0.5399139590344161
0.0531 6372.82048775525 1.00012982832174 1.527330753032319 250.5668295908762 0.5314209031692593
0.0532 6372.84823702725 1.000129395291676 1.52724068632021 250.3864593228722 0.5230307984970189
0.0533 6372.876043927532 1.000128962851916 1.527150585573653 250.2057144710419 0.5147428754803296
0.0534 6372.903908479031 1.000128531003546 1.527060450900323 250.0245948862979 0.5065563639687106
0.05350000000000001 6372.931830704619 1.000128099747639 1.526970282407692 249.8431004199782 0.4984704932852654
0.0536 6372.959810627101 1.000127669085253 1.526880080202987 249.6612309238407 0.4904844923127006
0.05370000000000001 6372.98784826922 1.000127239017433 1.526789844393159 249.4789862500687 0.4825975895794432
0.0538 6373.015943653651 1.000126809545208 1.526699575084941 249.2963662512715 0.474809013345039
0.0539 6373.044096803004 1.000126380669598 1.526609272384794 249.1133707804719 0.4671179916846003
0.054 6373.072307739828 1.000125952391608 1.526518936398909 248.9299996911185 0.4595237525738005
0.0541 6373.100576486604 1.000125524712229 1.526428567233244 248.7462528370737 0.4520255239723834
0.05420000000000001 6373.128903065751 1.000125097632443 1.526338164993442 248.5621300726197 0.4446225339079346
0.0543 6373.157287499623 1.000124671153216 1.526247729784903 248.3776312524523 0.4373140105586547
0.0544 6373.185729810509 1.000124245275506 1.526157261712728 248.1927562316931 0.4300991823363293
0.0545 6373.214230020637 1.000123820000257 1.526066760881747 248.0075048658599 0.4229772779671479
0.0546 6373.242788152169 1.000123395328402 1.525976227396497 247.8218770109019 0.4159475265745294
0.05470000000000001 6373.271404227205 1.000122971260865 1.525885661361208 247.6358725231702 0.4090091577588684
0.0548 6373.300078267782 1.000122547798555 1.525795062879834 247.4494912594181 0.4021614016778969
0.0549 6373.328810295872 1.000122124942376 1.525704432056002 247.2627330768304 0.3954034891275344
0.055 6373.357600333388 1.000121702693219 1.525613768993055 247.0755978329761 0.3887346516193373
0.0551 6373.386448402176 1.000121281051964 1.525523073794 246.8880853858558 0.3821541214608047
0.05520000000000001 6373.415354524023 1.000120860019482 1.525432346561555 246.7001955938484 0.3756611318314762
0.0553 6373.444318720653 1.000120439596637 1.525341587398098 246.5119283157586 0.3692549168619798
0.05540000000000001 6373.473341013727 1.000120019784282 1.52525079640569 246.3232834107752 0.3629347117093548
0.0555 6373.502421424846 1.00011960058326 1.525159973686064 246.1342607385008 0.3566997526341892
0.0556 6373.531559975548 1.000119181994408 1.525069119340626 245.9448601589401 0.3505492770756858
0.0557 6373.560756687309 1.000118764018553 1.524978233470431 245.7550815324938 0.3444825237262963
0.0558 6373.590011581546 1.000118346656513 1.524887316176228 245.564924719953 0.3384987326057055
0.05590000000000001 6373.619324679614 1.000117929909101 1.52479636755838 245.3743895825104 0.3325971451347036
0.056 6373.648696002808 1.000117513777121 1.524705387716927 245.1834759817492 0.3267770042076216
0.0561 6373.678125572361 1.00011709826137 1.524614376751563 244.9921837796545 0.3210375542648103
0.0562 6373.707613409447 1.000116683362636 1.524523334761611 244.8005128385956 0.3153780413635159
0.0563 6373.73715953518 1.000116269081704 1.524432261846049 244.6084630213321 0.3097977132487754
0.05640000000000001 6373.766763970613 1.00011585541935 1.524341158103486 244.4160341910136 0.3042958194234032
0.0565 6373.796426736742 1.000115442376343 1.524250023632179 244.2232262111742 0.2988716112170853
0.0566 6373.826147854503 1.000115029953449 1.524158858529999 244.0300389457319 0.2935243418549095
0.0567 6373.85592734477 1.000114618151425 1.524067662894455 243.8364722589953 0.2882532665253102
0.0568 6373.885765228361 1.000114206971025 1.523976436822686 243.6425260156569 0.2830576424469267
0.05690000000000001 6373.915661526034 1.000113796412997 1.523885180411451 243.4482000807819 0.277936728934559
0.057 6373.945616258489 1.000113386478083 1.523793893757122 243.2534943198197 0.2728897874649895
0.05710000000000001 6373.97562944637 1.000112977167022 1.523702576955707 243.0584085985978 0.2679160817415486
0.0572 6374.00570111026 1.000112568480547 1.523611230102797 242.8629427833106 0.2630148777577608
0.0573 6374.035831270686 1.000112160419387 1.523519853293617 242.6670967405424 0.2581854438610912
0.0574 6374.066019948117 1.000111752984269 1.523428446622994 242.4708703372384 0.2534270508145559
0.0575 6374.096267162966 1.000111346175913 1.523337010185357 242.2742634407217 0.2487389718587135
0.05760000000000001 6374.126572935586 1.000110939995038 1.523245544074748 242.0772759186883 0.2441204827722485
0.0577 6374.15693728628 1.000110534442358 1.523154048384797 241.8799076391828 0.2395708619313423
0.0578 6374.187360235286 1.000110129518585 1.523062523208731 241.6821584706398 0.2350893903697319
0.0579 6374.217841802793 1.000109725224428 1.522970968639388 241.484028281849 0.2306753518361423
0.058 6374.24838200893 1.000109321560594 1.522879384769179 241.2855169419544 0.2263280328517278
0.05810000000000001 6374.278980873773 1.000108918527785 1.522787771690124 241.0866243204786 0.2220467227671738
0.0582 6374.30963841734 1.000108516126705 1.522696129493818 240.8873502872929 0.2178307138177761
0.05830000000000001 6374.340354659596 1.000108114358054 1.522604458271441 240.6876947126233 0.2136793011784604
0.0584 6374.371129620452 1.000107713222528 1.522512758113772 240.4876574670624 0.2095917830180449
0.0585 6374.401963319762 1.000107312720826 1.522421029111149 240.2872384215456 0.2055674605519052
0.05860000000000001 6374.432855777328 1.000106912853642 1.522329271353524 240.0864374473689 0.2016056380946242
0.0587 6374.463807012895 1.000106513621672 1.52223748493038 239.8852544161831 0.1977056231112752
0.05880000000000001 6374.494817046158 1.000106115025609 1.522145669930824 239.6836891999759 0.1938667262676097
0.0589 6374.525885896755 1.000105717066146 1.5220538264435 239.4817416710956 0.1900882614801656
0.059 6374.557013584274 1.000105319743976 1.52196195455665 239.2794117022216 0.1863695459644665
0.0591 6374.588200128248 1.000104923059791 1.521870054358081 239.076699166388 0.1827099002833379
0.0592 6374.619445548159 1.000104527014283 1.521778125935165 238.8736039369659 0.1791086483935525
0.05930000000000001 6374.650749863435 1.000104131608147 1.521686169374839 238.670125887675 0.1755651176921185
0.0594 6374.682113093452 1.000103736842075 1.521594184763612 238.4662648925604 0.1720786390610395
0.0595 6374.713535257537 1.000103342716761 1.521502172187556 238.2620208260099 0.1686485469119014
0.0596 6374.745016374962 1.000102949232898 1.52141013173232 238.0573935627484 0.165274179229127
0.0597 6374.776556464949 1.000102556391185 1.521318063483098 237.8523829778318 0.1619548776123309
0.05980000000000001 6374.808155546669 1.000102164192316 1.521225967524654 237.6469889466529 0.1586899873179546
0.0599 6374.839813639243 1.000101772636991 1.52113384394131 237.4412113449238 0.1554788572996081
0.06000000000000001 6374.87153076174 1.000101381725908 1.521041692816962 237.2350500486936 0.1523208402480612
0.0601 6374.903306933181 1.000100991459771 1.520949514235037 237.0285049343246 0.1492152926296658
0.0602 6374.935142172536 1.000100601839282 1.520857308278547 236.8215758785162 0.1461615747245873
0.0603 6374.967036498726 1.000100212865146 1.520765075030045 236.6142627582811 0.1431590506633922
0.0604 6374.998989930622 1.000099824538073 1.520672814571642 236.4065654509572 0.1402070884632499
0.06050000000000001 6375.031002487046 1.000099436858772 1.520580526985015 236.1984838342013 0.1373050600629424
0.0606 6375.063074186771 1.000099049827957 1.520488212351398 235.9900177859898 0.1344523413570363
0.0607 6375.095205048523 1.000098663446342 1.520395870751556 235.7811671846006 0.1316483122288919
0.0608 6375.127395090979 1.000098277714647 1.520303502265831 235.5719319086364 0.1288923565833096
0.0609 6375.159644332769 1.000097892633594 1.520211106974115 235.3623118370018 0.1261838623776075
0.06100000000000001 6375.191952792474 1.000097508203908 1.520118684955847 235.1523068489204 0.1235222216523253
0.0611 6375.224320488627 1.000097124426318 1.520026236290024 234.9419168239232 0.1209068305606098
0.0612 6375.256747439718 1.000096741301554 1.519933761055203 234.731141641831 0.1183370893966183
0.0613 6375.289233664186 1.000096358830354 1.519841259329473 234.5199811827896 0.1158124026236507
0.0614 6375.321779180426 1.000095977013457 1.5197487311905 234.3084353272287 0.1133321789004132
0.06150000000000001 6375.354384006787 1.000095595851606 1.519656176715488 234.0965039558854 0.1108958311071541
0.0616 6375.38704816157 1.00009521534555 1.51956359598121 233.8841869497982 0.1085027763705141
0.06170000000000001 6375.419771663032 1.00009483549604 1.519470989063969 233.6714841902953 0.1061524360873975
0.0618 6375.452554529384 1.000094456303833 1.519378356039641 233.4583955590064 0.1038442359481927
0.0619 6375.485396778793 1.000094077769689 1.519285696983654 233.244920937845 0.101577605958747
0.062 6375.518298429382 1.000093699894376 1.519193011970971 233.0310602090143 0.09935198046169208
0.0621 6375.551259499228 1.000093322678662 1.519100301076145 232.8168132550189 0.09716679815690704
0.06220000000000001 6375.584280006363 1.000092946123323 1.519007564373243 232.6021799586414 0.0950215021207049
0.0623 6375.617359968777 1.000092570229139 1.518914801935929 232.3871602029479 0.09291553982442469
0.0624 6375.650499404416 1.000092194996896 1.518822013837394 232.1717538712945 0.09084836315211195
0.0625 6375.683698331183 1.000091820427385 1.518729200150393 231.955960847309 0.08881942841706769
0.0626 6375.716956766938 1.0000914465214 1.518636360947239 231.7397810149031 0.08682819637778892
0.06270000000000001 6375.750274729498 1.000091073279745 1.518543496299811 231.5232142582662 0.08487413225284121
0.06280000000000001 6375.783652236636 1.000090700703224 1.518450606279544 231.3062604618657 0.08295670573489693
0.0629 6375.817089306085 1.000090328792652 1.51835769095742 231.0889195104468 0.08107539100388553
0.063 6375.850585955535 1.000089957548846 1.51826475040401 230.8711912890207 0.07922966673916039
0.0631 6375.884142202636 1.000089586972629 1.518171784689423 230.6530756828646 0.07741901613089533
0.06320000000000001 6375.917758064996 1.000089217064833 1.518078793883341 230.4345725775278 0.07564292689065323
0.06330000000000001 6375.95143356018 1.000088847826292 1.517985778055007 230.2156818588313 0.07390089126103047
0.0634 6375.985168705715 1.000088479257849 1.517892737273234 229.9964034128506 0.0721924060242997
0.0635 6376.018963519086 1.000088111360352 1.517799671606404 229.7767371259387 0.07051697251052072
0.0636 6376.052818017739 1.000087744134654 1.51770658112246 229.5566828846971 0.06887409660438004
0.06370000000000001 6376.086732219078 1.000087377581616 1.517613465888917 229.3362405759934 0.06726328875154998
0.06380000000000001 6376.120706140469 1.000087011702105 1.517520325972872 229.1154100869493 0.06568406396397745
0.0639 6376.154739799239 1.000086646496993 1.517427161440984 228.8941913049465 0.06413594182446698
0.064 6376.188833212674 1.000086281967161 1.517333972359494 228.6725841176211 0.06261844649034545
0.0641 6376.222986398023 1.000085918113493 1.517240758794205 228.4505884128515 0.06113110669626591
0.06420000000000001 6376.257199372496 1.000085554936883 1.517147520810509 228.2282040787762 0.05967345575639207
0.06430000000000001 6376.291472153265 1.00008519243823 1.517054258473376 228.0054310037762 0.05824503156552877
0.0644 6376.325804757464 1.000084830618438 1.516960971847364 227.7822690764864 0.05684537659964259
0.0645 6376.360197202187 1.000084469478421 1.516867660996605 227.5587181857844 0.05547403791542781
0.06460000000000001 6376.394649504494 1.000084109019097 1.516774325984818 227.3347782207901 0.05413056714915909
0.06470000000000001 6376.429161681405 1.000083749241393 1.516680966875304 227.1104490708657 0.05281452051475597
0.0648 6376.463733749905 1.000083390146239 1.516587583730968 226.8857306256158 0.0515254588010681
0.0649 6376.498365726941 1.000083031734576 1.516494176614293 226.6606227748815 0.0502629473683549
0.065 6376.533057629426 1.000082674007349 1.516400745587357 226.4351254087286 0.04902655614397277
0.06510000000000001 6376.567809474233 1.000082316965512 1.516307290711843 226.2092384174829 0.04781585961756425
0.06520000000000001 6376.602621278202 1.000081960610022 1.516213812049019 225.982961691689 0.04663043683507368
0.0653 6376.637493058136 1.000081604941849 1.516120309659752 225.7562951221161 0.04546987139229077
0.0654 6376.672424830804 1.000081249961963 1.516026783604534 225.5292385997758 0.0443337514277147
0.0655 6376.707416612938 1.000080895671346 1.515933233943432 225.3017920159044 0.04322166961450905
0.06560000000000001 6376.742468421237 1.000080542070984 1.515839660736133 225.0739552619629 0.0421332231518361
0.06570000000000001 6376.777580272364 1.00008018916187 1.515746064041936 224.8457282296366 0.04106801375548251
0.0658 6376.812752182947 1.000079836945007 1.515652443919748 224.6171108108418 0.04002564764781181
0.0659 6376.847984169584 1.000079485421399 1.5155588004281 224.3881028977074 0.03900573554691801
0.066 6376.883276248834 1.000079134592063 1.515465133625115 224.1587043825811 0.03800789265521021
0.06610000000000001 6376.918628437225 1.000078784458019 1.515371443568567 223.9289151580409 0.03703173864734432
0.06620000000000001 6376.95404075125 1.000078435020294 1.515277730315829 223.6987351168722 0.03607689765733907
0.0663 6376.989513207373 1.000078086279923 1.515183993923911 223.4681641520787 0.0351429982651925
0.0664 6377.02504582202 1.000077738237947 1.515090234449437 223.2372021568712 0.03422967348275396
0.0665 6377.060638611587 1.000077390895414 1.514996451948684 223.0058490246851 0.03333656073907911
0.06660000000000001 6377.096291592437 1.000077044253378 1.514902646477542 222.7741046491568 0.03246330186499445
0.06670000000000001 6377.132004780901 1.000076698312901 1.514808818091541 222.5419689241415 0.03160954307720833
0.0668 6377.167778193279 1.00007635307505 1.514714966845862 222.3094417436895 0.03077493496165823
0.0669 6377.203611845836 1.000076008540899 1.514621092795305 222.0765230020637 0.02995913245641617
0.067 6377.23950575481 1.000075664711529 1.514527195994348 221.8432125937342 0.02916179483391752
0.06710000000000001 6377.275459936404 1.000075321588026 1.51443327649709 221.6095104133718 0.02838258568261539
0.06720000000000001 6377.311474406793 1.000074979171485 1.514339334357279 221.3754163558486 0.02762117288808918
0.0673 6377.347549182116 1.000074637463005 1.514245369628337 221.1409303162435 0.02687722861361436
0.0674 6377.38368427849 1.000074296463693 1.51415138236333 220.9060521898185 0.02615042928009189
0.0675 6377.419879711993 1.000073956174659 1.514057372614988 220.6707818720428 0.02544045554559294
0.06760000000000001 6377.456135498679 1.000073616597023 1.513963340435703 220.4351192585863 0.02474699228427963
0.06770000000000001 6377.492451654568 1.000073277731909 1.513869285877537 220.1990642453083 0.02406972856479646
0.0678 6377.528828195652 1.000072939580448 1.513775208992215 219.962616728263 0.0234083576282097
0.0679 6377.565265137894 1.000072602143775 1.513681109831139 219.7257766036881 0.02276257686540164
0.06800000000000001 6377.601762497227 1.000072265423033 1.513586988445379 219.4885437680222 0.02213208779406271
0.06810000000000001 6377.638320289556 1.000071929419369 1.513492844885708 219.250918117887 0.02151659603511166
0.0682 6377.674938530753 1.000071594133938 1.513398679202562 219.0128995501053 0.02091581128874822
0.0683 6377.711617236667 1.000071259567898 1.513304491446063 218.7744879616656 0.02032944730991719
0.0684 6377.748356423116 1.000070925722414 1.51321028166603 218.5356832497454 0.01975722188348432
0.06850000000000001 6377.78515610589 1.000070592598656 1.51311604991198 218.2964853117172 0.01919885679893111
0.06860000000000001 6377.822016300748 1.000070260197799 1.513021796233111 218.056894045137 0.01865407782458808
0.0687 6377.858937023426 1.000069928521024 1.512927520678332 217.8169093477321 0.01812261468146288
0.0688 6377.89591828963 1.000069597569516 1.512833223296252 217.5765311174072 0.01760420101671215
0.0689 6377.932960115037 1.000069267344466 1.512738904135188 217.3357592522619 0.01709857437674827
0.06900000000000001 6377.9700625153 1.00006893784707 1.512644563243172 217.0945936505499 0.0166054761798443
0.06910000000000001 6378.007225506042 1.000068609078528 1.512550200667935 216.8530342107255 0.01612465168856148
0.0692 6378.044449102861 1.000068281040044 1.512455816456949 216.6110808314028 0.01565584998163706
0.0693 6378.081733321327 1.000067953732829 1.512361410657385 216.3687334113732 0.01519882392565161
0.0694 6378.119078176984 1.000067627158096 1.512266983316148 216.1259918496056 0.01475333014632616
0.06950000000000001 6378.156483685349 1.000067301317063 1.512172534479886 215.8828560452342 0.01431912899947666
0.06960000000000001 6378.193949861912 1.000066976210954 1.512078064194945 215.6393258975708 0.01389598454170159
0.0697 6378.231476722141 1.000066651840995 1.511983572507432 215.3954013060865 0.01348366450071719
0.0698 6378.269064281472 1.000066328208416 1.511889059463194 215.15108217043 0.01308194024546605
0.0699 6378.306712555321 1.000066005314453 1.511794525107804 214.9063683904154 0.01269058675589632
0.07000000000000001 6378.344421559074 1.000065683160341 1.511699969486604 214.6612598660166 0.01230938259248599
0.07010000000000001 6378.382191308097 1.000065361747325 1.511605392644659 214.4157564973729 0.01193810986552998
0.0702 6378.420021817723 1.000065041076648 1.511510794626805 214.1698581848008 0.0115765542041889
0.0703 6378.457913103266 1.000064721149559 1.511416175477644 213.9235648287707 0.01122450472525013
0.0704 6378.495865180013 1.000064401967309 1.51132153524153 213.6768763299127 0.01088175400171162
0.07050000000000001 6378.533878063228 1.000064083531154 1.511226873962557 213.4297925890163 0.01054809803114292
0.07060000000000001 6378.571951768148 1.00006376584235 1.51113219168464 213.1823135070366 0.01022333620385156
0.0707 6378.610086309986 1.000063448902158 1.511037488451418 212.9344389850884 0.009907271270841444
0.0708 6378.648281703932 1.00006313271184 1.510942764306329 212.68616892444 0.009599709311591317
0.07090000000000001 6378.686537965152 1.000062817272661 1.510848019292595 212.4375032265137 0.009300459701671081
0.07100000000000001 6378.724855108785 1.00006250258589 1.510753253453203 212.1884417928972 0.009009335080211326
0.0711 6378.763233149949 1.000062188652795 1.510658466830945 211.9389845253317 0.008726151317194496
0.0712 6378.801672103737 1.000061875474648 1.510563659468403 211.6891313257123 0.008450727480621874
0.0713 6378.840171985218 1.000061563052723 1.510468831407942 211.438882096082 0.008182885803545431
0.07140000000000001 6378.87873280944 1.000061251388294 1.510373982691726 211.1882367386373 0.007922451650994091
0.07150000000000001 6378.917354591426 1.000060940482637 1.510279113361739 210.9371951557345 0.007669253486790283
0.0716 6378.956037346173 1.000060630337032 1.510184223459751 210.6857572498774 0.007423122840249882
0.0717 6378.99478108866 1.000060320952756 1.51008931302735 210.433922923712 0.007183894272801453
0.0718 6379.033585833839 1.00006001233109 1.509994382105938 210.1816920800437 0.006951405344549305
0.07190000000000001 6379.072451596643 1.000059704473314 1.509899430736734 209.92906462182 0.006725496580733774
0.07200000000000001 6379.111378391978 1.000059397380712 1.509804458960772 209.6760404521418 0.006506011438160865
0.0721 6379.15036623473 1.000059091054563 1.509709466818923 209.4226194742522 0.006292796271561166
0.0722 6379.189415139762 1.00005878549615 1.509614454351879 209.1688015915478 0.006085700299930077
0.0723 6379.228525121913 1.000058480706757 1.509519421600159 208.9145867075671 0.005884575572817819
0.07240000000000001 6379.267696196002 1.000058176687667 1.50942436860412 208.6599747259846 0.005689276936604928
0.07250000000000001 6379.306928376826 1.00005787344016 1.509329295403965 208.4049655506286 0.005499662000784594
0.0726 6379.346221679159 1.00005757096552 1.50923420203973 208.1495590854692 0.005315591104219354
0.0727 6379.385576117751 1.000057269265028 1.509139088551314 207.8937552346182 0.005136927281414514
0.0728 6379.424991707333 1.000056968339965 1.509043954978447 207.6375539023355 0.004963536228811471
0.07290000000000001 6379.464468462613 1.00005666819161 1.508948801360724 207.3809549930169 0.004795286271093689
0.07300000000000001 6379.504006398278 1.000056368821244 1.508853627737588 207.1239584111939 0.0046320483275351
0.0731 6379.543605528993 1.000056070230143 1.508758434148358 206.8665640615462 0.004473695878397942
0.0732 6379.5832658694 1.000055772419584 1.508663220632207 206.608771848901 0.004320104931372987
0.0733 6379.622987434123 1.000055475390842 1.508567987228175 206.3505816782039 0.004171153988062339
0.07340000000000001 6379.662770237761 1.000055179145189 1.508472733975186 206.091993454554 0.004026724010568711
0.07350000000000001 6379.702614294894 1.000054883683898 1.508377460912019 205.8330070831865 0.003886698388128174
0.0736 6379.742519620082 1.000054589008236 1.508282168077345 205.5736224694668 0.003750962903834684
0.0737 6379.78248622786 1.00005429511947 1.508186855509726 205.3138395189079 0.003619405701468599
0.0738 6379.822514132745 1.000054002018865 1.50809152324759 205.0536581371588 0.003491917252408661
0.07390000000000001 6379.862603349232 1.000053709707682 1.507996171329271 204.7930782299926 0.003368390322652189
0.07400000000000001 6379.902753891795 1.000053418187179 1.507900799792988 204.5320997033304 0.003248719939967079
0.0741 6379.942965774889 1.000053127458613 1.50780540867685 204.270722463223 0.003132803361145541
0.0742 6379.983239012944 1.000052837523235 1.50770999801888 204.0089464158635 0.003020540039401177
0.07430000000000001 6380.023573620375 1.000052548382294 1.50761456785699 203.746771467563 0.002911831591887045
0.07440000000000001 6380.063969611571 1.000052260037037 1.507519118229014 203.4841975247863 0.002806581767382295
0.0745 6380.104427000905 1.000051972488703 1.507423649172686 203.2212244941164 0.002704696414099149
0.0746 6380.144945802727 1.000051685738531 1.507328160725649 202.9578522822725 0.002606083447669189
0.0747 6380.185526031367 1.000051399787755 1.507232652925466 202.6940807961154 0.002510652819287509
0.07480000000000001 6380.226167701134 1.000051114637604 1.507137125809625 202.4299099426302 0.002418316484018215
0.07490000000000001 6380.266870826318 1.000050830289301 1.507041579415535 202.165339628932 0.002328988369285179
0.075 6380.307635421188 1.000050546744068 1.506946013780528 201.9003697622778 0.002242584343546511
0.0751 6380.348461499993 1.000050264003119 1.506850428941867 201.6350002500489 0.002159022185147317
0.0752 6380.389349076961 1.000049982067664 1.506754824936741 201.3692309997563 0.002078221551374739
0.07530000000000001 6380.430298166301 1.000049700938908 1.506659201802288 201.1030619190414 0.002000103947710593
0.07540000000000001 6380.471308782203 1.00004942061805 1.506563559575572 200.8364929156813 0.001924592697290899
0.0755 6380.512380938833 1.000049141106284 1.506467898293608 200.5695238975835 0.001851612910572476
0.0756 6380.553514650341 1.000048862404797 1.506372217993357 200.3021547727852 0.001781091455217239
0.0757 6380.594709930854 1.000048584514772 1.506276518711715 200.034385449448 0.001712956926195909
0.07580000000000001 6380.635966794483 1.000048307437384 1.506180800485538 199.7662158358634 0.001647139616120698
0.07590000000000001 6380.677285255313 1.000048031173804 1.506085063351638 199.4976458404648 0.00158357148580957
0.076 6380.718665327416 1.000047755725192 1.505989307346789 199.228675371798 0.001522186135075843
0.0761 6380.760107024839 1.000047481092706 1.505893532507706 198.9593043385447 0.001462918773770353
0.0762 6380.801610361612 1.000047207277494 1.505797738871086 198.6895326495227 0.001405706193061477
0.07630000000000001 6380.843175351743 1.0000469342807 1.505701926473579 198.4193602136678 0.001350486736959666
0.07640000000000001 6380.884802009223 1.000046662103457 1.505606095351809 198.148786940052 0.001297200274101738
0.0765 6380.926490348021 1.000046390746894 1.50551024554238 197.8778127378654 0.00124578816978366
0.0766 6380.968240382086 1.00004612021213 1.505414377081847 197.60643751644 0.00119619325826111
0.0767 6381.01005212535 1.000045850500277 1.505318490006765 197.3346611852261 0.00114835981530405
0.07680000000000001 6381.051925591722 1.000045581612439 1.505222584353657 197.0624836538099 0.001102233531025617
0.07690000000000001 6381.093860795093 1.000045313549713 1.505126660159032 196.7899048318958 0.001057761482974423
0.077 6381.135857749336 1.000045046313186 1.505030717459378 196.5169246293184 0.001014892109504875
0.0771 6381.1779164683 1.000044779903936 1.504934756291181 196.2435429560482 0.0009735751834219536
0.07720000000000001 6381.220036965819 1.000044514323036 1.504838776690907 195.9697597221797 0.0009337617859017891
0.07730000000000001 6381.262219255704 1.000044249571546 1.504742778695014 195.6955748379259 0.0008954042806946167
0.07740000000000001 6381.304463351748 1.000043985650518 1.504646762339976 195.4209882136414 0.0008584562886154503
0.0775 6381.346769267723 1.000043722560998 1.504550727662231 195.1459997597993 0.0008228726623139865
0.0776 6381.389137017384 1.000043460304017 1.504454674698244 194.8706093870027 0.0007886094613377031
0.07770000000000001 6381.431566614463 1.000043198880603 1.50435860348447 194.5948170059904 0.000755623927484106
0.07780000000000001 6381.474058072675 1.000042938291769 1.504262514057374 194.3186225276139 0.0007238744604415618
0.0779 6381.516611405714 1.00004267853852 1.504166406453423 194.0420258628604 0.0006933205937297196
0.078 6381.559226627255 1.000042419621852 1.504070280709098 193.7650269228415 0.0006639229709310428
0.0781 6381.601903750953 1.00004216154275 1.50397413686089 193.4876256188044 0.000635643322221879
0.07820000000000001 6381.644642790443 1.000041904302188 1.50387797494531 193.2098218621208 0.0006084444411992095
0.07830000000000001 6381.687443759341 1.000041647901132 1.503781794998869 192.9316155642863 0.000582290162008143
0.0784 6381.730306671243 1.000041392340533 1.503685597058117 192.6530066369209 0.0005571453367698427
0.0785 6381.773231539725 1.000041137621335 1.503589381159612 192.3739949917862 0.0005329758133122919
0.0786 6381.816218378344 1.00004088374447 1.503493147339935 192.0945805407622 0.000509748413199418
0.07870000000000001 6381.859267200638 1.000040630710858 1.503396895635693 191.8147631958531 0.00048743091006578
0.07880000000000001 6381.902378020122 1.000040378521409 1.50330062608352 191.5345428692048 0.0004659920082552418
0.0789 6381.945550850296 1.000040127177021 1.503204338720089 191.2539194730756 0.0004454013217595677
0.079 6381.988785704636 1.000039876678581 1.50310803358208 190.9728929198658 0.0004256293534654862
0.0791 6382.032082596601 1.000039627026963 1.503011710706229 190.6914631220938 0.0004066474747017192
0.07920000000000001 6382.075441539629 1.000039378223029 1.502915370129298 190.4096299924139 0.0003884279050930226
0.07930000000000001 6382.118862547138 1.000039130267632 1.502819011888073 190.1273934436048 0.0003709436927159982
0.0794 6382.162345632526 1.000038883161608 1.502722636019407 189.8447533885809 0.0003541686945600901
0.0795 6382.205890809173 1.000038636905786 1.502626242560157 189.561709740375 0.0003380775572899846
0.0796 6382.249498090437 1.000038391500979 1.502529831547259 189.2782624121618 0.0003226456983132555
0.07970000000000001 6382.293167489655 1.000038146947987 1.502433403017664 188.99441131724 0.0003078492871476979
0.07980000000000001 6382.33689902015 1.000037903247601 1.502336957008376 188.7101563690266 0.0002936652270909523
0.0799 6382.380692695218 1.000037660400596 1.50224049355645 188.4254974810864 0.0002800711371924673
0.08 6382.424548528138 1.000037418407734 1.502144012698984 188.1404345671025 0.0002670453345221319
0.08010000000000001 6382.468466532169 1.000037177269766 1.502047514473138 187.8549675408998 0.0002545668167402103
0.08020000000000001 6382.512446720551 1.000036936987427 1.50195099891611 187.5690963164215 0.0002426152449625632
0.08030000000000001 6382.556489106501 1.000036697561441 1.501854466065146 187.2828208077466 0.0002311709269240167
0.0804 6382.600593703218 1.000036458992518 1.501757915957569 186.9961409290844 0.0002202148004355752
0.0805 6382.644760523881 1.000036221281353 1.501661348630732 186.7090565947741 0.0002097284171353745
0.08060000000000001 6382.688989581649 1.000035984428629 1.501564764122066 186.4215677192791 0.0001996939265313826
0.08070000000000001 6382.733280889659 1.000035748435013 1.501468162469047 186.1336742172165 0.0001900940603356117
0.08080000000000001 6382.777634461028 1.000035513301161 1.501371543709221 185.8453760033157 0.0001809121170844464
0.0809 6382.822050308854 1.000035279027712 1.501274907880188 185.5566729924479 0.0001721319470482354
0.081 6382.866528446215 1.000035045615293 1.501178255019608 185.2675650996029 0.0001637379374240078
0.08110000000000001 6382.911068886167 1.000034813064514 1.501081585165218 184.9780522399177 0.0001557149978127324
0.08120000000000001 6382.955671641745 1.000034581375974 1.500984898354804 184.6881343286599 0.0001480485459759912
0.0813 6383.000336725965 1.000034350550253 1.500888194626228 184.3978112812268 0.0001407244938719493
0.0814 6383.045064151825 1.000034120587921 1.500791474017419 184.1070830131401 0.0001337292339677057
0.0815 6383.089853932296 1.000033891489531 1.500694736566368 183.8159494400751 0.0001270496258267127
0.08160000000000001 6383.134706080335 1.000033663255619 1.500597982311136 183.5244104778252 0.0001206729829664978
0.08170000000000001 6383.179620608873 1.000033435886711 1.500501211289864 183.2324660423259 0.000114587059987285
0.0818 6383.224597530824 1.000033209383312 1.500404423540753 182.9401160496426 0.0001087800399667636
0.0819 6383.269636859081 1.000032983745916 1.500307619102089 182.6473604159768 0.0001032405221196895
0.082 6383.314738606513 1.000032758975002 1.500210798012208 182.3541990576658 9.795750971917702e-005
0.08210000000000001 6383.359902785972 1.000032535071029 1.500113960309552 182.0606318911831 9.292039827715676e-005
0.08220000000000001 6383.405129410287 1.000032312034445 1.500017106032612 181.766658833138 8.811896398127649e-005
0.0823 6383.450418492265 1.000032089865682 1.499920235219958 181.4722798002757 8.354335238547632e-005
0.0824 6383.495770044698 1.000031868565153 1.499823347910257 181.1774947094658 7.9184067351243e-005
0.0825 6383.541184080348 1.000031648133258 1.499726444142229 180.8823034777373 7.503196023754366e-005
0.08260000000000001 6383.586660611964 1.000031428570382 1.499629523954684 180.5867060222375 7.107821933467626e-005
0.08270000000000001 6383.632199652267 1.00003120987689 1.499532587386508 180.2907022602616 6.731435954128e-005
0.0828 6383.677801213964 1.000030992053135 1.499435634476676 179.9942921092346 6.373221227978225e-005
0.0829 6383.723465309735 1.000030775099452 1.499338665264223 179.6974754867237 6.032391564832655e-005
0.083 6383.769191952241 1.000030559016159 1.499241679788286 179.4002523104317 5.708190480547752e-005
0.08310000000000001 6383.814981154122 1.00003034380356 1.499144678088066 179.1026224982096 5.399890258503524e-005
0.08320000000000001 6383.860832927994 1.000030129461942 1.499047660202857 178.8045859680382 5.106791033730617e-005
0.0833 6383.906747286456 1.000029915991572 1.498950626172038 178.5061426380343 4.828219899426295e-005
0.0834 6383.952724242083 1.000029703392707 1.498853576035059 178.2072924264625 4.563530035516897e-005
0.08350000000000001 6383.998763807427 1.00002949166558 1.498756509831468 177.9080352517234 4.312099858920125e-005
0.08360000000000001 6384.044865995023 1.000029280810414 1.498659427600875 177.6083710323536 4.073332195219658e-005
0.08370000000000001 6384.091030817378 1.000029070827412 1.498562329382996 177.3082996870434 3.846653471427542e-005
0.0838 6384.137258286984 1.000028861716758 1.498465215217628 177.0078211346071 3.63151292945832e-005
0.0839 6384.183548416305 1.000028653478624 1.498368085144653 176.7069352940188 3.427381860073862e-005
0.08400000000000001 6384.229901217788 1.000028446113161 1.498270939204017 176.4056420843766 3.233752856868283e-005
0.08410000000000001 6384.276316703857 1.000028239620507 1.498173777435786 176.1039414249325 3.050139090061344e-005
0.08420000000000001 6384.322794886911 1.000028034000777 1.498076599880093 175.8018332350802 2.876073599694436e-005
0.0843 6384.369335779332 1.000027829254075 1.497979406577154 175.4993174343434 2.711108607929914e-005
0.0844 6384.415939393476 1.000027625380485 1.497882197567286 175.1963939424057 2.554814850142702e-005
0.08450000000000001 6384.462605741678 1.000027422380073 1.497784972890881 174.8930626790924 2.406780924422371e-005
0.08460000000000001 6384.509334836253 1.000027220252888 1.497687732588423 174.5893235643529 2.266612659184929e-005
0.0847 6384.556126689491 1.000027018998964 1.497590476700482 174.2851765183081 2.133932498590349e-005
0.0848 6384.60298131366 1.000026818618315 1.497493205267716 173.9806214612089 2.008378905362465e-005
0.0849 6384.649898721008 1.000026619110938 1.497395918330871 173.6756583134483 1.889605780749897e-005
0.08500000000000001 6384.696878923758 1.000026420476813 1.497298615930778 173.3702869955727 1.777281901271179e-005
0.08510000000000001 6384.743921934113 1.000026222715903 1.497201298108362 173.0645074282646 1.671090371906031e-005
0.0852 6384.791027764251 1.000026025828151 1.497103964904628 172.7583195323663 1.57072809543293e-005
0.0853 6384.83819642633 1.000025829813486 1.497006616360672 172.4517232288557 1.475905257555032e-005
0.0854 6384.885427932483 1.000025634671816 1.496909252517682 172.1447184388588 1.38634482752011e-005
0.08550000000000001 6384.932722294822 1.000025440403033 1.49681187341693 171.8373050836552 1.301782073896685e-005
0.08560000000000001 6384.980079525436 1.000025247007011 1.49671447909977 171.5294830846664 1.221964095183764e-005
0.0857 6385.027499636391 1.000025054483606 1.496617069607656 171.2212523634615 1.146649364946099e-005
0.0858 6385.074982639729 1.000024862832656 1.496519644982122 170.9126128417637 1.075607291152807e-005
0.0859 6385.122528547472 1.000024672053981 1.496422205264796 170.6035644414318 1.008617789400494e-005
0.08600000000000001 6385.170137371618 1.000024482147384 1.496324750497375 170.2941070844844 9.454708697243397e-006
0.08610000000000001 6385.21780912414 1.000024293112649 1.496227280721672 169.9842406930878 8.859662366702073e-006
0.0862 6385.265543816991 1.000024104949543 1.496129795979565 169.6739651895563 8.299129023328445e-006
0.0863 6385.313341462099 1.000023917657813 1.496032296313031 169.3632804963576 7.771288120547102e-006
0.08640000000000001 6385.361202071368 1.000023731237192 1.495934781764124 169.0521865361073 7.274404824817459e-006
0.08650000000000001 6385.409125656681 1.00002354568739 1.495837252374995 168.740683231575 6.806826516828498e-006
0.08660000000000001 6385.457112229897 1.000023361008102 1.495739708187878 168.4287705056717 6.366979410339334e-006
0.0867 6385.505161802851 1.000023177199004 1.495642149245092 168.1164482814683 5.953365285825937e-006
0.0868 6385.553274387356 1.000022994259755 1.495544575589035 167.8037164821893 5.564558335975928e-006
0.08690000000000001 6385.601449995199 1.000022812189994 1.495446987262211 167.4905750312072 5.199202120229002e-006
0.08700000000000001 6385.649688638147 1.000022630989343 1.495349384307187 167.1770238520479 4.856006625567695e-006
0.08710000000000001 6385.69799032794 1.000022450657407 1.495251766766625 166.8630628683912 4.533745430764168e-006
