0 6365.5 1.00034931150647 1.568958407826084 298.15 19.96174789733524
0.0001 6365.501201756362 1.000349247276669 1.568891828084312 298.1421885836456 19.9524543668147
0.0002 6365.502445894458 1.000349180797121 1.568825260440231 298.1341016860223 19.94283706381707
0.0003 6365.503732406623 1.000349112069833 1.568758703316664 298.125739356948 19.93289645959704
0.0004 6365.505061286198 1.000349041096814 1.568692155261562 298.1171016397142 19.92263303133023
0.0005 6365.506432527448 1.000348967880074 1.568625614932366 298.1081885715884 19.91204726269373
0.0006000000000000001 6365.507846125494 1.000348892421632 1.568559081082904 298.0990001842869 19.90113964441085
0.0007 6365.509302076253 1.000348814723519 1.568492552552028 298.0895365043533 19.88991067468264
0.0008 6365.510800376382 1.000348734787776 1.568426028254981 298.0797975535191 19.87836085959761
0.0009000000000000001 6365.512341023227 1.000348652616465 1.568359507173359 298.0697833490229 19.86649071349159
0.001 6365.513924014788 1.000348568211661 1.568292988349689 298.0594939038764 19.85430075924379
0.0011 6365.515549349672 1.000348481575465 1.5682264708801 298.0489292271303 19.84179152857205
0.0012 6365.517217027064 1.000348392709997 1.568159953909236 298.0380893240816 19.82896356225742
0.0013 6365.518927046694 1.0003483016174 1.568093436625679 298.0269741964861 19.81581741037504
0.0014 6365.520679408811 1.000348208299845 1.568026918257437 298.0155838427298 19.80235363247531
0.0015 6365.522474114156 1.000348112759528 1.567960398068374 298.0039182579889 19.78857279775052
0.0016 6365.524311163938 1.000348014998672 1.567893875354877 297.9919774344006 19.77447548521467
0.0017 6365.52619055982 1.000347915019531 1.567827349442996 297.9797613611703 19.76006228380592
0.0018 6365.52811230389 1.000347812824387 1.567760819686009 297.9672700247128 19.74533379253022
0.0019 6365.530076398653 1.000347708415553 1.56769428546183 297.954503408759 19.73029062056243
0.002 6365.532082847006 1.000347601795373 1.567627746171307 297.9414614944625 19.71493338734688
0.0021 6365.534131652234 1.000347492966225 1.567561201235872 297.9281442604819 19.69926272266936
0.0022 6365.536222817989 1.000347381930516 1.567494650096487 297.9145516830698 19.68327926673556
0.0023 6365.53835634828 1.000347268690689 1.567428092211787 297.9006837361793 19.66698367026967
0.0024 6365.540532247464 1.000347153249222 1.567361527056415 297.8865403914873 19.65037659451506
0.0025 6365.54275052023 1.000347035608625 1.567294954120773 297.8721216185071 19.63345871133865
0.0026 6365.545011171595 1.000346915771443 1.567228372908916 297.8574273846297 19.61623070325126
0.0027 6365.547314206893 1.000346793740257 1.567161782938104 297.8424576551946 19.59869326346209
0.0028 6365.549659631766 1.000346669517684 1.567095183737561 297.8272123935197 19.58084709588407
0.0029 6365.552047452157 1.000346543106377 1.56702857484788 297.8116915609779 19.56269291519419
0.003 6365.554477674302 1.000346414509023 1.566961955820646 297.7958951170384 19.54423144685137
0.0031 6365.556950304725 1.000346283728349 1.566895326216604 297.7798230192906 19.52546342709339
0.0032 6365.559465350229 1.000346150767115 1.566828685606159 297.7634752235089 19.50638960298129
0.0033 6365.562022817895 1.000346015628122 1.566762033568258 297.7468516836824 19.48701073240206
0.0034 6365.56462271507 1.000345878314206 1.566695369690009 297.7299523520445 19.46732758407043
0.0035 6365.567265049367 1.00034573882824 1.566628693566007 297.7127771791141 19.44734093754413
0.0036 6365.569949828657 1.000345597173136 1.566562004798183 297.6953261137313 19.42705158323159
0.0037 6365.572677061065 1.000345453351843 1.566495302995088 297.6775991030808 19.4064603223852
0.0038 6365.57544675497 1.00034530736735 1.566428587771626 297.6595960926978 19.38556796707368
0.0039 6365.578258918993 1.000345159222681 1.566361858748843 297.6413170265454 19.36437534023595
0.004 6365.581113562002 1.000345008920899 1.566295115553454 297.6227618469901 19.34288327561801
0.0041 6365.584010693098 1.000344856465108 1.566228357817468 297.6039304948616 19.32109261780514
0.004200000000000001 6365.586950321625 1.000344701858447 1.566161585177983 297.5848229094407 19.29900422217138
0.0043 6365.589932457152 1.000344545104096 1.566094797277029 297.5654390285125 19.27661895490368
0.0044 6365.592957109481 1.000344386205272 1.566027993761205 297.5457787883723 19.25393769297086
0.004500000000000001 6365.596024288641 1.000344225165232 1.56596117428138 297.5258421238317 19.23096132409195
0.0046 6365.599134004883 1.000344061987271 1.565894338492772 297.5056289682597 19.20769074674494
0.0047 6365.602286268678 1.000343896674722 1.565827486054447 297.4851392535946 19.18412687014092
0.0048 6365.605481090716 1.000343729230958 1.565760616629312 297.4643729103444 19.16027061418392
0.0049 6365.608718481904 1.000343559659391 1.56569372988375 297.4433298676275 19.13612290947797
0.005 6365.61199845336 1.000343387963472 1.565626825487766 297.4220100531614 19.11168469727235
0.0051 6365.615321016418 1.000343214146689 1.565559903114622 297.4004133932862 19.08695692944711
0.005200000000000001 6365.618686182615 1.000343038212572 1.56549296244066 297.3785398130057 19.06194056851822
0.0053 6365.622093963701 1.000342860164688 1.565426003145396 297.3563892359465 19.03663658754746
0.0054 6365.625544371627 1.000342680006643 1.565359024911204 297.3339615844228 19.01104597017356
0.005500000000000001 6365.629037418552 1.000342497742082 1.565292027423241 297.3112567794127 18.98516971054135
0.0056 6365.632573116833 1.00034231337469 1.565225010369506 297.2882747405878 18.95900881329115
0.0057 6365.636151479026 1.000342126908189 1.56515797344031 297.2650153863309 18.93256429353406
0.005800000000000001 6365.63977251789 1.000341938346342 1.565090916328732 297.2414786337125 18.90583717677971
0.0059 6365.643436246378 1.000341747692951 1.565023838730107 297.2176643985439 18.87882849895074
0.006 6365.647142677638 1.000341554951854 1.564956740342284 297.1935725953534 18.85153930630955
0.0061 6365.650891825012 1.00034136012693 1.564889620865174 297.1692031374222 18.8239706554515
0.006200000000000001 6365.654683702034 1.000341163222099 1.564822480000946 297.1445559367779 18.79612361325061
0.0063 6365.65851832243 1.000340964241314 1.564755317454001 297.1196309042069 18.76799925682494
0.0064 6365.662395700114 1.000340763188573 1.564688132930551 297.09442794926 18.73959867349466
0.006500000000000001 6365.666315849189 1.000340560067908 1.564620926139015 297.06894698027 18.71092296075294
0.0066 6365.670278783948 1.000340354883392 1.564553696789559 297.0431879043402 18.681973226203
0.0067 6365.674284518864 1.000340147639137 1.564486444594413 297.0171506273858 18.65275058755452
0.006800000000000001 6365.678333068598 1.000339938339291 1.564419169267602 296.9908350541158 18.62325617255285
0.006900000000000001 6365.682424447994 1.000339726988044 1.564351870524722 296.9642410880391 18.59349111893463
0.007 6365.686558672078 1.000339513589622 1.564284548083316 296.9373686314942 18.56345657440897
0.0071 6365.690735756057 1.000339298148289 1.564217201662644 296.9102175856314 18.53315369658541
0.007200000000000001 6365.694955715319 1.00033908066835 1.564149830983378 296.8827878504243 18.50258365293432
0.0073 6365.699218565431 1.000338861154146 1.564082435768115 296.8550793246999 18.47174762076659
0.0074 6365.703524322136 1.000338639610056 1.564015015740722 296.8270919061146 18.44064678715333
0.007500000000000001 6365.707873001357 1.000338416040499 1.563947570626834 296.7988254911778 18.40928234889787
0.0076 6365.712264619191 1.00033819044993 1.563880100153453 296.7702799752582 18.37765551248741
0.0077 6365.71669919191 1.000337962842844 1.563812604049184 296.7414552525833 18.34576749403759
0.007800000000000001 6365.721176735962 1.000337733223771 1.563745082043989 296.7123512162456 18.31361951924312
0.007900000000000001 6365.725697267967 1.000337501597283 1.563677533869263 296.6829677582144 18.28121282333436
0.008 6365.730260804718 1.000337267967985 1.563609959257832 296.6533047693359 18.24854865102043
0.0081 6365.734867363177 1.000337032340523 1.563542357943916 296.6233621393507 18.21562825645113
0.008200000000000001 6365.73951696048 1.000336794719578 1.563474729663088 296.5931397568819 18.18245290314601
0.0083 6365.74420961393 1.000336555109872 1.563407074152101 296.5626375094533 18.14902386395529
0.008400000000000001 6365.748945341003 1.000336313516161 1.563339391149217 296.5318552834832 18.11534242099435
0.008500000000000001 6365.753724159336 1.00033606994324 1.563271680393852 296.5007929643138 18.08140986561655
0.0086 6365.75854608674 1.00033582439594 1.563203941626816 296.4694504361877 18.04722749832722
0.008700000000000001 6365.76341114119 1.00033557687913 1.563136174590051 296.4378275822659 18.01279662874257
0.008800000000000001 6365.768319340825 1.000335327397715 1.563068379026813 296.4059242846391 17.9781185755414
0.0089 6365.773270703951 1.000335075956638 1.563000554681592 296.3737404243165 17.94319466639064
0.009000000000000001 6365.778265249037 1.000334822560879 1.562932701299984 296.3412758812605 17.90802623792175
0.0091 6365.783302994716 1.000334567215452 1.562864818628865 296.308530534346 17.87261463562323
0.0092 6365.788383959784 1.000334309925411 1.562796906416328 296.2755042614075 17.83696121382878
0.009300000000000001 6365.793508163196 1.000334050695844 1.562728964411548 296.242196939227 17.80106733564073
0.0094 6365.798675624072 1.000333789531877 1.562660992364869 296.2086084435344 17.76493437286601
0.0095 6365.803886361689 1.00033352643867 1.562592990027881 296.1747386490191 17.72856370596419
0.009600000000000001 6365.809140395487 1.00033326142142 1.562524957153213 296.1405874293358 17.69195672398874
0.0097 6365.81443774506 1.000332994485362 1.562456893494638 296.1061546571108 17.65511482452764
0.0098 6365.819778430166 1.000332725635764 1.56238879880701 296.0714402039238 17.6180394136183
0.009900000000000001 6365.825162470715 1.000332454877932 1.562320672846483 296.0364439403555 17.58073190573149
0.01 6365.830589886777 1.000332182217205 1.562252515370048 296.0011657359522 17.5431937236663
0.0101 6365.836060698578 1.000331907658959 1.562184326135951 295.9656054592432 17.50542629850144
0.0102 6365.841574926498 1.000331631208607 1.562116104903506 295.9297629777647 17.46743106955222
0.0103 6365.847132591072 1.000331352871593 1.562047851433144 295.8936381580301 17.42920948427054
0.0104 6365.852733712991 1.0003310726534 1.5619795654863 295.8572308655597 17.39076299820718
0.0105 6365.858378313096 1.000330790559544 1.561911246825444 295.8205409648748 17.35209307493585
0.0106 6365.864066412382 1.000330506595576 1.561842895214243 295.7835683195152 17.31320118600182
0.0107 6365.869798031998 1.000330220767083 1.561774510417281 295.7463127920158 17.27408881082643
0.0108 6365.87557319324 1.000329933079685 1.561706092200358 295.708774243942 17.23475743667341
0.0109 6365.881391917559 1.000329643539036 1.561637640330232 295.6709525358659 17.19520855855242
0.011 6365.887254226553 1.000329352150826 1.561569154574639 295.632847527408 17.15544367919039
0.0111 6365.893160141971 1.000329058920778 1.56150063470252 295.5944590771895 17.11546430890956
0.0112 6365.899109685708 1.00032876385465 1.561432080483684 295.5557870428978 17.07527196562236
0.0113 6365.905102879811 1.000328466958231 1.561363491689188 295.5168312812269 17.03486817469635
0.0114 6365.911139746472 1.000328168237347 1.561294868090869 295.477591647931 16.99425446893567
0.0115 6365.91722030803 1.000327867697857 1.561226209461808 295.4380679978066 16.95343238848813
0.0116 6365.923344586969 1.000327565345651 1.561157515576043 295.3982601847041 16.91240348078263
0.0117 6365.929512605918 1.000327261186655 1.561088786208612 295.3581680615342 16.87116930045982
0.0118 6365.935724387654 1.000326955226826 1.561020021135604 295.3177914802499 16.82973140927809
0.0119 6365.941979955096 1.000326647472156 1.56095122013412 295.2771302918758 16.78809137606774
0.012 6365.948279331306 1.000326337928668 1.560882382982302 295.2361843465145 16.74625077666023
0.0121 6365.954622539487 1.000326026602417 1.560813509459383 295.1949534933345 16.70421119379876
0.0122 6365.961009602989 1.000325713499494 1.560744599345414 295.1534375805703 16.66197421706081
0.0123 6365.9674405453 1.000325398626019 1.560675652421651 295.1116364555518 16.61954144281006
0.0124 6365.973915390048 1.000325081988144 1.560606668470368 295.0695499646866 16.57691447409975
0.0125 6365.980434161004 1.000324763592054 1.560537647274736 295.0271779534722 16.53409492060569
0.0126 6365.986996882078 1.000324443443968 1.560468588619032 294.9845202664955 16.49108439854681
0.0127 6365.993603577316 1.000324121550132 1.560399492288565 294.9415767474446 16.44788453061721
0.0128 6366.000254270906 1.000323797916827 1.560330358069566 294.8983472391095 16.40449694590568
0.0129 6366.006948987171 1.000323472550364 1.560261185749435 294.8548315833872 16.36092327982097
0.013 6366.013687750572 1.000323145457085 1.560191975116479 294.8110296212821 16.31716517401041
0.0131 6366.020470585706 1.000322816643363 1.560122725959983 294.7669411929118 16.27322427628425
0.0132 6366.027297517307 1.000322486115603 1.560053438070403 294.7225661375072 16.22910224053359
0.0133 6366.034168570241 1.000322153880239 1.559984111239121 294.6779042934362 16.18480072667126
0.0134 6366.041083769512 1.000321819943735 1.559914745258513 294.6329554981738 16.14032140051958
0.0135 6366.048043140254 1.000321484312588 1.559845339922071 294.5877195883498 16.09566593377373
0.0136 6366.055046707737 1.000321146993322 1.559775895024209 294.5421963997072 16.05083600387708
0.0137 6366.062094497363 1.000320807992492 1.559706410360455 294.4963857671377 16.00583329397194
0.0138 6366.069186534665 1.000320467316683 1.559636885727282 294.4502875246757 15.96065949280905
0.0139 6366.076322845308 1.00032012497251 1.559567320922238 294.4039015054985 15.91531629466255
0.014 6366.083503455086 1.000319780966616 1.559497715743885 294.3572275419441 15.86980539926179
0.0141 6366.090728389922 1.000319435305673 1.559428069991829 294.3102654655048 15.82412851169966
0.0142 6366.097997675873 1.000319087996384 1.559358383466704 294.2630151068278 15.77828734234629
0.0143 6366.105311339119 1.000318739045478 1.559288655970125 294.2154762957265 15.73228360677388
0.0144 6366.112669405972 1.000318388459715 1.559218887304805 294.167648861181 15.68611902566957
0.0145 6366.120071902869 1.000318036245882 1.559149077274467 294.1195326313494 15.63979532475937
0.0146 6366.127518856375 1.000317682410794 1.559079225683881 294.0711274335625 15.59331423471454
0.0147 6366.135010293178 1.000317326961294 1.559009332338811 294.022433094341 15.54667749108034
0.0148 6366.142546240096 1.000316969904255 1.558939397046113 293.9734494393778 15.49988683417038
0.0149 6366.150126724067 1.000316611246574 1.558869419613638 293.9241762935679 15.45294400900585
0.015 6366.157751772154 1.000316250995177 1.558799399850361 293.8746134809966 15.40585076521473
0.0151 6366.165421411547 1.000315889157018 1.558729337566198 293.8247608249448 15.35860885694768
0.0152 6366.173135669554 1.000315525739077 1.558659232572206 293.7746181479014 15.31122004279901
0.0153 6366.180894573608 1.00031516074836 1.558589084680392 293.7241852715514 15.263686085705
0.0154 6366.18869815126 1.000314794191902 1.558518893703964 293.6734620168112 15.21600875288644
0.0155 6366.196546430186 1.000314426076761 1.558448659457014 293.6224482037932 15.16818981572384
0.0156 6366.204439438178 1.000314056410024 1.558378381754773 293.5711436518412 15.12023104969927
0.0157 6366.212377203152 1.000313685198803 1.558308060413523 293.519548179513 15.07213423428765
0.0158 6366.220359753137 1.000313312450234 1.558237695250648 293.4676616046094 15.02390115289203
0.0159 6366.228387116285 1.000312938171482 1.558167286084516 293.415483744151 14.97553359272884
0.016 6366.23645932086 1.000312562369733 1.558096832734605 293.3630144144075 14.92703334476235
0.0161 6366.244576395247 1.000312185052201 1.558026335021479 293.3102534308922 14.87840220360567
0.0162 6366.252738367946 1.000311806226125 1.557955792766696 293.2572006083495 14.82964196741624
0.0163 6366.260945267572 1.000311425898766 1.557885205792974 293.2038557607792 14.78075443782359
0.0164 6366.269197122854 1.000311044077413 1.557814573924049 293.1502187014479 14.7317414198458
0.0165 6366.277493962636 1.000310660769375 1.557743896984727 293.0962892428655 14.68260472177307
0.0166 6366.285835815874 1.000310275981989 1.557673174800949 293.0420671968208 14.63334615510517
0.0167 6366.294222711637 1.000309889722612 1.557602407199678 292.9875523743575 14.58396753443454
0.0168 6366.302654679107 1.000309501998628 1.557531594009008 292.9327445858042 14.53447067737751
0.0169 6366.311131747576 1.000309112817441 1.557460735058062 292.8776436407565 14.48485740446228
0.017 6366.319653946446 1.00030872218648 1.557389830177118 292.8222493481002 14.435129539054
0.0171 6366.328221305231 1.000308330113197 1.557318879197502 292.7665615160003 14.38528890724763
0.0172 6366.336833853551 1.000307936605065 1.557247881951618 292.710579951918 14.33533733778699
0.0173 6366.345491621139 1.00030754166958 1.557176838273015 292.6543044625995 14.28527666195709
0.0174 6366.35419463783 1.000307145314261 1.557105747996323 292.5977348541049 14.23510871351306
0.0175 6366.362942933572 1.000306747546648 1.557034610957244 292.5408709317852 14.18483532856145
0.0176 6366.371736538414 1.000306348374302 1.556963426992601 292.4837125003113 14.13445834548847
0.0177 6366.380575482514 1.000305947804807 1.556892195940336 292.4262593636566 14.08397960484611
0.0178 6366.389459796134 1.000305545845766 1.5568209176395 292.3685113251266 14.03340094927964
0.0179 6366.398389509642 1.000305142504805 1.556749591930225 292.3104681873291 13.98272422340294
0.018 6366.407364653504 1.000304737789569 1.556678218653783 292.2521297522216 13.93195127374096
0.0181 6366.416385258296 1.000304331707724 1.55660679765254 292.1934958210758 13.88108394859935
0.0182 6366.425451354692 1.000303924266957 1.556535328770003 292.1345661945014 13.83012409798575
0.0183 6366.434562973468 1.000303515474973 1.556463811850805 292.0753406724579 13.77907357352019
0.0184 6366.443720145501 1.000303105339499 1.556392246740658 292.0158190542423 13.72793422832492
0.0185 6366.452922901769 1.000302693868279 1.556320633286454 291.9560011385019 13.67670791693444
0.0186 6366.462171273348 1.000302281069077 1.556248971336161 291.895886723239 13.62539649520017
0.0187 6366.471465291413 1.000301866949678 1.556177260738915 291.8354756058178 13.57400182019486
0.0188 6366.480804987237 1.000301451517881 1.556105501345008 291.7747675829581 13.52252575010672
0.0189 6366.490190392191 1.000301034781508 1.556033693005763 291.713762450759 13.47097014415852
0.019 6366.499621537741 1.000300616748397 1.555961835573784 291.6524600046868 13.41933686249622
0.0191 6366.509098455448 1.000300197426403 1.555889928902688 291.5908600395873 13.36762776609761
0.0192 6366.518621176972 1.000299776823401 1.555817972847299 291.5289623496796 13.31584471666573
0.0193 6366.528189734064 1.000299354947282 1.555745967263586 291.4667667285856 13.2639895765518
0.0194 6366.537804158568 1.000298931805954 1.555673912008641 291.4042729693068 13.21206420863345
0.0195 6366.547464482424 1.00029850740734 1.555601806940768 291.3414808642473 13.16007047623234
0.0196 6366.55717073766 1.000298081759384 1.55552965191931 291.2783902052082 13.10801024300685
0.0197 6366.5669229564 1.000297654870042 1.555457446804872 291.2150007833997 13.05588537285946
0.0198 6366.576721170855 1.000297226747289 1.555385191459167 291.1513123894405 13.00369772983406
0.0199 6366.586565413329 1.000296797399113 1.555312885745094 291.0873248133643 12.95144917801802
0.02 6366.596455716212 1.000296366833521 1.555240529526619 291.0230378446253 12.89914158144422
0.0201 6366.606392111983 1.00029593505853 1.555168122669045 290.9584512721102 12.84677680399746
0.0202 6366.616374633212 1.000295502082178 1.555095665038657 290.8935648841206 12.79435670929696
0.0203 6366.626403312553 1.000295067912514 1.555023156503066 290.828378468408 12.7418831606218
0.0204 6366.636478182747 1.000294632557601 1.554950596930917 290.7628918121449 12.68935802078361
0.0205 6366.64659927662 1.000294196025517 1.554877986192167 290.6971047019714 12.63678315206109
0.0206 6366.656766627084 1.000293758324356 1.554805324157803 290.6310169239545 12.58416041606316
0.0207 6366.666980267134 1.000293319462222 1.554732610700125 290.5646282636288 12.53149167365833
0.0208 6366.677240229849 1.000292879447235 1.554659845692489 290.4979385059795 12.47877878485674
0.0209 6366.687546548391 1.000292438287525 1.554587029009541 290.4309474354594 12.42602360872035
0.021 6366.697899256001 1.000291995991238 1.554514160527025 290.3636548359954 12.37322800326352
0.0211 6366.708298386005 1.00029155256653 1.554441240121929 290.2960604909703 12.3203938253351
0.0212 6366.718743971806 1.00029110802157 1.5543682676724 290.2281641832586 12.26752293054214
0.0213 6366.72923604689 1.000290662364541 1.554295243057786 290.1599656952147 12.21461717313643
0.0214 6366.739774644818 1.000290215603633 1.554222166158606 290.0914648086845 12.16167840591943
0.0215 6366.750359799232 1.000289767747051 1.554149036856601 290.0226613049935 12.10870848012892
0.0216 6366.760991543849 1.000289318803008 1.554075855034739 289.9535549649826 12.0557092453621
0.0217 6366.771669912464 1.000288868779733 1.554002620577077 289.8841455689843 12.00268254945292
0.0218 6366.782394938949 1.000288417685459 1.553929333368973 289.8144328968346 11.94963023837701
0.0219 6366.793166657247 1.000287965528433 1.553855993296938 289.7444167278962 11.89655415616521
0.022 6366.80398510138 1.00028751231691 1.553782600248722 289.6740968410298 11.84345614477678
0.0221 6366.814850305441 1.000287058059157 1.553709154113231 289.6034730146347 11.7903380440264
0.0222 6366.825762303594 1.000286602763447 1.553635654780649 289.5325450266372 11.73720169147076
0.0223 6366.836721130079 1.000286146438065 1.553562102142283 289.4613126544849 11.68404892229984
0.0224 6366.847726819206 1.000285689091302 1.553488496090713 289.3897756751643 11.63088156924593
0.0225 6366.858779405353 1.00028523073146 1.553414836519708 289.3179338652066 11.57770146248372
0.0226 6366.86987892297 1.000284771366846 1.553341123324244 289.2457870006937 11.52451042953034
0.0227 6366.881025406576 1.000284311005777 1.553267356400561 289.1733348572583 11.47131029514118
0.0228 6366.892218890756 1.000283849656578 1.553193535646057 289.1005772100838 11.41810288120571
0.0229 6366.903459410166 1.000283387327579 1.553119660959349 289.0275138339219 11.36489000665649
0.023 6366.914746999525 1.000282924027117 1.553045732240324 288.9541445030872 11.31167348736068
0.0231 6366.92608169362 1.000282459763539 1.552971749390055 288.8804689914681 11.25845513602479
0.0232 6366.937463527303 1.000281994545193 1.55289771231086 288.8064870725337 11.20523676209497
0.0233 6366.948892535489 1.000281528380438 1.552823620906232 288.7321985193215 11.15202017164484
0.0234 6366.960368753157 1.000281061277635 1.552749475080988 288.6576031044787 11.09880716730142
0.0235 6366.971892215351 1.000280593245152 1.552675274741061 288.5827006002209 11.04559954811196
0.0236 6366.983462957172 1.000280124291361 1.55260101979367 288.5074907783795 10.99239910947419
0.0237 6366.995081013788 1.000279654424641 1.552526710147287 288.4319734103782 10.93920764301617
0.0238 6367.006746420423 1.000279183653373 1.552452345711547 288.3561482672502 10.88602693650564
0.0239 6367.018459212363 1.000278711985942 1.552377926397391 288.2800151196387 10.83285877374693
0.024 6367.030219424953 1.00027823943074 1.552303452116963 288.2035737378086 10.77970493448632
0.0241 6367.042027093593 1.000277765996158 1.552228922783635 288.1268238916463 10.72656719430926
0.0242 6367.053882253745 1.000277291690595 1.552154338311995 288.0497653506599 10.67344732453774
0.0243 6367.065784940923 1.000276816522448 1.552079698617918 287.9723978840028 10.62034709214422
0.0244 6367.0777351907 1.00027634050012 1.552005003618494 287.8947212604502 10.5672682596331
0.0245 6367.089733038703 1.000275863632016 1.551930253232044 287.8167352484282 10.51421258495891
0.0246 6367.101778520613 1.00027538592654 1.551855447378169 287.7384396160145 10.46118182142444
0.0247 6367.113871672164 1.000274907392102 1.551780585977641 287.6598341309317 10.40817771757499
0.0248 6367.126012529145 1.00027442803711 1.551705668952499 287.5809185605598 10.35520201710503
0.0249 6367.138201127392 1.000273947869973 1.551630696226116 287.5016926719535 10.3022564587688
0.025 6367.150437502795 1.000273466899104 1.551555667722965 287.4221562318306 10.24934277627137
0.0251 6367.162721691297 1.000272985132913 1.551480583368869 287.342309006572 10.1964626981679
0.0252 6367.175053728884 1.000272502579812 1.551405443090826 287.2621507622511 10.14361794778281
0.0253 6367.187433651598 1.00027201924821 1.551330246817154 287.1816812646101 10.09081024309384
0.0254 6367.199861495523 1.00027153514652 1.551254994477358 287.1009002791019 10.03804129665925
0.0255 6367.212337296792 1.000271050283149 1.551179686002215 287.0198075708539 9.985312815494805
0.0256 6367.224861091585 1.000270564666507 1.551104321323758 286.9384029046981 9.932626500993729
0.0257 6367.237432916128 1.000270078305 1.55102890037523 286.8566860451709 9.87998404882749
0.0258 6367.25005280669 1.000269591207033 1.550953423091168 286.7746567565131 9.827387148846976
0.0259 6367.262720799586 1.000269103381009 1.550877889407334 286.6923148026934 9.774837484999091
0.026 6367.275436931172 1.000268614835328 1.550802299260753 286.6096599473852 9.722336735213377
0.0261 6367.288201237847 1.000268125578388 1.550726652589702 286.5266919539957 9.669886571322985
0.0262 6367.301013756052 1.000267635618583 1.55065094933369 286.4434105856602 9.617488658963293
0.0263 6367.313874522271 1.000267144964304 1.550575189433479 286.359815605242 9.565144657474717
0.0264 6367.326783573022 1.000266653623937 1.55049937283112 286.2759067753563 9.512856219820666
0.0265 6367.339740944869 1.000266161605867 1.55042349946985 286.1916838583519 9.460624992479906
0.0266 6367.352746674411 1.000265668918472 1.550347569294222 286.1071466163297 9.408452615361517
0.0267 6367.365800798283 1.000265175570125 1.550271582250019 286.0222948111599 9.356340721720009
0.0268 6367.378903353161 1.000264681569196 1.550195538284251 285.9371282044525 9.304290938041703
0.0269 6367.392054375754 1.000264186924049 1.550119437345179 285.8516465575989 9.252304883975215
0.027 6367.405253902807 1.00026369164304 1.550043279382388 285.7658496317539 9.20038417222594
0.0271 6367.4185019711 1.000263195734523 1.549967064346632 285.6797371878478 9.148530408469133
0.0272 6367.431798617447 1.000262699206842 1.549890792189927 285.5933089865979 9.096745191263249
0.0273 6367.445143878692 1.000262202068337 1.549814462865603 285.5065647885029 9.045030111953064
0.0274 6367.458537791716 1.00026170432734 1.549738076328153 285.4195043538488 8.993386754580385
0.0275 6367.471980393426 1.000261205992175 1.549661632533397 285.332127442732 8.941816695805642
0.0276 6367.485471720764 1.00026070707116 1.549585131438361 285.2444338150366 8.890321504801882
0.0277 6367.499011810698 1.000260207572603 1.549508573001347 285.156423230463 8.838902743180737
0.0278 6367.512600700228 1.000259707504805 1.549431957181866 285.0680954485168 8.787561964894431
0.0279 6367.526238426381 1.00025920687606 1.549355283940723 284.9794502285262 8.736300716155583
0.028 6367.53992502621 1.000258705694651 1.549278553239958 284.8904873296359 8.685120535343739
0.0281 6367.553660536798 1.000258203968851 1.549201765042821 284.8012065108136 8.634022952919308
0.0282 6367.56744499525 1.000257701706926 1.549124919313884 284.711607530873 8.583009491348049
0.0283 6367.581278438698 1.000257198917131 1.549048016018904 284.6216901484626 8.532081665005725
0.0284 6367.595160904297 1.00025669560771 1.548971055124917 284.5314541220708 8.481240980093507
0.0285 6367.609092429227 1.000256191786897 1.548894036600191 284.4408992100269 8.430488934550612
0.0286 6367.623073050688 1.000255687462917 1.548816960414219 284.3500251705299 8.379827017983985
0.0287 6367.637102805905 1.000255182643982 1.548739826537791 284.258831761619 8.329256711565401
0.0288 6367.651181732123 1.000254677338293 1.548662634942875 284.1673187412038 8.27877948796224
0.0289 6367.665309866606 1.000254171554039 1.548585385602718 284.0754858670633 8.228396811252246
0.029 6367.679487246639 1.000253665299396 1.548508078491819 283.983332896847 8.178110136838914
0.0291 6367.693713909525 1.000253158582531 1.54843071358588 283.8908595880856 8.127920911373961
0.0292 6367.707989892585 1.000252651411595 1.548353290861874 283.798065698198 8.077830572677087
0.0293 6367.722315233157 1.000252143794728 1.548275810297986 283.7049509844786 8.027840549646809
0.0294 6367.736689968596 1.000251635740054 1.548198271873657 283.6115152041274 7.977952262194251
0.0295 6367.751114136271 1.000251127255686 1.548120675569558 283.5177581142378 7.928167121155183
0.0296 6367.765587773568 1.000250618349724 1.548043021367571 283.4236794718089 7.87848652821546
0.0297 6367.780110917885 1.000250109030249 1.547965309250849 283.3292790337449 7.828911875830748
0.0298 6367.794683606635 1.000249599305332 1.547887539203758 283.2345565568734 7.779444547156258
0.0299 6367.809305877241 1.000249089183027 1.547809711211872 283.1395117979331 7.730085915961556
0.03 6367.82397776714 1.000248578671373 1.547731825262026 283.044144513592 7.680837346561594
0.0301 6367.838699313779 1.000248067778395 1.547653881342256 282.9484544604351 7.63170019373301
0.0302 6367.853470554615 1.0002475565121 1.547575879441828 282.8524413950003 7.582675802655505
0.0303 6367.868291527116 1.000247044880479 1.54749781955125 282.7561050737485 7.533765508820446
0.0304 6367.883162268755 1.000246532891509 1.547419701662248 282.6594452530934 7.484970637970523
0.0305 6367.898082817017 1.000246020553148 1.547341525767701 282.5624616893896 7.436292506018967
0.0306 6367.913053209391 1.000245507873337 1.547263291861817 282.465154138962 7.38773241899037
0.0307 6367.928073483372 1.00024499486 1.547184999939923 282.3675223580825 7.339291672935474
0.0308 6367.943143676464 1.000244481521045 1.547106649998612 282.2695661029874 7.290971553867538
0.0309 6367.958263826172 1.00024396786436 1.547028242035672 282.1712851298834 7.242773337693444
0.031 6367.973433970006 1.000243453897815 1.546949776050108 282.0726791949595 7.194698290148399
0.0311 6367.988654145481 1.000242939629261 1.546871252042118 281.9737480543753 7.146747666719855
0.0312 6368.003924390112 1.000242425066533 1.546792670013122 281.8744914642724 7.098922712583832
0.0313 6368.019244741418 1.000241910217442 1.546714029965709 281.7749091807808 7.051224662539084
0.0314 6368.034615236917 1.000241395089785 1.546635331903712 281.6750009600422 7.003654740950426
0.0315 6368.050035914126 1.000240879691335 1.546556575832146 281.5747665581806 6.956214161667441
0.0316 6368.065506810565 1.000240364029846 1.546477761757214 281.4742057313259 6.908904127969529
0.0317 6368.081027963751 1.000239848113052 1.546398889686317 281.3733182356199 6.861725832503145
0.0318 6368.096599411198 1.000239331948668 1.546319959628041 281.272103827216 6.814680457217135
0.03190000000000001 6368.112221190418 1.000238815544386 1.546240971592157 281.1705622622857 6.767769173301663
0.032 6368.127893338919 1.000238298907876 1.546161925589639 281.0686932970297 6.720993141130673
0.0321 6368.143615894205 1.000237782046789 1.546082821632639 280.9664966876666 6.674353510194309
0.0322 6368.159388893776 1.000237264968752 1.546003659734467 280.8639721904564 6.6278514190485
0.0323 6368.175212375123 1.000236747681372 1.545924439909652 280.7611195617004 6.581487995254446
0.0324 6368.191086375733 1.000236230192231 1.545845162173847 280.6579385577355 6.535264355316425
0.0325 6368.207010933085 1.000235712508891 1.545765826543925 280.5544289349458 6.489181604628498
0.0326 6368.22298608465 1.000235194638889 1.545686433037878 280.4505904497745 6.443240837421986
0.0327 6368.23901186789 1.00023467658974 1.54560698167491 280.3464228587121 6.397443136703352
0.0328 6368.255088320258 1.000234158368935 1.54552747247536 280.2419259183261 6.351789574211255
0.0329 6368.271215479195 1.000233639983942 1.545447905460716 280.137099385231 6.306281210348531
0.033 6368.287393382133 1.000233121442202 1.545368280653667 280.0319430161361 6.260919094148683
0.0331 6368.30362206649 1.000232602751137 1.545288598078028 279.9264565678158 6.215704263209744
0.0332 6368.319901569674 1.000232083918139 1.545208857758745 279.8206397971211 6.170637743647201
0.0333 6368.336231929078 1.000231564950578 1.545129059721928 279.7144924609919 6.125720550047727
0.0334 6368.352613182084 1.000231045855799 1.54504920399483 279.6080143164567 6.080953685418778
0.0335 6368.369045366054 1.00023052664112 1.544969290605855 279.5012051206503 6.036338141146587
0.03360000000000001 6368.385528518338 1.000230007313834 1.544889319584534 279.3940646308023 5.99187489694268
0.0337 6368.402062676271 1.000229487881209 1.544809290961526 279.2865926042367 5.947564920796464
0.0338 6368.41864787717 1.000228968350485 1.544729204768594 279.1787887983959 5.903409168938516
0.0339 6368.435284158333 1.000228448728878 1.544649061038671 279.0706529708344 5.859408585792536
0.034 6368.451971557041 1.000227929023574 1.544568859805795 278.9621848792311 5.815564103935602
0.0341 6368.468710110557 1.000227409241734 1.544488601105111 278.8533842813771 5.771876644049827
0.0342 6368.485499856122 1.000226889390493 1.544408284972897 278.7442509352053 5.728347114891711
0.0343 6368.502340830959 1.000226369476955 1.544327911446531 278.6347845987669 5.684976413241095
0.0344 6368.519233072268 1.0002258495082 1.544247480564474 278.5249850302552 5.6417654238701
0.0345 6368.53617661723 1.000225329491278 1.544166992366312 278.4148519880049 5.598715019503572
0.0346 6368.553171502999 1.000224809433211 1.544086446892745 278.3043852305049 5.555826060785178
0.0347 6368.570217766711 1.000224289340991 1.544005844185542 278.1935845163797 5.513099396233063
0.03480000000000001 6368.587315445473 1.000223769221584 1.543925184287578 278.0824496044255 5.470535862217167
0.0349 6368.604464576372 1.000223249081926 1.543844467242761 277.9709802535803 5.428136282912463
0.035 6368.621665196469 1.000222728928923 1.543763693096165 277.8591762229534 5.385901470276005
0.0351 6368.638917342795 1.000222208769453 1.543682861893877 277.7470372718316 5.343832224015793
0.0352 6368.65622105236 1.000221688610362 1.543601973683078 277.6345631596613 5.301929331551879
0.03530000000000001 6368.673576362143 1.000221168458469 1.543521028512022 277.5217536460722 5.26019356799414
0.0354 6368.690983309096 1.000220648320561 1.543440026430012 277.4086084908771 5.218625696112142
0.0355 6368.708441930143 1.000220128203395 1.543358967487418 277.2951274540723 5.177226466306146
0.0356 6368.725952262178 1.000219608113697 1.543277851735667 277.181310295843 5.13599661658138
0.0357 6368.743514342065 1.000219088058163 1.54319667922723 277.0671567765756 5.094936872525484
0.0358 6368.761128206639 1.000218568043458 1.543115450015617 276.9526666568457 5.054047947278509
0.0359 6368.778793892702 1.000218048076214 1.543034164155391 276.8378396974357 5.013330541514668
0.036 6368.796511437025 1.000217528163034 1.54295282170214 276.7226756593408 4.972785343420864
0.0361 6368.814280876343 1.000217008310488 1.542871422712487 276.6071743037691 4.932413028674189
0.0362 6368.832102247364 1.000216488525113 1.542789967244087 276.4913353921355 4.892214260418561
0.0363 6368.849975586758 1.000215968813417 1.542708455355596 276.3751586860739 4.852189689248706
0.0364 6368.867900931161 1.000215449181873 1.542626887106716 276.2586439474543 4.81233995319713
0.03650000000000001 6368.885878317175 1.000214929636922 1.542545262558112 276.1417909383657 4.772665677710017
0.0366 6368.903907781362 1.000214410184973 1.542463581771504 276.0245994211454 4.733167475640443
0.0367 6368.921989360256 1.000213890832402 1.542381844809576 275.9070691583373 4.693845947218676
0.0368 6368.940123090344 1.000213371585552 1.542300051736037 275.7891999127636 4.654701680061456
0.0369 6368.958309008083 1.000212852450731 1.542218202615547 275.670991447459 4.615735249136728
0.03700000000000001 6368.976547149888 1.000212333434215 1.542136297513787 275.5524435257302 4.57694721677102
0.0371 6368.994837552134 1.000211814542248 1.542054336497402 275.4335559111263 4.538338132628438
0.0372 6369.013180251161 1.000211295781036 1.541972319633994 275.3143283674507 4.499908533704573
0.0373 6369.031575283266 1.000210777156755 1.541890246992167 275.1947606587727 4.461658944321443
0.0374 6369.050022684703 1.000210258675544 1.541808118641457 275.0748525494336 4.423589876121585
0.0375 6369.068522491687 1.00020974034351 1.54172593465236 274.9546038040347 4.385701828057693
0.0376 6369.087074740392 1.000209222166723 1.541643695096341 274.8340141874495 4.347995286391004
0.0377 6369.105679466949 1.00020870415122 1.541561400045798 274.713083464835 4.31047072469071
0.0378 6369.124336707442 1.000208186303003 1.54147904957407 274.5918114016262 4.273128603828967
0.0379 6369.143046497917 1.000207668628037 1.541396643755429 274.4701977635417 4.235969371980807
0.038 6369.16180887437 1.000207151132255 1.541314182665058 274.3482423165959 4.19899346462694
0.0381 6369.180623872757 1.000206633821553 1.541231666379096 274.225944827081 4.162201304548759
0.03820000000000001 6369.199491528985 1.00020611670179 1.541149094974567 274.1033050615964 4.125593301838864
0.0383 6369.218411878916 1.000205599778792 1.541066468529435 273.9803227870433 4.08916985390191
0.0384 6369.237384958366 1.000205083058348 1.540983787122531 273.8569977706183 4.052931345456767
0.0385 6369.256410803103 1.00020456654621 1.54090105083361 273.7333297798313 4.016878148546827
0.0386 6369.275489448846 1.000204050248096 1.540818259743323 273.6093185824997 3.981010622544478
0.03870000000000001 6369.294620931268 1.000203534169685 1.54073541393318 273.4849639467601 3.945329114161942
0.0388 6369.31380528599 1.000203018316624 1.540652513485578 273.3602656410625 3.90983395745813
0.0389 6369.333042548587 1.000202502694519 1.540569558483811 273.2352234341878 3.874525473853451
0.039 6369.352332754581 1.000201987308941 1.540486549012007 273.1098370952244 3.839403972134044
0.0391 6369.371675939445 1.000201472165425 1.54040348515518 272.9841063936095 3.804469748475547
0.0392 6369.391072138598 1.000200957269469 1.540320366999183 272.8580310991114 3.769723086451288
0.0393 6369.410521387413 1.000200442626532 1.54023719463071 272.7316109818174 3.73516425704354
0.0394 6369.430023721206 1.00019992824204 1.540153968137312 272.6048458121639 3.700793518667323
0.0395 6369.44957917524 1.000199414121377 1.54007068760737 272.4777353609419 3.66661111718869
0.0396 6369.469187784727 1.000198900269892 1.539987353130094 272.3502793992733 3.632617285936288
0.0397 6369.488849584825 1.000198386692898 1.539903964795493 272.2224776986408 3.598812245728468
0.0398 6369.508564610635 1.000197873395667 1.539820522694421 272.0943300308699 3.565196204888852
0.03990000000000001 6369.528332897206 1.000197360383437 1.539737026918518 271.9658361681585 3.53176935927559
0.04 6369.548154479532 1.000196847661406 1.539653477560251 271.8369958830416 3.498531892294736
0.0401 6369.568029392548 1.000196335234735 1.539569874712832 271.7078089484384 3.465483974936364
0.0402 6369.587957671134 1.000195823108545 1.539486218470325 271.5782751376286 3.432625765793362
0.0403 6369.607939350115 1.000195311287924 1.539402508927497 271.4483942242526 3.399957411087645
0.04040000000000001 6369.627974464256 1.000194799777916 1.539318746179979 271.3181659823352 3.36747904470344
0.0405 6369.648063048267 1.000194288583531 1.539234930324077 271.1875901862676 3.335190788211274
0.0406 6369.668205136794 1.000193777709739 1.539151061456926 271.0566666108369 3.30309275090492
0.0407 6369.688400764431 1.000193267161472 1.539067139676372 270.9253950311971 3.271185029824855
0.0408 6369.708649965709 1.000192756943625 1.538983165081022 270.7937752228921 3.23946770979604
0.0409 6369.728952775099 1.000192247061052 1.538899137770225 270.6618069618561 3.207940863460955
0.041 6369.749309227012 1.00019173751857 1.538815057844058 270.5294900244193 3.176604551315216
0.04110000000000001 6369.769719355801 1.000191228320958 1.538730925403296 270.3968241872962 3.14545882174014
0.0412 6369.790183195754 1.000190719472955 1.538646740549477 270.2638092275973 3.114503711042109
0.0413 6369.8107007811 1.000190210979262 1.538562503384807 270.1304449228472 3.083739243494315
0.0414 6369.831272146005 1.000189702844543 1.538478214012223 269.9967310509663 3.053165431371374
0.0415 6369.851897324571 1.00018919507342 1.538393872535336 269.862667390289 3.022782274993318
0.04160000000000001 6369.87257635084 1.000188687670479 1.538309479058442 269.7282537195396 2.992589762761277
0.0417 6369.893309258789 1.000188180640265 1.538225033686534 269.5934898178742 2.962587871209003
0.0418 6369.914096082329 1.000187673987287 1.538140536525277 269.4583754648628 2.93277656504206
0.0419 6369.93493685531 1.000187167716012 1.538055987680983 269.322910440483 2.903155797180938
0.042 6369.955831611518 1.000186661830871 1.537971387260627 269.1870945251325 2.873725508809204
0.04210000000000001 6369.976780384671 1.000186156336253 1.537886735371841 269.0509274996401 2.844485629422629
0.0422 6369.997783208422 1.000185651236512 1.537802032122897 268.9144091452548 2.815436076874311
0.0423 6370.01884011636 1.000185146535959 1.537717277622681 268.7775392436628 2.78657675742724
0.0424 6370.039951142006 1.000184642238869 1.537632471980752 268.6403175769641 2.757907565799178
0.0425 6370.061116318814 1.000184138349477 1.537547615307243 268.5027439277081 2.729428385221088
0.0426 6370.082335680174 1.000183634871979 1.537462707712902 268.3648180788699 2.701139087484199
0.0427 6370.103609259404 1.000183131810532 1.537377749309115 268.2265398138737 2.673039532997991
0.04280000000000001 6370.124937089757 1.000182629169256 1.537292740207823 268.0879089165813 2.645129570841901
0.0429 6370.146319204417 1.000182126952227 1.537207680521597 267.948925171292 2.61740903882058
0.043 6370.167755636499 1.000181625163489 1.537122570363544 267.8095883627542 2.589877763522562
0.0431 6370.189246419051 1.000181123807042 1.53703740984736 267.6698982761717 2.562535560378703
0.0432 6370.210791585048 1.00018062288685 1.536952199087328 267.5298546971857 2.535382233717065
0.04330000000000001 6370.232391167399 1.000180122406835 1.53686693819827 267.3894574119044 2.508417576828075
0.0434 6370.254045198942 1.000179622370883 1.536781627295541 267.2487062068793 2.481641372020344
0.0435 6370.275753712443 1.000179122782842 1.536696266495039 267.1076008691233 2.455053390685531
0.0436 6370.297516740598 1.000178623646518 1.536610855913229 266.9661411861101 2.428653393360758
0.0437 6370.319334316034 1.000178124965681 1.536525395667074 266.8243269457806 2.402441129793131
0.0438 6370.341206471303 1.000177626744061 1.536439885874057 266.6821579365309 2.376416339001977
0.0439 6370.363133238888 1.00017712898535 1.536354326652168 266.5396339472299 2.350578749347554
0.044 6370.385114651198 1.000176631693202 1.536268718119897 266.3967547672136 2.324928078596335
0.0441 6370.407150740572 1.00017613487123 1.536183060396233 266.2535201862851 2.299464033988393
0.0442 6370.429241539274 1.000175638523013 1.53609735360064 266.1099299947204 2.274186312306804
0.0443 6370.451387079496 1.000175142652087 1.536011597853082 265.9659839832742 2.24909459994795
0.0444 6370.473587393358 1.000174647261953 1.535925793273956 265.8216819431744 2.224188572990697
0.04450000000000001 6370.495842512903 1.000174152356072 1.535839939984148 265.6770236661276 2.199467897268598
0.0446 6370.518152470104 1.000173657937868 1.535754038104971 265.5320089443252 2.174932228442972
0.0447 6370.540517296857 1.000173164010727 1.535668087758211 265.3866375704314 2.150581212073901
0.0448 6370.562937024985 1.000172670577995 1.535582089066066 265.2409093375953 2.126414483696177
0.0449 6370.585411686237 1.000172177642983 1.535496042151158 265.0948240394627 2.102431668896029
0.04500000000000001 6370.607941312284 1.000171685208962 1.535409947136551 264.948381470152 2.078632383382921
0.0451 6370.630525934726 1.000171193279166 1.53532380414572 264.8015814242843 2.055016233070969
0.0452 6370.653165585082 1.000170701856793 1.535237613302507 264.6544236969656 2.03158281415347
0.0453 6370.675860294801 1.000170210945 1.535151374731183 264.5069080837924 2.008331713182186
0.0454 6370.698610095253 1.000169720546911 1.535065088556379 264.3590343808577 1.985262507147424
0.0455 6370.721415017732 1.000169230665609 1.534978754903135 264.2108023847453 1.962374763557091
0.0456 6370.744275093454 1.00016874130414 1.534892373896849 264.0622118925475 1.939668040520248
0.04570000000000001 6370.767190353563 1.000168252465516 1.534805945663265 263.9132627018411 1.917141886825092
0.0458 6370.79016082912 1.00016776415271 1.534719470328478 263.7639546107174 1.894795842025895
0.0459 6370.813186551114 1.000167276368658 1.534632948018958 263.6142874177584 1.872629436522643
0.046 6370.836267550453 1.00016678911626 1.534546378861485 263.4642609220545 1.850642191647706
0.0461 6370.85940385797 1.00016630239838 1.53445976298318 263.3138749231983 1.828833619749732
0.04620000000000001 6370.882595504417 1.000165816217843 1.534373100511476 263.1631292212913 1.807203224280036
0.0463 6370.90584252047 1.000165330577441 1.534286391574114 263.0120236169431 1.785750499878867
0.0464 6370.929144936729 1.000164845479927 1.534199636299154 262.8605579112599 1.76447493246077
0.0465 6370.952502783712 1.000164360928021 1.534112834814922 262.7087319058741 1.743375999306497
0.0466 6370.975916091859 1.000163876924405 1.53402598725007 262.5565454029146 1.722453169147305
0.04670000000000001 6370.999384891534 1.000163393471726 1.533939093733483 262.4039982050307 1.701705902257409
0.0468 6371.022909213018 1.000162910572595 1.533852154394361 262.2510901153859 1.681133650542974
0.0469 6371.046489086514 1.000162428229588 1.533765169362142 262.097820937658 1.660735857632622
0.047 6371.07012454215 1.000161946445247 1.533678138766494 261.9441904760273 1.640511958967061
0.0471 6371.093815609967 1.000161465222076 1.533591062737374 261.7901985352122 1.620461381895595
0.0472 6371.117562319934 1.000160984562547 1.533503941404941 261.6358449204275 1.600583545763137
0.0473 6371.141364701936 1.000160504469095 1.533416774899617 261.4811294374143 1.58087786200718
0.04740000000000001 6371.165222785779 1.000160024944124 1.533329563351986 261.3260518924398 1.561343734251443
0.0475 6371.189136601187 1.000159545989999 1.533242306892918 261.1706120922853 1.541980558398644
0.0476 6371.213106177807 1.000159067609054 1.533155005653421 261.0148098442527 1.52278772272615
0.0477 6371.237131545205 1.000158589803589 1.533067659764739 260.8586449561698 1.503764607982136
0.0478 6371.261212732865 1.000158112575868 1.532980269358271 260.7021172363787 1.484910587480145
0.04790000000000001 6371.285349770192 1.000157635928124 1.532892834565627 260.5452264937538 1.466225027197793
0.048 6371.309542686509 1.000157159862555 1.53280535551855 260.3879725376895 1.447707285872393
0.0481 6371.333791511061 1.000156684381327 1.53271783234898 260.2303551781064 1.429356715099263
0.0482 6371.358096273008 1.000156209486571 1.532630265188987 260.0723742254453 1.411172659429126
0.0483 6371.382457001434 1.000155735180387 1.53254265417079 259.9140294906791 1.393154456468058
0.04840000000000001 6371.406873725337 1.000155261464843 1.532454999426753 259.7553207853129 1.375301436976504
0.0485 6371.431346473637 1.000154788341972 1.532367301089363 259.5962479213598 1.357612924966131
0.0486 6371.455875275171 1.000154315813777 1.532279559291225 259.4368107113891 1.340088237805077
0.0487 6371.480460158698 1.000153843882228 1.532191774165054 259.2770089684663 1.322726686311764
0.0488 6371.50510115289 1.000153372549265 1.532103945843688 259.1168425062127 1.305527574862211
0.0489 6371.529798286344 1.000152901816795 1.53201607446003 258.9563111387641 1.288490201486692
0.049 6371.554551587571 1.000152431686694 1.531928160147092 258.7954146807882 1.271613857973263
0.04910000000000001 6371.579361085003 1.000151962160806 1.531840203037961 258.6341529474788 1.254897829969093
0.0492 6371.604226806988 1.000151493240946 1.53175220326579 258.4725257545796 1.2383413970852
0.0493 6371.629148781794 1.000151024928898 1.531664160963802 258.3105329183367 1.221943832994232
0.0494 6371.654127037607 1.000150557226415 1.531576076265274 258.1481742555519 1.205704405538896
0.0495 6371.679161602532 1.000150090135219 1.531487949303538 257.9854495835415 1.189622376831036
0.04960000000000001 6371.704252504592 1.000149623657006 1.531399780211943 257.8223587201536 1.173697003357037
0.0497 6371.729399771726 1.000149157793438 1.531311569123877 257.6589014837804 1.157927536082816
0.0498 6371.754603431796 1.000148692546151 1.531223316172768 257.4950776933282 1.14231322055508
0.0499 6371.779863512577 1.000148227916748 1.531135021492037 257.3308871682474 1.126853297008571
0.05 6371.805180041766 1.000147763906808 1.531046685215136 257.1663297285203 1.111547000469515
0.05010000000000001 6371.830553046977 1.000147300517877 1.530958307475488 257.0014051946495 1.096393560859375
0.0502 6371.85598255574 1.000146837751477 1.530869888406538 256.8361133876873 1.081392203102617
0.0503 6371.881468595507 1.000146375609097 1.530781428141689 256.6704541292064 1.0665421472292
0.0504 6371.907011193645 1.000145914092203 1.530692926814327 256.5044272413055 1.051842608480558
0.0505 6371.932610377443 1.00014545320223 1.530604384557818 256.3380325466213 1.037292797416211
0.0506 6371.958266174104 1.000144992940588 1.530515801505477 256.1712698683226 1.022891920018916
0.0507 6371.983978610753 1.000144533308657 1.530427177790575 256.0041390301043 1.008639177799982
0.05080000000000001 6372.009747714431 1.000144074307795 1.530338513546316 255.8366398561992 0.9945337679062202
0.0509 6372.035573512096 1.00014361593933 1.530249808905865 255.6687721713782 0.9805748832259281
0.051 6372.061456030629 1.000143158204564 1.530161064002304 255.5005358009147 0.9667617124920611
0.0511 6372.087395296825 1.000142701104774 1.53007227896862 255.3319305706376 0.9530934403928325
0.0512 6372.113391337402 1.000142244641211 1.529983453937757 255.1629563068904 0.9395692476744968
0.05130000000000001 6372.139444178991 1.000141788815102 1.529894589042518 254.9936128365602 0.9261883112499976
0.0514 6372.165553848146 1.000141333627647 1.529805684415641 254.8238999870545 0.9129498043033173
0.0515 6372.191720371337 1.000140879080023 1.529716740189735 254.6538175863069 0.8998528963962328
0.0516 6372.217943774956 1.00014042517338 1.529627756497306 254.4833654627831 0.8868967535750127
0.0517 6372.244224085311 1.000139971908847 1.529538733470743 254.3125434454809 0.8740805384766101
0.05180000000000001 6372.270561328628 1.000139519287527 1.52944967124227 254.141351363918 0.8614034104339273
0.0519 6372.296955531056 1.0001390673105 1.529360569944029 253.9697890481388 0.8488645255823787
0.05200000000000001 6372.323406718659 1.000138615978824 1.529271429707959 253.7978563287192 0.8364630369663303
0.0521 6372.349914917422 1.000138165293531 1.529182250665899 253.6255530367556 0.8241980946441565
0.0522 6372.376480153252 1.000137715255633 1.529093032949486 253.4528790038647 0.8120688457940741
0.0523 6372.403102451969 1.000137265866118 1.529003776690234 253.2798340622011 0.8000744348210641
0.0524 6372.429781839318 1.000136817125954 1.528914482019445 253.1064180444336 0.7882140034607434
0.05250000000000001 6372.45651834096 1.000136369036084 1.528825149068259 252.9326307837572 0.7764866908855761
0.0526 6372.483311982478 1.000135921597433 1.528735777967642 252.7584721138932 0.7648916338100658
0.0527 6372.510162789376 1.000135474810902 1.528646368848324 252.5839418690592 0.7534279665938232
0.0528 6372.537070787073 1.000135028677373 1.528556921840887 252.409039884023 0.7420948213499096
0.0529 6372.564036000914 1.000134583197707 1.528467437075664 252.2337659940603 0.7308913280466683
0.05300000000000001 6372.591058456159 1.000134138372744 1.528377914682808 252.0581200349674 0.719816614612867
0.0531 6372.618138177993 1.000133694203305 1.528288354792209 251.8821018430489 0.7088698070410583
0.0532 6372.645275191517 1.00013325069019 1.528198757533575 251.7057112551414 0.6980500294928937
0.0533 6372.672469521756 1.000132807834182 1.52810912303634 251.5289481085841 0.687356404400832
0.0534 6372.699721193655 1.000132365636043 1.528019451429742 251.3518122412423 0.6767880525728467
0.05350000000000001 6372.727030232079 1.000131924096517 1.527929742842711 251.1743034914838 0.666344093293935
0.0536 6372.754396661815 1.000131483216329 1.527839997403982 250.9964216982024 0.6560236444301346
0.05370000000000001 6372.78182050757 1.000131042996188 1.527750215241996 250.8181667007947 0.645825822529392
0.0538 6372.809301793975 1.000130603436783 1.527660396484937 250.6395383391654 0.635749742923835
0.0539 6372.836840545579 1.000130164538786 1.527570541260719 250.4605364537396 0.6257945198319663
0.054 6372.864436786855 1.000129726302854 1.527480649696968 250.2811608854448 0.6159592664587997
0.0541 6372.892090542199 1.000129288729624 1.527390721921037 250.1014114757053 0.6062430950963027
0.05420000000000001 6372.919801835928 1.000128851819718 1.527300758059975 249.9212880664712 0.5966451172253231
0.0543 6372.947570692279 1.000128415573744 1.527210758240532 249.7407905001836 0.5871644436135507
0.0544 6372.975397135416 1.00012797999229 1.527120722589186 249.5599186197977 0.5778001844162242
0.0545 6373.003281189423 1.000127545075932 1.527030651232063 249.3786722687536 0.5685514492735726
0.0546 6373.031222878305 1.000127110825228 1.526940544294994 249.1970512910174 0.5594173474114486
0.05470000000000001 6373.059222225994 1.000126677240725 1.526850401903499 249.0150555310401 0.5503969877372086
0.0548 6373.087279256343 1.000126244322951 1.526760224182751 248.8326848337691 0.5414894789378492
0.0549 6373.11539399313 1.000125812072422 1.526670011257605 248.6499390446546 0.5326939295772811
0.055 6373.143566460056 1.000125380489642 1.526579763252561 248.4668180096372 0.524009448192208
0.0551 6373.171796680745 1.000124949575098 1.526489480291803 248.2833215751601 0.5154351433886002
0.05520000000000001 6373.200084678746 1.000124519329265 1.526399162499144 248.0994495881513 0.5069701239362017
0.0553 6373.228430477533 1.000124089752606 1.526308809998039 247.9152018960352 0.4986134988638661
0.05540000000000001 6373.256834100504 1.00012366084557 1.526218422911605 247.7305783467272 0.4903643775534592
0.0555 6373.285295570981 1.000123232608595 1.526128001362584 247.545578788627 0.4822218698331879
0.0556 6373.313814912212 1.000122805042107 1.526037545473333 247.3602030706196 0.4741850860705809
0.0557 6373.342392147371 1.000122378146518 1.525947055365841 247.1744510420862 0.4662531372653427
0.0558 6373.371027299558 1.000121951922232 1.525856531161736 246.9883225528751 0.4584251351397885
0.05590000000000001 6373.399720391795 1.000121526369641 1.525765972982238 246.8018174533312 0.4507001922311659
0.056 6373.428471447034 1.000121101489124 1.525675380948187 246.6149355942783 0.4430774219812785
0.0561 6373.457280488152 1.000120677281052 1.525584755180012 246.4276768270132 0.4355559388259658
0.0562 6373.486147537952 1.000120253745786 1.525494095797772 246.2400410033114 0.4281348582843739
0.0563 6373.515072619164 1.000119830883676 1.525403402921093 246.0520279754331 0.4208132970474969
0.05640000000000001 6373.544055754445 1.000119408695064 1.525312676669193 245.8636375961058 0.413590373065079
0.0565 6373.573096966382 1.000118987180282 1.525221917160893 245.6748697185179 0.4064652056322923
0.0566 6373.602196277485 1.000118566339652 1.525131124514591 245.4857241963485 0.3994369154769977
0.0567 6373.631353710195 1.000118146173491 1.525040298848238 245.296200883732 0.3925046248437915
0.0568 6373.66056928688 1.000117726682104 1.524949440279392 245.1062996352815 0.385667457579519
0.05690000000000001 6373.689843029836 1.000117307865791 1.524858548925151 244.9160203060654 0.3789245392162683
0.057 6373.71917496129 1.000116889724842 1.524767624902193 244.7253627516133 0.3722749970546802
0.05710000000000001 6373.748565103395 1.000116472259542 1.524676668326755 244.5343268279333 0.3657179602468384
0.0572 6373.778013478235 1.000116055470168 1.524585679314614 244.3429123914715 0.3592525598763168
0.0573 6373.807520107823 1.00011563935699 1.524494657981116 244.1511192991524 0.3528779290402662
0.0574 6373.837085014101 1.000115223920274 1.524403604441143 243.958947408344 0.3465932029280464
0.0575 6373.866708218943 1.000114809160276 1.524312518809136 243.7663965768696 0.3403975189006402
0.05760000000000001 6373.896389744152 1.00011439507725 1.524221401199052 243.5734666630136 0.3342900165689957
0.0577 6373.926129611462 1.000113981671442 1.52413025172441 243.3801575254978 0.3282698378705757
0.0578 6373.955927842538 1.000113568943094 1.524039070498242 243.1864690235051 0.3223361271465491
0.0579 6373.985784458975 1.000113156892444 1.523947857633111 242.9924010166618 0.3164880312167941
0.058 6374.015699482303 1.000112745519725 1.523856613241123 242.7979533650317 0.3107246994544155
0.05810000000000001 6374.04567293398 1.000112334825164 1.523765337433887 242.6031259291279 0.3050452838598947
0.0582 6374.0757048354 1.000111924808986 1.523674030322532 242.407918569901 0.2994489391336282
0.05830000000000001 6374.105795207885 1.000111515471413 1.523582692017707 242.2123311487447 0.2939348227480828
0.0584 6374.135944072694 1.000111106812661 1.523491322629586 242.0163635274906 0.2885020950186848
0.0585 6374.166151451016 1.000110698832945 1.52339992226783 241.8200155683957 0.283149919173639
0.05860000000000001 6374.196417363976 1.000110291532476 1.523308491041616 241.6232871341543 0.2778774614234685
0.0587 6374.226741832631 1.000109884911464 1.523217029059639 241.4261780878986 0.2726838910292685
0.05880000000000001 6374.257124877972 1.000109478970116 1.523125536430058 241.2286882931802 0.2675683803695518
0.0589 6374.287566520927 1.000109073708636 1.523034013260566 241.0308176139764 0.2625301050067779
0.059 6374.318066782354 1.000108669127229 1.522942459658328 240.8325659147021 0.257568243753046
0.0591 6374.348625683049 1.000108265226096 1.522850875730021 240.6339330601799 0.252681978733774
0.0592 6374.379243243744 1.000107862005437 1.522759261581798 240.4349189156641 0.2478704954517485
0.05930000000000001 6374.409919485106 1.000107459465453 1.522667617319294 240.235523346811 0.2431329828488744
0.0594 6374.440654427736 1.000107057606342 1.522575943047653 240.0357462197143 0.2384686333685105
0.0595 6374.471448092175 1.000106656428305 1.522484238871468 239.8355874008638 0.2338766430149701
0.0596 6374.502300498898 1.00010625593154 1.522392504894846 239.6350467571632 0.2293562114134407
0.0597 6374.533211668317 1.000105856116246 1.522300741221346 239.4341241559417 0.224906541868719
0.05980000000000001 6374.564181620783 1.000105456982623 1.522208947954011 239.232819464913 0.2205268414217572
0.0599 6374.595210376583 1.000105058530871 1.522117125195377 239.0311325522101 0.2162163209069134
0.06000000000000001 6374.626297955943 1.000104660761191 1.522025273047422 238.8290632863685 0.2119741950069879
0.0601 6374.657444379028 1.000104263673787 1.521933391611622 238.6266115363195 0.2077996823075124
0.0602 6374.688649665939 1.000103867268861 1.5218414809889 238.4237771713964 0.2036920053502572
0.0603 6374.719913836718 1.00010347154662 1.521749541279661 238.2205600613346 0.1996503906855699
0.0604 6374.751236911347 1.000103076507271 1.521657572583767 238.0169600762478 0.1956740689232167
0.06050000000000001 6374.782618909746 1.000102682151023 1.521565575000554 237.8129770866516 0.1917622747831264
0.0606 6374.814059851777 1.00010228847809 1.521473548628812 237.608610963452 0.1879142471443764
0.0607 6374.845559757239 1.000101895488685 1.521381493566789 237.4038615779449 0.1841292290933679
0.0608 6374.877118645875 1.000101503183027 1.521289409912211 237.1987288018107 0.1804064679708408
0.0609 6374.908736537369 1.000101111561335 1.521197297762241 236.9932125071022 0.1767452154177408
0.06100000000000001 6374.940413451344 1.000100720623835 1.521105157213514 236.7873125662621 0.1731447274205619
0.0611 6374.972149407367 1.000100330370754 1.521012988362122 236.5810288521178 0.1696042643551922
0.0612 6375.003944424944 1.000099940802322 1.520920791303612 236.3743612378629 0.1661230910295107
0.0613 6375.03579852353 1.000099551918776 1.520828566132968 236.1673095970576 0.162700476725244
0.0614 6375.067711722514 1.000099163720354 1.520736312944665 235.9598738036583 0.1593356952392327
0.06150000000000001 6375.099684041236 1.000098776207301 1.520644031832595 235.7520537319641 0.1560280249222711
0.0616 6375.131715498975 1.000098389379864 1.520551722890132 235.5438492566644 0.1527767487185304
0.06170000000000001 6375.163806114954 1.000098003238297 1.52045938621008 235.3352602527974 0.1495811542024847
0.0618 6375.195955908343 1.000097617782857 1.520367021884714 235.1262865957737 0.1464405336158083
0.0619 6375.228164898254 1.000097233013809 1.520274630005753 234.9169281613525 0.1433541839024725
0.062 6375.260433103744 1.00009684893142 1.52018221066435 234.7071848256659 0.1403214067434921
0.0621 6375.292760543817 1.000096465535965 1.520089763951146 234.4970564651884 0.1373415085898169
0.06220000000000001 6375.325147237422 1.000096082827723 1.519997289956203 234.2865429567554 0.1344138006948542
0.0623 6375.357593203453 1.00009570080698 1.519904788769049 234.0756441775569 0.1315375991455784
0.0624 6375.390098460749 1.000095319474028 1.519812260478654 233.8643600051317 0.1287122248925828
0.0625 6375.422663028099 1.000094938829164 1.519719705173457 233.6526903173557 0.1259370037790009
0.0626 6375.455286924238 1.000094558872692 1.519627122941332 233.4406349924533 0.1232112665686828
0.06270000000000001 6375.487970167847 1.000094179604925 1.519534513869589 233.2281939089979 0.1205343489731457
0.06280000000000001 6375.520712777556 1.000093801026179 1.51944187804503 233.0153669458881 0.1179055916771761
0.0629 6375.553514771942 1.000093423136778 1.519349215553885 232.802153982377 0.115324340364048
0.063 6375.586376169532 1.000093045937055 1.51925652648184 232.5885548980431 0.1127899457389485
0.0631 6375.6192969888 1.000092669427347 1.519163810914036 232.3745695728015 0.1103017635518721
0.06320000000000001 6375.652277248169 1.000092293608001 1.519071068935069 232.1601978868988 0.1078591546192487
0.06330000000000001 6375.685316966015 1.000091918479369 1.518978300628985 231.9454397209005 0.1054614848444699
0.0634 6375.718416160659 1.000091544041814 1.518885506079295 231.7302949557151 0.1031081252377725
0.0635 6375.751574850375 1.000091170295702 1.518792685368962 231.5147634725644 0.1007984519344884
0.0636 6375.784793053387 1.000090797241412 1.518699838580397 231.2988451529835 0.09853184621260662
0.06370000000000001 6375.81807078787 1.000090424879327 1.518606965795481 231.0825398788446 0.09630769450954516
0.06380000000000001 6375.851408071949 1.00009005320984 1.518514067095556 230.8658475323331 0.09412538843739511
0.0639 6375.8848049237 1.000089682233351 1.518421142561429 230.6487679959477 0.09198432479740512
0.064 6375.918261361156 1.000089311950271 1.518328192273338 230.4313011524886 0.08988390559333556
0.0641 6375.951777402296 1.000088942361015 1.518235216311012 230.2134468850753 0.08782353804409269
0.06420000000000001 6375.985353065054 1.00008857346601 1.518142214753661 229.9952050771466 0.08580263459517183
0.06430000000000001 6376.018988367317 1.000088205265691 1.518049187679921 229.7765756124367 0.08382061292888861
0.0644 6376.052683326927 1.000087837760501 1.517956135167919 229.5575583749754 0.08187689597385027
0.0645 6376.086437961676 1.000087470950892 1.517863057295236 229.3381532491061 0.07997091191358922
0.06460000000000001 6376.120252289313 1.000087104837325 1.51776995413894 229.1183601194674 0.07810209419389542
0.06470000000000001 6376.154126327539 1.000086739420271 1.51767682577557 228.8981788709997 0.07626988152938639
0.0648 6376.188060094011 1.000086374700207 1.517583672281127 228.677609388927 0.07447371790890968
0.0649 6376.222053606342 1.000086010677623 1.517490493731093 228.4566515587748 0.07271305260028005
0.065 6376.256106882098 1.000085647353016 1.51739729020044 228.2353052663642 0.07098734015385888
0.06510000000000001 6376.2902199388 1.000085284726892 1.517304061763599 228.0135703978002 0.06929604040514573
0.06520000000000001 6376.324392793928 1.000084922799769 1.517210808494496 227.7914468394655 0.06763861847648262
0.0653 6376.358625464918 1.000084561572169 1.517117530466551 227.5689344780325 0.06601454477795744
0.0654 6376.39291796916 1.000084201044631 1.517024227752629 227.3460332004632 0.06442329500728503
0.0655 6376.427270324002 1.000083841217696 1.516930900425141 227.1227428939859 0.06286435014860528
0.06560000000000001 6376.461682546751 1.00008348209192 1.51683754855594 226.8990634461183 0.06133719647071229
0.06570000000000001 6376.496154654669 1.000083123667866 1.516744172216405 226.67499474465 0.05984132552408423
0.0658 6376.530686664977 1.000082765946108 1.516650771477385 226.4505366776488 0.05837623413718809
0.0659 6376.565278594856 1.000082408927227 1.516557346409247 226.2256891334363 0.05694142441170665
0.066 6376.599930461443 1.000082052611816 1.516463897081846 226.000452000624 0.05553640371727216
0.06610000000000001 6376.634642281834 1.000081697000479 1.516370423564542 225.7748251680777 0.0541606846848747
0.06620000000000001 6376.669414073086 1.000081342093827 1.516276925926202 225.5488085249407 0.05281378519978874
0.0663 6376.704245852216 1.000080987892482 1.516183404235206 225.322401960599 0.05149522839329012
0.0664 6376.739137636197 1.000080634397075 1.516089858559433 225.0956053647223 0.05020454263399266
0.0665 6376.774089441965 1.000080281608248 1.515996288966295 224.8684186272284 0.04894126151789933
0.06660000000000001 6376.809101286418 1.000079929526652 1.51590269552269 224.6408416382836 0.04770492385784939
0.06670000000000001 6376.84417318641 1.000079578152948 1.515809078295068 224.4128742883321 0.04649507367230944
0.0668 6376.879305158761 1.000079227487807 1.51571543734938 224.1845164680543 0.04531126017297718
0.0669 6376.914497220249 1.00007887753191 1.515621772751121 223.9557680683791 0.04415303775189087
0.067 6376.949749387617 1.000078528285947 1.515528084565283 223.7266289804896 0.0430199659677199
0.06710000000000001 6376.985061677566 1.000078179750618 1.51543437285643 223.4970990958231 0.04191160953125225
0.06720000000000001 6377.020434106761 1.000077831926634 1.515340637688625 223.2671783060531 0.04082753829003997
0.0673 6377.055866691831 1.000077484814713 1.515246879125489 223.0368665030959 0.03976732721241445
0.0674 6377.091359449368 1.000077138415585 1.515153097230181 222.8061635791099 0.03873055637073319
0.0675 6377.126912395924 1.00007679272999 1.5150592920654 222.575069426496 0.03771681092389875
0.06760000000000001 6377.162525548016 1.000076447758677 1.514965463693399 222.3435839378975 0.03672568109916145
0.06770000000000001 6377.198198922126 1.000076103502402 1.514871612175978 222.1117070061822 0.03575676217314373
0.0678 6377.233932534699 1.000075759961936 1.514777737574481 221.8794385244545 0.03480965445230005
0.0679 6377.269726402145 1.000075417138054 1.514683839949837 221.6467783860552 0.0338839632526407
0.06800000000000001 6377.305580540839 1.000075075031544 1.514589919362507 221.4137264845498 0.03297929887873906
0.06810000000000001 6377.341494967118 1.000074733643203 1.514495975872542 221.1802827137343 0.03209527660215242
0.0682 6377.377469697288 1.000074392973836 1.514402009539536 220.9464469676294 0.03123151663914866
0.0683 6377.413504747618 1.000074053024257 1.514308020422694 220.7122191404864 0.03038764412784159
0.0684 6377.449600134342 1.000073713795293 1.514214008580749 220.4775991267751 0.02956328910463789
0.06850000000000001 6377.485755873664 1.000073375287776 1.514119974072045 220.2425868211843 0.02875808648011755
0.06860000000000001 6377.52197198175 1.000073037502548 1.514025916954499 220.0071821186274 0.02797167601433366
0.0687 6377.558248474736 1.000072700440462 1.513931837285623 219.7713849142186 0.02720370229142583
0.0688 6377.594585368721 1.000072364102378 1.513837735122511 219.5351951033148 0.02645381469387271
0.0689 6377.630982679773 1.000072028489165 1.513743610521859 219.2986125814736 0.02572166737590817
0.06900000000000001 6377.667440423929 1.000071693601703 1.513649463539951 219.0616372444596 0.02500691923654623
0.06910000000000001 6377.703958617191 1.000071359440878 1.513555294232691 218.8242689882562 0.02430923389208067
0.0692 6377.740537275531 1.000071026007586 1.513461102655566 218.5865077090479 0.02362827964796939
0.0693 6377.777176414887 1.000070693302731 1.513366888863697 218.3483533032317 0.02296372947029286
0.0694 6377.813876051167 1.000070361327226 1.513272652911804 218.1098056674117 0.02231526095665825
0.06950000000000001 6377.850636200246 1.000070030081992 1.513178394854233 217.870864698399 0.02168255630663191
0.06960000000000001 6377.88745687797 1.000069699567958 1.513084114744945 217.6315302931938 0.02106530229164968
0.0697 6377.924338100153 1.000069369786062 1.512989812637533 217.391802349009 0.02046319022457259
0.0698 6377.961279882575 1.000069040737249 1.51289548858523 217.1516807632646 0.01987591592870987
0.0699 6377.998282240991 1.000068712422472 1.512801142640884 216.9111654335578 0.01930317970634967
0.07000000000000001 6378.035345191123 1.000068384842692 1.512706774856995 216.6702562576987 0.0187446863070232
0.07010000000000001 6378.072468748665 1.000068057998879 1.5126123852857 216.4289531336807 0.01820014489519674
0.0702 6378.109652929276 1.000067731892008 1.512517973978792 216.187255959704 0.01766926901768855
0.0703 6378.146897748593 1.000067406523064 1.512423540987706 215.9451646341462 0.01715177657057667
0.0704 6378.184203222218 1.000067081893037 1.512329086363538 215.7026790555859 0.01664738976585005
0.07050000000000001 6378.221569365726 1.000066758002925 1.512234610157037 215.4597991227792 0.01615583509759391
0.07060000000000001 6378.258996194664 1.000066434853734 1.512140112418622 215.2165247346828 0.01567684330792427
0.0707 6378.296483724548 1.000066112446477 1.512045593198385 214.9728557904372 0.01521014935249849
0.0708 6378.334031970867 1.00006579078217 1.511951052546088 214.7287921893657 0.01475549236573883
0.07090000000000001 6378.371640949082 1.000065469861842 1.511856490511151 214.4843338309692 0.01431261562573245
0.07100000000000001 6378.409310674625 1.000065149686522 1.511761907142706 214.2394806149376 0.01388126651886393
0.0711 6378.447041162902 1.00006483025725 1.511667302489553 213.9942324411385 0.01346119650411651
0.0712 6378.48483242929 1.00006451157507 1.511572676600182 213.7485892096164 0.01305216107712097
0.0713 6378.522684489138 1.000064193641033 1.511478029522782 213.5025508206053 0.01265391973396088
0.07140000000000001 6378.560597357768 1.000063876456194 1.511383361305242 213.2561171745105 0.01226623593467825
0.07150000000000001 6378.598571050476 1.000063560021617 1.511288671995148 213.0092881719087 0.01188887706657294
0.0716 6378.636605582531 1.000063244338368 1.511193961639795 212.7620637135482 0.01152161440727651
0.0717 6378.674700969176 1.00006292940752 1.511099230286192 212.5144437003545 0.0111642230876211
0.0718 6378.712857225626 1.000062615230152 1.511004477981061 212.2664280334305 0.01081648205429749
0.07190000000000001 6378.751074367069 1.000062301807347 1.510909704770847 212.0180166140507 0.01047817403231658
0.07200000000000001 6378.789352408669 1.000061989140193 1.510814910701725 211.7692093436489 0.01014908548728768
0.0721 6378.827691365565 1.000061677229783 1.510720095819588 211.5200061238305 0.009829006587564783
0.0722 6378.866091252866 1.000061366077215 1.510625260170059 211.2704068563725 0.009517731166222565
0.0723 6378.90455208566 1.00006105568359 1.510530403798524 211.0204114432112 0.009215056682877573
0.07240000000000001 6378.943073879006 1.000060746050014 1.510435526750081 210.7700197864605 0.008920784185416888
0.07250000000000001 6378.981656647941 1.000060437177598 1.510340629069598 210.5192317883819 0.008634718271552575
0.0726 6379.020300407475 1.000060129067455 1.510245710801685 210.2680473514146 0.008356667050340886
0.0727 6379.059005172591 1.000059821720703 1.510150771990697 210.0164663781569 0.008086442103551066
0.0728 6379.097770958253 1.000059515138463 1.510055812680768 209.7644887713553 0.007823858446961075
0.07290000000000001 6379.136597779395 1.000059209321858 1.509960832915785 209.5121144339336 0.007568734491625113
0.07300000000000001 6379.175485650929 1.000058904272018 1.50986583273941 209.2593432689631 0.007320892005018313
0.0731 6379.214434587742 1.000058599990071 1.509770812195062 209.0061751796751 0.00708015607217654
0.0732 6379.253444604698 1.000058296477152 1.509675771325952 208.7526100694603 0.006846355056785111
0.0733 6379.292515716636 1.000057993734395 1.509580710175074 208.4986478418631 0.006619320562235229
0.07340000000000001 6379.331647938371 1.000057691762939 1.509485628785205 208.2442884005876 0.006398887392675096
0.07350000000000001 6379.370841284694 1.000057390563923 1.509390527198901 207.9895316494916 0.006184893514044605
0.0736 6379.410095770372 1.000057090138491 1.509295405458526 207.7343774925806 0.005977180015115853
0.0737 6379.449411410152 1.000056790487786 1.509200263606239 207.478825834014 0.005775591068558997
0.0738 6379.488788218753 1.000056491612952 1.509105101684 207.2228765781046 0.005579973892028448
0.07390000000000001 6379.528226210874 1.000056193515138 1.509009919733578 206.9665296293191 0.005390178709284805
0.07400000000000001 6379.56772540119 1.000055896195491 1.508914717796553 206.7097848922662 0.005206058711354355
0.0741 6379.607285804352 1.000055599655161 1.508819495914313 206.4526422717139 0.00502747001776616
0.0742 6379.646907434989 1.000055303895296 1.508724254128079 206.1951016725724 0.004854271637828837
0.07430000000000001 6379.686590307708 1.000055008917047 1.508628992478892 205.9371629998994 0.004686325432000042
0.07440000000000001 6379.726334437092 1.000054714721565 1.508533711007626 205.6788261589007 0.004523496073336152
0.0745 6379.766139837703 1.000054421310001 1.50843840975497 205.4200910549297 0.004365651009036049
0.0746 6379.806006524079 1.000054128683506 1.508343088761459 205.1609575934875 0.0042126604220881
0.0747 6379.845934510737 1.000053836843231 1.508247748067478 204.9014256802115 0.004064397193022879
0.07480000000000001 6379.88592381217 1.000053545790324 1.508152387713244 204.6414952208924 0.003920736861804438
0.07490000000000001 6379.925974442853 1.000053255525937 1.50805700773883 204.3811661214571 0.003781557589830954
0.075 6379.966086417233 1.000052966051218 1.507961608184164 204.1204382879863 0.003646740122093874
0.0751 6380.00625974974 1.000052677367313 1.507866189089023 203.8593116266906 0.003516167749461914
0.0752 6380.046494454781 1.000052389475371 1.507770750493038 203.5977860439224 0.003389726271139509
0.07530000000000001 6380.08679054674 1.000052102376536 1.507675292435728 203.335861446188 0.003267303957287557
0.07540000000000001 6380.127148039981 1.00005181607195 1.507579814956469 203.0735377401237 0.003148791511798591
0.0755 6380.167566948845 1.000051530562755 1.507484318094502 202.8108148325076 0.003034082035268601
0.0756 6380.208047287652 1.000051245850091 1.507388801888955 202.5476926302598 0.002923070988149591
0.0757 6380.248589070702 1.000050961935094 1.507293266378832 202.2841710404363 0.002815656154094019
0.07580000000000001 6380.289192312272 1.000050678818899 1.507197711603022 202.0202499702349 0.002711737603505885
0.07590000000000001 6380.329857026617 1.000050396502638 1.507102137600307 201.7559293269895 0.002611217657295502
0.076 6380.370583227974 1.000050114987439 1.50700654440935 201.49120901817 0.002514000850852557
0.0761 6380.411370930556 1.000049834274428 1.506910932068722 201.2260889513881 0.002419993898243548
0.0762 6380.452220148556 1.000049554364727 1.50681530061688 200.9605690343855 0.002329105656631829
0.07630000000000001 6380.493130896147 1.000049275259456 1.506719650092205 200.6946491750458 0.002241247090941629
0.07640000000000001 6380.53410318748 1.000048996959729 1.506623980532958 200.4283292813828 0.002156331238755502
0.0765 6380.575137036685 1.000048719466658 1.506528291977328 200.1616092615462 0.002074273175465717
0.0766 6380.616232457872 1.000048442781349 1.506432584463426 199.8944890238334 0.001994989979680633
0.0767 6380.65738946513 1.000048166904905 1.506336858029253 199.6269684766543 0.001918400698876478
0.07680000000000001 6380.698608072527 1.000047891838424 1.506241112712755 199.3590475285722 0.001844426315337117
0.07690000000000001 6380.739888294111 1.000047617582999 1.506145348551797 199.0907260882808 0.00177298971234464
0.077 6380.781230143909 1.000047344139719 1.506049565584167 198.8220040645919 0.001704015640649922
0.0771 6380.822633635928 1.000047071509667 1.50595376384758 198.5528813664708 0.001637430685235855
0.07720000000000001 6380.864098784154 1.00004679969392 1.505857943379703 198.2833579030015 0.001573163232347435
0.07730000000000001 6380.905625602552 1.00004652869355 1.505762104218132 198.0134335834094 0.001511143436827206
0.07740000000000001 6380.947214105068 1.000046258509625 1.5056662464004 197.7431083170562 0.001451303189737586
0.0775 6380.988864305627 1.000045989143203 1.505570369963995 197.4723820134276 0.001393576086281189
0.0776 6381.030576218133 1.000045720595341 1.505474474946338 197.2012545821334 0.001337897394027111
0.07770000000000001 6381.072349856472 1.000045452867085 1.505378561384823 196.9297259329313 0.001284204021448762
0.07780000000000001 6381.114185234506 1.000045185959476 1.505282629316786 196.6577959757091 0.001232434486763675
0.0779 6381.156082366081 1.000044919873549 1.505186678779509 196.3854646204726 0.001182528887089564
0.078 6381.19804126502 1.000044654610332 1.505090709810263 196.1127317773697 0.001134428867924794
0.0781 6381.240061945126 1.000044390170844 1.504994722446259 195.8395973566784 0.001088077592943065
0.07820000000000001 6381.282144420185 1.0000441265561 1.504898716724682 195.5660612688006 0.001043419714113633
0.07830000000000001 6381.324288703957 1.000043863767103 1.504802692682697 195.2921234242803 0.001000401342152511
0.0784 6381.366494810188 1.000043601804853 1.504706650357426 195.0177837337795 0.0009589700172966259
0.0785 6381.4087627526 1.000043340670338 1.504610589785977 194.7430421081025 0.0009190746804179912
0.0786 6381.451092544897 1.00004308036454 1.504514511005434 194.4678984581714 0.0008806656444652948
0.07870000000000001 6381.493484200761 1.000042820888433 1.504418414052862 194.1923526950562 0.000843694566250327
0.07880000000000001 6381.535937733855 1.000042562242981 1.504322298965315 193.9164047299454 0.0008081144185650057
0.0789 6381.578453157823 1.000042304429141 1.504226165779827 193.6400544741513 0.0007738794626446273
0.079 6381.621030486288 1.000042047447859 1.50413001453343 193.3633018391282 0.0007409452209749546
0.0791 6381.663669732852 1.000041791300075 1.504033845263137 193.0861467364606 0.0007092684504397756
0.07920000000000001 6381.706370911101 1.000041535986716 1.503937658005969 192.8085890778451 0.0006788071158137974
0.07930000000000001 6381.749134034594 1.000041281508703 1.503841452798935 192.5306287751381 0.0006495203636096413
0.0794 6381.791959116877 1.000041027866946 1.503745229679049 192.2522657403023 0.0006213684962616519
0.0795 6381.834846171472 1.000040775062344 1.503648988683327 191.9734998854304 0.0005943129466672816
0.0796 6381.877795211883 1.000040523095789 1.503552729848787 191.6943311227632 0.0005683162530770253
0.07970000000000001 6381.920806251591 1.00004027196816 1.50345645321247 191.4147593646593 0.0005433420343301638
0.07980000000000001 6381.963879304061 1.000040021680328 1.503360158811405 191.1347845236018 0.0005193549654449376
0.0799 6382.007014382737 1.000039772233151 1.50326384668265 190.8544065122095 0.0004963207535601553
0.08 6382.05021150104 1.000039523627478 1.503167516863266 190.5736252432374 0.0004742061142269532
0.08010000000000001 6382.093470672375 1.000039275864149 1.503071169390339 190.2924406295646 0.0004529787480509945
0.08020000000000001 6382.136791910123 1.000039028943989 1.502974804300976 190.0108525842001 0.000432607317687361
0.08030000000000001 6382.180175227648 1.000038782867815 1.502878421632299 189.728861020289 0.0004130614251862899
0.0804 6382.223620638292 1.000038537636432 1.502782021421463 189.4464658511005 0.0003943115896881982
0.0805 6382.267128155379 1.000038293250633 1.502685603705634 189.1636669900339 0.0003763292254700626
0.08060000000000001 6382.310697792213 1.000038049711199 1.502589168522021 188.8804643506186 0.0003590866203406908
0.08070000000000001 6382.354329562074 1.0000378070189 1.502492715907855 188.5968578465198 0.0003425569143849249
0.08080000000000001 6382.398023478226 1.000037565174496 1.502396245900397 188.312847391533 0.0003267140790547412
0.0809 6382.441779553911 1.000037324178731 1.502299758536946 188.0284328995775 0.0003115328966070617
0.081 6382.485597802353 1.000037084032339 1.502203253854836 187.743614284709 0.0002969889398879464
0.08110000000000001 6382.529478236751 1.000036844736042 1.502106731891447 187.4583914611188 0.0002830585524602032
0.08120000000000001 6382.573420870289 1.000036606290549 1.502010192684184 187.1727643431226 0.000269718829073181
0.0813 6382.617425716127 1.000036368696556 1.501913636270501 186.8867328451719 0.0002569475964749432
0.0814 6382.661492787409 1.000036131954746 1.501817062687891 186.6002968818424 0.0002447233945628623
0.0815 6382.705622097254 1.000035896065791 1.501720471973892 186.3134563678517 0.0002330254578733298
0.08160000000000001 6382.749813658763 1.000035661030347 1.501623864166106 186.0262112180416 0.0002218336974058619
0.08170000000000001 6382.794067485016 1.000035426849059 1.50152723930215 185.7385613473956 0.0002111286827826678
0.0818 6382.838383589075 1.000035193522557 1.501430597419716 185.4505066710157 0.0002008916247385073
0.0819 6382.882761983977 1.00003496105146 1.501333938556545 185.1620471041514 0.0001911043579422926
0.082 6382.927202682743 1.000034729436371 1.501237262750417 184.8731825621707 0.0001817493241440218
0.08210000000000001 6382.971705698372 1.00003449867788 1.501140570039172 184.5839129605832 0.0001728095556487189
0.08220000000000001 6383.016271043841 1.000034268776563 1.50104386046073 184.2942382150349 0.0001642686591119928
0.0823 6383.060898732108 1.000034039732984 1.500947134053017 184.0041582412954 0.0001561107996556357
0.0824 6383.105588776111 1.000033811547689 1.500850390854064 183.7136729552766 0.000148320685301619
0.0825 6383.150341188766 1.000033584221212 1.500753630901946 183.4227822730203 0.0001408835517200421
0.08260000000000001 6383.195155982969 1.000033357754073 1.500656854234786 183.1314861107043 0.0001337851472896346
0.08270000000000001 6383.240033171594 1.000033132146778 1.500560060890789 182.8397843846364 0.0001270117184671465
0.0828 6383.284972767497 1.000032907399816 1.50046325090822 182.5476770112722 0.000120549995463547
0.0829 6383.329974783509 1.000032683513663 1.500366424325397 182.2551639071916 0.0001143871782225244
0.083 6383.375039232446 1.00003246048878 1.500269581180707 181.9622449891043 0.0001085109226999104
0.08310000000000001 6383.420166127098 1.000032238325614 1.50017272151261 181.6689201738622 0.0001029093274402397
0.08320000000000001 6383.465355480237 1.000032017024595 1.500075845359634 181.3751893784587 9.75709204469083e-005
0.0833 6383.510607304613 1.000031796586138 1.499978952760377 181.0810525200176 9.248464634275955e-005
0.0834 6383.555921612954 1.000031577010645 1.499882043753498 180.7865095157985 8.763985381833487e-005
0.08350000000000001 6383.60129841797 1.000031358298501 1.49978511837773 180.4915602831969 8.302628336396241e-005
0.08360000000000001 6383.646737732347 1.000031140450075 1.499688176671883 180.1962047397445 7.86340552823969e-005
0.08370000000000001 6383.692239568752 1.000030923465721 1.49959121867484 179.9004428031147 7.445365797863809e-005
0.0838 6383.737803939827 1.000030707345779 1.499494244425548 179.6042743911229 7.047593652324337e-005
0.0839 6383.783430858199 1.000030492090571 1.499397253963045 179.3076994217084 6.669208148548029e-005
0.08400000000000001 6383.829120336468 1.000030277700403 1.499300247326423 179.0107178129587 6.309361803351652e-005
0.08410000000000001 6383.874872387216 1.000030064175568 1.499203224554868 178.7133294830968 5.967239529698647e-005
0.08420000000000001 6383.920687023002 1.000029851516339 1.499106185687632 178.415534350488 5.642057598901122e-005
0.0843 6383.966564256365 1.000029639722976 1.499009130764049 178.1173323336274 5.333062628356262e-005
0.0844 6384.012504099822 1.000029428795723 1.498912059823533 177.8187233511579 5.039530594498963e-005
0.08450000000000001 6384.058506565867 1.000029218734804 1.498814972905575 177.5197073218645 4.760765870538412e-005
0.08460000000000001 6384.104571666974 1.000029009540431 1.498717870049734 177.220284164668 4.496100288633223e-005
0.0847 6384.150699415596 1.000028801212797 1.498620751295674 176.9204537986251 4.244892226132204e-005
0.0848 6384.196889824163 1.00002859375208 1.498523616683118 176.6202161429404 4.006525715505119e-005
0.0849 6384.243142905083 1.000028387158439 1.498426466251874 176.3195711169605 3.780409577558414e-005
0.08500000000000001 6384.289458670744 1.00002818143202 1.498329300041837 176.0185186401617 3.565976577568178e-005
0.08510000000000001 6384.335837133511 1.00002797657295 1.498232118092981 175.7170586321803 3.362682603980841e-005
0.0852 6384.382278305726 1.000027772581339 1.498134920445362 175.4151910127824 3.170005869225844e-005
0.0853 6384.428782199711 1.00002756945728 1.498037707139116 175.1129157018762 2.987446132331193e-005
0.0854 6384.475348827767 1.000027367200851 1.497940478214471 174.8102326195116 2.81452394291888e-005
0.08550000000000001 6384.521978202171 1.000027165812112 1.497843233711719 174.5071416858863 2.650779906209105e-005
0.08560000000000001 6384.568670335178 1.000026965291105 1.497745973671259 174.2036428213459 2.495773968643523e-005
0.0857 6384.61542523902 1.000026765637855 1.497648698133565 173.8997359463718 2.349084723743562e-005
0.0858 6384.662242925909 1.000026566852372 1.497551407139189 173.5954209815935 2.210308737839914e-005
0.0859 6384.709123408033 1.000026368934647 1.497454100728781 173.290697847788 2.079059895273477e-005
0.08600000000000001 6384.756066697559 1.000026171884653 1.497356778943056 172.9855664658684 1.954968762690124e-005
0.08610000000000001 6384.803072806632 1.000025975702348 1.497259441822826 172.6800267568955 1.837681972066336e-005
0.0862 6384.850141747372 1.00002578038767 1.497162089408999 172.3740786420839 1.726861622074753e-005
0.0863 6384.897273531879 1.000025585940542 1.497064721742544 172.0677220427841 1.622184697409956e-005
0.08640000000000001 6384.944468172231 1.000025392360869 1.496967338864527 171.7609568805004 1.523342505723168e-005
0.08650000000000001 6384.991725680481 1.000025199648536 1.496869940816108 171.453783076873 1.4300401317693e-005
0.08660000000000001 6385.03904606866 1.000025007803413 1.49677252763852 171.1462005537077 1.341995908425148e-005
0.0867 6385.086429348778 1.000024816825353 1.496675099373082 170.8382092329401 1.25894090417773e-005
0.0868 6385.133875532821 1.000024626714189 1.496577656061211 170.5298090366658 1.180618426758509e-005
0.08690000000000001 6385.181384632751 1.000024437469738 1.496480197744389 170.2209998871161 1.106783542528335e-005
0.08700000000000001 6385.22895666051 1.000024249091798 1.496382724464204 169.9117817066821 1.037202611282671e-005
0.08710000000000001 6385.276591628016 1.00002406158015 1.496285236262311 169.6021544178965 9.716528360995722e-006
