0 6365.5 1.000357295734816 1.568958407826084 298.15 21.8628667447005
0.0001 6365.501201756362 1.000357228206946 1.568893559707364 298.1421885836456 21.85268811603515
0.0002 6365.502444792189 1.000357158376148 1.568828723058897 298.1341088507733 21.84216420959215
0.0003 6365.503729100214 1.000357086244507 1.568763896321135 298.1257608486116 21.83129552597277
0.0004 6365.505054674163 1.000357011814108 1.568699078053994 298.1171446179395 21.82008257158699
0.0005 6365.506421508683 1.000356935087039 1.568634266921838 298.1082601935594 21.80852585925285
0.0006000000000000001 6365.50782959927 1.000356856065394 1.568569461682322 298.0991076047461 21.7966259087643
0.0007 6365.509278942211 1.000356774751278 1.568504661174619 298.0896868756312 21.7843832473736
0.0008 6365.510769534535 1.000356691146807 1.568439864310818 298.0799980255223 21.77179841018849
0.0009000000000000001 6365.512301373963 1.000356605254114 1.568375070068492 298.0700410692401 21.75887194059151
0.001 6365.51387445887 1.000356517075349 1.568310277483398 298.059816017343 21.74560439051293
0.0011 6365.515488788245 1.000356426612683 1.568245485643733 298.0493228764107 21.73199632077945
0.0012 6365.517144361657 1.000356333868307 1.568180693684784 298.0385616492275 21.71804830133205
0.0013 6365.518841179231 1.000356238844436 1.568115900784803 298.0275323350014 21.70376091148901
0.0014 6365.520579241609 1.00035614154331 1.568051106160593 298.0162349295409 21.68913474015465
0.0015 6365.522358549941 1.000356041967195 1.567986309063812 298.0046694253855 21.67417038596616
0.0016 6365.524179105848 1.000355940118383 1.567921508778366 297.9928358119886 21.65886845750873
0.0017 6365.526040911411 1.000355835999196 1.567856704617201 297.9807340758301 21.6432295734381
0.0018 6365.527943969149 1.000355729611984 1.567791895920143 297.9683642005288 21.62725436260265
0.0019 6365.529888282003 1.000355620959128 1.567727082050989 297.9557261669837 21.61094346420299
0.002 6365.531873853318 1.000355510043041 1.567662262396289 297.942819953434 21.59429752784395
0.0021 6365.533900686834 1.000355396866166 1.567597436363145 297.9296455355765 21.57731721366253
0.0022 6365.535968786667 1.000355281430979 1.567532603377802 297.9162028866666 21.56000319243204
0.0023 6365.538078157299 1.00035516373999 1.567467762883824 297.9024919775537 21.54235614558206
0.0024 6365.54022880357 1.000355043795742 1.567402914341302 297.8885127767934 21.52437676531671
0.0025 6365.542420730662 1.000354921600811 1.567338057225224 297.8742652506948 21.5060657546486
0.0026 6365.544653944095 1.000354797157809 1.567273191024647 297.8597493633796 21.48742382744748
0.0027 6365.546928449713 1.000354670469385 1.567208315241504 297.8449650768652 21.46845170851865
0.0028 6365.54924425368 1.000354541538219 1.567143429389775 297.8299123510818 21.44915013359727
0.0029 6365.551601362469 1.000354410367032 1.567078532994988 297.81459114395 21.42951984941797
0.003 6365.553999782858 1.000354276958576 1.567013625593064 297.7990014114215 21.40956161373845
0.0031 6365.556439521921 1.000354141315643 1.566948706729685 297.783143107515 21.38927619535481
0.0032 6365.55892058702 1.000354003441063 1.566883775959781 297.7670161843693 21.36866437413915
0.0033 6365.561442985806 1.000353863337697 1.566818832847234 297.7506205922608 21.34772694103117
0.0034 6365.564006726205 1.000353721008451 1.566753876963571 297.7339562796691 21.32646469808964
0.0035 6365.566611816418 1.000353576456264 1.566688907888258 297.7170231932822 21.30487845846785
0.0036 6365.569258264916 1.000353429684112 1.566623925208026 297.6998212780444 21.28296904644126
0.0037 6365.571946080433 1.000353280695012 1.566558928516262 297.6823504771854 21.26073729741201
0.0038 6365.574675271963 1.000353129492017 1.566493917412712 297.6646107322384 21.23818405789783
0.0039 6365.577445848757 1.000352976078219 1.566428891503291 297.6466019830813 21.21531018555037
0.004 6365.580257820318 1.000352820456749 1.566363850399447 297.6283241679365 21.1921165491206
0.0041 6365.583111196395 1.000352662630775 1.566298793718246 297.6097772234306 21.16860402849848
0.004200000000000001 6365.586005986986 1.000352502603504 1.566233721081882 297.5909610845937 21.14477351467721
0.0043 6365.588942202327 1.000352340378183 1.566168632117356 297.5718756848777 21.12062590973937
0.0044 6365.591919852895 1.000352175958096 1.56610352645632 297.5525209561855 21.09616212685753
0.004500000000000001 6365.594938949402 1.000352009346568 1.566038403734936 297.532896828889 21.07138309027928
0.0046 6365.597999502792 1.000351840546961 1.565973263593401 297.5130032318524 21.04628973531923
0.0047 6365.601101524241 1.000351669562677 1.565908105675983 297.4928400924326 21.02088300832058
0.0048 6365.604245025152 1.000351496397156 1.565842929631014 297.4724073365145 20.9951638666609
0.0049 6365.607430017151 1.00035132105388 1.5657777351102 297.4517048885167 20.96913327872014
0.005 6365.610656512091 1.000351143536367 1.56571252176876 297.4307326714096 20.94279222386292
0.0051 6365.613924522041 1.000350963848177 1.565647289265415 297.4094906067329 20.91614169242028
0.005200000000000001 6365.617234059293 1.000350781992905 1.56558203726203 297.3879786145957 20.88918268564869
0.0053 6365.620585136351 1.000350597974191 1.565516765423539 297.3661966137178 20.86191621574033
0.0054 6365.623977765938 1.00035041179571 1.565451473418038 297.3441445214061 20.83434330575142
0.005500000000000001 6365.627411960985 1.000350223461178 1.565386160916055 297.321822253596 20.80646498961131
0.0056 6365.630887734638 1.00035003297435 1.565320827591246 297.2992297248514 20.77828231207944
0.0057 6365.63440510025 1.00034984033902 1.565255473119782 297.2763668483766 20.74979632871632
0.005800000000000001 6365.63796407138 1.000349645559022 1.565190097180298 297.2532335360278 20.72100810585414
0.0059 6365.641564661796 1.000349448638229 1.565124699454012 297.2298296983253 20.69191872056679
0.006 6365.645206885469 1.000349249580553 1.565059279624455 297.2061552444533 20.66252926062456
0.0061 6365.648890756571 1.000349048389946 1.564993837377532 297.1822100822895 20.6328408244852
0.006200000000000001 6365.652616289476 1.000348845070398 1.564928372401163 297.1579941184053 20.60285452124749
0.0063 6365.656383498759 1.000348639625941 1.564862884385774 297.1335072580654 20.57257147060449
0.0064 6365.660192399193 1.000348432060642 1.564797373023592 297.1087494052457 20.54199280281815
0.006500000000000001 6365.664043005748 1.00034822237861 1.564731838008965 297.0837204626395 20.51111965867879
0.0066 6365.667935333589 1.000348010583993 1.564666279038206 297.0584203316688 20.47995318947126
0.0067 6365.671869398077 1.000347796680978 1.564600695809536 297.0328489124967 20.44849455694063
0.006800000000000001 6365.675845214766 1.00034758067379 1.564535088023136 297.0070061040209 20.41674493323543
0.006900000000000001 6365.6798627994 1.000347362566694 1.564469455380919 296.9808918038979 20.38470550088679
0.007 6365.683922167917 1.000347142363995 1.564403797586471 296.9545059085425 20.35237745275792
0.0071 6365.688023336443 1.000346920070033 1.564338114345385 296.9278483131224 20.31976199198593
0.007200000000000001 6365.692166321293 1.000346695689191 1.564272405364631 296.9009189115931 20.28686033197367
0.0073 6365.696351138972 1.00034646922589 1.564206670353073 296.8737175966807 20.25367369631603
0.0074 6365.700577806169 1.000346240684588 1.56414090902098 296.8462442598992 20.22020331876901
0.007500000000000001 6365.704846339759 1.000346010069783 1.564075121080423 296.8184987915687 20.18645044321819
0.0076 6365.709156756801 1.000345777386011 1.564009306244812 296.7904810807912 20.15241632359633
0.0077 6365.713509074541 1.000345542637848 1.56394346422918 296.7621910154807 20.11810222386526
0.007800000000000001 6365.717903310405 1.000345305829907 1.563877594750041 296.7336284823685 20.08350941796829
0.007900000000000001 6365.722339482 1.000345066966838 1.56381169752537 296.7047933669982 20.04863918976789
0.008 6365.726817607117 1.000344826053334 1.563745772274528 296.6756855537423 20.01349283301147
0.0081 6365.731337703723 1.000344583094122 1.563679818718301 296.6463049258031 19.97807165127512
0.008200000000000001 6365.735899789967 1.000344338093967 1.56361383657894 296.6166513652123 19.94237695790686
0.0083 6365.740503884176 1.000344091057677 1.563547825579953 296.5867247528548 19.90641007599793
0.008400000000000001 6365.745150004854 1.000343841990092 1.563481785446163 296.5565249684508 19.87017233830359
0.008500000000000001 6365.749838170678 1.000343590896094 1.563415715903916 296.5260518905915 19.83366508722746
0.0086 6365.754568400505 1.000343337780601 1.563349616680654 296.495305396715 19.79688967473422
0.008700000000000001 6365.759340713366 1.000343082648569 1.563283487505258 296.4642853631189 19.75984746230461
0.008800000000000001 6365.764155128466 1.000342825504992 1.563217328107634 296.4329916649712 19.72253982088961
0.0089 6365.769011665181 1.000342566354902 1.563151138219328 296.4014241763229 19.68496813086423
0.009000000000000001 6365.773910343061 1.000342305203367 1.563084917572807 296.3695827701016 19.64713378195947
0.0091 6365.778851181828 1.000342042055494 1.563018665901887 296.3374673181178 19.60903817320801
0.0092 6365.783834201373 1.000341776916427 1.562952382941574 296.3050776910762 19.5706827128963
0.009300000000000001 6365.788859421759 1.000341509791345 1.562886068428132 296.2724137585645 19.53206881848814
0.0094 6365.793926863217 1.000341240685467 1.562819722098978 296.2394753890884 19.4931979166037
0.0095 6365.799036546148 1.000340969604048 1.562753343692599 296.2062624500362 19.45407144291411
0.009600000000000001 6365.804188491119 1.000340696552379 1.562686932948877 296.1727748077263 19.41469084213334
0.0097 6365.809382718865 1.000340421535789 1.56262048960862 296.1390123273776 19.37505756791886
0.0098 6365.814619250286 1.000340144559643 1.562554013413966 296.1049748731388 19.33517308284136
0.009900000000000001 6365.819898106451 1.000339865629342 1.562487504108168 296.0706623080708 19.29503885829847
0.01 6365.825219308589 1.000339584750325 1.562420961435477 296.0360744941708 19.25465637447645
0.0101 6365.830582878097 1.000339301928065 1.562354385141432 296.0012112923713 19.21402712028363
0.0102 6365.835988836532 1.000339017168073 1.56228777497257 295.9660725625412 19.17315259328333
0.0103 6365.841437205619 1.000338730475896 1.56222113067663 295.9306581634791 19.13203429961956
0.0104 6365.846928007239 1.000338441857115 1.562154452002453 295.8949679529491 19.09067375399017
0.0105 6365.852461263437 1.00033815131735 1.562087738699897 295.859001787663 19.0490724795576
0.0106 6365.858036996418 1.000337858862254 1.562020990520002 295.8227595232805 19.00723200787996
0.0107 6365.86365522855 1.000337564497517 1.561954207214861 295.7862410144265 18.96515387886196
0.0108 6365.869315982355 1.000337268228864 1.561887388537648 295.7494461146915 18.9228396406848
0.0109 6365.875019280518 1.000336970062055 1.561820534242629 295.7123746766314 18.8802908497357
0.011 6365.880765145879 1.000336670002886 1.561753644085185 295.6750265517852 18.83750907055719
0.0111 6365.886553601436 1.000336368057186 1.561686717821745 295.6374015906634 18.79449587576191
0.0112 6365.892384670346 1.000336064230822 1.561619755209778 295.5994996427538 18.75125284596749
0.0113 6365.898258375915 1.000335758529694 1.56155275600779 295.5613205565509 18.70778156975764
0.0114 6365.904174741612 1.000335450959737 1.561485719975526 295.5228641795205 18.66408364356873
0.0115 6365.910133791056 1.000335141526919 1.56141864687362 295.4841303581355 18.62016067165661
0.0116 6365.916135548021 1.000334830237245 1.56135153646377 295.4451189378636 18.5760142660092
0.0117 6365.922180036433 1.000334517096752 1.561284388508913 295.4058297631854 18.53164604629199
0.0118 6365.928267280371 1.000334202111514 1.561217202772799 295.366262677588 18.48705763976639
0.0119 6365.934397304068 1.000333885287634 1.561149979020433 295.3264175235598 18.44225068120762
0.012 6365.940570131905 1.000333566631254 1.561082717017765 295.2862941426196 18.39722681286204
0.0121 6365.946785788413 1.000333246148546 1.561015416531816 295.2458923753164 18.3519876843706
0.0122 6365.953044298277 1.000332923845718 1.560948077330695 295.2052120612005 18.30653495265875
0.0123 6365.959345686327 1.000332599729008 1.560880699183534 295.1642530388762 18.26087028191873
0.0124 6365.965689977543 1.000332273804692 1.560813281860559 295.1230151459721 18.21499534349848
0.0125 6365.972077197052 1.000331946079075 1.560745825132932 295.0814982191595 18.16891181584314
0.0126 6365.978507370131 1.000331616558496 1.560678328772987 295.0397020941517 18.1226213844161
0.0127 6365.984980522198 1.000331285249326 1.560610792554112 294.9976266057105 18.07612574162636
0.0128 6365.991496678822 1.000330952157972 1.560543216250655 294.9552715876574 18.02942658676173
0.0129 6365.998055865714 1.000330617290869 1.560475599638046 294.9126368728565 17.98252562588896
0.013 6366.004658108732 1.000330280654486 1.560407942492776 294.8697222932436 17.93542457180569
0.0131 6366.011303433874 1.000329942255325 1.560340244592438 294.8265276798205 17.88812514395266
0.0132 6366.017991867286 1.000329602099918 1.560272505715574 294.7830528626431 17.84062906831914
0.0133 6366.024723435252 1.00032926019483 1.560204725641903 294.7392976708628 17.79293807740609
0.0134 6366.0314981642 1.000328916546658 1.560136904152105 294.6952619327029 17.74505391011766
0.0135 6366.038316080698 1.000328571162028 1.560069041027905 294.6509454754645 17.69697831168465
0.0136 6366.045177211457 1.000328224047601 1.560001136052146 294.6063481255322 17.64871303358751
0.0137 6366.052081583324 1.000327875210065 1.559933189008719 294.5614697083923 17.60025983349156
0.0138 6366.059029223289 1.000327524656141 1.559865199682498 294.5163100486205 17.55162047514978
0.0139 6366.066020158477 1.000327172392581 1.559797167859572 294.4708689698999 17.50279672833711
0.014 6366.073054416152 1.000326818426166 1.559729093326895 294.4251462950091 17.45379036875242
0.0141 6366.080132023718 1.000326462763709 1.559660975872632 294.3791418458339 17.40460317794555
0.0142 6366.08725300871 1.000326105412052 1.55959281528595 294.3328554433855 17.35523694325006
0.0143 6366.094417398803 1.000325746378067 1.559524611357105 294.286286907782 17.30569345767763
0.0144 6366.101625221805 1.000325385668657 1.559456363877386 294.239436058267 17.25597451985001
0.0145 6366.10887650566 1.000325023290752 1.559388072639193 294.1923027132087 17.20608193391147
0.0146 6366.116171278445 1.000324659251314 1.55931973743594 294.1448866901068 17.15601750944718
0.0147 6366.12350956837 1.000324293557334 1.55925135806218 294.0971878055974 17.10578306140112
0.0148 6366.130891403775 1.000323926215829 1.559182934313481 294.0492058754597 17.05538040999349
0.0149 6366.138316813137 1.000323557233849 1.559114465986598 294.0009407146098 17.00481138062535
0.015 6366.14578582506 1.00032318661847 1.559045952879178 293.9523921371123 16.95407780380145
0.0151 6366.153298468278 1.000322814376797 1.558977394790138 293.9035599561925 16.90318151505254
0.0152 6366.160854771658 1.000322440515963 1.558908791519335 293.8544439842243 16.85212435483256
0.0153 6366.168454764193 1.00032206504313 1.558840142867812 293.8050440327482 16.80090816844635
0.0154 6366.176098475005 1.000321687965487 1.558771448637625 293.7553599124652 16.74953480595219
0.0155 6366.183785933346 1.00032130929025 1.558702708632013 293.7053914332486 16.69800612208246
0.0156 6366.191517168591 1.000320929024664 1.558633922655158 293.6551384041558 16.6463239761637
0.0157 6366.199292210244 1.000320547176 1.5585650905125 293.6046006334167 16.594490232012
0.0158 6366.207111087932 1.000320163751557 1.55849621201049 293.5537779284394 16.54250675784622
0.0159 6366.21497383141 1.000319778758659 1.55842728695667 293.5026700958341 16.49037542621904
0.016 6366.222880470556 1.000319392204659 1.558358315159687 293.451276941389 16.4380981138991
0.0161 6366.230831035369 1.000319004096935 1.558289296429363 293.3995982701002 16.38567670180716
0.0162 6366.238825555975 1.00031861444289 1.55822023057655 293.3476338861659 16.33311307491566
0.0163 6366.246864062618 1.000318223249956 1.558151117413198 293.2953835929801 16.28040912214798
0.0164 6366.254946585667 1.000317830525589 1.558081956752456 293.2428471931625 16.22756673631322
0.0165 6366.263073155609 1.000317436277269 1.558012748408523 293.1900244885404 16.17458781399269
0.0166 6366.271243803052 1.000317040512504 1.557943492196697 293.1369152801611 16.12147425545605
0.0167 6366.279458558723 1.000316643238826 1.557874187933463 293.0835193683032 16.06822796457681
0.0168 6366.287717453467 1.000316244463791 1.557804835436385 293.0298365524649 16.01485084872401
0.0169 6366.296020518249 1.00031584419498 1.557735434524138 292.9758666313818 15.96134481868293
0.017 6366.304367784148 1.000315442440001 1.557665985016536 292.9216094030388 15.90771178856949
0.0171 6366.312759282362 1.000315039206482 1.557596486734577 292.8670646646464 15.8539536757092
0.0172 6366.321195044203 1.000314634502078 1.557526939500321 292.8122322126818 15.80007240058008
0.0173 6366.329675101099 1.000314228334465 1.557457343137036 292.7571118428599 15.74606988668512
0.0174 6366.33819948459 1.000313820711346 1.557387697469014 292.7017033501624 15.69194806048282
0.0175 6366.346768226335 1.000313411640444 1.557318002321825 292.646006528826 15.63770885127644
0.0176 6366.355381358098 1.000313001129507 1.557248257522059 292.5900211723605 15.58335419113218
0.0177 6366.364038911763 1.000312589186305 1.557178462897553 292.5337470735425 15.52888601477366
0.0178 6366.37274091932 1.000312175818632 1.557108618277232 292.4771840244215 15.47430625948784
0.0179 6366.381487412871 1.000311761034301 1.557038723491203 292.4203318163376 15.41961686504181
0.018 6366.390278424629 1.00031134484115 1.556968778370734 292.3631902399096 15.36481977357087
0.0181 6366.399113986915 1.000310927247037 1.556898782748217 292.305759085053 15.30991692949469
0.0182 6366.407994132159 1.000310508259845 1.556828736457207 292.2480381409677 15.25491027940483
0.0183 6366.416918892898 1.000310087887473 1.55675863933248 292.1900271961621 15.19980177198593
0.0184 6366.425888301777 1.000309666137846 1.55668849120989 292.131726038447 15.14459335790825
0.0185 6366.434902391547 1.000309243018907 1.556618291926553 292.0731344549416 15.08928698973135
0.0186 6366.443961195065 1.00030881853862 1.556548041320694 292.0142522320792 15.03388462180732
0.0187 6366.453064745289 1.000308392704969 1.556477739231733 291.9550791556193 14.97838821018937
0.0188 6366.462213075287 1.000307965525961 1.556407385500242 291.8956150106354 14.92279971251783
0.0189 6366.471406218227 1.000307537009619 1.556336979968052 291.8358595815274 14.8671210879283
0.019 6366.480644207379 1.000307107163987 1.556266522478049 291.7758126520388 14.81135429696472
0.0191 6366.489927076116 1.00030667599713 1.556196012874426 291.715474005245 14.75550130146481
0.0192 6366.499254857913 1.000306243517129 1.556125451002503 291.6548434235655 14.69956406446715
0.0193 6366.508627586341 1.000305809732086 1.556054836708793 291.5939206887809 14.64354455012344
0.0194 6366.518045295077 1.000305374650122 1.555984169841006 291.5327055819984 14.58744472356155
0.0195 6366.527508017892 1.000304938279374 1.555913450248063 291.4711978837039 14.53126655082989
0.0196 6366.537015788656 1.000304500627998 1.555842677780097 291.4093973737394 14.47501199877088
0.0197 6366.546568641335 1.000304061704169 1.555771852288394 291.3473038313199 14.41868303493212
0.0198 6366.556166609996 1.000303621516078 1.555700973625458 291.2849170350281 14.3622816274558
0.0199 6366.565809728797 1.000303180071934 1.555630041645067 291.22223676282 14.30580974497873
0.02 6366.575498031994 1.000302737379962 1.555559056202107 291.1592627920367 14.2492693565374
0.0201 6366.585231553937 1.000302293448405 1.555488017152707 291.0959948994104 14.19266243146741
0.0202 6366.595010329066 1.000301848285522 1.555416924354288 291.0324328610703 14.13599093930278
0.0203 6366.604834391917 1.000301401899588 1.555345777665374 290.9685764525369 14.0792568496644
0.0204 6366.614703777119 1.000300954298892 1.55527457694579 290.9044254487275 14.02246213215905
0.0205 6366.624618519389 1.000300505491743 1.555203322056566 290.8399796239741 13.96560875628864
0.0206 6366.634578653535 1.000300055486461 1.555132012859902 290.7752387520235 13.90869869134338
0.0207 6366.644584214456 1.000299604291383 1.555060649219314 290.7102026060373 13.85173390629495
0.0208 6366.654635237139 1.000299151914861 1.554989230999468 290.6448709585978 13.79471636969469
0.0209 6366.664731756659 1.00029869836526 1.55491775806633 290.5792435817137 13.73764804957168
0.021 6366.67487380818 1.000298243650961 1.554846230287051 290.5133202468322 13.68053091333567
0.0211 6366.685061426948 1.000297787780357 1.554774647530025 290.4471007248388 13.62336692766967
0.0212 6366.695294648301 1.000297330761858 1.554703009664909 290.3805847860457 13.56615805841217
0.0213 6366.705573507656 1.000296872603882 1.554631316562624 290.3137722002388 13.50890627049031
0.0214 6366.715898040518 1.000296413314864 1.554559568095246 290.2466627366365 13.4516135277764
0.0215 6366.726268282473 1.000295952903253 1.554487764136161 290.1792561639253 13.3942817930105
0.0216 6366.736684269192 1.000295491377505 1.554415904560017 290.1115522502536 13.33691302768733
0.0217 6366.747146036425 1.000295028746093 1.554343989242693 290.0435507632377 13.27950919195323
0.0218 6366.757653620006 1.000294565017502 1.554272018061272 289.975251469962 13.22207224449799
0.0219 6366.768207055847 1.000294100200224 1.554199990894187 289.9066541369965 13.16460414246162
0.022 6366.778806379939 1.000293634302766 1.554127907621065 289.8377585303969 13.10710684132589
0.0221 6366.789451628355 1.000293167333647 1.554055768122813 289.7685644156926 13.04958229479621
0.0222 6366.800142837241 1.000292699301393 1.553983572281596 289.6990715579344 12.99203245473251
0.0223 6366.810880042824 1.000292230214543 1.553911319980817 289.6292797216469 12.93445927100144
0.0224 6366.821663281405 1.000291760081645 1.553839011105216 289.5591886708697 12.87686469140221
0.0225 6366.832492589361 1.000291288911259 1.55376664554072 289.4887981691521 12.8192506615531
0.0226 6366.843368003145 1.000290816711951 1.553694223174565 289.4181079795584 12.76161912478766
0.0227 6366.854289559281 1.000290343492299 1.553621743895257 289.347117864674 12.70397202205097
0.0228 6366.865257294368 1.000289869260888 1.553549207592596 289.2758275866057 12.64631129179101
0.0229 6366.876271245077 1.000289394026313 1.553476614157604 289.204236906999 12.58863886986441
0.023 6366.88733144815 1.000288917797177 1.553403963482638 289.1323455870264 12.53095668941826
0.0231 6366.8984379404 1.00028844058209 1.553331255461291 289.0601533873995 12.47326668079107
0.0232 6366.90959075871 1.000287962389671 1.553258489988475 288.9876600683864 12.41557077141839
0.0233 6366.920789940031 1.000287483228546 1.553185666960336 288.9148653898 12.35787088571471
0.0234 6366.932035521382 1.000287003107348 1.553112786274354 288.8417691110157 12.30016894497907
0.0235 6366.943327539852 1.000286522034716 1.553039847829285 288.7683709909596 12.24246686727719
0.0236 6366.954666032593 1.000286040019297 1.552966851525147 288.6946707881442 12.18476656736104
0.0237 6366.966051036825 1.000285557069742 1.552893797263265 288.6206682606384 12.12706995653711
0.0238 6366.977482589833 1.000285073194709 1.552820684946271 288.5463631660854 12.06937894257217
0.0239 6366.988960728963 1.000284588402863 1.552747514478058 288.4717552617384 12.01169542961249
0.024 6367.00048549163 1.000284102702871 1.552674285763848 288.3968443044072 11.95402131803438
0.0241 6367.012056915305 1.000283616103408 1.552600998710108 288.3216300505172 11.89635850438192
0.0242 6367.023675037525 1.000283128613151 1.552527653224687 288.2461122560861 11.83870888124065
0.0243 6367.035339895888 1.000282640240782 1.552454249216662 288.1702906767295 11.78107433713436
0.0244 6367.047051528048 1.000282150994989 1.552380786596402 288.0941650676904 11.72345675643977
0.0245 6367.058809971722 1.000281660884461 1.552307265275635 288.01773518381 11.66585801925646
0.0246 6367.070615264684 1.00028116991789 1.552233685167359 287.9410007795572 11.6082800013218
0.0247 6367.082467444765 1.000280678103973 1.552160046185884 287.863961609028 11.55072457390354
0.0248 6367.094366549854 1.000280185451409 1.552086348246815 287.7866174259465 11.49319360369262
0.0249 6367.106312617896 1.000279691968898 1.552012591267065 287.7089679836757 11.43568895270494
0.025 6367.118305686889 1.000279197665144 1.551938775164875 287.6310130352243 11.37821247817883
0.0251 6367.130345794887 1.00027870254885 1.551864899859786 287.5527523332343 11.32076603245969
0.0252 6367.142432979997 1.000278206628724 1.551790965272628 287.4741856300224 11.26335146292391
0.0253 6367.154567280379 1.000277709913473 1.551716971325549 287.395312677539 11.20597061184214
0.0254 6367.166748734243 1.000277212411802 1.55164291794204 287.3161332274211 11.14862531631212
0.0255 6367.178977379853 1.000276714132422 1.551568805046859 287.236647030957 11.09131740812686
0.0256 6367.191253255519 1.000276215084039 1.551494632566133 287.1568538391274 11.03404871369892
0.0257 6367.203576399605 1.000275715275362 1.551420400427236 287.0767534025703 10.97682105392945
0.0258 6367.21594685052 1.000275214715097 1.551346108558911 286.996345471622 10.91963624413264
0.0259 6367.22836464672 1.000274713411951 1.551271756891214 286.9156297963176 10.86249609393065
0.026 6367.240829826712 1.000274211374629 1.551197345355481 286.8346061263727 10.80540240713628
0.0261 6367.253342429044 1.000273708611833 1.551122873884401 286.7532742112134 10.74835698166948
0.0262 6367.265902492312 1.000273205132265 1.551048342411966 286.67163379997 10.69136160944897
0.0263 6367.278510055156 1.000272700944625 1.550973750873479 286.5896846414834 10.63441807629246
0.0264 6367.291165156261 1.000272196057608 1.550899099205581 286.5074264843046 10.57752816181319
0.0265 6367.303867834349 1.000271690479908 1.550824387346236 286.4248590767305 10.52069363934103
0.0266 6367.31661812819 1.000271184220216 1.550749615234695 286.3419821667684 10.46391627579502
0.0267 6367.329416076591 1.000270677287217 1.550674782811575 286.2587955021594 10.40719783159701
0.0268 6367.342261718402 1.000270169689594 1.550599890018754 286.1752988303905 10.35054006057743
0.0269 6367.355155092509 1.000269661436027 1.550524936799501 286.0914918986886 10.29394470986919
0.027 6367.36809623784 1.000269152535187 1.550449923098358 286.0073744540381 10.23741351981804
0.0271 6367.381085193358 1.000268642995745 1.550374848861242 285.9229462431753 10.18094822387723
0.0272 6367.394121998062 1.000268132826364 1.550299714035298 285.8382070125998 10.12455054851453
0.0273 6367.40720669099 1.000267622035702 1.550224518569082 285.7531565085632 10.06822221310386
0.0274 6367.420339311214 1.000267110632411 1.550149262412423 285.6677944771099 10.01196492985262
0.0275 6367.43351989784 1.000266598625136 1.55007394551649 285.582120664042 9.95578040367834
0.0276 6367.446748490006 1.000266086022517 1.549998567833794 285.4961348149608 9.899670332136664
0.0277 6367.460025126884 1.000265572833185 1.549923129318133 285.4098366752545 9.843636405314475
0.0278 6367.473349847678 1.000265059065766 1.54984762992465 285.3232259900927 9.787680305727616
0.0279 6367.486722691621 1.000264544728877 1.549772069609801 285.2363025044618 9.731803708245765
0.028 6367.50014369798 1.000264029831127 1.549696448331345 285.1490659631294 9.676008279971905
0.0281 6367.513612906048 1.000263514381118 1.549620766048389 285.0615161106915 9.62029568017554
0.0282 6367.527130355145 1.000262998387441 1.549545022721358 284.9736526915552 9.564667560184505
0.0283 6367.540696084624 1.00026248185868 1.549469218311982 284.8854754499442 9.509125563292505
0.0284 6367.554310133859 1.000261964803409 1.549393352783343 284.7969841299167 9.453671324674517
0.0285 6367.567972542253 1.000261447230193 1.549317426099806 284.7081784753535 9.398306471284046
0.0286 6367.581683349235 1.000260929147586 1.549241438227069 284.6190582299759 9.343032621769481
0.0287 6367.595442594254 1.000260410564132 1.549165389132145 284.5296231373512 9.287851386383426
0.0288 6367.609250316787 1.000259891488365 1.549089278783375 284.4398729408816 9.232764366881673
0.0289 6367.623106556332 1.000259371928807 1.549013107150415 284.3498073838449 9.177773156455416
0.029 6367.637011352405 1.000258851893971 1.548936874204244 284.2594262093652 9.122879339620328
0.0291 6367.650964744551 1.000258331392355 1.548860579917109 284.1687291604188 9.068084492128198
0.0292 6367.664966772327 1.000257810432447 1.548784224262652 284.0777159798757 9.013390180900395
0.0293 6367.679017475313 1.000257289022723 1.548707807215762 283.986386410464 8.958797963915325
0.0294 6367.693116893108 1.000256767171645 1.548631328752673 283.8947401947993 8.904309390135838
0.0295 6367.707265065327 1.000256244887663 1.548554788850902 283.8027770753732 8.849925999412315
0.0296 6367.721462031603 1.000255722179214 1.548478187489329 283.7104967945828 8.795649322410947
0.0297 6367.735707831584 1.00025519905472 1.548401524648094 283.6178990947068 8.741480880511082
0.0298 6367.750002504932 1.000254675522591 1.548324800308671 283.5249837179412 8.687422185738059
0.0299 6367.764346091326 1.00025415159122 1.54824801445383 283.4317504063814 8.633474740665356
0.03 6367.778738630456 1.000253627268988 1.548171167067654 283.3381989020344 8.579640038334748
0.0301 6367.793180162026 1.00025310256426 1.548094258135507 283.24432894683 8.525919562177007
0.0302 6367.807670725752 1.000252577485385 1.548017287644102 283.1501402826096 8.472314785919656
0.0303 6367.82221036136 1.000252052040697 1.547940255581433 283.0556326511613 8.418827173522416
0.0304 6367.836799108586 1.000251526238515 1.547863161936753 282.9608057941904 8.365458179076237
0.0305 6367.851437007177 1.00025100008714 1.547786006700686 282.8656594533489 8.312209246736638
0.0306 6367.866124096887 1.000250473594858 1.547708789865088 282.7701933702359 8.259081810640879
0.0307 6367.880860417477 1.000249946769937 1.547631511423163 282.6744072864029 8.206077294829175
0.0308 6367.895646008716 1.000249419620627 1.547554171369377 282.5783009433484 8.153197113160086
0.0309 6367.91048091038 1.000248892155162 1.547476769699477 282.4818740825293 8.100442669236548
0.031 6367.925365162249 1.000248364381759 1.547399306410558 282.385126445385 8.047815356338857
0.0311 6367.940298804107 1.000247836308613 1.547321781500925 282.2880577733075 7.995316557329369
0.0312 6367.955281875742 1.000247307943904 1.547244194970227 282.190667807677 7.942947644593447
0.0313 6367.970314416945 1.000246779295792 1.547166546819354 282.0929562898558 7.890709979958523
0.0314 6367.98539646751 1.000246250372417 1.547088837050533 281.9949229611829 7.838604914614123
0.0315 6368.00052806723 1.0002457211819 1.547011065667228 281.8965675630028 7.786633789051557
0.0316 6368.015709255899 1.000245191732343 1.546933232674185 281.7978898366545 7.734797932982231
0.0317 6368.030940073312 1.000244662031828 1.546855338077432 281.6988895234707 7.683098665263239
0.0318 6368.046220559261 1.000244132088413 1.546777381884287 281.5995663648022 7.63153729383607
0.03190000000000001 6368.061550753538 1.00024360191014 1.546699364103289 281.4999201020054 7.58011511564751
0.032 6368.076930695928 1.000243071505028 1.546621284744309 281.3999504764664 7.528833416589821
0.0321 6368.092360426217 1.000242540881073 1.546543143818437 281.2996572295891 7.477693471423368
0.0322 6368.107839984185 1.000242010046251 1.546464941338039 281.199040102801 7.426696543709335
0.0323 6368.123369409605 1.000241479008517 1.546386677316763 281.0980988375708 7.375843885749196
0.0324 6368.138948742245 1.0002409477758 1.546308351769473 280.9968331754088 7.325136738515966
0.0325 6368.154578021868 1.000240416356011 1.546229964712334 280.8952428578608 7.27457633158345
0.0326 6368.170257288226 1.000239884757033 1.546151516162729 280.7933276265316 7.224163883071132
0.0327 6368.185986581066 1.000239352986731 1.546073006139281 280.6910872230732 7.173900599572215
0.0328 6368.201765940123 1.000238821052943 1.545994434661921 280.5885213892028 7.123787676097244
0.0329 6368.217595405123 1.000238288963483 1.545915801751752 280.4856298667027 7.07382629600981
0.033 6368.233475015781 1.000237756726143 1.54583710743116 280.3824123974258 7.024017630966069
0.0331 6368.249404811802 1.000237224348687 1.545758351723761 280.2788687232904 6.974362840849513
0.0332 6368.265384832876 1.00023669183886 1.545679534654388 280.1749985863092 6.924863073723697
0.0333 6368.28141511868 1.000236159204376 1.545600656249139 280.0708017285778 6.875519465765913
0.0334 6368.297495708881 1.000235626452926 1.545521716535312 279.9662778922742 6.826333141207632
0.0335 6368.313626643126 1.000235093592177 1.545442715541423 279.8614268196833 6.777305212287017
0.03360000000000001 6368.32980796105 1.000234560629766 1.545363653297259 279.7562482531783 6.728436779182861
0.0337 6368.346039702269 1.000234027573309 1.545284529833758 279.650741935251 6.67972892997166
0.0338 6368.362321906385 1.000233494430391 1.545205345183118 279.5449076084991 6.631182740566291
0.0339 6368.37865461298 1.000232961208571 1.545126099378734 279.4387450156272 6.58279927466132
0.034 6368.39503786162 1.000232427915384 1.545046792455184 279.3322538994697 6.534579583690066
0.0341 6368.411471691848 1.000231894558334 1.544967424448317 279.2254340029853 6.486524706769035
0.0342 6368.42795614319 1.000231361144898 1.544887995395109 279.1182850692684 6.438635670651476
0.0343 6368.444491255148 1.000230827682527 1.544808505333754 279.0108068415378 6.390913489671325
0.0344 6368.461077067207 1.000230294178641 1.54472895430369 278.9029990631542 6.343359165701458
0.0345 6368.477713618825 1.000229760640635 1.544649342345449 278.7948614776377 6.29597368811273
0.0346 6368.494400949439 1.000229227075871 1.544569669500809 278.6863938286446 6.248758033715862
0.0347 6368.511139098463 1.000228693491685 1.544489935812739 278.5775958599905 6.201713166725235
0.03480000000000001 6368.527928105284 1.000228159895383 1.544410141325344 278.4684673156511 6.154840038713276
0.0349 6368.544768009267 1.000227626294241 1.544330286083918 278.3590079397671 6.10813958856848
0.035 6368.561658849746 1.000227092695506 1.54425037013493 278.2492174766511 6.061612742454466
0.0351 6368.578600666033 1.000226559106392 1.544170393525991 278.1390956707868 6.015260413767604
0.0352 6368.595593497411 1.000226025534087 1.544090356305899 278.0286422668295 5.969083503095768
0.03530000000000001 6368.612637383132 1.000225491985746 1.544010258524588 277.9178570096414 5.923082898192937
0.0354 6368.629732362424 1.000224958468492 1.543930100233147 277.8067396442442 5.877259473920331
0.0355 6368.64687847448 1.000224424989418 1.543849881483811 277.6952899158786 5.831614092232953
0.0356 6368.664075758466 1.000223891555587 1.543769602329969 277.5835075699682 5.78614760212795
0.0357 6368.681324253516 1.000223358174029 1.543689262826111 277.4713923521439 5.740860839618556
0.0358 6368.698623998731 1.000222824851741 1.543608863027897 277.3589440082491 5.695754627701728
0.0359 6368.71597503318 1.000222291595689 1.543528402992111 277.2461622843283 5.650829776319832
0.036 6368.7333773959 1.000221758412807 1.543447882776616 277.1330469266508 5.606087082337696
0.0361 6368.750831125892 1.000221225309997 1.543367302440442 277.0195976817043 5.561527329508904
0.0362 6368.768336262123 1.000220692294124 1.543286662043721 276.9058142962016 5.51715128844798
0.0363 6368.785892843524 1.000220159372026 1.543205961647666 276.7916965170915 5.472959716605979
0.0364 6368.803500908992 1.000219626550503 1.543125201314632 276.6772440915537 5.428953358240282
0.03650000000000001 6368.821160497383 1.000219093836324 1.543044381108035 276.5624567670101 5.385132944392462
0.0366 6368.838871647519 1.000218561236222 1.542963501092406 276.447334291125 5.341499192862722
0.0367 6368.856634398184 1.000218028756897 1.542882561333363 276.3318764118052 5.298052808185547
0.0368 6368.87444878812 1.000217496405016 1.542801561897587 276.2160828772234 5.254794481615399
0.0369 6368.892314856031 1.00021696418721 1.542720502852866 276.0999534358006 5.211724891097961
0.03700000000000001 6368.91023264058 1.000216432110076 1.542639384268035 275.9834878362298 5.168844701258105
0.0371 6368.928202180391 1.000215900180175 1.54255820621298 275.8666858274581 5.126154563373643
0.0372 6368.946223514045 1.000215368404034 1.542476968758691 275.7495471587048 5.083655115363432
0.0373 6368.964296680081 1.000214836788144 1.542395671977193 275.6320715794726 5.041346981774329
0.0374 6368.982421716994 1.000214305338962 1.54231431594154 275.5142588395423 4.999230773762898
0.0375 6369.000598663235 1.000213774062907 1.542232900725864 275.3961086889725 4.957307089080554
0.0376 6369.018827557214 1.000213242966364 1.542151426405313 275.2776208781114 4.915576512064117
0.0377 6369.037108437292 1.00021271205568 1.542069893056058 275.1587951576029 4.8740396136254
0.0378 6369.055441341788 1.000212181337168 1.541988300755311 275.0396312783804 4.83269695123786
0.0379 6369.073826308971 1.000211650817102 1.541906649581329 274.9201289916908 4.791549068934772
0.038 6369.092263377065 1.00021112050172 1.541824939613339 274.8002880490766 4.75059649729422
0.0381 6369.110752584247 1.000210590397226 1.541743170931581 274.6801082023934 4.709839753437607
0.03820000000000001 6369.129293968646 1.000210060509782 1.54166134361733 274.5595892038044 4.669279341021256
0.0383 6369.147887568339 1.000209530845516 1.541579457752841 274.438730805798 4.628915750237245
0.0384 6369.166533421357 1.000209001410517 1.541497513421354 274.3175327611815 4.588749457807444
0.0385 6369.185231565679 1.00020847221084 1.541415510707068 274.1959948230877 4.548780926982802
0.0386 6369.203982039236 1.000207943252497 1.541333449695209 274.0741167449686 4.509010607539985
0.03870000000000001 6369.222784879903 1.000207414541464 1.541251330471953 273.9518982806306 4.469438935792743
0.0388 6369.241640125507 1.000206886083681 1.541169153124448 273.8293391842057 4.430066334583214
0.0389 6369.26054781382 1.000206357885048 1.541086917740761 273.7064392101682 4.390893213289988
0.039 6369.279507982564 1.000205829951426 1.541004624409969 273.5831981133359 4.351919967831597
0.0391 6369.298520669403 1.000205302288638 1.540922273222075 273.4596156488809 4.313146980675011
0.0392 6369.317585911949 1.000204774902469 1.54083986426797 273.3356915723301 4.274574620841567
0.0393 6369.336703747761 1.000204247798664 1.540757397639567 273.2114256395533 4.236203243910569
0.0394 6369.355874214339 1.00020372098293 1.540674873429629 273.0868176067987 4.198033192038784
0.0395 6369.375097349127 1.000203194460935 1.540592291731883 272.961867230675 4.160064793964599
0.0396 6369.394373189515 1.000202668238305 1.540509652640934 272.8365742681516 4.122298365019077
0.0397 6369.413701772834 1.000202142320631 1.540426956252328 272.7109384765821 4.084734207145324
0.0398 6369.433083136355 1.000201616713461 1.540344202662487 272.5849596136926 4.047372608908358
0.03990000000000001 6369.452517317294 1.000201091422304 1.540261391968727 272.4586374375875 4.010213845511614
0.04 6369.472004352808 1.00020056645263 1.540178524269259 272.3319717067496 3.973258178812963
0.0401 6369.491544279992 1.00020004180987 1.540095599663149 272.2049621800519 3.936505857345414
0.0402 6369.511137135883 1.000199517499412 1.540012618250348 272.0776086167633 3.899957116337257
0.0403 6369.530782957454 1.000198993526607 1.539929580131688 271.949910776549 3.863612177731738
0.04040000000000001 6369.550481781622 1.000198469896763 1.539846485408825 271.8218684194584 3.827471250204698
0.0405 6369.570233645238 1.00019794661515 1.539763334184271 271.6934813059546 3.791534529195207
0.0406 6369.590038585093 1.000197423686996 1.539680126561406 271.564749196897 3.755802196923992
0.0407 6369.609896637913 1.000196901117489 1.539596862644426 271.4356718535645 3.720274422424744
0.0408 6369.629807840363 1.000196378911777 1.539513542538324 271.3062490376382 3.684951361565131
0.0409 6369.649772229042 1.000195857074965 1.539430166348964 271.1764805112247 3.649833157080488
0.041 6369.669789840487 1.000195335612121 1.539346734182992 271.0463660368326 3.614919938595831
0.04110000000000001 6369.689860711168 1.000194814528269 1.539263246147889 270.9159053774082 3.580211822665123
0.0412 6369.709984877491 1.000194293828392 1.53917970235188 270.7850982963113 3.545708912795806
0.0413 6369.730162375794 1.000193773517434 1.539096102904026 270.6539445573393 3.511411299487242
0.0414 6369.750393242351 1.000193253600297 1.539012447914152 270.5224439247212 3.477319060262468
0.0415 6369.770677513368 1.000192734081841 1.538928737492852 270.3905961631057 3.443432259699784
0.04160000000000001 6369.791015224984 1.000192214966885 1.538844971751515 270.2584010376025 3.409750949479263
0.0417 6369.811406413269 1.000191696260207 1.538761150802256 270.1258583137532 3.376275168412112
0.0418 6369.831851114224 1.000191177966545 1.538677274757951 269.9929677575423 3.343004942482013
0.0419 6369.852349363786 1.000190660090593 1.538593343732242 269.8597291353921 3.309940284883164
0.042 6369.872901197816 1.000190142637006 1.53850935783946 269.7261422141977 3.277081196069782
0.04210000000000001 6369.893506652109 1.000189625610396 1.538425317194703 269.5922067612918 3.244427663789157
0.0422 6369.91416576239 1.000189109015332 1.538341221913782 269.4579225444621 3.211979663129217
0.0423 6369.934878564313 1.000188592856346 1.538257072113216 269.3232893319636 3.179737156565671
0.0424 6369.955645093459 1.000188077137924 1.538172867910219 269.188306892518 3.147700094007446
0.0425 6369.976465385339 1.000187561864512 1.538088609422701 269.0529749952965 3.115868412839183
0.0426 6369.997339475392 1.000187047040514 1.538004296769281 268.9172934099551 3.08424203797753
0.0427 6370.018267398983 1.000186532670294 1.537919930069254 268.7812619066107 3.052820881914596
0.04280000000000001 6370.039249191407 1.000186018758172 1.537835509442548 268.6448802558533 3.021604844770994
0.0429 6370.060284887883 1.000185505308428 1.537751035009798 268.5081482287636 2.990593814351276
0.043 6370.081374523556 1.000184992325299 1.537666506892276 268.3710655968833 2.959787666189744
0.0431 6370.102518133501 1.000184479812981 1.537581925211903 268.2336321322449 2.929186263610941
0.0432 6370.123715752714 1.000183967775628 1.537497290091246 268.0958476073596 2.898789457781849
0.04330000000000001 6370.144967416116 1.000183456217353 1.537412601653482 267.9577117952471 2.868597087774425
0.0434 6370.166273158556 1.000182945142227 1.537327860022436 267.8192244693881 2.838608980612376
0.0435 6370.187633014804 1.000182434554277 1.537243065322534 267.680385403772 2.808824951339856
0.0436 6370.209047019557 1.000181924457493 1.5371582176788 267.5411943728785 2.779244803077008
0.0437 6370.230515207432 1.00018141485582 1.537073317216859 267.4016511516901 2.749868327083045
0.0438 6370.252037612971 1.000180905753162 1.536988364062936 267.2617555156857 2.72069530281665
0.0439 6370.273614270639 1.000180397153381 1.536903358343829 267.1215072408467 2.691725498000012
0.044 6370.295245214822 1.0001798890603 1.536818300186902 266.9809061036571 2.662958668682712
0.0441 6370.316930479829 1.000179381477696 1.536733189720087 266.8399518811092 2.634394559307914
0.0442 6370.338670099891 1.000178874409308 1.536648027071874 266.6986443507097 2.606032902779589
0.0443 6370.360464109159 1.000178367858834 1.536562812371283 266.5569832904679 2.577873420527275
0.0444 6370.382312541706 1.000177861829928 1.536477545747885 266.414968478913 2.549915822577835
0.04450000000000001 6370.404215431524 1.000177356326204 1.536392227331787 266.2725996950948 2.522159807624672
0.0446 6370.426172812528 1.000176851351235 1.536306857253601 266.1298767185712 2.494605063095729
0.0447 6370.44818471855 1.000176346908553 1.53622143564444 265.9867993294264 2.467251265228316
0.0448 6370.470251183343 1.000175843001647 1.536135962635961 265.8433673082708 2.440098079141452
0.0449 6370.492372240581 1.000175339633967 1.536050438360264 265.6995804362231 2.413145158905941
0.04500000000000001 6370.514547923854 1.000174836808921 1.535964862949975 265.5554384949518 2.386392147626592
0.0451 6370.536778266671 1.000174334529878 1.535879236538162 265.4109412666397 2.359838677510966
0.0452 6370.559063302461 1.000173832800163 1.535793559258407 265.2660885340018 2.33348436994915
0.0453 6370.581403064571 1.000173331623062 1.535707831244693 265.1208800802909 2.307328835592224
0.0454 6370.603797586264 1.000172831001821 1.53562205263149 264.9753156892861 2.281371674428516
0.0455 6370.626246900722 1.000172330939644 1.535536223553706 264.8293951453042 2.255612475865116
0.0456 6370.648751041045 1.000171831439695 1.535450344146675 264.6831182332061 2.230050818809211
0.04570000000000001 6370.671310040248 1.000171332505098 1.535364414546152 264.5364847383906 2.204686271748283
0.0458 6370.693923931262 1.000170834138937 1.535278434888315 264.3894944468005 2.179518392833336
0.0459 6370.716592746937 1.000170336344256 1.535192405309741 264.2421471449105 2.154546729960015
0.046 6370.739316520038 1.000169839124057 1.535106325947406 264.094442619751 2.129770820856681
0.0461 6370.762095283246 1.000169342481304 1.535020196938684 263.9463806589023 2.105190193168296
0.04620000000000001 6370.784929069157 1.000168846418921 1.534934018421309 263.7979610504825 2.08080436454029
0.0463 6370.807817910283 1.000168350939792 1.534847790533385 263.6491835831597 2.05661284270728
0.0464 6370.830761839052 1.000167856046762 1.5347615134134 263.5000480461634 2.032615125582541
0.0465 6370.853760887805 1.000167361742636 1.53467518720018 263.3505542292672 2.008810701343552
0.0466 6370.8768150888 1.00016686803018 1.534588812032888 263.2007019228003 1.985199048523203
0.04670000000000001 6370.899924474208 1.000166374912121 1.534502388051032 263.0504909176474 1.961779636099899
0.0468 6370.923089076114 1.000165882391146 1.534415915394452 262.899921005261 1.938551923590311
0.0469 6370.946308926518 1.000165390469905 1.53432939420328 262.7489919776316 1.915515361136541
0.047 6370.969584057335 1.000164899151008 1.534242824617973 262.5977036273229 1.892669389604155
0.0471 6370.992914500392 1.000164408437028 1.534156206779296 262.4460557474544 1.870013440672758
0.0472 6371.016300287428 1.000163918330497 1.534069540828269 262.294048131719 1.847546936932728
0.0473 6371.039741450099 1.000163428833912 1.533982826906234 262.1416805743537 1.825269291975676
0.04740000000000001 6371.063238019972 1.00016293994973 1.533896065154776 261.9889528701805 1.80317991049614
0.0475 6371.086790028528 1.00016245168037 1.533809255715753 261.8358648145653 1.781278188381855
0.0476 6371.11039750716 1.000161964028214 1.533722398731283 261.6824162034594 1.759563512816777
0.0477 6371.134060487173 1.000161476995608 1.533635494343718 261.5286068333757 1.738035262375393
0.0478 6371.157778999786 1.000160990584858 1.533548542695643 261.3744365013885 1.716692807121186
0.04790000000000001 6371.18155307613 1.000160504798234 1.533461543929892 261.2199050051576 1.695535508709021
0.048 6371.205382747247 1.00016001963797 1.533374498189476 261.0650121428924 1.674562720480007
0.0481 6371.229268044094 1.000159535106263 1.53328740561766 260.9097577133879 1.653773787566794
0.0482 6371.253208997536 1.000159051205271 1.533200266357886 260.754141516018 1.633168046993734
0.0483 6371.277205638352 1.00015856793712 1.533113080553791 260.5981633507125 1.612744827775413
0.04840000000000001 6371.301257997235 1.000158085303897 1.533025848349183 260.4418230179748 1.59250345102133
0.0485 6371.325366104783 1.000157603307653 1.532938569888073 260.285120318911 1.572443230042521
0.0486 6371.349529991513 1.000157121950405 1.532851245314593 260.1280550551654 1.552563470446602
0.0487 6371.373749687849 1.000156641234133 1.532763874773066 259.9706270289793 1.532863470249382
0.0488 6371.398025224127 1.000156161160782 1.532676458407956 259.8128360431732 1.513342519977072
0.0489 6371.422356630596 1.000155681732264 1.532588996363841 259.6546819011295 1.493999902769174
0.049 6371.446743937412 1.000155202950454 1.532501488785465 259.4961644068216 1.474834894487727
0.04910000000000001 6371.471187174646 1.000154724817192 1.532413935817659 259.3372833648022 1.455846763821885
0.0492 6371.495686372278 1.000154247334286 1.53232633760538 259.1780385801916 1.437034772393095
0.0493 6371.5202415602 1.000153770503507 1.532238694293692 259.0184298587013 1.418398174864943
0.0494 6371.544852768214 1.000153294326596 1.532151006027736 258.8584570066104 1.399936219047856
0.0495 6371.569520026033 1.000152818805256 1.532063272952759 258.6981198307889 1.381648146009783
0.04960000000000001 6371.594243363279 1.00015234394116 1.531975495214066 258.5374181386864 1.363533190183142
0.0497 6371.619022809489 1.000151869735948 1.531887672957028 258.3763517383198 1.345590579472272
0.0498 6371.643858394106 1.000151396191223 1.531799806327093 258.2149204383094 1.327819535366536
0.0499 6371.668750146487 1.00015092330856 1.531711895469746 258.0531240478366 1.310219273045223
0.05 6371.693698095896 1.0001504510895 1.531623940530517 257.8909623766743 1.292789001490701
0.05010000000000001 6371.718702271512 1.000149979535551 1.531535941654967 257.7284352351747 1.275527923597321
0.0502 6371.743762702419 1.00014950864819 1.531447898988672 257.5655424342752 1.258435236282585
0.0503 6371.768879417617 1.000149038428864 1.531359812677237 257.4022837854867 1.241510130596753
0.0504 6371.794052446014 1.000148568878986 1.531271682866272 257.2386591009112 1.224751791835841
0.0505 6371.819281816427 1.000148099999939 1.531183509701377 257.0746681932241 1.208159399651193
0.0506 6371.844567557586 1.000147631793076 1.531095293328134 256.9103108756921 1.191732128162969
0.0507 6371.86990969813 1.000147164259718 1.531007033892147 256.7455869621552 1.17546914607027
0.05080000000000001 6371.895308266609 1.000146697401158 1.530918731538942 256.5804962670449 1.159369616765045
0.0509 6371.920763291483 1.000146231218658 1.530830386414035 256.4150386053597 1.143432698442126
0.051 6371.946274801125 1.00014576571345 1.530741998662888 256.2492137926896 1.127657544214095
0.0511 6371.971842823814 1.000145300886737 1.530653568430934 256.0830216452099 1.112043302223396
0.0512 6371.997467387743 1.000144836739693 1.530565095863505 255.9164619796692 1.0965891157541
0.05130000000000001 6372.023148521016 1.000144373273463 1.530476581105895 255.7495346133954 1.08129412334551
0.0514 6372.048886251645 1.000143910489164 1.530388024303325 255.5822393643078 1.066157458906383
0.0515 6372.074680607554 1.000143448387885 1.5302994256009 255.414576050899 1.051178251826554
0.0516 6372.100531616579 1.000142986970688 1.530210785143643 255.2465444922349 1.036355627090315
0.0517 6372.126439306466 1.000142526238604 1.5301221030765 255.0781445079728 1.021688705391416
0.05180000000000001 6372.15240370487 1.000142066192641 1.530033379544264 254.9093759183432 1.007176603244957
0.0519 6372.178424839362 1.000141606833778 1.529944614691645 254.7402385441504 0.992818433100947
0.05200000000000001 6372.204502737417 1.000141148162967 1.529855808663221 254.5707322067896 0.9786133034593484
0.0521 6372.230637426428 1.000140690181135 1.529766961603403 254.4008567282175 0.9645603189811274
0.0522 6372.256828933695 1.000140232889182 1.529678073656505 254.2306119309823 0.9506585806042774
0.0523 6372.283077286432 1.000139776287984 1.529589144966659 254.0599976381935 0.9369071856548891
0.0524 6372.30938251176 1.000139320378388 1.529500175677865 253.889013673558 0.9233052279634987
0.05250000000000001 6372.335744636717 1.000138865161221 1.529411165933936 253.7176598613381 0.9098517979751551
0.0526 6372.36216368825 1.000138410637281 1.529322115878508 253.5459360263757 0.8965459828646676
0.0527 6372.388639693216 1.000137956807343 1.529233025655063 253.3738419940977 0.8833868666502585
0.0528 6372.415172678387 1.00013750367216 1.529143895406867 253.2013775904869 0.8703735303044097
0.0529 6372.441762670445 1.000137051232459 1.529054725276995 253.0285426421054 0.8575050518686859
0.05300000000000001 6372.468409695986 1.000136599488943 1.528965515408326 252.8553369760888 0.8447805065661088
0.0531 6372.495113781517 1.000136148442294 1.528876265943521 252.68176042014 0.8321989669133976
0.0532 6372.521874953457 1.000135698093171 1.528786977025026 252.5078128025297 0.8197595028334841
0.0533 6372.548693238137 1.000135248442209 1.528697648795055 252.3334939521077 0.8074611817686471
0.0534 6372.575568661803 1.000134799490022 1.528608281395584 252.1588036982797 0.7953030687909161
0.05350000000000001 6372.602501250612 1.000134351237202 1.528518874968372 251.9837418710248 0.7832842267151883
0.0536 6372.629491030632 1.00013390368432 1.528429429654889 251.8083083008895 0.7714037162104107
0.05370000000000001 6372.656538027851 1.000133456831926 1.528339945596391 251.6325028189702 0.759660595909734
0.0538 6372.683642268162 1.000133010680549 1.528250422933829 251.4563252569486 0.7480539225239651
0.0539 6372.710803777378 1.000132565230698 1.528160861807911 251.2797754470442 0.7365827509491791
0.054 6372.738022581221 1.00013212048286 1.528071262359064 251.102853222062 0.7252461343802891
0.0541 6372.765298705329 1.000131676437506 1.527981624727443 250.9255584153624 0.7140431244192017
0.05420000000000001 6372.792632175253 1.000131233095084 1.527891949052873 250.7478908608558 0.7029727711842452
0.0543 6372.82002301646 1.000130790456025 1.527802235474922 250.5698503930083 0.6920341234199778
0.0544 6372.847471254331 1.000130348520742 1.527712484132819 250.3914368468476 0.6812262286065794
0.0545 6372.874976914159 1.000129907289627 1.527622695165509 250.2126500579687 0.6705481330688144
0.0546 6372.902540021153 1.000129466763056 1.527532868711613 250.033489862505 0.6599988820824705
0.05470000000000001 6372.930160600439 1.000129026941387 1.527443004909408 249.8539560971452 0.6495775199832427
0.0548 6372.957838677056 1.000128587824962 1.527353103896858 249.6740485991339 0.6392830902740689
0.0549 6372.985574275959 1.000128149414103 1.527263165811582 249.4937672062655 0.629114635731669
0.055 6373.013367422019 1.000127711709119 1.527173190790861 249.3131117568781 0.6190711985126343
0.0551 6373.041218140022 1.0001272747103 1.527083178971608 249.1320820898599 0.6091518202596898
0.05520000000000001 6373.06912645467 1.000126838417921 1.526993130490405 248.9506780446485 0.5993555422071
0.0553 6373.097092390581 1.000126402832242 1.526903045483438 248.7688994612257 0.5896814052852347
0.05540000000000001 6373.125115972292 1.000125967953507 1.526812924086557 248.5867461801053 0.5801284502243131
0.0555 6373.153197224254 1.000125533781946 1.526722766435211 248.4042180423506 0.5706957176591579
0.0556 6373.181336170837 1.000125100317775 1.526632572664475 248.2213148895575 0.5613822482315038
0.0557 6373.209532836326 1.000124667561193 1.526542342909039 248.0380365638829 0.5521870826941535
0.0558 6373.237787244924 1.000124235512389 1.526452077303197 247.8543829079925 0.5431092620103373
0.05590000000000001 6373.266099420755 1.000123804171536 1.526361775980843 247.67035376509 0.5341478274566921
0.056 6373.294469387857 1.000123373538794 1.526271439075456 247.4859489789286 0.5253018207246314
0.0561 6373.322897170187 1.000122943614313 1.526181066720129 247.3011683937879 0.5165702840193569
0.0562 6373.35138279162 1.000122514398227 1.526090659047517 247.1160118544675 0.5079522601591286
0.0563 6373.379926275954 1.000122085890661 1.526000216189849 246.9304792062993 0.4994467926746921
0.05640000000000001 6373.4085276469 1.000121658091725 1.525909738278949 246.744570295153 0.4910529259077012
0.0565 6373.437186928091 1.00012123100152 1.525819225446196 246.5582849674069 0.4827697051068506
0.0566 6373.465904143082 1.000120804620137 1.525728677822511 246.371623069965 0.4745961765254649
0.0567 6373.494679315345 1.000120378947654 1.525638095538409 246.1845844502581 0.4665313875175314
0.0568 6373.523512468272 1.000119953984139 1.525547478723923 245.9971689562307 0.4585743866324848
0.05690000000000001 6373.552403625177 1.000119529729652 1.525456827508649 245.8093764363479 0.4507242237100257
0.057 6373.581352809293 1.000119106184241 1.525366142021719 245.6212067395949 0.4429799499738986
0.05710000000000001 6373.610360043776 1.000118683347946 1.5252754223918 245.4326597154594 0.4353406181241784
0.0572 6373.639425351701 1.000118261220798 1.525184668747096 245.2437352139435 0.4278052824299988
0.0573 6373.668548756066 1.00011783980282 1.525093881215331 245.0544330855695 0.4203729988211973
0.0574 6373.697730279792 1.000117419094025 1.525003059923752 244.8647531813502 0.4130428249777597
0.0575 6373.726969945719 1.00011699909442 1.524912204999131 244.6746953528249 0.4058138204209948
0.05760000000000001 6373.756267776615 1.000116579804003 1.524821316567734 244.4842594520054 0.3986850466004436
0.0577 6373.785623795164 1.000116161222765 1.52473039475536 244.2934453314359 0.391655566984229
0.0578 6373.815038023977 1.000115743350692 1.524639439687285 244.1022528441512 0.3847244471447148
0.0579 6373.844510485589 1.00011532618776 1.524548451488302 243.9106818436707 0.377890754844687
0.058 6373.874041202457 1.000114909733942 1.524457430282689 243.7187321840282 0.3711535601239002
0.05810000000000001 6373.903630196965 1.000114493989203 1.524366376194233 243.5264037197306 0.3645119353821943
0.0582 6373.933277491416 1.000114078953503 1.52427528934618 243.3336963057931 0.3579649554644279
0.05830000000000001 6373.962983108044 1.000113664626799 1.524184169861281 243.1406097977155 0.3515116977424127
0.0584 6373.992747069003 1.000113251009038 1.524093017861756 242.9471440514825 0.3451512421967663
0.0585 6374.022569396376 1.000112838100168 1.524001833469312 242.7532989235577 0.3388826714976336
0.05860000000000001 6374.05245011217 1.000112425900129 1.523910616805109 242.5590742708954 0.3327050710850317
0.0587 6374.082389238319 1.000112014408858 1.523819367989777 242.3644699509285 0.3266175292474665
0.05880000000000001 6374.112386796682 1.00011160362629 1.523728087143433 242.1694858215691 0.3206191371999728
0.0589 6374.142442809046 1.000111193552354 1.523636774385627 241.9741217412019 0.3147089891610014
0.059 6374.172557297125 1.000110784186977 1.523545429835381 241.7783775686847 0.308886182428503
0.0591 6374.202730282561 1.000110375530086 1.523454053611161 241.5822531633543 0.3031498174551937
0.0592 6374.232961786923 1.0001099675816 1.523362645830907 241.3857483850023 0.2974989979219471
0.05930000000000001 6374.263251831707 1.000109560341442 1.523271206611978 241.1888630939055 0.291932830811737
0.0594 6374.29360043834 1.000109153809529 1.523179736071188 240.9915971507897 0.2864504264806774
0.0595 6374.324007628177 1.000108747985778 1.523088234324799 240.7939504168479 0.281050898729577
0.0596 6374.354473422501 1.000108342870105 1.522996701488513 240.5959227537459 0.2757333648740885
0.0597 6374.384997842526 1.000107938462425 1.522905137677453 240.397514023581 0.2704969458125606
0.05980000000000001 6374.415580909395 1.000107534762653 1.522813543006188 240.1987240889297 0.26534076609523
0.0599 6374.446222644183 1.000107131770703 1.522721917588712 239.9995528128114 0.2602639539901367
0.06000000000000001 6374.476923067894 1.000106729486488 1.522630261538449 239.8000000586893 0.2552656415489456
0.0601 6374.507682201464 1.000106327909923 1.522538574968249 239.6000656904874 0.2503449646721324
0.0602 6374.538500065758 1.000105927040924 1.522446857990387 239.3997495725733 0.2455010631721908
0.0603 6374.569376681578 1.000105526879406 1.522355110716559 239.1990515697461 0.2407330808359446
0.0604 6374.600312069652 1.000105127425287 1.52226333325787 238.9979715472599 0.2360401654866161
0.06050000000000001 6374.631306250645 1.000104728678485 1.522171525724846 238.7965093708066 0.2314214690438025
0.0606 6374.662359245152 1.00010433063892 1.522079688227448 238.5946649065094 0.2268761475826594
0.0607 6374.693471073705 1.000103933306515 1.521987820875018 238.3924380209172 0.2224033613919933
0.0608 6374.724641756766 1.000103536681194 1.521895923776329 238.1898285810224 0.2180022750317662
0.0609 6374.755871314732 1.000103140762884 1.521803997039552 237.986836454243 0.2136720573886957
0.06100000000000001 6374.787159767935 1.000102745551514 1.521712040772282 237.7834615084224 0.2094118817311462
0.0611 6374.818507136641 1.000102351047019 1.521620055081501 237.579703611836 0.2052209257630175
0.0612 6374.849913441051 1.000101957249334 1.521528040073609 237.3755626331666 0.2010983716759054
0.0613 6374.881378701305 1.000101564158398 1.521435995854392 237.1710384415172 0.1970434062008802
0.0614 6374.912902937474 1.000101171774156 1.521343922529063 236.9661309064221 0.1930552206591079
0.06150000000000001 6374.944486169567 1.000100780096554 1.521251820202219 236.7608398978176 0.1891330110105293
0.0616 6374.97612841753 1.000100389125545 1.521159688977853 236.5551652860539 0.1852759779022309
0.06170000000000001 6375.007829701247 1.000099998861084 1.52106752895938 236.349106941895 0.1814833267154393
0.0618 6375.039590040538 1.000099609303134 1.520975340249569 236.1426647365009 0.1777542676110535
0.0619 6375.071409455162 1.00009922045166 1.520883122950629 235.9358385414456 0.1740880155746953
0.062 6375.103287964816 1.000098832306634 1.520790877164136 235.7286282286931 0.1704837904598638
0.0621 6375.135225589134 1.000098444868031 1.520698602991084 235.5210336706272 0.1669408170308926
0.06220000000000001 6375.167222347692 1.000098058135836 1.520606300531839 235.3130547400041 0.1634583250034267
0.0623 6375.199278260002 1.000097672110035 1.52051396988618 235.104691309988 0.160035549085189
0.0624 6375.231393345517 1.000097286790624 1.520421611153263 234.8959432541391 0.1566717290147771
0.0625 6375.263567623632 1.000096902177603 1.520329224431654 234.68681044639 0.1533661095991494
0.0626 6375.295801113681 1.000096518270979 1.52023680981929 234.4772927610756 0.1501179407508224
0.06270000000000001 6375.328093834938 1.000096135070766 1.520144367413522 234.2673900729027 0.1469264775229772
0.06280000000000001 6375.360445806621 1.000095752576987 1.520051897311077 234.0571022569628 0.1437909801440829
0.0629 6375.392857047887 1.000095370789667 1.519959399608091 233.8464291887375 0.140710714051266
0.063 6375.425327577836 1.000094989708843 1.519866874400069 233.6353707440688 0.1376849499220227
0.0631 6375.45785741551 1.000094609334556 1.519774321781939 233.4239267991833 0.1347129637055773
0.06320000000000001 6375.490446579896 1.00009422966686 1.519681741847988 233.2120972306738 0.1317940366524946
0.06330000000000001 6375.523095089923 1.00009385070581 1.51958913469193 232.9998819154997 0.1289274553434187
0.0634 6375.555802964462 1.000093472451473 1.51949650040685 232.787280730999 0.1261125117168284
0.0635 6375.58857022233 1.000093094903924 1.519403839085227 232.5742935548582 0.1233485030951072
0.0636 6375.621396882288 1.000092718063247 1.51931115081895 232.3609202651304 0.120634732210122
0.06370000000000001 6375.654282963042 1.000092341929531 1.519218435699288 232.1471607402294 0.1179705072273527
0.06380000000000001 6375.687228483242 1.000091966502878 1.519125693816909 231.9330148589296 0.1153551417689757
0.0639 6375.720233461485 1.000091591783397 1.519032925261883 231.7184825003482 0.1127879549356143
0.064 6375.753297916314 1.000091217771204 1.518940130123683 231.5035635439571 0.1102682713273383
0.0641 6375.786421866217 1.000090844466428 1.518847308491155 231.2882578695889 0.1077954210634641
0.06420000000000001 6375.81960532963 1.000090471869205 1.518754460452579 231.0725653574071 0.1053687398008395
0.06430000000000001 6375.852848324936 1.00009009997968 1.518661586095614 230.8564858879184 0.102987568751515
0.0644 6375.886150870464 1.000089728798009 1.518568685507312 230.6400193419839 0.100651254699296
0.0645 6375.919512984493 1.000089358324356 1.518475758774156 230.4231656007959 0.0983591500148103
0.06460000000000001 6375.95293468525 1.000088988558898 1.518382805982012 230.2059245458776 0.09611061266975812
0.06470000000000001 6375.986415990908 1.000088619501817 1.518289827216172 229.9882960590952 0.09390500625019289
0.0648 6376.019956919594 1.00008825115331 1.518196822561298 229.7702800226401 0.09174169996841609
0.0649 6376.053557489379 1.00008788351358 1.518103792101502 229.5518763190347 0.08962006867404605
0.065 6376.087217718286 1.000087516582844 1.518010735920291 229.3330848311383 0.08753949286401068
0.06510000000000001 6376.120937624291 1.000087150361326 1.517917654100571 229.1139054421118 0.08549935869108888
0.06520000000000001 6376.154717225315 1.000086784849262 1.51782454672469 228.894338035453 0.08349905797207778
0.0653 6376.188556539235 1.0000864200469 1.517731413874382 228.674382494973 0.08153798819434638
0.0654 6376.222455583876 1.000086055954497 1.517638255630812 228.4540387048081 0.07961555252168109
0.0655 6376.256414377016 1.000085692572319 1.517545072074583 228.2333065493962 0.07773115979878272
0.06560000000000001 6376.290432936385 1.000085329900646 1.517451863285682 228.0121859135001 0.07588422455515298
0.06570000000000001 6376.324511279665 1.000084967939768 1.517358629343554 227.7906766821783 0.07407416700750398
0.0658 6376.358649424491 1.000084606689985 1.517265370327057 227.5687787408086 0.07230041306160913
0.0659 6376.392847388452 1.000084246151609 1.517172086314472 227.3464919750644 0.07056239431275796
0.066 6376.427105189088 1.000083886324962 1.517078777383522 227.1238162709263 0.0688595480455083
0.06610000000000001 6376.461422843897 1.000083527210378 1.516985443611353 226.9007515146708 0.06719131723226382
0.06620000000000001 6376.495800370326 1.000083168808202 1.51689208507456 226.6772975928815 0.06555715053105561
0.0663 6376.530237785782 1.000082811118791 1.516798701849159 226.45345439242 0.06395650228204967
0.0664 6376.564735107621 1.000082454142512 1.516705294010625 226.2292218004612 0.06238883250357132
0.0665 6376.599292353161 1.000082097879744 1.516611861633865 226.0045997044521 0.0608536068866253
0.06660000000000001 6376.633909539672 1.000081742330877 1.51651840479323 225.7795879921349 0.05935029678894154
0.06670000000000001 6376.668586684377 1.000081387496313 1.516424923562539 225.5541865515478 0.05787837922791377
0.0668 6376.703323804462 1.000081033376466 1.516331418015046 225.3283952709948 0.05643733687242965
0.0669 6376.738120917065 1.000080679971759 1.516237888223463 225.1022140390754 0.05502665803417776
0.067 6376.772978039283 1.000080327282629 1.516144334259954 224.8756427446614 0.05364583665770662
0.06710000000000001 6376.807895188169 1.000079975309524 1.516050756196164 224.648681276902 0.0522943723097847
0.06720000000000001 6376.842872380736 1.000079624052902 1.515957154103184 224.4213295252188 0.05097177016780622
0.0673 6376.877909633952 1.000079273513235 1.515863528051579 224.1935873793108 0.04967754100739683
0.0674 6376.913006964746 1.000078923691004 1.515769878111384 223.9654547291492 0.04841120118908884
0.0675 6376.948164390005 1.000078574586703 1.515676204352114 223.7369314649653 0.04717227264412099
0.06760000000000001 6376.983381926576 1.000078226200838 1.515582506842741 223.5080174772564 0.0459602828595008
0.06770000000000001 6377.018659591263 1.000077878533924 1.515488785651747 223.2787126567918 0.04477476486223619
0.0678 6377.053997400832 1.000077531586491 1.515395040847066 223.0490168945947 0.04361525720262816
0.0679 6377.089395372008 1.000077185359077 1.515301272496157 222.8189300819489 0.04248130393688841
0.06800000000000001 6377.124853521477 1.000076839852234 1.51520748066593 222.588452110398 0.04137245460893137
0.06810000000000001 6377.160371865887 1.000076495066525 1.515113665422818 222.3575828717338 0.04028826423133104
0.0682 6377.195950421845 1.000076151002523 1.515019826832739 222.1263222580086 0.03922829326562429
0.0683 6377.23158920592 1.000075807660812 1.514925964961122 221.8946701615226 0.0381921076017447
0.0684 6377.267288234642 1.000075465041991 1.514832079872888 221.6626264748305 0.03717927853679656
0.06850000000000001 6377.303047524506 1.000075123146667 1.514738171632486 221.4301910907115 0.03618938275294326
0.06860000000000001 6377.338867091966 1.000074781975458 1.51464424030386 221.1973639022225 0.03522200229493418
0.0687 6377.37474695344 1.000074441528996 1.514550285950476 220.9641448026395 0.03427672454644171
0.0688 6377.41068712531 1.00007410180792 1.514456308635342 220.7305336854864 0.03335314220608524
0.0689 6377.446687623919 1.000073762812884 1.51436230842095 220.4965304445299 0.03245085326262091
0.06900000000000001 6377.482748465575 1.00007342454455 1.514268285369365 220.2621349737609 0.03156946096942117
0.06910000000000001 6377.518869666551 1.000073087003594 1.514174239542148 220.027347167419 0.03070857381845771
0.0692 6377.555051243083 1.0000727501907 1.514080171000418 219.7921669199621 0.02986780551344008
0.0693 6377.59129321137 1.000072414106564 1.513986079804827 219.5565941260969 0.02904677494254311
0.0694 6377.627595587578 1.000072078751893 1.513891966015585 219.3206286807425 0.02824510615028316
0.06950000000000001 6377.663958387838 1.000071744127403 1.513797829692434 219.0842704790547 0.02746242830900187
0.06960000000000001 6377.700381628246 1.000071410233823 1.513703670894677 218.847519416402 0.02669837568959601
0.0697 6377.736865324862 1.00007107707189 1.513609489681176 218.6103753883953 0.02595258763184652
0.0698 6377.773409493715 1.000070744642353 1.513515286110353 218.3728382908524 0.02522470851397203
0.0699 6377.810014150798 1.000070412945971 1.513421060240197 218.134908019816 0.02451438772180516
0.07000000000000001 6377.846679312071 1.000070081983512 1.513326812128278 217.8965844715411 0.02382127961733805
0.07010000000000001 6377.88340499346 1.000069751755756 1.513232541831713 217.6578675425079 0.02314504350681519
0.0702 6377.92019121086 1.000069422263491 1.513138249407234 217.4187571294091 0.02248534360824585
0.0703 6377.957037980132 1.000069093507516 1.513043934911132 217.1792531291443 0.02184184901844078
0.0704 6377.993945317105 1.000068765488639 1.512949598399294 216.9393554388201 0.02121423367958272
0.07050000000000001 6378.030913237575 1.000068438207678 1.512855239927202 216.699063955762 0.02060217634535688
0.07060000000000001 6378.067941757307 1.000068111665461 1.512760859549931 216.458378577502 0.02000536054656222
0.0707 6378.105030892036 1.000067785862823 1.512666457322163 216.2172992017676 0.01942347455628518
0.0708 6378.142180657461 1.000067460800612 1.512572033298185 215.9758257265047 0.01885621135473095
0.07090000000000001 6378.179391069253 1.000067136479681 1.512477587531891 215.7339580498546 0.01830326859352357
0.07100000000000001 6378.216662143053 1.000066812900895 1.512383120076799 215.4916960701534 0.01776434855966529
0.0711 6378.253993894471 1.000066490065128 1.512288630986022 215.2490396859383 0.01723915813912012
0.0712 6378.291386339084 1.000066167973258 1.512194120312342 215.0059887959536 0.0167274087800207
0.0713 6378.328839492441 1.000065846626178 1.512099588108125 214.7625432991325 0.01622881645546463
0.07140000000000001 6378.366353370061 1.000065526024786 1.512005034425407 214.5187030946034 0.015743101626016
0.07150000000000001 6378.403927987433 1.000065206169986 1.511910459315843 214.274468081684 0.01526998920184847
0.0716 6378.441563360017 1.000064887062695 1.51181586283073 214.0298381598926 0.01480920850460292
0.0717 6378.479259503241 1.000064568703835 1.511721245021024 213.7848132289313 0.01436049322888144
0.0718 6378.51701643251 1.000064251094336 1.511626605937322 213.539393188685 0.01392358140348466
0.07190000000000001 6378.554834163195 1.000063934235136 1.511531945629895 213.2935779392341 0.01349821535238927
0.07200000000000001 6378.592712710639 1.00006361812718 1.511437264148654 213.0473673808477 0.01308414165542619
0.0721 6378.63065209016 1.000063302771421 1.511342561543195 212.8007614139609 0.01268111110867898
0.0722 6378.668652317045 1.000062988168818 1.511247837862776 212.5537599392095 0.01228887868474136
0.0723 6378.706713406553 1.000062674320339 1.511153093156343 212.3063628574067 0.01190720349264842
0.07240000000000001 6378.744835373916 1.000062361226956 1.511058327472503 212.0585700695432 0.01153584873763586
0.07250000000000001 6378.783018234341 1.000062048889649 1.510963540859569 211.8103814767868 0.01117458168069866
0.0726 6378.821262003002 1.000061737309405 1.510868733365541 211.5617969804888 0.01082317359797064
0.0727 6378.859566695051 1.000061426487216 1.510773905038098 211.3128164821718 0.01048139973990413
0.0728 6378.897932325611 1.000061116424081 1.510679055924636 211.0634398835299 0.01014903929030644
0.07290000000000001 6378.936358909778 1.000060807121005 1.510584186072251 210.8136670864404 0.009825875325242607
0.07300000000000001 6378.974846462625 1.000060498578998 1.510489295527741 210.5634979929404 0.009511694771755385
0.0731 6379.013394999192 1.000060190799074 1.510394384337641 210.3129325052499 0.009206288366523869
0.0732 6379.052004534499 1.000059883782256 1.51029945254818 210.0619705257549 0.008909450614357568
0.0733 6379.090675083538 1.00005957752957 1.51020450020532 209.8106119570065 0.008620979746615905
0.07340000000000001 6379.129406661274 1.000059272042045 1.510109527354751 209.5588567017215 0.008340677679541336
0.07350000000000001 6379.168199282647 1.000058967320719 1.510014534041905 209.3067046627942 0.008068349972530751
0.0736 6379.207052962573 1.000058663366631 1.509919520311935 209.0541557432783 0.007803805786312228
0.0737 6379.24596771594 1.000058360180826 1.509824486209755 208.8012098463872 0.007546857841092802
0.0738 6379.284943557614 1.000058057764352 1.509729431780008 208.5478668755117 0.007297322374685199
0.07390000000000001 6379.323980502434 1.000057756118262 1.509634357067106 208.2941267341784 0.007055019100549335
0.07400000000000001 6379.363078565216 1.000057455243613 1.509539262115212 208.0399893260973 0.006819771165907028
0.0741 6379.402237760749 1.000057155141464 1.50944414696825 207.7854545551321 0.00659140510977719
0.0742 6379.441458103799 1.000056855812878 1.509349011669899 207.5305223253062 0.006369750821054427
0.07430000000000001 6379.480739609108 1.000056557258922 1.509253856263628 207.2751925407964 0.006154641496596033
0.07440000000000001 6379.520082291393 1.000056259480664 1.509158680792667 207.0194651059454 0.005945913599354336
0.0745 6379.559486165347 1.000055962479177 1.509063485300038 206.7633399252435 0.005743406816525487
0.0746 6379.59895124564 1.000055666255534 1.508968269828536 206.5068169033406 0.005546964017775113
0.0747 6379.638477546917 1.000055370810814 1.508873034420751 206.2498959450403 0.005356431213511932
0.07480000000000001 6379.6780650838 1.000055076146092 1.508777779119072 205.9925769553 0.00517165751323953
0.07490000000000001 6379.717713870887 1.000054782262451 1.508682503965682 205.7348598392367 0.004992495083995727
0.075 6379.757423922754 1.000054489160972 1.508587209002556 205.4767445020974 0.004818799108861201
0.0751 6379.797195253954 1.00005419684274 1.508491894271484 205.2182308493005 0.004650427745621302
0.0752 6379.837027879014 1.000053905308837 1.508396559814085 204.9593187864124 0.004487242085495701
0.07530000000000001 6379.876921812441 1.000053614560351 1.508301205671767 204.7000082191352 0.004329106112001527
0.07540000000000001 6379.916877068717 1.000053324598367 1.508205831885777 204.4402990533366 0.004175886659974723
0.0755 6379.956893662305 1.000053035423972 1.50811043849718 204.1801911950205 0.004027453374697028
0.0756 6379.996971607639 1.000052747038253 1.508015025546866 203.9196845503442 0.003883678671203513
0.0757 6380.037110919138 1.000052459442299 1.50791959307557 203.6587790256011 0.003744437693730011
0.07580000000000001 6380.077311611191 1.000052172637195 1.507824141123866 203.3974745272561 0.003609608275358898
0.07590000000000001 6380.117573698171 1.00005188662403 1.507728669732154 203.1357709618864 0.003479070897792847
0.076 6380.157897194426 1.000051601403888 1.507633178940703 202.8736682362345 0.003352708651374578
0.0761 6380.198282114281 1.000051316977856 1.507537668789609 202.6111662571733 0.003230407195255582
0.0762 6380.238728472042 1.000051033347018 1.507442139318843 202.3482649317292 0.003112054717797639
0.07630000000000001 6380.279236281989 1.000050750512457 1.507346590568234 202.0849641670706 0.002997541897168127
0.07640000000000001 6380.319805558384 1.000050468475256 1.507251022577457 201.8212638705016 0.002886761862157825
0.0765 6380.360436315466 1.000050187236494 1.507155435386079 201.5571639494687 0.002779610153230543
0.0766 6380.401128567452 1.000049906797251 1.507059829033525 201.2926643115656 0.002675984683806267
0.0767 6380.441882328535 1.000049627158601 1.506964203559095 201.0277648645223 0.002575785701778516
0.07680000000000001 6380.482697612892 1.000049348321619 1.506868559001978 200.7624655162048 0.002478915751285315
0.07690000000000001 6380.523574434674 1.000049070287377 1.506772895401235 200.4967661746208 0.002385279634737411
0.077 6380.564512808012 1.000048793056943 1.506677212795834 200.2306667479201 0.002294784375106027
0.0771 6380.605512747017 1.000048516631382 1.50658151122461 199.9641671443882 0.002207339178477177
0.07720000000000001 6380.646574265778 1.000048241011758 1.506485790726321 199.6972672724409 0.002122855396881168
0.07730000000000001 6380.687697378363 1.000047966199128 1.506390051339599 199.4299670406416 0.002041246491410504
0.07740000000000001 6380.728882098817 1.000047692194549 1.506294293102999 199.1622663576899 0.001962427995614868
0.0775 6380.770128441166 1.000047418999073 1.506198516054976 198.8941651324211 0.001886317479192777
0.0776 6380.811436419415 1.000047146613745 1.506102720233897 198.6256632738008 0.001812834511979814
0.07770000000000001 6380.852806047548 1.000046875039611 1.506006905678038 198.3567606909363 0.001741900628245238
0.07780000000000001 6380.894237339528 1.000046604277708 1.505911072425606 198.0874572930651 0.001673439291290729
0.0779 6380.935730309298 1.000046334329071 1.505815220514724 197.8177529895605 0.001607375858367665
0.078 6380.977284970778 1.000046065194729 1.505719349983442 197.5476476899438 0.00154363754591391
0.0781 6381.018901337869 1.000045796875705 1.505623460869737 197.2771413038544 0.001482153395103793
0.07820000000000001 6381.060579424451 1.000045529373018 1.505527553211523 197.0062337410676 0.001422854237737214
0.07830000000000001 6381.102319244385 1.000045262687682 1.505431627046641 196.7349249114949 0.001365672662455801
0.0784 6381.144120811509 1.000044996820703 1.505335682412891 196.4632147251895 0.001310542981295981
0.0785 6381.185984139644 1.000044731773083 1.505239719347999 196.1911030923169 0.001257401196574473
0.0786 6381.227909242584 1.000044467545817 1.50514373788964 195.9185899232024 0.001206184968132464
0.07870000000000001 6381.269896134109 1.000044204139894 1.505047738075451 195.6456751282893 0.001156833580908623
0.07880000000000001 6381.311944827976 1.000043941556296 1.504951719943015 195.3723586181571 0.001109287912873863
0.0789 6381.354055337922 1.000043679795998 1.504855683529863 195.0986403035093 0.001063490403313507
0.079 6381.396227677664 1.000043418859969 1.504759628873505 194.8245200951855 0.001019385021469543
0.0791 6381.438461860897 1.000043158749169 1.504663556011397 194.5499979041668 0.000976917235540117
0.07920000000000001 6381.480757901299 1.000042899464553 1.504567464980974 194.2750736415591 0.0009360339820365356
0.07930000000000001 6381.523115812523 1.000042641007067 1.504471355819631 193.9997472186036 0.000896683635508548
0.0794 6381.565535608206 1.000042383377648 1.504375228564739 193.7240185466602 0.0008588159786309
0.0795 6381.608017301964 1.000042126577229 1.504279083253642 193.4478875372364 0.0008223821726642433
0.0796 6381.65056090739 1.000041870606729 1.504182919923674 193.1713541019639 0.0007873347282779858
0.07970000000000001 6381.693166438061 1.000041615467064 1.504086738612134 192.8944181526043 0.0007536274767485326
0.07980000000000001 6381.73583390753 1.000041361159138 1.503990539356314 192.6170796010555 0.0007212155415299157
0.0799 6381.778563329332 1.000041107683847 1.503894322193493 192.3393383593392 0.000690055310196223
0.08 6381.821354716983 1.00004085504208 1.503798087160938 192.0611943396133 0.0006601044067618424
0.08010000000000001 6381.864208083974 1.000040603234715 1.503701834295907 191.7826474541715 0.000631321664376157
0.08020000000000001 6381.907123443781 1.00004035226262 1.503605563635659 191.503697615426 0.0006036670983932976
0.08030000000000001 6381.950100809857 1.000040102126654 1.503509275217449 191.2243447359305 0.0005771018798235566
0.0804 6381.993140195636 1.000039852827668 1.503412969078524 190.9445887283631 0.0005515883091583903
0.0805 6382.036241614534 1.000039604366502 1.503316645256144 190.664429505532 0.0005270897905760103
0.08060000000000001 6382.07940507994 1.000039356743985 1.503220303787575 190.383866980393 0.0005035708065260875
0.08070000000000001 6382.12263060523 1.000039109960937 1.50312394471008 190.1029010660026 0.0004809968926872767
0.08080000000000001 6382.165918203757 1.000038864018167 1.503027568060952 189.8215316755826 0.0004593346133122761
0.0809 6382.209267888853 1.000038618916474 1.502931173877475 189.5397587224555 0.0004385515369400151
0.081 6382.252679673832 1.000038374656644 1.502834762196965 189.2575821200916 0.0004186162124942005
0.08110000000000001 6382.296153571986 1.000038131239457 1.502738333056744 188.975001782091 0.0003994981457533892
0.08120000000000001 6382.339689596588 1.000037888665676 1.50264188649416 188.6920176221782 0.0003811677761981335
0.0813 6382.383287760889 1.000037646936057 1.502545422546588 188.4086295542196 0.0003635964542347245
0.0814 6382.426948078123 1.000037406051343 1.502448941251414 188.1248374921996 0.0003467564187902931
0.0815 6382.470670561501 1.000037166012265 1.502352442646062 187.8406413502447 0.0003306207752838044
0.08160000000000001 6382.514455224213 1.000036926819543 1.502255926767981 187.5560410426173 0.0003151634739666904
0.08170000000000001 6382.558302079432 1.000036688473885 1.502159393654649 187.271036483692 0.0003003592886328355
0.0818 6382.602211140308 1.000036450975987 1.502062843343581 186.9856275879973 0.000286183795700644
0.0819 6382.646182419972 1.000036214326532 1.501966275872315 186.6998142701799 0.0002726133536578876
0.082 6382.690215931536 1.000035978526192 1.501869691278442 186.4135964450164 0.0002596250828742397
0.08210000000000001 6382.734311688088 1.000035743575626 1.501773089599574 186.1269740274255 0.0002471968457768347
0.08220000000000001 6382.778469702699 1.000035509475479 1.501676470873383 185.8399469324558 0.0002353072273859039
0.0823 6382.822689988418 1.000035276226384 1.501579835137562 185.5525150752859 0.0002239355162100032
0.0824 6382.866972558272 1.000035043828963 1.501483182429862 185.2646783712306 0.000213061685498225
0.0825 6382.911317425272 1.000034812283821 1.501386512788079 184.9764367357346 0.0002026663748463071
0.08260000000000001 6382.955724602404 1.000034581591554 1.501289826250043 184.6877900843728 0.0001927308721549371
0.08270000000000001 6383.000194102637 1.000034351752742 1.501193122853647 184.3987383328616 0.0001832370959377814
0.0828 6383.044725938917 1.000034122767951 1.501096402636827 184.1092813970421 0.000174167577975207
0.0829 6383.089320124171 1.000033894637735 1.500999665637579 183.8194191928909 0.0001655054463129567
0.083 6383.133976671305 1.000033667362634 1.500902911893937 183.5291516365209 0.0001572344086014881
0.08310000000000001 6383.178695593202 1.000033440943175 1.500806141444001 183.2384786441866 0.0001493387357736265
0.08320000000000001 6383.223476902729 1.000033215379867 1.500709354325924 182.9474001322609 0.0001418032460565718
0.0833 6383.268320612729 1.000032990673209 1.500612550577928 182.6559160172645 0.0001346132893174011
0.0834 6383.313226736023 1.000032766823685 1.50051573023827 182.3640262158482 0.0001277547317361354
0.08350000000000001 6383.358195285417 1.000032543831763 1.500418893345285 182.0717306447926 0.0001212139408049311
0.08360000000000001 6383.403226273689 1.000032321697896 1.50032203993737 181.7790292210206 0.0001149777706498033
0.08370000000000001 6383.448319713601 1.000032100422527 1.500225170052972 181.4859218615965 0.0001090335476709369
0.0838 6383.493475617892 1.000031880006078 1.500128283730612 181.1924084837032 0.0001033690564979964
0.0839 6383.538693999281 1.000031660448961 1.500031381008879 180.8984890046712 9.797252625844394e-005
0.08400000000000001 6383.583974870467 1.00003144175157 1.499934461926411 180.6041633419671 9.283261715332917e-005
0.08410000000000001 6383.629318244124 1.000031223914285 1.499837526521938 180.3094314131935 8.793840733804606e-005
0.08420000000000001 6383.674724132909 1.000031006937472 1.499740574834239 180.0142931360887 8.327938010411455e-005
0.0843 6383.720192549457 1.000030790821479 1.499643606902165 179.7187484285272 7.884541135824966e-005
0.0844 6383.765723506382 1.000030575566642 1.499546622764645 179.4227972085195 7.462675739493376e-005
0.08450000000000001 6383.811317016274 1.000030361173278 1.49944962246067 179.1264393942178 7.061404295875075e-005
0.08460000000000001 6383.856973091705 1.000030147641691 1.499352606029316 178.8296749039163 6.679824959243382e-005
0.0847 6383.902691745225 1.000029934972168 1.499255573509719 178.5325036560392 6.317070426668816e-005
0.0848 6383.948472989362 1.000029723164982 1.49915852494109 178.2349255691469 5.972306828823361e-005
0.0849 6383.994316836624 1.000029512220386 1.499061460362718 177.9369405619472 5.644732648189208e-005
0.08500000000000001 6384.040223299495 1.000029302138622 1.498964379813969 177.6385485532841 5.333577664240403e-005
0.08510000000000001 6384.086192390439 1.000029092919913 1.498867283334287 177.3397494621494 5.038101925250122e-005
0.0852 6384.132224121899 1.000028884564467 1.498770170963179 177.040543207659 4.757594746256014e-005
0.0853 6384.178318506296 1.000028677072475 1.498673042740244 176.7409297090766 4.491373732861142e-005
0.0854 6384.22447555603 1.000028470444113 1.498575898705154 176.4409088858077 4.238783830383242e-005
0.08550000000000001 6384.270695283478 1.000028264679538 1.498478738897654 176.1404806573941 3.999196397975663e-005
0.08560000000000001 6384.316977700995 1.000028059778893 1.498381563357579 175.8396449435307 3.772008307326202e-005
0.0857 6384.363322820916 1.000027855742304 1.498284372124836 175.5384016640431 3.55664106547029e-005
0.0858 6384.409730655555 1.00002765256988 1.498187165239411 175.2367507388925 3.352539961364425e-005
0.0859 6384.4562012172 1.000027450261713 1.498089942741374 174.9346920881998 3.159173235791422e-005
0.08600000000000001 6384.50273451812 1.000027248817879 1.497992704670874 174.6322256322218 2.9760312741427e-005
0.08610000000000001 6384.549330570561 1.000027048238438 1.49789545106815 174.3293512913514 2.802625821715682e-005
0.0862 6384.595989386749 1.00002684852343 1.497798181973505 174.0260689861292 2.638489221102034e-005
0.0863 6384.642710978887 1.000026649672881 1.49770089742734 173.7223786372377 2.483173671238055e-005
0.08640000000000001 6384.689495359153 1.0000264516868 1.497603597470136 173.4182801655073 2.336250507723939e-005
0.08650000000000001 6384.736342539706 1.000026254565176 1.497506282142441 173.1137734919101 2.197309503989535e-005
0.08660000000000001 6384.783252532682 1.000026058307985 1.497408951484912 172.8088585375662 2.065958192910181e-005
0.0867 6384.830225350194 1.000025862915182 1.497311605538269 172.5035352237372 1.941821208454265e-005
0.0868 6384.877261004335 1.000025668386707 1.497214244343323 172.1978034718212 1.824539646963798e-005
0.08690000000000001 6384.924359507172 1.000025474722482 1.497116867940964 171.8916632033814 1.713770447676981e-005
0.08700000000000001 6384.971520870753 1.000025281922412 1.497019476372178 171.5851143401054 1.609185792051451e-005
0.08710000000000001 6385.018745107101 1.000025089986385 1.496922069678016 171.2781568038462 1.510472521547348e-005
