0 6365.5 1.000363954999309 1.56896128761935 293.15 21.74656179958517
0.0001 6365.501199923223 1.000363883891401 1.56889837718964 293.1422004990512 21.73605846773842
0.0002 6365.502439892468 1.00036381042871 1.568835477265918 293.1341406989585 21.72520926590068
0.0003 6365.503719901082 1.000363734613435 1.568772586302363 293.125820642966 21.71401470993542
0.0004 6365.505039943394 1.000363656447771 1.56870970286641 293.1172403679392 21.70247532150657
0.0005 6365.506400014649 1.000363575933917 1.568646825624886 293.1083999047786 21.6905916286189
0.0006000000000000001 6365.507800110941 1.000363493074078 1.568583953333397 293.0992992788869 21.67836416622944
0.0007 6365.509240229153 1.000363407870468 1.56852108482604 293.0899385105057 21.66579347668291
0.0008 6365.510720366918 1.000363320325316 1.568458219006671 293.0803176150351 21.6528801101228
0.0009000000000000001 6365.512240522563 1.000363230440865 1.568395354842352 293.0704366033409 21.63962462488585
0.001 6365.513800695076 1.000363138219376 1.568332491356088 293.0602954820087 21.62602758782422
0.0011 6365.515400884066 1.000363043663129 1.568269627621619 293.0498942535686 21.61208957458746
0.0012 6365.517041089735 1.000362946774427 1.568206762758849 293.0392329167202 21.59781116990371
0.0013 6365.518721312846 1.000362847555596 1.568143895928628 293.0283114665034 21.58319296778901
0.0014 6365.520441554695 1.000362746008987 1.568081026329818 293.0171298944823 21.56823557177169
0.0015 6365.52220181709 1.000362642136976 1.568018153195553 293.0056881889162 21.55293959510032
0.0016 6365.524002102329 1.000362535941968 1.56795527578997 292.9939863348603 21.5373056608561
0.0017 6365.52584241318 1.000362427426396 1.567892393405624 292.9820243143312 21.52133440215165
0.0018 6365.527722752861 1.000362316592722 1.567829505361944 292.9698021064013 21.50502646223432
0.0019 6365.529643125025 1.000362203443441 1.567766611001619 292.9573196873351 21.4883824946441
0.002 6365.531603533745 1.000362087981075 1.56770370968968 292.9445770306601 21.47140316328424
0.0021 6365.533603983496 1.000361970208184 1.5676408008116 292.9315741072786 21.45408914254635
0.0022 6365.53564447915 1.000361850127355 1.567577883771591 292.9183108855276 21.43644111736409
0.0023 6365.537725025957 1.000361727741213 1.567514957991053 292.9047873312787 21.41845978332138
0.0024 6365.539845629536 1.000361603052414 1.567452022907908 292.8910034080153 21.40014584672846
0.0025 6365.542006295867 1.000361476063652 1.5673890779745 292.8769590768678 21.38150002464243
0.0026 6365.544207031276 1.000361346777652 1.567326122657481 292.8626542967085 21.36252304496566
0.0027 6365.546447842433 1.00036121519718 1.567263156436122 292.8480890241866 21.3432156464653
0.0028 6365.548728736339 1.000361081325032 1.567200178801954 292.8332632137939 21.32357857883126
0.0029 6365.551049720321 1.000360945164046 1.567137189257707 292.8181768179114 21.30361260271019
0.003 6365.553410802023 1.000360806717093 1.567074187316522 292.8028297868513 21.28331848973105
0.0031 6365.555811989399 1.000360665987082 1.567011172501541 292.7872220689095 21.26269702254575
0.0032 6365.558253290708 1.000360522976962 1.56694814434505 292.771353610396 21.24174899483801
0.0033 6365.560734714511 1.000360377689716 1.566885102388064 292.7552243556814 21.22047521135501
0.0034 6365.563256269656 1.000360230128367 1.566822046179769 292.738834247239 21.19887648793067
0.0035 6365.565817965284 1.000360080295977 1.566758975276921 292.7221832256558 21.17695365146948
0.0036 6365.568419810817 1.000359928195644 1.56669588924369 292.7052712296867 21.1547075399842
0.0037 6365.571061815958 1.000359773830507 1.56663278765082 292.6880981962712 21.13213900258643
0.0038 6365.573743990683 1.000359617203743 1.566569670075807 292.6706640605579 21.10924889948428
0.0039 6365.576466345237 1.000359458318567 1.566506536102166 292.6529687559572 21.08603810201842
0.004 6365.579228890133 1.000359297178234 1.566443385319054 292.6350122141356 21.06250749261986
0.0041 6365.582031636144 1.00035913378604 1.566380217321163 292.6167943650629 21.03865796483706
0.004200000000000001 6365.584874594305 1.000358968145317 1.566317031708618 292.5983151370182 21.01449042330818
0.0043 6365.587757775905 1.000358800259439 1.566253828086169 292.5795744566193 20.99000578376385
0.0044 6365.590681192487 1.000358630131819 1.566190606063476 292.5605722488348 20.96520497300611
0.004500000000000001 6365.593644855843 1.000358457765909 1.566127365254714 292.5413084370192 20.94008892891779
0.0046 6365.596648778012 1.000358283165203 1.566064105278243 292.5217829429251 20.91465860044028
0.0047 6365.599692971275 1.000358106333231 1.566000825756438 292.5019956867149 20.88891494755095
0.0048 6365.602777448157 1.000357927273567 1.565937526315878 292.4819465869781 20.86285894124763
0.0049 6365.605902221421 1.000357745989823 1.565874206586549 292.4616355607617 20.83649156354798
0.005 6365.609067304068 1.000357562485652 1.565810866202264 292.4410625235577 20.80981380743452
0.0051 6365.612272709331 1.000357376764745 1.565747504800046 292.4202273893505 20.78282667687581
0.005200000000000001 6365.615518450675 1.000357188830836 1.565684122020462 292.3991300706115 20.75553118677811
0.0053 6365.618804541799 1.000356998687697 1.56562071750693 292.37777047831 20.72792836295956
0.0054 6365.622130996624 1.000356806339142 1.5655572909063 292.3561485219437 20.7000192421466
0.005500000000000001 6365.625497829302 1.000356611789023 1.565493841868057 292.3342641095381 20.67180487193181
0.0056 6365.628905054206 1.000356415041235 1.565430370044595 292.3121171476586 20.64328631074626
0.0057 6365.632352685937 1.000356216099711 1.565366875091081 292.2897075414102 20.61446462781641
0.005800000000000001 6365.635840739308 1.000356014968426 1.565303356665149 292.267035194497 20.58534090319627
0.0059 6365.639369229358 1.000355811651392 1.565239814427248 292.2441000091748 20.55591622766219
0.006 6365.642938171341 1.000355606152666 1.565176248040129 292.2209018862862 20.52619170271366
0.0061 6365.646547580726 1.000355398476342 1.565112657168783 292.1974407252791 20.49616844055062
0.006200000000000001 6365.650197473198 1.000355188626555 1.565049041480836 292.1737164242117 20.46584756403503
0.0063 6365.653887864654 1.00035497660748 1.564985400645809 292.1497288797472 20.43523020663693
0.0064 6365.657618771203 1.000354762423332 1.56492173433565 292.1254779871832 20.4043175124252
0.006500000000000001 6365.661390209162 1.000354546078367 1.564858042224303 292.1009636404459 20.3731106360125
0.0066 6365.665202195061 1.000354327576882 1.564794323987743 292.0761857321016 20.34161074252232
0.0067 6365.669054745634 1.000354106923211 1.564730579304051 292.0511441533807 20.30981900757056
0.006800000000000001 6365.67294787782 1.00035388412173 1.564666807853222 292.0258387941716 20.27773661720875
0.006900000000000001 6365.676881608766 1.000353659176855 1.564603009317052 292.0002695430206 20.24536476787457
0.007 6365.680855955822 1.000353432093043 1.56453918337925 291.974436287156 20.21270466637166
0.0071 6365.68487093654 1.000353202874788 1.564475329725391 291.9483389124874 20.17975752981893
0.007200000000000001 6365.688926568674 1.000352971526627 1.564411448042699 291.9219773036183 20.14652458561428
0.0073 6365.693022870177 1.000352738053135 1.564347538020267 291.8953513438513 20.11300707139032
0.0074 6365.697159859202 1.000352502458927 1.564283599348816 291.8684609151886 20.07920623496216
0.007500000000000001 6365.701337554099 1.000352264748658 1.56421963172069 291.8413058983555 20.04512333430426
0.0076 6365.705555973418 1.000352024927023 1.564155634829909 291.8138861727824 20.01075963747494
0.0077 6365.709815135902 1.000351782998755 1.564091608372106 291.7862016166349 19.9761164225996
0.007800000000000001 6365.714115060491 1.000351538968628 1.56402755204438 291.7582521068074 19.94119497780885
0.007900000000000001 6365.718455766318 1.000351292841457 1.563963465545482 291.7300375189351 19.90599660119848
0.008 6365.722837272708 1.000351044622092 1.563899348575706 291.7015577274 19.87052260078138
0.0081 6365.727259599178 1.000350794315426 1.563835200836703 291.6728126053425 19.83477429444622
0.008200000000000001 6365.73172276544 1.000350541926389 1.563771022031636 291.6438020246382 19.79875300987163
0.0083 6365.736226791393 1.000350287459953 1.563706811865221 291.6145258559444 19.76246008452795
0.008400000000000001 6365.740771697125 1.000350030921126 1.563642570043402 291.5849839686892 19.72589686560498
0.008500000000000001 6365.745357502912 1.000349772314956 1.563578296273714 291.555176231071 19.68906470995381
0.0086 6365.74998422922 1.000349511646531 1.563513990265026 291.52510251007 19.65196498404296
0.008700000000000001 6365.7546518967 1.000349248920977 1.563449651727476 291.4947626714492 19.61459906389917
0.008800000000000001 6365.759360526189 1.000348984143458 1.563385280372706 291.4641565797709 19.57696833506964
0.0089 6365.764110138708 1.000348717319178 1.563320875913595 291.4332840983979 19.53907419256176
0.009000000000000001 6365.768900755463 1.000348448453378 1.563256438064413 291.4021450894924 19.50091804078243
0.0091 6365.773732397843 1.000348177551339 1.563191966540615 291.3707394140228 19.462501293484
0.0092 6365.778605087419 1.000347904618379 1.563127461059178 291.3390669317749 19.4238253737171
0.009300000000000001 6365.783518845945 1.000347629659855 1.563062921338163 291.3071275013584 19.38489171377542
0.0094 6365.788473695353 1.000347352681163 1.562998347096967 291.2749209802063 19.3457017551329
0.0095 6365.793469657756 1.000347073687735 1.562933738056282 291.242447224587 19.30625694839474
0.009600000000000001 6365.798506755448 1.000346792685043 1.562869093937954 291.2097060895866 19.26655875321204
0.0097 6365.8035850109 1.000346509678595 1.562804414465312 291.1766974291503 19.22660863826756
0.0098 6365.808704446759 1.000346224673938 1.562739699362608 291.1434210960646 19.18640808118927
0.009900000000000001 6365.813865085851 1.000345937676656 1.562674948355499 291.109876941969 19.14595856849917
0.01 6365.819066951177 1.000345648692371 1.562610161170886 291.0760648173504 19.1052615955402
0.0101 6365.824310065912 1.000345357726742 1.562545337536748 291.0419845715722 19.06431866644532
0.0102 6365.829594453408 1.000345064785465 1.562480477182397 291.0076360528454 19.02313129403488
0.0103 6365.834920137189 1.000344769874274 1.56241557983832 290.9730191082693 18.98170099979883
0.0104 6365.840287140952 1.000344472998939 1.562350645236154 290.9381335838142 18.94002931380722
0.0105 6365.845695488566 1.000344174165268 1.562285673108764 290.9029793243211 18.89811777464178
0.0106 6365.851145204073 1.000343873379105 1.562220663190101 290.8675561735257 18.85596792935492
0.0107 6365.856636311683 1.000343570646331 1.562155615215403 290.8318639740641 18.81358133340709
0.0108 6365.862168835778 1.000343265972863 1.562090528921099 290.795902567443 18.77095955056152
0.0109 6365.867742800909 1.000342959364654 1.562025404044683 290.7596717940936 18.72810415287668
0.011 6365.873358231794 1.000342650827697 1.56196024032489 290.7231714933413 18.68501672060001
0.0111 6365.879015153319 1.000342340368015 1.561895037501613 290.6864015034238 18.64169884211717
0.0112 6365.88471359054 1.000342027991671 1.561829795315843 290.6493616614911 18.59815211387981
0.0113 6365.890453568673 1.000341713704764 1.561764513509892 290.6120518036231 18.55437814035371
0.0114 6365.896235113106 1.000341397513427 1.561699191826961 290.5744717648121 18.51037853392458
0.0115 6365.902058249388 1.000341079423831 1.561633830011608 290.5366213789802 18.46615491484518
0.0116 6365.907923003232 1.000340759442178 1.561568427809555 290.4985004789913 18.42170891117487
0.0117 6365.913829400517 1.00034043757471 1.561502984967557 290.4601088966396 18.37704215869088
0.0118 6365.919777467282 1.000340113827701 1.561437501233561 290.4214464626665 18.33215630083375
0.0119 6365.925767229728 1.000339788207463 1.561371976356638 290.3825130067675 18.28705298863835
0.012 6365.931798714219 1.00033946072034 1.561306410087105 290.3433083575795 18.24173388064376
0.0121 6365.937871947276 1.000339131372712 1.561240802176287 290.3038323427053 18.19620064284393
0.0122 6365.943986955584 1.000338800170993 1.561175152376747 290.2640847887068 18.1504549486034
0.0123 6365.950143765983 1.000338467121632 1.561109460442193 290.2240655211116 18.10449847858628
0.0124 6365.956342405473 1.000338132231113 1.561043726127366 290.1837743644245 18.05833292069154
0.0125 6365.962582901212 1.000337795505952 1.560977949188316 290.1432111421217 18.01195996996732
0.0126 6365.968865280514 1.000337456952701 1.560912129382112 290.1023756766566 17.96538132853839
0.0127 6365.97518957085 1.000337116577943 1.560846266467054 290.0612677894777 17.91859870554654
0.0128 6365.981555799845 1.000336774388298 1.560780360202465 290.0198873010107 17.87161381705005
0.0129 6365.987963995277 1.000336430390418 1.56071441034893 289.9782340307 17.82442838598983
0.013 6365.994414185082 1.000336084590987 1.560648416668182 289.9363077969673 17.77704414206113
0.0131 6366.000906397348 1.000335736996724 1.560582378922975 289.894108417241 17.72946282166529
0.0132 6366.007440660313 1.00033538761438 1.56051629687734 289.8516357079683 17.68168616784073
0.0133 6366.014017002368 1.00033503645074 1.560450170296398 289.808889484609 17.63371593017341
0.0134 6366.020635452055 1.000334683512618 1.56038399894648 289.7658695616418 17.58555386472019
0.0135 6366.027296038067 1.000334328806866 1.560317782594966 289.7225757525638 17.5372017339251
0.0136 6366.033998789247 1.000333972340362 1.560251521010477 289.6790078698967 17.48866130654173
0.0137 6366.040743734584 1.000333614120022 1.560185213962736 289.6351657252047 17.43993435756827
0.0138 6366.047530903217 1.00033325415279 1.560118861222615 289.5910491290882 17.39102266815567
0.0139 6366.054360324433 1.000332892445643 1.560052462562232 289.5466578911841 17.34192802552197
0.014 6366.061232027664 1.00033252900559 1.559986017754738 289.5019918201832 17.29265222288579
0.0141 6366.068146042489 1.000332163839669 1.559919526574532 289.457050723819 17.24319705936662
0.0142 6366.075102398631 1.000331796954953 1.559852988797179 289.4118344088964 17.19356433993034
0.0143 6366.082101125959 1.000331428358542 1.559786404199344 289.366342681269 17.14375587527553
0.0144 6366.089142254483 1.00033105805757 1.559719772558942 289.3205753458618 17.09377348177148
0.0145 6366.096225814359 1.000330686059199 1.559653093654946 289.2745322066661 17.04361898136325
0.0146 6366.103351835883 1.000330312370623 1.559586367267646 289.2282130667626 16.9932942015084
0.0147 6366.110520349493 1.000329936999067 1.559519593178351 289.181617728298 16.94280097506184
0.0148 6366.117731385768 1.000329559951783 1.559452771169684 289.1347459925086 16.89214114021178
0.0149 6366.124984975428 1.000329181236055 1.559385901025373 289.0875976597203 16.84131654038931
0.015 6366.13228114933 1.000328800859197 1.559318982530273 289.0401725293544 16.79032902418405
0.0151 6366.139619938472 1.00032841882855 1.559252015470575 288.992470399934 16.73918044525931
0.0152 6366.147001373986 1.000328035151488 1.559184999633516 288.9444910690889 16.68787266226672
0.0153 6366.154425487145 1.000327649835409 1.559117934807582 288.8962343335569 16.63640753875414
0.0154 6366.161892309355 1.000327262887744 1.55905082078249 288.8476999891944 16.58478694308578
0.0155 6366.169401872159 1.000326874315952 1.558983657349014 288.7988878309656 16.53301274833662
0.0156 6366.176954207236 1.000326484127518 1.558916444299272 288.7497976529652 16.48108683222422
0.0157 6366.184549346396 1.000326092329956 1.558849181426545 288.7004292484252 16.42901107702109
0.0158 6366.192187321584 1.00032569893081 1.55878186852522 288.6507824097024 16.37678736944785
0.0159 6366.199868164877 1.00032530393765 1.55871450539103 288.6008569282966 16.3244176005974
0.016 6366.207591908485 1.000324907358073 1.558647091820829 288.5506525948503 16.27190366583974
0.0161 6366.215358584745 1.000324509199704 1.558579627612702 288.5001691991546 16.21924746473269
0.0162 6366.223168226129 1.000324109470196 1.558512112565913 288.4494065301614 16.16645090093828
0.0163 6366.231020865236 1.000323708177227 1.558444546481037 288.3983643759651 16.11351588210802
0.0164 6366.238916534793 1.000323305328503 1.558376929159738 288.3470425238446 16.06044431982913
0.0165 6366.246855267656 1.000322900931755 1.55830926040503 288.2954407602391 16.00723812950286
0.0166 6366.254837096807 1.000322494994743 1.558241540021079 288.2435588707543 15.95389923025311
0.0167 6366.262862055356 1.000322087525249 1.558173767813265 288.1913966401861 15.90042954485293
0.0168 6366.270930176537 1.000321678531084 1.558105943588275 288.1389538525085 15.84683099961397
0.0169 6366.27904149371 1.000321268020082 1.558038067153952 288.0862302908857 15.79310552429993
0.017 6366.287196040357 1.000320856000105 1.557970138319377 288.033225737678 15.73925505203357
0.0171 6366.295393850084 1.000320442479036 1.557902156894989 287.9799399744533 15.68528151920911
0.0172 6366.303634956621 1.000320027464787 1.557834122692339 287.9263727819638 15.63118686536856
0.0173 6366.311919393817 1.000319610965293 1.55776603552424 287.8725239401873 15.57697303314343
0.0174 6366.320247195644 1.000319192988512 1.557697895204834 287.8183932283154 15.5226419681421
0.0175 6366.328618396193 1.000318773542428 1.557629701549434 287.7639804247473 15.46819561884304
0.0176 6366.337033029674 1.000318352635046 1.557561454374654 287.7092853071198 15.41363593652323
0.0177 6366.345491130415 1.000317930274397 1.557493153498374 287.6543076523011 15.35896487515043
0.0178 6366.353992732864 1.000317506468536 1.557424798739665 287.599047236385 15.30418439127547
0.0179 6366.362537871584 1.000317081225539 1.557356389918958 287.5435038347026 15.24929644394168
0.018 6366.371126581254 1.000316654553504 1.55728792685789 287.4876772218462 15.19430299460563
0.0181 6366.379758896668 1.000316226460555 1.557219409379389 287.4315671716571 15.13920600702235
0.0182 6366.388434852736 1.000315796954836 1.557150837307659 287.3751734572142 15.08400744713048
0.0183 6366.39715448448 1.000315366044512 1.557082210468189 287.3184958508808 15.02870928299508
0.0184 6366.405917827035 1.000314933737773 1.55701352868772 287.2615341242757 14.97331348467458
0.0185 6366.414724915648 1.000314500042828 1.556944791794312 287.2042880482903 14.91782202413392
0.0186 6366.423575785679 1.000314064967907 1.556875999617269 287.1467573930889 14.86223687514001
0.0187 6366.432470472596 1.000313628521263 1.556807151987231 287.0889419281265 14.80656001317396
0.0188 6366.441409011978 1.000313190711169 1.556738248736107 287.0308414221425 14.75079341532015
0.0189 6366.450391439513 1.000312751545917 1.55666928969711 286.9724556431673 14.6949390601665
0.019 6366.459417790995 1.000312311033821 1.556600274704752 286.9137843585335 14.63899892771002
0.0191 6366.468488102328 1.000311869183214 1.556531203594824 286.85482733487 14.58297499924515
0.0192 6366.477602409519 1.000311426002449 1.556462076204436 286.7955843381263 14.52686925727992
0.0193 6366.486760748684 1.000310981499899 1.556392892372013 286.736055133554 14.47068368541252
0.0194 6366.495963156041 1.000310535683954 1.556323651937322 286.6762394857368 14.41442026825244
0.0195 6366.505209667912 1.000310088563026 1.55625435474136 286.6161371585725 14.35808099129657
0.0196 6366.514500320723 1.000309640145543 1.556185000626523 286.555747915303 14.30166784084964
0.0197 6366.523835151002 1.000309190439952 1.556115589436483 286.4950715184899 14.24518280389443
0.0198 6366.533214195379 1.000308739454719 1.556046121016248 286.4341077300391 14.18862786800609
0.0199 6366.542637490583 1.000308287198326 1.555976595212141 286.3728563112117 14.13200502125499
0.02 6366.552105073442 1.000307833679273 1.555907011871833 286.3113170226246 14.07531625209824
0.0201 6366.561616980885 1.000307378906079 1.555837370844332 286.2494896242446 14.01856354926578
0.0202 6366.571173249939 1.000306922887277 1.555767671979921 286.1873738753997 13.96174890166249
0.0203 6366.580773917724 1.000306465631419 1.555697915130311 286.1249695347914 13.90487429827007
0.0204 6366.590419021463 1.000306007147071 1.555628100148454 286.0622763604887 13.8479417280325
0.0205 6366.600108598469 1.000305547442817 1.555558226888737 285.9992941099516 13.79095317976811
0.0206 6366.609842686152 1.000305086527257 1.555488295206817 285.9360225400136 13.73391064204389
0.0207 6366.619621322015 1.000304624409003 1.555418304959781 285.872461406905 13.67681610308723
0.0208 6366.629444543653 1.000304161096686 1.555348256005976 285.8086104662533 13.61967155067585
0.0209 6366.639312388757 1.000303696598951 1.555278148205145 285.7444694730829 13.56247897202776
0.021 6366.649224895103 1.000303230924455 1.555207981418408 285.6800381818329 13.5052403537068
0.0211 6366.659182100561 1.000302764081873 1.555137755508212 285.6153163463513 13.44795768150693
0.0212 6366.669184043091 1.000302296079892 1.555067470338373 285.5503037199068 13.39063294035214
0.0213 6366.67923076074 1.000301826927211 1.554997125774086 285.4850000551886 13.3332681141857
0.0214 6366.689322291644 1.000301356632545 1.554926721681896 285.4194051043127 13.27586518586461
0.0215 6366.699458674026 1.000300885204622 1.554856257929698 285.3535186188332 13.21842613705893
0.0216 6366.709639946192 1.00030041265218 1.554785734386829 285.2873403497546 13.16095294815093
0.0217 6366.719866146535 1.000299938983972 1.554715150923909 285.2208700475197 13.10344759811351
0.0218 6366.730137313535 1.000299464208762 1.554644507413012 285.1541074620217 13.04591206440921
0.0219 6366.740453485752 1.000298988335326 1.554573803727567 285.0870523426155 12.98834832288897
0.022 6366.750814701828 1.000298511372453 1.554503039742297 285.0197044381183 12.93075834768055
0.0221 6366.761221000491 1.00029803332894 1.554432215333472 284.9520634968093 12.87314411107698
0.0222 6366.771672420545 1.000297554213597 1.554361330378616 284.8841292664591 12.81550758345004
0.0223 6366.782169000876 1.000297074035245 1.554290384756705 284.8159014943066 12.75785073311828
0.0224 6366.792710780449 1.000296592802713 1.554219378348065 284.7473799270819 12.70017552625536
0.0225 6366.803297798308 1.000296110524841 1.55414831103445 284.678564311001 12.64248392677311
0.0226 6366.813930093572 1.000295627210481 1.554077182699004 284.6094543917833 12.5847778962245
0.0227 6366.824607705437 1.000295142868489 1.554005993226262 284.5400499146575 12.52705939369657
0.0228 6366.835330673178 1.000294657507736 1.553934742502112 284.470350624344 12.46933037568365
0.0229 6366.846099036139 1.000294171137097 1.553863430413935 284.4003562650959 12.41159279600976
0.023 6366.856912833742 1.000293683765456 1.553792056850459 284.3300665806759 12.3538486056969
0.0231 6366.86777210548 1.000293195401708 1.553720621701801 284.2594813143795 12.29609975287251
0.0232 6366.878676890919 1.000292706054753 1.553649124859494 284.1886002090295 12.23834818265258
0.0233 6366.889627229693 1.000292215733498 1.55357756621653 284.1174230069931 12.18059583704405
0.0234 6366.900623161511 1.000291724446857 1.55350594566726 284.0459494501769 12.12284465482797
0.0235 6366.911664726148 1.000291232203754 1.553434263107451 283.9741792800377 12.06509657145712
0.0236 6366.922751963449 1.000290739013116 1.553362518434279 283.9021122375833 12.00735351894403
0.0237 6366.933884913325 1.000290244883875 1.553290711546407 283.82974806339 11.94961742576333
0.0238 6366.945063615754 1.000289749824972 1.553218842343813 283.7570864976022 11.8918902167398
0.0239 6366.95628811078 1.000289253845352 1.553146910727941 283.6841272799273 11.83417381293187
0.024 6366.967558438513 1.000288756953964 1.553074916601693 283.6108701496645 11.77647013154338
0.0241 6366.978874639125 1.000288259159763 1.553002859869315 283.5373148456873 11.71878108579783
0.0242 6366.990236752852 1.000287760471708 1.55293074043652 283.4634611064615 11.66110858484081
0.0243 6367.001644819993 1.00028726089876 1.552858558210458 283.3893086700449 11.6034545336286
0.0244 6367.013098880905 1.000286760449887 1.552786313099701 283.3148572741169 11.54582083283966
0.0245 6367.024598976009 1.000286259134058 1.552714005014237 283.2401066559431 11.48820937873587
0.0246 6367.036145145783 1.000285756960246 1.552641633865466 283.1650565524109 11.43062206307894
0.0247 6367.047737430765 1.000285253937427 1.552569199566258 283.0897067000291 11.37306077301928
0.0248 6367.05937587155 1.000284750074576 1.552496702030884 283.0140568349283 11.31552739098522
0.0249 6367.071060508789 1.000284245380675 1.552424141175066 282.9381066928726 11.25802379458125
0.025 6367.08279138319 1.000283739864704 1.552351516915958 282.8618560092654 11.20055185648201
0.0251 6367.094568535515 1.000283233535645 1.552278829172139 282.7853045191554 11.14311344432628
0.0252 6367.10639200658 1.000282726402482 1.552206077863647 282.7084519572308 11.08571042060241
0.0253 6367.118261837256 1.000282218474198 1.552133262911925 282.6312980578367 11.02834464255166
0.0254 6367.130178068463 1.000281709759777 1.552060384239886 282.5538425549934 10.9710179620715
0.0255 6367.142140741174 1.000281200268202 1.551987441771859 282.476085182372 10.91373222558839
0.0256 6367.154149896413 1.000280690008458 1.55191443543364 282.3980256733188 10.85648927396607
0.0257 6367.166205575252 1.000280178989527 1.551841365152404 282.3196637608606 10.79929094240063
0.0258 6367.178307818813 1.00027966722039 1.551768230856864 282.2409991777171 10.7421390603202
0.0259 6367.190456668262 1.000279154710025 1.551695032477122 282.1620316562943 10.68503545127191
0.026 6367.202652164818 1.000278641467413 1.551621769944695 282.0827609286852 10.62798193281358
0.0261 6367.214894349739 1.000278127501527 1.551548443192589 282.0031867266988 10.57098031642687
0.0262 6367.227183264333 1.000277612821342 1.551475052155247 281.9233087818369 10.51403240739239
0.0263 6367.239518949949 1.000277097435826 1.551401596768554 281.8431268253293 10.45714000470754
0.0264 6367.25190144798 1.000276581353946 1.551328076969815 281.7626405881277 10.40030490097485
0.0265 6367.264330799862 1.000276064584666 1.551254492697832 281.6818498008946 10.34352888228667
0.0266 6367.276807047071 1.000275547136945 1.551180843892814 281.6007541940379 10.28681372814358
0.0267 6367.289330231124 1.000275029019737 1.551107130496407 281.5193534976937 10.23016121133554
0.0268 6367.301900393576 1.000274510241992 1.551033352451765 281.4376474417558 10.17357309785645
0.0269 6367.314517576023 1.000273990812656 1.550959509703402 281.3556357558517 10.1170511467821
0.027 6367.327181820096 1.000273470740666 1.550885602197367 281.2733181693787 10.06059711018937
0.0271 6367.339893167464 1.000272950034957 1.550811629881091 281.1906944114857 10.00421273303907
0.0272 6367.352651659831 1.000272428704458 1.550737592703468 281.1077642110967 9.94789975308756
0.0273 6367.365457338938 1.000271906758087 1.550663490614859 281.0245272969054 9.891659900778494
0.0274 6367.378310246556 1.00027138420476 1.550589323567075 280.9409833973867 9.835494899147088
0.0275 6367.391210424492 1.000270861053383 1.550515091513324 280.8571322408028 9.779406463720685
0.0276 6367.404157914584 1.000270337312856 1.55044079440833 280.7729735552028 9.7233963024158
0.0277 6367.417152758702 1.00026981299207 1.550366432208211 280.6885070684351 9.667466115443519
0.0278 6367.430194998746 1.000269288099908 1.550292004870543 280.6037325081528 9.61161759521128
0.0279 6367.443284676643 1.000268762645244 1.550217512354368 280.5186496018199 9.555852426225119
0.028 6367.456421834352 1.000268236636944 1.550142954620158 280.4332580767112 9.500172284988489
0.0281 6367.469606513858 1.000267710083864 1.550068331629826 280.3475576599243 9.444578839909294
0.0282 6367.482838757171 1.000267182994851 1.549993643346739 280.261548078391 9.38907375120729
0.0283 6367.496118606328 1.00026665537874 1.5499188897357 280.175229058866 9.333658670806663
0.0284 6367.509446103392 1.000266127244357 1.549844070762965 280.0886003279501 9.278335242252066
0.0285 6367.522821290449 1.000265598600516 1.549769186396232 280.0016616120846 9.223105100606047
0.0286 6367.536244209606 1.000265069456024 1.549694236604611 279.914412637563 9.167969872358398
0.0287 6367.549714902995 1.00026453981967 1.54961922135869 279.8268531305311 9.112931175328486
0.0288 6367.563233412768 1.000264009700236 1.549544140630491 279.7389828170102 9.05799061858297
0.0289 6367.576799781095 1.00026347910649 1.549468994393464 279.6508014228801 9.003149802328036
0.029 6367.590414050169 1.000262948047187 1.549393782622492 279.5623086739023 8.948410317828163
0.0291 6367.604076262199 1.000262416531071 1.549318505293901 279.473504295708 8.893773747303342
0.0292 6367.617786459411 1.00026188456687 1.54924316238548 279.3843880138282 8.839241663852457
0.0293 6367.631544684051 1.000261352163301 1.549167753876405 279.2949595536696 8.784815631344479
0.0294 6367.645350978375 1.000260819329065 1.549092279747312 279.2052186405621 8.730497204353657
0.0295 6367.65920538466 1.000260286072849 1.549016739980254 279.1151649997113 8.676287928037699
0.0296 6367.673107945192 1.000259752403325 1.548941134558757 279.0247983562521 8.622189338077616
0.0297 6367.687058702273 1.000259218329153 1.548865463467728 278.9341184352246 8.568202960571618
0.0298 6367.701057698215 1.000258683858973 1.548789726693507 278.8431249616041 8.514330311961633
0.0299 6367.715104975342 1.000258149001412 1.548713924223855 278.751817660277 8.460572898928758
0.03 6367.729200575988 1.00025761376508 1.548638056048021 278.6601962560766 8.40693221832446
0.0301 6367.743344542498 1.000257078158572 1.548562122156585 278.5682604737652 8.353409757070962
0.0302 6367.757536917222 1.000256542190463 1.54848612254161 278.476010038058 8.300006992086644
0.0303 6367.771777742521 1.000256005869313 1.548410057196571 278.3834446736167 8.246725390194833
0.0304 6367.786067060759 1.000255469203665 1.548333926116321 278.2905641050678 8.193566408046973
0.0305 6367.80040491431 1.000254932202042 1.548257729297171 278.1973680569844 8.140531492026167
0.0306 6367.81479134555 1.000254394872951 1.548181466736833 278.1038562539278 8.08762207818523
0.0307 6367.829226396859 1.00025385722488 1.548105138434414 278.0100284204181 8.03483959214498
0.0308 6367.843710110622 1.000253319266296 1.548028744390443 277.9158842809574 7.982185449023619
0.0309 6367.858242529223 1.000252781005649 1.547952284606869 277.821423560048 7.929661053363232
0.031 6367.872823695051 1.000252242451369 1.547875759087011 277.7266459821684 7.877267799034009
0.0311 6367.887453650493 1.000251703611864 1.547799167835623 277.6315512717973 7.825007069165695
0.0312 6367.902132437935 1.000251164495525 1.547722510858851 277.5361391534251 7.772880236073042
0.0313 6367.916860099764 1.000250625110719 1.547645788164213 277.4404093515362 7.720888661165922
0.0314 6367.931636678361 1.000250085465795 1.547568999760667 277.3443615906507 7.669033694892494
0.0315 6367.94646221611 1.000249545569079 1.54749214565851 277.2479955952884 7.617316676641384
0.0316 6367.961336755383 1.000249005428876 1.54741522586948 277.1513110900108 7.565738934686334
0.0317 6367.976260338553 1.000248465053467 1.547338240406667 277.0543077994029 7.51430178609975
0.0318 6367.991233007987 1.000247924451114 1.54726118928453 276.956985448085 7.463006536683041
0.03190000000000001 6368.006254806042 1.000247383630053 1.547184072518977 276.859343760725 7.411854480897719
0.032 6368.021325775071 1.0002468425985 1.547106890127208 276.7613824620379 7.360846901791065
0.0321 6368.036445957415 1.000246301364645 1.547029642127883 276.6631012768038 7.309985070931941
0.0322 6368.051615395408 1.000245759936656 1.546952328540945 276.5644999298501 7.259270248329037
0.0323 6368.066834131374 1.000245218322676 1.546874949387785 276.4655781460691 7.208703682368546
0.0324 6368.082102207624 1.000244676530826 1.546797504691112 276.366335650442 7.158286609755466
0.0325 6368.097419666461 1.000244134569197 1.546719994475013 276.2667721680031 7.108020255425742
0.0326 6368.112786550171 1.000243592445861 1.546642418764939 276.166887423887 7.057905832501461
0.0327 6368.128202901029 1.000243050168862 1.546564777587674 276.0666811433115 7.007944542213883
0.0328 6368.143668761294 1.000242507746217 1.546487070971376 275.9661530515886 6.958137573842429
0.0329 6368.159184173212 1.000241965185919 1.546409298945559 275.865302874125 6.908486104648692
0.033 6368.174749179009 1.000241422495936 1.546331461541041 275.7641303364397 6.858991299820153
0.0331 6368.190363820898 1.000240879684205 1.546253558790012 275.6626351641643 6.809654312406031
0.0332 6368.206028141071 1.00024033675864 1.546175590725996 275.5608170830363 6.760476283251356
0.0333 6368.221742181705 1.000239793727126 1.546097557383861 275.4586758189179 6.711458340943551
0.0334 6368.237505984954 1.000239250597521 1.546019458799791 275.3562110978008 6.662601601754144
0.0335 6368.253319592952 1.000238707377655 1.545941295011275 275.2534226458132 6.613907169581469
0.03360000000000001 6368.269183047813 1.000238164075329 1.545863066057166 275.150310189213 6.565376135888823
0.0337 6368.285096391629 1.000237620698318 1.545784771977607 275.0468734544119 6.517009579657612
0.0338 6368.301059666468 1.000237077254365 1.545706412814063 274.9431121679576 6.468808567322025
0.0339 6368.317072914375 1.000236533751187 1.545627988609301 274.8390260565633 6.420774152726924
0.034 6368.333136177371 1.000235990196468 1.545549499407405 274.73461484709 6.372907377064709
0.0341 6368.349249497451 1.000235446597866 1.545470945253751 274.6298782665702 6.325209268832435
0.0342 6368.365412916582 1.000234902963007 1.545392326195006 274.5248160422196 6.277680843784331
0.0343 6368.381626476707 1.000234359299486 1.545313642279151 274.4194279014017 6.230323104864081
0.0344 6368.397890219741 1.000233815614871 1.545234893555403 274.3137135716869 6.183137042180977
0.0345 6368.414204187566 1.000233271916694 1.545156080074352 274.2076727808229 6.136123632947019
0.0346 6368.430568422041 1.00023272821246 1.545077201887756 274.1013052567349 6.089283841428689
0.0347 6368.44698296499 1.00023218450964 1.544998259048733 273.9946107275667 6.042618618917959
0.03480000000000001 6368.463447858208 1.000231640815675 1.544919251611637 273.8875889216514 5.996128903673037
0.0349 6368.479963143455 1.000231097137973 1.54484017963206 273.7802395675407 5.949815620886271
0.035 6368.496528862464 1.000230553483911 1.544761043166897 273.6725623939814 5.903679682630012
0.0351 6368.513145056931 1.000230009860831 1.544681842274269 273.5645571299509 5.857721987829183
0.0352 6368.529811768516 1.000229466276044 1.544602577013565 273.4562235046454 5.811943422214536
0.03530000000000001 6368.546529038847 1.000228922736828 1.544523247445391 273.3475612474916 5.766344858287226
0.0354 6368.563296909516 1.000228379250428 1.544443853631601 273.2385700881467 5.720927155279515
0.0355 6368.580115422077 1.000227835824052 1.544364395635303 273.1292497564986 5.675691159116713
0.0356 6368.596984618046 1.000227292464878 1.544284873520793 273.0195999827009 5.630637702394888
0.0357 6368.613904538904 1.000226749180048 1.544205287353622 272.9096204971264 5.58576760432558
0.0358 6368.630875226088 1.000226205976671 1.544125637200533 272.7993110304254 5.541081670725538
0.0359 6368.647896721001 1.000225662861819 1.544045923129514 272.6886713134967 5.496580693971167
0.036 6368.664969065001 1.00022511984253 1.543966145209716 272.5777010774931 5.452265452968867
0.0361 6368.682092299408 1.000224576925809 1.543886303511513 272.4664000538513 5.408136713135908
0.0362 6368.699266465496 1.000224034118621 1.543806398106475 272.3547679742741 5.364195226363501
0.0363 6368.716491604502 1.0002234914279 1.54372642906733 272.242804570736 5.320441730990703
0.0364 6368.733767757614 1.000222948860542 1.543646396468021 272.1305095755073 5.276876951786352
0.03650000000000001 6368.751094965979 1.000222406423406 1.543566300383682 272.0178827211361 5.233501599916012
0.0366 6368.768473270697 1.000221864123315 1.543486140890567 271.9049237404719 5.190316372926314
0.0367 6368.785902712823 1.000221321967058 1.543405918066117 271.791632366654 5.147321954716766
0.0368 6368.803383333365 1.000220779961382 1.543325631988949 271.678008333129 5.104519015524184
0.0369 6368.820915173285 1.000220238113002 1.543245282738808 271.5640513736452 5.061908211899332
0.03700000000000001 6368.838498273497 1.000219696428593 1.543164870396571 271.4497612222698 5.019490186693721
0.0371 6368.856132674865 1.000219154914793 1.543084395044307 271.3351376133777 4.977265569036601
0.0372 6368.873818418205 1.000218613578201 1.543003856765168 271.2201802816688 4.935234974324231
0.0373 6368.891555544282 1.000218072425381 1.542923255643447 271.1048889621683 4.893399004203788
0.0374 6368.90934409381 1.000217531462857 1.542842591764548 270.9892633902322 4.851758246560738
0.0375 6368.927184107452 1.000216990697113 1.542761865215013 270.8733033015595 4.810313275509543
0.0376 6368.94507562582 1.000216450134597 1.542681076082469 270.7570084321686 4.76906465137299
0.0377 6368.96301868947 1.000215909781718 1.542600224455659 270.6403785184442 4.728012920688137
0.0378 6368.981013338907 1.000215369644844 1.542519310424398 270.5234132971081 4.687158616186083
0.0379 6368.999059614579 1.000214829730306 1.542438334079593 270.4061125052366 4.646502256789914
0.038 6369.017157556882 1.000214290044394 1.542357295513248 270.2884758802669 4.606044347609657
0.0381 6369.035307206156 1.000213750593359 1.542276194818431 270.1705031599848 4.565785379932475
0.03820000000000001 6369.053508602682 1.000213211383413 1.542195032089235 270.0521940825664 4.525725831232347
0.0383 6369.071761786686 1.000212672420727 1.54211380742089 269.9335483865424 4.485866165154749
0.0384 6369.090066798336 1.000212133711432 1.542032520909605 269.8145658108159 4.446206831520909
0.0385 6369.108423677741 1.000211595261619 1.541951172652672 269.6952460946862 4.406748266335108
0.0386 6369.126832464952 1.000211057077339 1.541869762748409 269.5755889778133 4.36749089177365
0.03870000000000001 6369.145293199959 1.000210519164601 1.541788291296161 269.4555942002647 4.328435116202592
0.0388 6369.163805922693 1.000209981529375 1.541706758396286 269.3352615024927 4.289581334173291
0.0389 6369.182370673024 1.000209444177589 1.54162516415018 269.2145906253453 4.250929926431004
0.039 6369.200987490758 1.000208907115129 1.541543508660242 269.0935813100726 4.212481259922805
0.0391 6369.219656415641 1.000208370347842 1.54146179202984 268.9722332983328 4.174235687806789
0.0392 6369.238377487356 1.000207833881532 1.541380014363365 268.8505463321857 4.13619354945887
0.0393 6369.257150745522 1.000207297721961 1.541298175766187 268.7285201541052 4.09835517048653
0.0394 6369.275976229694 1.000206761874851 1.541216276344644 268.606154506991 4.060720862743747
0.0395 6369.294853979362 1.00020622634588 1.541134316206049 268.4834491341502 4.023290924338152
0.0396 6369.313784033949 1.000205691140687 1.541052295458678 268.3604037793338 3.98606563965585
0.0397 6369.332766432814 1.000205156264866 1.540970214211745 268.2370181867062 3.94904527936765
0.0398 6369.351801215252 1.00020462172397 1.540888072575432 268.1132921008638 3.912230100451132
0.03990000000000001 6369.370888420484 1.000204087523511 1.540805870660832 267.9892252668518 3.875620346213806
0.04 6369.39002808767 1.000203553668954 1.540723608580011 267.8648174301474 3.83921624630706
0.0401 6369.409220255896 1.000203020165728 1.540641286445912 267.7400683366767 3.803018016751973
0.0402 6369.428464964183 1.000202487019215 1.540558904372382 267.6149777328095 3.767025859959474
0.0403 6369.447762251481 1.000201954234754 1.540476462474233 267.4895453653707 3.731239964756981
0.04040000000000001 6369.467112156671 1.000201421817643 1.540393960867105 267.3637709816402 3.695660506412905
0.0405 6369.48651471856 1.000200889773136 1.540311399667607 267.2376543293593 3.660287646664176
0.0406 6369.505969975888 1.000200358106445 1.540228778993137 267.1111951567303 3.625121533743394
0.0407 6369.52547796732 1.000199826822737 1.540146098962032 266.9843932124226 3.590162302408968
0.0408 6369.54503873145 1.000199295927137 1.540063359693455 266.8572482455724 3.555410073974922
0.0409 6369.564652306801 1.000198765424726 1.539980561307439 266.7297600057949 3.52086495634523
0.041 6369.584318731818 1.000198235320544 1.53989770392487 266.6019282431843 3.486527044046186
0.04110000000000001 6369.604038044875 1.000197705619583 1.539814787667461 266.4737527083133 3.45239641826011
0.0412 6369.623810284272 1.000197176326796 1.539731812657748 266.3452331522339 3.418473146860403
0.0413 6369.643635488232 1.000196647447089 1.539648779019109 266.2163693264942 3.384757284452561
0.0414 6369.663513694904 1.000196118985327 1.539565686875702 266.0871609831273 3.351248872408642
0.0415 6369.68344494236 1.000195590946329 1.539482536352524 265.9576078746571 3.317947938907773
0.04160000000000001 6369.703429268598 1.000195063334871 1.53939932757535 265.8277097541157 3.284854498980898
0.0417 6369.723466711534 1.000194536155687 1.53931606067073 265.6974663750319 3.251968554549178
0.0418 6369.74355730901 1.000194009413463 1.539232735766009 265.5668774914369 3.219290094468293
0.0419 6369.763701098788 1.000193483112847 1.539149352989277 265.4359428578763 3.186819094575427
0.042 6369.783898118555 1.000192957258437 1.539065912469415 265.3046622293922 3.154555517730181
0.04210000000000001 6369.804148405915 1.00019243185479 1.538982414336027 265.1730353615529 3.122499313868492
0.0422 6369.824451998395 1.000191906906421 1.538898858719468 265.0410620104352 3.090650420046087
0.0423 6369.844808933438 1.000191382417796 1.538815245750804 264.9087419326537 3.059008760494734
0.0424 6369.865219248413 1.000190858393341 1.538731575561876 264.7760748853137 3.027574246661251
0.0425 6369.885682980604 1.000190334837438 1.538647848285179 264.6430606260764 2.996346777274682
0.0426 6369.906200167213 1.00018981175442 1.538564064053968 264.509698913117 2.96532623838924
0.0427 6369.926770845362 1.000189289148584 1.538480223002122 264.3759895051488 2.934512503443989
0.04280000000000001 6369.94739505209 1.000188767024175 1.538396325264286 264.2419321614174 2.903905433316766
0.0429 6369.968072824354 1.0001882453854 1.538312370975716 264.1075266417 2.873504876380745
0.043 6369.988804199028 1.000187724236418 1.538228360272381 263.9727727063181 2.84331066856491
0.0431 6370.009589212901 1.000187203581347 1.538144293290867 263.8376701161427 2.813322633414297
0.0432 6370.030427902681 1.000186683424257 1.538060170168452 263.702218632577 2.783540582146221
0.04330000000000001 6370.051320304988 1.000186163769179 1.537975991043024 263.5664180175799 2.753964313716928
0.0434 6370.072266456359 1.000185644620097 1.537891756053102 263.4302680336658 2.724593614884086
0.0435 6370.093266393246 1.00018512598095 1.537807465337829 263.2937684438992 2.695428260269229
0.0436 6370.114320152016 1.000184607855638 1.537723119036973 263.1569190118943 2.666468012422727
0.0437 6370.135427768949 1.000184090248011 1.537638717290879 263.0197195018326 2.637712621893635
0.0438 6370.156589280238 1.00018357316188 1.537554260240508 262.8821696784515 2.60916182729442
0.0439 6370.177804721991 1.000183056601009 1.53746974802739 262.744269307056 2.580815355371828
0.044 6370.199074130229 1.000182540569122 1.537385180793609 262.6060181535125 2.552672921075196
0.0441 6370.220397540884 1.000182025069895 1.537300558681853 262.4674159842551 2.524734227628348
0.0442 6370.241774989801 1.000181510106964 1.537215881835332 262.3284625662913 2.496998966602587
0.0443 6370.263206512738 1.00018099568392 1.5371311503978 262.1891576672018 2.469466817989577
0.0444 6370.284692145364 1.000180481804311 1.537046364513551 262.0495010551352 2.442137450274202
0.04450000000000001 6370.306231923257 1.00017996847164 1.53696152432743 261.9094924988311 2.415010520514323
0.0446 6370.327825881907 1.000179455689369 1.536876629984746 261.7691317676025 2.388085674413459
0.0447 6370.349474056719 1.000178943460917 1.536791681631352 261.62841863133 2.361362546397005
0.0448 6370.371176483001 1.000178431789658 1.536706679413557 261.487352860497 2.334840759697348
0.0449 6370.392933195975 1.000177920678924 1.536621623478195 261.3459342261607 2.308519926427611
0.04500000000000001 6370.414744230772 1.000177410132004 1.53653651397257 261.204162499981 2.282399647667635
0.0451 6370.436609622434 1.000176900152145 1.536451351044427 261.0620374541794 2.25647951353781
0.0452 6370.458529405907 1.00017639074255 1.536366134841977 260.9195588616043 2.230759103293516
0.0453 6370.480503616052 1.000175881906381 1.536280865513893 260.7767264956655 2.205237985396759
0.0454 6370.502532287633 1.000175373646755 1.536195543209251 260.6335401303876 2.17991571761035
0.0455 6370.524615455326 1.00017486596675 1.536110168077574 260.4899995403806 2.154791847078082
0.0456 6370.546753153713 1.0001743588694 1.536024740268818 260.3461045008634 2.129865910415404
0.04570000000000001 6370.568945417284 1.000173852357697 1.53593925993329 260.2018547876518 2.10513743379477
0.0458 6370.591192280437 1.00017334643459 1.535853727221764 260.0572501771588 2.080605933034081
0.0459 6370.613493777476 1.00017284110299 1.535768142285329 259.9122904464065 2.056270913688056
0.046 6370.635849942612 1.000172336365762 1.535682505275515 259.7669753730196 2.032131871137489
0.0461 6370.658260809965 1.000171832225731 1.535596816344167 259.6213047352261 2.008188290680478
0.04620000000000001 6370.680726413558 1.000171328685682 1.535511075643519 259.4752783118746 1.984439647627434
0.0463 6370.703246787321 1.000170825748358 1.535425283326132 259.3288958824109 1.96088540739018
0.0464 6370.725821965093 1.000170323416461 1.535339439544913 259.1821572268954 1.937525025578755
0.0465 6370.748451980615 1.00016982169265 1.535253544453091 259.0350621260035 1.914357948096119
0.0466 6370.771136867535 1.000169320579548 1.535167598204214 258.8876103610254 1.891383611233737
0.04670000000000001 6370.793876659406 1.000168820079733 1.535081600952132 258.7398017138602 1.868601441767098
0.0468 6370.816671389688 1.000168320195745 1.534995552850992 258.5916359670276 1.846010857054817
0.0469 6370.839521091743 1.000167820930083 1.534909454055228 258.4431129036683 1.823611265136676
0.047 6370.862425798841 1.000167322285207 1.534823304719557 258.2942323075316 1.80140206483071
0.0471 6370.885385544154 1.000166824263536 1.534737104998967 258.1449939629996 1.779382645836412
0.0472 6370.908400360759 1.00016632686745 1.534650855048671 257.995397655069 1.757552388832475
0.0473 6370.931470281637 1.00016583009929 1.534564555024154 257.8454431693575 1.735910665578867
0.04740000000000001 6370.954595339676 1.000165333961358 1.534478205081148 257.6951302921033 1.714456839018755
0.0475 6370.977775567664 1.000164838455915 1.534391805375579 257.5444588101831 1.693190263383654
0.0476 6371.001010998296 1.000164343585186 1.534305356063624 257.3934285110767 1.672110284291737
0.0477 6371.024301664168 1.000163849351355 1.534218857301632 257.2420391829081 1.651216238857728
0.0478 6371.047647597782 1.000163355756571 1.534132309246169 257.0902906144164 1.630507455793474
0.04790000000000001 6371.071048831542 1.00016286280294 1.534045712053993 256.9381825949789 1.60998325551659
0.048 6371.094505397754 1.000162370492535 1.533959065882035 256.7857149145997 1.58964295025485
0.0481 6371.11801732863 1.000161878827388 1.533872370887377 256.6328873639035 1.569485844152085
0.0482 6371.141584656285 1.000161387809496 1.533785627227276 256.4796997341476 1.549511233377066
0.0483 6371.165207412735 1.000160897440816 1.533698835059127 256.326151817222 1.529718406231372
0.04840000000000001 6371.188885629901 1.000160407723271 1.533611994540457 256.1722434056431 1.510106643257091
0.0485 6371.212619339605 1.000159918658746 1.533525105828943 256.017974292566 1.490675217347372
0.0486 6371.236408573574 1.000159430249088 1.533438169082356 255.8633442717722 1.471423393854509
0.0487 6371.260253363434 1.000158942496111 1.533351184458586 255.7083531376819 1.452350430701554
0.0488 6371.284153740716 1.000158455401591 1.53326415211562 255.5530006853477 1.433455578492204
0.0489 6371.308109736855 1.000157968967269 1.533177072211536 255.3972867104429 1.414738080620549
0.049 6371.332121383187 1.00015748319485 1.533089944904476 255.2412110092854 1.396197173385595
0.04910000000000001 6371.356188710948 1.000156998086004 1.533002770352667 255.0847733788372 1.37783208610329
0.0492 6371.380311751282 1.000156513642367 1.532915548714384 254.9279736166694 1.35964204121493
0.0493 6371.404490535229 1.000156029865539 1.532828280147963 254.7708115210093 1.341626254405722
0.0494 6371.428725093739 1.000155546757086 1.532740964811783 254.6132868906988 1.323783934713387
0.0495 6371.453015457656 1.000155064318542 1.532653602864216 254.4553995252362 1.306114284646723
0.04960000000000001 6371.477361657731 1.000154582551404 1.532566194463707 254.2971492247465 1.288616500296411
0.0497 6371.501763724617 1.000154101457138 1.532478739768675 254.1385357899929 1.271289771450928
0.0498 6371.526221688869 1.000153621037175 1.532391238937556 253.9795590223538 1.254133281708906
0.0499 6371.550735580943 1.000153141292915 1.532303692128771 253.8202187238693 1.237146208599529
0.05 6371.575305431199 1.000152662225724 1.532216099500731 253.6605146972064 1.220327723694206
0.05010000000000001 6371.599931269899 1.000152183836935 1.532128461211824 253.5004467456587 1.203676992722496
0.0502 6371.624613127205 1.000151706127852 1.532040777420378 253.34001467317 1.18719317569071
0.0503 6371.649351033185 1.000151229099745 1.531953048284697 253.1792182842991 1.170875426994647
0.0504 6371.674145017807 1.000150752753851 1.531865273963022 253.0180573842548 1.154722895539892
0.0505 6371.698995110943 1.00015027709138 1.531777454613535 252.8565317788729 1.138734724856269
0.0506 6371.723901342365 1.000149802113509 1.531689590394333 252.6946412746273 1.122910053216115
0.0507 6371.748863741751 1.000149327821384 1.531601681463444 252.5323856786189 1.107248013750386
0.05080000000000001 6371.773882338678 1.000148854216122 1.531513727978789 252.3697647985927 1.091747734567826
0.0509 6371.798957162629 1.000148381298809 1.531425730098203 252.2067784429145 1.076408338870282
0.051 6371.824088242986 1.000147909070503 1.5313376879794 252.0434264205886 1.061228945072141
0.0511 6371.849275609036 1.000147437532232 1.53124960177998 251.8797085412638 1.04620866691869
0.0512 6371.87451928997 1.000146966684995 1.531161471657411 251.7156246151975 1.031346613600792
0.05130000000000001 6371.899819314878 1.000146496529762 1.531073297769024 251.5511744532918 1.016641889876202
0.0514 6371.925175712758 1.000146027067477 1.530985080272012 251.3863578670752 1.00209359618602
0.0515 6371.950588512506 1.000145558299055 1.530896819323391 251.2211746687088 0.9877008287733663
0.0516 6371.976057742926 1.000145090225382 1.530808515080032 251.0556246709806 0.9734626798010206
0.0517 6372.001583432721 1.000144622847318 1.530720167698641 250.8897076873108 0.9593782374701012
0.05180000000000001 6372.027165610502 1.000144156165697 1.530631777335721 250.7234235317404 0.9454465861372247
0.0519 6372.052804304777 1.000143690181326 1.530543344147581 250.5567720189491 0.9316668064341274
0.05200000000000001 6372.078499543964 1.000143224894986 1.53045486829036 250.3897529642312 0.9180379753837744
0.0521 6372.104251356383 1.00014276030743 1.530366349919966 250.2223661835136 0.9045591665198578
0.0522 6372.130059770256 1.000142296419389 1.530277789192108 250.054611493338 0.8912294500032966
0.0523 6372.15592481371 1.000141833231568 1.530189186262245 249.8864887108847 0.878047892741964
0.0524 6372.181846514778 1.000141370744645 1.530100541285613 249.7179976539427 0.8650135585060543
0.05250000000000001 6372.207824901396 1.000140908959277 1.530011854417233 249.5491381409278 0.8521255080470767
0.0526 6372.233860001402 1.000140447876094 1.529923125811842 249.3799099908882 0.8393827992156953
0.0527 6372.259951842543 1.000139987495705 1.529834355623933 249.2103130234694 0.8267844870762987
0.0528 6372.286100452468 1.000139527818693 1.529745544007736 249.0403470589553 0.8143296240271835
0.0529 6372.312305858733 1.00013906884562 1.529656691117208 248.8700119182385 0.8020172599151765
0.05300000000000001 6372.338568088796 1.000138610577026 1.529567797105997 248.6993074228266 0.7898464421527174
0.0531 6372.364887170024 1.000138153013427 1.529478862127501 248.528233394842 0.7778162158342352
0.0532 6372.391263129688 1.000137696155317 1.529389886334794 248.3567896570279 0.7659256238526662
0.0533 6372.417695994964 1.000137240003171 1.529300869880655 248.1849760327362 0.7541737070144442
0.0534 6372.444185792933 1.000136784557441 1.529211812917539 248.0127923459339 0.7425595041554426
0.05350000000000001 6372.470732550586 1.000136329818557 1.529122715597594 247.8402384211908 0.7310820522553856
0.0536 6372.497336294817 1.000135875786933 1.529033578072612 247.6673140836914 0.7197403865535278
0.05370000000000001 6372.523997052427 1.000135422462958 1.528944400494087 247.4940191592235 0.7085335406623883
0.0538 6372.550714850126 1.000134969847005 1.52885518301314 247.3203534741837 0.6974605466822988
0.0539 6372.577489714528 1.000134517939426 1.52876592578054 247.1463168555714 0.6865204353147841
0.054 6372.604321672155 1.000134066740555 1.528676628946701 246.9719091309952 0.6757122359762965
0.0541 6372.631210749438 1.000133616250707 1.528587292661688 246.7971301286547 0.6650349769100505
0.05420000000000001 6372.658156972714 1.000133166470178 1.528497917075168 246.6219796773584 0.6544876852996308
0.0543 6372.685160368228 1.000132717399249 1.528408502336427 246.4464576065178 0.6440693873806462
0.0544 6372.712220962134 1.000132269038182 1.528319048594374 246.2705637461298 0.6337791085512547
0.0545 6372.739338780494 1.000131821387221 1.52822955599753 246.0942979267883 0.6236158734839679
0.0546 6372.766513849279 1.000131374446594 1.528140024693999 245.91765997969 0.6135787062365525
0.05470000000000001 6372.793746194367 1.000130928216514 1.528050454831473 245.7406497366172 0.6036666303610573
0.0548 6372.821035841547 1.000130482697177 1.527960846557243 245.5632670299432 0.5938786690136754
0.0549 6372.848382816518 1.000130037888764 1.527871200018157 245.3855116926324 0.5842138450636966
0.055 6372.875787144889 1.000129593791441 1.527781515360646 245.2073835582227 0.5746711812009379
0.0551 6372.903248852175 1.000129150405358 1.527691792730717 245.0288824608609 0.5652497000454488
0.05520000000000001 6372.930767963807 1.000128707730653 1.527602032273901 244.8500082352556 0.5559484242521673
0.0553 6372.95834450512 1.000128265767448 1.527512234135314 244.6707607167181 0.5467663766196791
0.05540000000000001 6372.985978501366 1.000127824515853 1.527422398459597 244.4911397411214 0.5377025801939966
0.0555 6373.013669977705 1.000127383975963 1.527332525390927 244.311145144918 0.5287560583747849
0.0556 6373.041418959208 1.000126944147862 1.527242615073028 244.1307767651455 0.5199258350202589
0.0557 6373.06922547086 1.00012650503162 1.52715266764915 243.950034439409 0.5112109345502345
0.0558 6373.097089537556 1.000126066627297 1.527062683262034 243.7689180058873 0.5026103820496665
0.05590000000000001 6373.125011184104 1.000125628934939 1.526972662053961 243.5874273033263 0.4941232033708936
0.056 6373.152990435225 1.000125191954581 1.526882604166723 243.4055621710398 0.4857484252354457
0.0561 6373.181027315551 1.000124755686249 1.526792509741594 243.2233224489208 0.4774850753356325
0.0562 6373.20912184963 1.000124320129957 1.526702378919366 243.0407079774062 0.4693321824332281
0.0563 6373.237274061921 1.000123885285708 1.526612211840309 242.8577185975122 0.4612887764606153
0.05640000000000001 6373.2654839768 1.000123451153497 1.526522008644181 242.6743541507989 0.4533538886179499
0.0565 6373.293751618555 1.000123017733309 1.526431769470217 242.4906144793939 0.4455265514721623
0.0566 6373.322077011389 1.000122585025119 1.526341494457127 242.3064994259688 0.437805799053076
0.0567 6373.35046017942 1.000122153028894 1.526251183743105 242.1220088337685 0.4301906669509674
0.0568 6373.37890114668 1.000121721744593 1.526160837465784 241.9371425465819 0.4226801924107809
0.05690000000000001 6373.407399937119 1.000121291172166 1.52607045576228 241.7519004087238 0.4152734144260694
0.057 6373.435956574602 1.000120861311557 1.52598003876914 241.5662822650887 0.407969373834902
0.05710000000000001 6373.464571082909 1.000120432162701 1.525889586622385 241.3802879610911 0.400767113410364
0.0572 6373.493243485738 1.000120003725527 1.525799099457454 241.1939173427012 0.3936656779539665
0.0573 6373.521973806704 1.000119575999958 1.525708577409251 241.0071702564272 0.3866641143860287
0.0574 6373.550762069338 1.000119148985909 1.525618020612098 240.8200465493036 0.3797614718354244
0.0575 6373.57960829709 1.000118722683291 1.525527429199757 240.6325460689144 0.3729568017297131
0.05760000000000001 6373.608512513329 1.00011829709201 1.5254368033054 240.444668663364 0.3662491578823583
0.0577 6373.637474741339 1.000117872211964 1.525346143061637 240.2564141812949 0.3596375965807423
0.0578 6373.666495004326 1.00011744804305 1.525255448600505 240.0677824718813 0.3531211766723388
0.0579 6373.695573325414 1.000117024585157 1.525164720053426 239.878773384812 0.3466989596495326
0.058 6373.724709727646 1.000116601838173 1.52507395755125 239.6893867703019 0.3403700097344881
0.05810000000000001 6373.753904233986 1.000116179801981 1.524983161224226 239.499622479092 0.3341333939625928
0.0582 6373.783156867318 1.00011575847646 1.524892331202003 239.3094803624316 0.327988182264325
0.05830000000000001 6373.812467650447 1.000115337861487 1.524801467613635 239.1189602720964 0.3219334475472742
0.0584 6373.841836606097 1.000114917956936 1.524710570587555 238.9280620603703 0.3159682657759782
0.0585 6373.871263756917 1.000114498762679 1.524619640251607 238.7367855800397 0.3100917160511368
0.05860000000000001 6373.900749125474 1.000114080278585 1.524528676733008 238.5451306844174 0.3043028806886808
0.0587 6373.930292734262 1.000113662504524 1.524437680158353 238.3530972273005 0.2986008452957963
0.05880000000000001 6373.959894605692 1.00011324544036 1.52434665065363 238.1606850630009 0.2929846988480625
0.0589 6373.989554762102 1.00011282908596 1.524255588344208 237.9678940463385 0.2874535337644146
0.059 6374.019273225752 1.00011241344119 1.524164493354807 237.7747240326124 0.2820064459803834
0.0591 6374.049050018826 1.000111998505914 1.524073365809542 237.5811748776299 0.2766425350219536
0.0592 6374.078885163433 1.000111584279996 1.523982205831876 237.387246437689 0.2713609040769601
0.05930000000000001 6374.108778681604 1.000111170763302 1.52389101354464 237.1929385695725 0.2661606600657425
0.0594 6374.138730595299 1.000110757955698 1.523799789070047 236.9982511305537 0.2610409137110132
0.0595 6374.168740926401 1.000110345857049 1.523708532529645 236.8031839783911 0.2560007796062824
0.0596 6374.198809696719 1.000109934467224 1.52361724404436 236.6077369713274 0.2510393762833235
0.0597 6374.228936927988 1.000109523786092 1.523525923734445 236.4119099680787 0.2461558262782117
0.05980000000000001 6374.25912264187 1.000109113813523 1.52343457171954 236.2157028278456 0.2413492561968283
0.0599 6374.289366859955 1.000108704549393 1.523343188118593 236.0191154102898 0.236618796778344
0.06000000000000001 6374.31966960376 1.000108295993576 1.523251773049946 235.822147575558 0.2319635829587171
0.0601 6374.35003089473 1.00010788814595 1.523160326631255 235.6247991842578 0.2273827539318896
0.0602 6374.380450754235 1.000107481006397 1.523068848979529 235.4270700974697 0.2228754532106804
0.0603 6374.410929203581 1.000107074574802 1.522977340211113 235.2289601767237 0.2184408286856976
0.0604 6374.441466263997 1.000106668851053 1.522885800441711 235.0304692840167 0.2140780326840377
0.06050000000000001 6374.472061956644 1.000106263835043 1.522794229786334 234.8315972818126 0.2097862220263875
0.0606 6374.502716302612 1.000105859526667 1.522702628359366 234.6323440330247 0.205564558082575
0.0607 6374.533429322922 1.000105455925828 1.522610996274499 234.4327094010095 0.201412206826223
0.0608 6374.564201038526 1.000105053032429 1.522519333644769 234.2326932495788 0.1973283388885886
0.0609 6374.595031470308 1.000104650846382 1.522427640582544 234.0322954429997 0.1933121296109505
0.06100000000000001 6374.625920639082 1.000104249367602 1.522335917199534 233.8315158459649 0.1893627590952288
0.0611 6374.656868565596 1.000103848596011 1.522244163606751 233.630354323628 0.1854794122547196
0.0612 6374.687875270529 1.000103448531536 1.522152379914568 233.4288107415626 0.181661278862112
0.0613 6374.718940774493 1.000103049174108 1.522060566232678 233.2268849657975 0.1779075535978097
0.0614 6374.750065098036 1.000102650523667 1.521968722670088 233.0245768627691 0.1742174360954825
0.06150000000000001 6374.781248261636 1.00010225258016 1.521876849335144 232.8218862993693 0.1705901309881898
0.0616 6374.812490285708 1.000101855343537 1.521784946335522 232.6188131428979 0.1670248479515587
0.06170000000000001 6374.8437911906 1.000101458813759 1.521693013778213 232.4153572610979 0.163520801747266
0.0618 6374.875150996598 1.000101062990791 1.521601051769544 232.2115185221145 0.1600772122639576
0.0619 6374.906569723919 1.000100667874608 1.52150906041516 232.0072967945242 0.156693304558209
0.062 6374.938047392722 1.00010027346519 1.521417039820029 231.8026919473058 0.1533683088932721
0.0621 6374.969584023097 1.000099879762528 1.521324990088458 231.5977038498694 0.150101460777604
0.06220000000000001 6375.001179635074 1.000099486766618 1.521232911324056 231.3923323720213 0.146892001001132
0.0623 6375.032834248618 1.000099094477466 1.521140803629793 231.1865773839817 0.1437391756711875
0.0624 6375.064547883635 1.000098702895086 1.521048667107933 230.9804387563726 0.1406422362467629
0.0625 6375.096320559966 1.0000983120195 1.52095650186006 230.773916360224 0.1376004395718503
0.0626 6375.128152297391 1.000097921850742 1.520864307987112 230.5670100669562 0.1346130479072301
0.06270000000000001 6375.160043115631 1.000097532388849 1.520772085589349 230.3597197483972 0.1316793289615901
0.06280000000000001 6375.191993034346 1.000097143633874 1.520679834766328 230.1520452767535 0.1287985559207693
0.0629 6375.224002073134 1.000096755585875 1.520587555616969 229.9439865246276 0.1259700074764959
0.063 6375.256070251536 1.000096368244922 1.52049524823949 229.7355433650181 0.1231929678536692
0.0631 6375.288197589031 1.000095981611092 1.520402912731475 229.526715671302 0.1204667268362278
0.06320000000000001 6375.320384105039 1.000095595684474 1.520310549189801 229.3175033172464 0.117790579792235
0.06330000000000001 6375.352629818926 1.000095210465169 1.520218157710692 229.1079061769791 0.1151638276972525
0.0634 6375.384934749995 1.000094825953284 1.5201257383897 228.8979241250298 0.1125857771574451
0.0635 6375.417298917496 1.000094442148939 1.520033291321719 228.6875570362771 0.1100557404303232
0.0636 6375.449722340617 1.000094059052265 1.519940816600966 228.4768047859897 0.1075730354455012
0.06370000000000001 6375.482205038493 1.000093676663402 1.519848314321 228.2656672497968 0.1051369858234196
0.06380000000000001 6375.514747030201 1.000093294982503 1.519755784574714 228.0541443036944 0.1027469208933492
0.0639 6375.547348334763 1.000092914009729 1.519663227454336 227.842235824039 0.1004021757101035
0.064 6375.580008971146 1.000092533745256 1.51957064305145 227.6299416875535 0.09810209106973745
0.0641 6375.61272895826 1.000092154189268 1.519478031456953 227.4172617713097 0.0958460135238481
0.06420000000000001 6375.645508314962 1.000091775341962 1.519385392761125 227.2041959527459 0.0936332953931269
0.06430000000000001 6375.678347060055 1.000091397203547 1.519292727053546 226.9907441096433 0.09146329477934152
0.0644 6375.711245212288 1.000091019774242 1.519200034423178 226.776906120126 0.08933537557645736
0.0645 6375.744202790356 1.00009064305428 1.519107314958318 226.5626818626846 0.08724890748086982
0.06460000000000001 6375.777219812902 1.000090267043903 1.51901456874661 226.3480712161348 0.08520326599988209
0.06470000000000001 6375.810296298516 1.000089891743367 1.518921795875071 226.1330740596471 0.08319783245978693
0.0648 6375.843432265736 1.00008951715294 1.518828996430055 225.9176902727171 0.08123199401228087
0.0649 6375.876627733048 1.000089143272902 1.518736170497271 225.7019197351891 0.07930514364029678
0.065 6375.909882718887 1.000088770103544 1.518643318161806 225.4857623272327 0.07741668016231801
0.06510000000000001 6375.943197241639 1.000088397645172 1.518550439508095 225.2692179293484 0.07556600823589839
0.06520000000000001 6375.976571319636 1.000088025898101 1.518457534619948 225.052286422368 0.07375253836006097
0.0653 6376.010004971162 1.000087654862661 1.518364603580535 224.8349676874481 0.07197568687659389
0.0654 6376.043498214453 1.000087284539193 1.5182716464724 224.6172616060588 0.07023487597025907
0.0655 6376.077051067691 1.000086914928053 1.518178663377465 224.3991680600074 0.06852953366824846
0.06560000000000001 6376.110663549015 1.000086546029606 1.518085654377021 224.1806869314022 0.06685909383814086
0.06570000000000001 6376.144335676511 1.000086177844234 1.517992619551736 223.9618181026771 0.06522299618531136
0.0658 6376.17806746822 1.000085810372328 1.517899558981671 223.7425614565672 0.0636206862489659
0.0659 6376.211858942134 1.000085443614293 1.517806472746269 223.5229168761269 0.06205161539749052
0.066 6376.245710116197 1.000085077570548 1.517713360924356 223.3028842447183 0.06051524082258898
0.06610000000000001 6376.279621008308 1.000084712241524 1.51762022359415 223.0824634459985 0.05901102553245164
0.06620000000000001 6376.313591636318 1.000084347627665 1.517527060833263 222.8616543639326 0.05753843834412131
0.0663 6376.347622018033 1.000083983729427 1.517433872718715 222.6404568827869 0.05609695387477393
0.0664 6376.381712171213 1.000083620547281 1.517340659326914 222.4188708871174 0.0546860525320197
0.0665 6376.415862113572 1.00008325808171 1.517247420733678 222.1968962617815 0.05330522050342113
0.06660000000000001 6376.450071862781 1.000082896333209 1.51715415701424 221.9745328919265 0.05195394974493291
0.06670000000000001 6376.484341436463 1.000082535302287 1.517060868243233 221.7517806629893 0.05063173796850508
0.0668 6376.5186708522 1.000082174989465 1.516967554494725 221.5286394607023 0.04933808862881635
0.0669 6376.553060127529 1.000081815395279 1.516874215842176 221.3051091710639 0.04807251090891115
0.067 6376.587509279943 1.000081456520277 1.516780852358489 221.0811896803683 0.04683451970530331
0.06710000000000001 6376.622018326895 1.000081098365018 1.516687464115991 220.8568808751815 0.04562363561190248
0.06720000000000001 6376.656587285791 1.000080740930078 1.51659405118643 220.632182642359 0.04443938490331814
0.0673 6376.691216173997 1.000080384216041 1.516500613641003 220.4070948690168 0.043281299517065
0.0674 6376.725905008838 1.000080028223509 1.516407151550331 220.1816174425543 0.04214891703522134
0.0675 6376.760653807594 1.000079672953093 1.516313664984488 219.9557502506372 0.04104178066505036
0.06760000000000001 6376.795462587507 1.000079318405418 1.516220154012998 219.7294931812029 0.03995943921893803
0.06770000000000001 6376.830331365778 1.000078964581122 1.516126618704816 219.5028461224432 0.03890144709342327
0.0678 6376.865260159566 1.000078611480857 1.516033059128369 219.2758089628218 0.03786736424761812
0.0679 6376.90024898599 1.000078259105286 1.515939475351544 219.0483815910624 0.03685675618071644
0.06800000000000001 6376.93529786213 1.000077907455084 1.515845867441682 218.8205638961548 0.03586919390883151
0.06810000000000001 6376.970406805025 1.00007755653094 1.515752235465611 218.5923557673372 0.0349042539409879
0.0682 6377.005575831677 1.000077206333557 1.515658579489595 218.3637570941017 0.03396151825449155
0.0683 6377.040804959046 1.000076856863647 1.515564899579416 218.134767766201 0.03304057426957988
0.0684 6377.076094204059 1.000076508121936 1.51547119580031 217.9053876736178 0.03214101482322898
0.06850000000000001 6377.111443583598 1.000076160109163 1.515377468217005 217.6756167066131 0.0312624381425787
0.06860000000000001 6377.146853114513 1.000075812826079 1.515283716893719 217.4454547556665 0.03040444781726366
0.0687 6377.182322813613 1.000075466273446 1.515189941894178 217.2149017115174 0.0295666527714771
0.0688 6377.21785269767 1.000075120452039 1.515096143281591 216.9839574651422 0.02874866723513599
0.0689 6377.253442783423 1.000074775362646 1.515002321118667 216.7526219077535 0.02795011071450598
0.06900000000000001 6377.289093087569 1.000074431006065 1.514908475467648 216.5208949308002 0.02717060796220633
0.06910000000000001 6377.324803626772 1.000074087383106 1.514814606390263 216.2887764259798 0.02640978894664688
0.0692 6377.360574417659 1.000073744494592 1.514720713947782 216.0562662852143 0.02566728882075568
0.0693 6377.396405476823 1.000073402341356 1.514626798200978 215.8233644006504 0.02494274789021285
0.0694 6377.432296820821 1.000073060924245 1.514532859210153 215.5900706646652 0.02423581158113897
0.06950000000000001 6377.468248466174 1.000072720244114 1.514438897035163 215.3563849698725 0.02354613040723046
0.06960000000000001 6377.504260429368 1.000072380301831 1.514344911735393 215.1223072091106 0.02287335993630713
0.0697 6377.540332726856 1.000072041098276 1.514250903369751 214.8878372754365 0.0222171607563606
0.0698 6377.576465375058 1.000071702634339 1.514156871996717 214.6529750621261 0.0215771984411147
0.0699 6377.612658390356 1.00007136491092 1.514062817674317 214.4177204626857 0.02095314351512406
0.07000000000000001 6377.648911789103 1.000071027928931 1.513968740460124 214.1820733708286 0.02034467141829981
0.07010000000000001 6377.685225587617 1.000070691689295 1.513874640411284 213.9460336804926 0.01975146247008382
0.0702 6377.721599802181 1.000070356192943 1.513780517584505 213.7096012858227 0.0191732018330809
0.0703 6377.758034449049 1.00007002144082 1.513686372036083 213.4727760811824 0.01860957947633272
0.0704 6377.794529544441 1.000069687433877 1.513592203821872 213.2355579611361 0.01806029013809883
0.07050000000000001 6377.831085104544 1.000069354173079 1.513498012997313 212.9979468204673 0.01752503328831698
0.07060000000000001 6377.867701145514 1.000069021659398 1.513403799617438 212.7599425541602 0.01700351309058856
0.0707 6377.904377683474 1.000068689893818 1.513309563736882 212.5215450574177 0.01649543836386719
0.0708 6377.941114734519 1.00006835887733 1.513215305409864 212.2827542256263 0.01600052254366933
0.07090000000000001 6377.977912314711 1.000068028610936 1.513121024690209 212.043569954379 0.01551848364306533
0.07100000000000001 6378.01477044008 1.000067699095647 1.51302672163136 211.8039921394819 0.01504904421329355
0.0711 6378.051689126626 1.000067370332483 1.512932396286362 211.5640206769302 0.01459193130399641
0.0712 6378.08866839032 1.000067042322473 1.512838048707893 211.3236554629201 0.01414687642322246
0.0713 6378.125708247102 1.000066715066655 1.512743678948239 211.0828963938369 0.01371361549709045
0.07140000000000001 6378.162808712881 1.000066388566075 1.512649287059328 210.8417433662729 0.01329188882922978
0.07150000000000001 6378.19996980354 1.000066062821787 1.512554873092716 210.6001962769918 0.01288144105986212
0.0716 6378.237191534928 1.000065737834855 1.512460437099605 210.3582550229702 0.01248202112476838
0.0717 6378.274473922867 1.000065413606348 1.51236597913083 210.1159195013619 0.01209338221388562
0.0718 6378.311816983152 1.000065090137345 1.512271499236906 209.87318960951 0.01171528172976428
0.07190000000000001 6378.349220731546 1.000064767428932 1.512176997467968 209.6300652449526 0.01134748124580424
0.07200000000000001 6378.386685183786 1.000064445482203 1.512082473873827 209.3865463053934 0.01098974646424276
0.0721 6378.424210355579 1.00006412429826 1.511987928503966 209.1426326887371 0.01064184717405995
0.0722 6378.461796262605 1.000063803878208 1.511893361407539 208.8983242930657 0.01030355720862627
0.0723 6378.499442920516 1.000063484223163 1.511798772633366 208.6536210166445 0.009974654403240574
0.07240000000000001 6378.537150344936 1.000063165334247 1.511704162229957 208.4085227579161 0.009654920552509758
0.07250000000000001 6378.574918551463 1.000062847212587 1.511609530245508 208.1630294154887 0.009344141367594597
0.0726 6378.612747555666 1.000062529859318 1.511514876727916 207.9171408881715 0.009042106433400041
0.0727 6378.650637373087 1.000062213275578 1.51142020172476 207.6708570749332 0.008748609165565299
0.0728 6378.688588019243 1.000061897462514 1.511325505283327 207.42417787492 0.008463446767441245
0.07290000000000001 6378.726599509622 1.000061582421277 1.511230787450624 207.1771031874554 0.008186420186967863
0.07300000000000001 6378.764671859688 1.000061268153025 1.511136048273355 206.9296329120283 0.007917334073475148
0.0731 6378.802805084877 1.000060954658918 1.511041287797964 206.6817669482992 0.00765599673445369
0.0732 6378.840999200599 1.000060641940125 1.510946506070595 206.433505196106 0.007402220092285103
0.0733 6378.87925422224 1.000060329997816 1.510851703137131 206.1848475554401 0.007155819640915939
0.07340000000000001 6378.917570165158 1.000060018833168 1.510756879043198 205.9357939264763 0.00691661440257181
0.07350000000000001 6378.955947044686 1.000059708447361 1.510662033834144 205.6863442095431 0.00668442688440964
0.0736 6378.994384876131 1.00005939884158 1.510567167555079 205.4364983051463 0.00645908303523168
0.0737 6379.032883674779 1.000059090017014 1.510472280250856 205.1862561139395 0.006240412202170942
0.0738 6379.071443455884 1.000058781974853 1.510377371966081 204.9356175367537 0.006028247087463471
0.07390000000000001 6379.110064234681 1.000058474716296 1.510282442745111 204.6845824745736 0.005822423705217045
0.07400000000000001 6379.148746026377 1.000058168242538 1.510187492632096 204.4331508285494 0.005622781338266762
0.0741 6379.187488846155 1.000057862554783 1.510092521670923 204.1813224999909 0.005429162495081904
0.0742 6379.226292709176 1.000057557654234 1.509997529905277 203.9290973903557 0.005241412866746949
0.07430000000000001 6379.265157630573 1.000057253542098 1.509902517378612 203.6764754012728 0.005059381284057588
0.07440000000000001 6379.304083625457 1.000056950219585 1.509807484134172 203.423456434531 0.004882919674688053
0.0745 6379.343070708914 1.000056647687907 1.509712430214982 203.1700403920607 0.004711883020465632
0.0746 6379.382118896006 1.000056345948274 1.509617355663884 202.9162271759582 0.004546129314793752
0.0747 6379.421228201774 1.000056045001903 1.50952226052349 202.6620166884671 0.004385519520176091
0.07480000000000001 6379.460398641231 1.000055744850008 1.509427144836248 202.407408831997 0.004229917525904044
0.07490000000000001 6379.49963022937 1.000055445493808 1.509332008644382 202.1524035090932 0.004079190105864074
0.075 6379.53892298116 1.000055146934519 1.509236851989961 201.8970006224607 0.003933206876537663
0.0751 6379.578276911544 1.000054849173361 1.509141674914856 201.6412000749641 0.003791840255154141
0.0752 6379.617692035445 1.000054552211552 1.509046477460765 201.3850017696099 0.003654965418012097
0.07530000000000001 6379.657168367761 1.000054256050311 1.50895125966922 201.1284056095523 0.003522460259001602
0.07540000000000001 6379.69670592337 1.000053960690857 1.508856021581575 200.8714114980934 0.003394205348318523
0.0755 6379.736304717125 1.000053666134408 1.508760763239036 200.614019338689 0.003270083891386054
0.0756 6379.775964763854 1.000053372382184 1.508665484682644 200.3562290349486 0.003149981687985829
0.0757 6379.815686078367 1.0000530794354 1.50857018595329 200.0980404906176 0.003033787091602379
0.07580000000000001 6379.855468675448 1.000052787295274 1.508474867091712 199.8394536095892 0.00292139096901116
0.07590000000000001 6379.895312569862 1.00005249596302 1.508379528138516 199.5804682958986 0.002812686660095324
0.076 6379.935217776349 1.000052205439852 1.508284169134149 199.3210844537347 0.002707569937914955
0.0761 6379.975184309626 1.000051915726982 1.508188790118942 199.0613019874339 0.002605938969020906
0.0762 6380.015212184391 1.00005162682562 1.508093391133085 198.8011208014572 0.002507694274022309
0.07630000000000001 6380.055301415317 1.000051338736972 1.507997972216661 198.5405408004366 0.002412738688448195
0.07640000000000001 6380.095452017058 1.000051051462245 1.507902533409605 198.2795618891227 0.002320977323844498
0.0765 6380.135664004243 1.00005076500264 1.507807074751751 198.0181839724195 0.002232317529185151
0.0766 6380.175937391481 1.000050479359358 1.50771159628282 197.7564069553731 0.002146668852552385
0.0767 6380.216272193359 1.000050194533595 1.507616098042414 197.4942307431655 0.002063943003113037
0.07680000000000001 6380.256668424441 1.000049910526544 1.507520580070047 197.2316552411324 0.001984053813401842
0.07690000000000001 6380.297126099273 1.000049627339395 1.507425042405113 196.9686803547278 0.001906917201893599
0.077 6380.337645232375 1.000049344973333 1.507329485086942 196.7053059895651 0.001832451135910064
0.0771 6380.378225838247 1.00004906342954 1.507233908154728 196.4415320513939 0.001760575594823468
0.07720000000000001 6380.41886793137 1.000048782709193 1.507138311647616 196.1773584460938 0.001691212533588076
0.07730000000000001 6380.459571526201 1.000048502813465 1.507042695604643 195.9127850796921 0.001624285846604964
0.07740000000000001 6380.500336637177 1.000048223743523 1.506947060064778 195.6478118583522 0.001559721331910703
0.0775 6380.541163278712 1.000047945500532 1.506851405066912 195.3824386883733 0.001497446655706159
0.0776 6380.582051465201 1.000047668085649 1.506755730649859 195.1166654761968 0.001437391317227787
0.07770000000000001 6380.623001211015 1.000047391500026 1.50666003685237 194.8504921283997 0.00137948661396165
0.07780000000000001 6380.664012530509 1.000047115744809 1.506564323713136 194.5839185516892 0.001323665607207338
0.0779 6380.705085438011 1.000046840821141 1.506468591270773 194.3169446529263 0.001269863088001631
0.078 6380.746219947832 1.000046566730155 1.506372839563852 194.0495703390901 0.001218015543387042
0.0781 6380.78741607426 1.000046293472979 1.506277068630888 193.7817955173076 0.001168061123054717
0.07820000000000001 6380.828673831564 1.000046021050737 1.506181278510335 193.5136200948358 0.0011199396063418
0.07830000000000001 6380.869993233989 1.000045749464542 1.506085469240625 193.2450439790736 0.001073592369601842
0.0784 6380.911374295761 1.000045478715503 1.505989640860123 192.9760670775557 0.001028962353942029
0.0785 6380.952817031084 1.000045208804721 1.505893793407171 192.7066892979532 0.0009859940333345272
0.0786 6380.994321454145 1.000044939733289 1.505797926920063 192.4369105480549 0.0009446333831006768
0.07870000000000001 6381.035887579107 1.000044671502294 1.505702041437066 192.1667307358038 0.0009048278487813261
0.07880000000000001 6381.077515420111 1.000044404112812 1.505606136996418 191.8961497692784 0.0008665263153786026
0.0789 6381.119204991278 1.000044137565914 1.505510213636339 191.6251675566936 0.0008296790769826999
0.079 6381.160956306711 1.000043871862663 1.505414271395007 191.3537840063763 0.0007942378067794709
0.0791 6381.20276938049 1.000043607004109 1.5053183103106 191.0819990268132 0.0007601555274529366
0.07920000000000001 6381.244644226674 1.0000433429913 1.505222330421269 190.8098125266209 0.0007273865819641687
0.07930000000000001 6381.286580859302 1.00004307982527 1.505126331765147 190.5372244145405 0.0006958866047219099
0.0794 6381.328579292392 1.000042817507045 1.505030314380374 190.2642345994544 0.0006656124931451694
0.0795 6381.370639539941 1.000042556037643 1.504934278305071 189.9908429903816 0.0006365223796130002
0.0796 6381.412761615927 1.000042295418072 1.504838223577348 189.7170494964765 0.0006085756038059475
0.07970000000000001 6381.454945534304 1.00004203564933 1.504742150235335 189.4428540270241 0.0005817326854383578
0.07980000000000001 6381.497191309009 1.000041776732405 1.504646058317138 189.1682564914389 0.0005559552973832539
0.0799 6381.539498953956 1.000041518668276 1.504549947860881 188.8932567992837 0.0005312062391908213
0.08 6381.581868483039 1.00004126145791 1.504453818904701 188.6178548602451 0.0005074494109951635
0.08010000000000001 6381.624299910131 1.000041005102265 1.504357671486731 188.3420505841458 0.0004846497878164906
0.08020000000000001 6381.666793249086 1.000040749602287 1.504261505645126 188.0658438809386 0.0004627733942534779
0.08030000000000001 6381.709348513735 1.000040494958914 1.504165321418042 187.789234660724 0.0004417872795688739
0.0804 6381.751965717888 1.000040241173069 1.504069118843677 187.5122228337267 0.0004216594931626524
0.0805 6381.794644875337 1.000039988245667 1.503972897960222 187.2348083103074 0.0004023590604381247
0.08060000000000001 6381.83738599985 1.00003973617761 1.503876658805909 186.9569910009744 0.0003838559590570745
0.08070000000000001 6381.880189105178 1.000039484969789 1.503780401418996 186.6787708163428 0.0003661210955796021
0.08080000000000001 6381.923054205047 1.000039234623084 1.503684125837749 186.4001476671928 0.0003491262824977385
0.0809 6381.965981313166 1.000038985138361 1.503587832100483 186.121121464423 0.000332844215647804
0.081 6382.00897044322 1.000038736516476 1.503491520245528 185.8416921190682 0.0003172484520114291
0.08110000000000001 6382.052021608876 1.000038488758273 1.503395190311267 185.5618595423047 0.0003023133878984731
0.08120000000000001 6382.09513482378 1.000038241864581 1.503298842336105 185.2816236454331 0.000288014237509784
0.0813 6382.138310101554 1.000037995836218 1.503202476358492 185.000984339902 0.0002743270118814604
0.0814 6382.181547455801 1.000037750673991 1.503106092416918 184.7199415372955 0.0002612284982045148
0.0815 6382.224846900103 1.000037506378692 1.50300969054991 184.4384951493283 0.0002486962395202283
0.08160000000000001 6382.268208448024 1.0000372629511 1.502913270796041 184.1566450878448 0.000236708514788901
0.08170000000000001 6382.311632113102 1.000037020391981 1.502816833193938 183.8743912648373 0.0002252443193300878
0.0818 6382.355117908856 1.000036778702087 1.502720377782274 183.591733592434 0.0002142833456298885
0.0819 6382.398665848785 1.00003653788216 1.502623904599761 183.3086719828992 0.0002038059645146556
0.082 6382.442275946365 1.000036297932924 1.502527413685177 183.0252063486272 0.0001937932066877215
0.08210000000000001 6382.485948215055 1.00003605885509 1.502430905077342 182.7413366021423 0.0001842267446268785
0.08220000000000001 6382.529682668288 1.000035820649358 1.502334378815143 182.4570626561284 0.0001750888748404523
0.0823 6382.573479319478 1.000035583316411 1.502237834937505 182.1723844233937 0.0001663625004759105
0.0824 6382.617338182017 1.000035346856918 1.502141273483441 181.8873018168882 0.0001580311142820502
0.0825 6382.661259269278 1.000035111271534 1.502044694492006 181.6018147496919 0.0001500787819188558
0.08260000000000001 6382.705242594609 1.000034876560901 1.501948098002317 181.3159231350386 0.0001424901256138141
0.08270000000000001 6382.749288171342 1.000034642725645 1.501851484053546 181.0296268862802 0.0001352503081587666
0.0828 6382.79339601278 1.000034409766376 1.501754852684959 180.7429259169284 0.0001283450172476466
0.0829 6382.837566132213 1.000034177683691 1.50165820393585 180.4558201406188 0.0001217604501476071
0.083 6382.881798542903 1.000033946478173 1.501561537845608 180.1683094711292 0.0001154832987034192
0.08310000000000001 6382.926093258095 1.000033716150385 1.501464854453694 179.8803938223849 0.0001095007346698475
0.08320000000000001 6382.970450291008 1.00003348670088 1.501368153799612 179.5920731084474 0.0001038003953683491
0.0833 6383.014869654845 1.000033258130193 1.501271435922958 179.303347243508 9.83703696649585e-005
0.0834 6383.059351362784 1.000033030438844 1.5011747008634 179.0142161419061 9.319918426586729e-005
0.08350000000000001 6383.10389542798 1.000032803627338 1.501077948660676 178.7246797181286 8.827579032605372e-005
0.08360000000000001 6383.148501863569 1.000032577696162 1.500981179354596 178.4347378867986 8.358955036730959e-005
0.08370000000000001 6383.193170682665 1.000032352645791 1.500884392985047 178.144390562681 7.913022550226351e-005
0.0838 6383.237901898357 1.000032128476679 1.500787589592004 177.8536376606766 7.488796295991564e-005
0.0839 6383.282695523718 1.000031905189269 1.500690769215503 177.562479095834 7.085328390914959e-005
0.08400000000000001 6383.327551571793 1.000031682783984 1.500593931895669 177.2709147833438 6.701707157563699e-005
0.08410000000000001 6383.37247005561 1.000031461261233 1.500497077672712 176.9789446385383 6.33705596484326e-005
0.08420000000000001 6383.417450988171 1.000031240621407 1.500400206586904 176.686568576892 5.990532097205587e-005
0.0843 6383.462494382458 1.000031020864883 1.500303318678615 176.3937865140209 5.661325651991279e-005
0.0844 6383.507600251433 1.000030801992017 1.5002064139883 176.1005983656891 5.348658464495697e-005
0.08450000000000001 6383.55276860803 1.000030584003154 1.500109492556485 175.8070040478082 5.051783060325413e-005
0.08460000000000001 6383.597999465166 1.000030366898617 1.500012554423786 175.5130034764201 4.769981634615222e-005
0.0847 6383.643292835734 1.000030150678715 1.499915599630909 175.2185965677262 4.502565057746198e-005
0.0848 6383.688648732606 1.000029935343739 1.499818628218632 174.923783238064 4.248871907039079e-005
0.0849 6383.734067168627 1.000029720893965 1.499721640227835 174.6285634039244 4.008267524090391e-005
0.08500000000000001 6383.779548156625 1.000029507329649 1.499624635699467 174.3329369819347 3.780143097252726e-005
0.08510000000000001 6383.825091709403 1.000029294651031 1.499527614674589 174.0369038888815 3.56391476889709e-005
0.0852 6383.870697839741 1.000029082858335 1.499430577194322 173.7404640416816 3.359022766953456e-005
0.0853 6383.916366560399 1.000028871951765 1.499333523299899 173.4436173574053 3.164930560383314e-005
0.0854 6383.962097884111 1.000028661931509 1.499236453032627 173.1463637532769 2.98112403809567e-005
0.08550000000000001 6384.007891823591 1.000028452797739 1.499139366433901 172.8487031466565 2.807110710888007e-005
0.08560000000000001 6384.05374839153 1.000028244550606 1.499042263545222 172.5506354550579 2.642418936017364e-005
0.0857 6384.099667600593 1.000028037190246 1.498945144408161 172.2521605961487 2.486597163939775e-005
0.0858 6384.145649463425 1.000027830716777 1.498848009064397 171.9532784877382 2.339213206799522e-005
0.0859 6384.191693992648 1.000027625130298 1.498750857555692 171.6539890477897 2.199853528262104e-005
0.08600000000000001 6384.237801200859 1.000027420430892 1.498653689923892 171.3542921944139 2.068122554246019e-005
0.08610000000000001 6384.283971100636 1.000027216618622 1.498556506210948 171.0541878458638 1.943642004142683e-005
0.0862 6384.33020370453 1.000027013693534 1.498459306458891 170.7536759205576 1.826050242116687e-005
0.0863 6384.376499025068 1.000026811655656 1.498362090709854 170.4527563370556 1.715001648037201e-005
0.08640000000000001 6384.42285707476 1.000026610504998 1.498264859006055 170.1514290140598 1.610166007657405e-005
0.08650000000000001 6384.469277866086 1.000026410241552 1.4981676113898 169.8496938704437 1.511227921628167e-005
0.08660000000000001 6384.515761411505 1.000026210865292 1.498070347903507 169.5475508252169 1.417886232904515e-005
0.0867 6384.562307723454 1.000026012376172 1.497973068589658 169.2449997975485 1.32985347218245e-005
0.0868 6384.608916814344 1.00002581477413 1.49787577349085 168.9420407067613 1.246855320931733e-005
0.08690000000000001 6384.655588696566 1.000025618059085 1.497778462649765 168.63867347232 1.168630091634577e-005
0.08700000000000001 6384.702323382484 1.000025422230936 1.497681136109171 168.3348980138547 1.094928224844103e-005
0.08710000000000001 6384.749120884439 1.000025227289566 1.497583793911944 168.0307142511437 1.025511802649156e-005
