0 6365.5 1.000295889263973 1.56896128761935 293.15 6.079683943970048
0.0001 6365.501199923223 1.000295847402762 1.568883036681929 293.1422004990512 6.076747528615041
0.0002 6365.502449657509 1.000295803811033 1.568804799862932 293.1340772261927 6.073690537249653
0.0003 6365.503749193917 1.000295758489976 1.568726575668386 293.1256302395426 6.070513152254497
0.0004 6365.505098524456 1.000295711440784 1.568648362751447 293.1168595910352 6.06721555993644
0.0005 6365.506497641997 1.000295662664652 1.568570159892776 293.1077653270185 6.063797950742489
0.0006000000000000001 6365.507946540186 1.000295612162785 1.568491965982269 293.0983474887916 6.060260519450971
0.0007 6365.509445213379 1.000295559936396 1.568413780005085 293.0886061130367 6.05660346532221
0.0008 6365.510993656579 1.000295505986712 1.568335601029505 293.0785412322388 6.052826992244287
0.0009000000000000001 6365.512591865385 1.000295450314971 1.568257428196286 293.0681528749987 6.048931308838363
0.001 6365.514239835944 1.000295392922426 1.568179260710706 293.0574410663643 6.044916628570202
0.0011 6365.515937564911 1.00029533381035 1.568101097834171 293.046405828079 6.040783169830165
0.0012 6365.517685049412 1.00029527298003 1.568022938878739 293.0350471788237 6.036531156010573
0.0013 6365.519482287014 1.000295210432773 1.567944783201217 293.0233651344123 6.032160815564861
0.0014 6365.521329275694 1.000295146169907 1.567866630197867 293.0113597079925 6.02767238206856
0.0015 6365.523226013816 1.00029508019278 1.56778847930108 292.9990309101994 6.023066094262086
0.0016 6365.525172500106 1.00029501250276 1.567710329975446 292.9863787493094 6.018342196093149
0.0017 6365.527168733634 1.000294943101239 1.56763218171469 292.9734032313762 6.013500936752058
0.0018 6365.529214713793 1.00029487198963 1.567554034038391 292.9601043603428 6.008542570697809
0.0019 6365.531310440285 1.000294799169371 1.56747588649005 292.9464821381483 6.003467357681536
0.002 6365.533455913101 1.000294724641921 1.567397738635051 292.9325365648459 5.998275562773942
0.0021 6365.535651132514 1.000294648408767 1.567319590057885 292.9182676386621 5.992967456370296
0.0022 6365.537896099062 1.000294570471418 1.567241440361364 292.9036753560971 5.987543314210432
0.0023 6365.540190813538 1.000294490831406 1.56716328916468 292.8887597120018 5.982003417389538
0.0024 6365.542535276979 1.000294409490292 1.56708513610204 292.873520699637 5.976348052361932
0.0025 6365.544929490656 1.000294326449659 1.567006980821414 292.8579583107379 5.970577510946641
0.0026 6365.547373456066 1.000294241711119 1.566928822983519 292.842072535574 5.964692090330379
0.0027 6365.549867174922 1.000294155276309 1.566850662260698 292.8258633630074 5.958692093070138
0.0028 6365.552410649152 1.000294067146888 1.566772498336374 292.8093307805115 5.952577827080032
0.0029 6365.555003880884 1.000293977324548 1.566694330903725 292.7924747742526 5.946349605641852
0.003 6365.557646872445 1.000293885811002 1.566616159665334 292.7752953291086 5.940007747391148
0.0031 6365.560339626351 1.000293792607993 1.566537984332326 292.7577924287219 5.933552576316024
0.0032 6365.563082145303 1.000293697717289 1.566459804623986 292.7399660555287 5.92698442174683
0.0033 6365.565874432186 1.000293601140685 1.566381620266887 292.7218161907889 5.920303618345463
0.0034 6365.568716490058 1.000293502880004 1.566303430994707 292.7033428146214 5.913510506096459
0.0035 6365.571608322151 1.000293402937093 1.566225236547522 292.6845459060218 5.90660543029119
0.0036 6365.57454993186 1.000293301313831 1.566147036671513 292.6654254429099 5.899588741522538
0.0037 6365.577541322747 1.000293198012121 1.566068831118558 292.6459814021472 5.892460795668315
0.0038 6365.580582498531 1.000293093033893 1.565990619645906 292.6262137595489 5.885221953872151
0.0039 6365.583673463091 1.000292986381105 1.565912402015756 292.6061224899075 5.877872582528378
0.004 6365.586814220456 1.000292878055744 1.565834177994955 292.5857075670341 5.870413053272978
0.0041 6365.590004774807 1.000292768059822 1.565755947354993 292.5649689637525 5.862843742956891
0.004200000000000001 6365.593245130471 1.000292656395379 1.565677709871325 292.5439066519406 5.855165033636235
0.0043 6365.59653529192 1.000292543064482 1.565599465323594 292.5225206025187 5.84737731254272
0.0044 6365.599875263769 1.000292428069228 1.565521213494789 292.5008107855027 5.839480972077431
0.004500000000000001 6365.603265050771 1.000292311411739 1.565442954171837 292.4787771699861 5.831476409778398
0.0046 6365.60670465782 1.000292193094164 1.565364687144691 292.4564197241697 5.823364028305018
0.0047 6365.610194089941 1.000292073118681 1.565286412206756 292.4337384153854 5.815144235419943
0.0048 6365.613733352295 1.000291951487496 1.56520812915424 292.4107332100842 5.806817443957775
0.0049 6365.617322450175 1.00029182820284 1.565129837786215 292.3874040738659 5.798384071808393
0.005 6365.620961389001 1.000291703266973 1.565051537904519 292.3637509714907 5.789844541893487
0.0051 6365.624650174325 1.000291576682183 1.564973229313558 292.3397738668854 5.781199282140628
0.005200000000000001 6365.628388811822 1.000291448450784 1.564894911820248 292.3154727231548 5.772448725459105
0.0053 6365.632177307293 1.000291318575118 1.564816585233838 292.2908475025942 5.763593309715421
0.0054 6365.636015666662 1.000291187057554 1.564738249365723 292.2658981666945 5.75463347770632
0.005500000000000001 6365.639903895975 1.000291053900489 1.564659904029599 292.2406246761606 5.745569677135717
0.0056 6365.643842001398 1.000290919106347 1.564581549041163 292.215026990911 5.736402360584902
0.0057 6365.647829989217 1.000290782677578 1.564503184218024 292.18910507009 5.727131985486667
0.005800000000000001 6365.651867865834 1.000290644616661 1.564424809379796 292.162858872079 5.717759014099085
0.0059 6365.655955637771 1.0002905049261 1.564346424347794 292.1362883544911 5.70828391347261
0.006 6365.660093311662 1.00029036360843 1.564268028945117 292.1093934741942 5.698707155427425
0.0061 6365.664280894258 1.000290220666207 1.564189622996617 292.0821741873236 5.689029216526176
0.006200000000000001 6365.668518392422 1.00029007610202 1.564111206328612 292.0546304492576 5.679250578033805
0.0063 6365.67280581313 1.00028992991848 1.564032778769116 292.0267622146533 5.669371725898077
0.0064 6365.677143163469 1.000289782118229 1.563954340147569 291.9985694374526 5.659393150719237
0.006500000000000001 6365.681530450636 1.000289632703933 1.563875890294788 291.9700520708642 5.649315347711014
0.0066 6365.68596768194 1.000289481678286 1.563797429043245 291.9412100673934 5.639138816678014
0.0067 6365.690454864794 1.000289329044007 1.56371895622647 291.912043378842 5.628864061982355
0.006800000000000001 6365.694992006722 1.000289174803843 1.563640471679545 291.8825519563083 5.618491592509978
0.006900000000000001 6365.699579115355 1.000289018960569 1.56356197523859 291.8527357501929 5.608021921638745
0.007 6365.704216198429 1.000288861516983 1.563483466741164 291.8225947102109 5.59745556720829
0.0071 6365.708903263785 1.000288702475913 1.563404946025908 291.7921287853973 5.586793051487478
0.007200000000000001 6365.71364031937 1.000288541840209 1.563326412932668 291.7613379240955 5.576034901135352
0.0073 6365.718427373234 1.000288379612751 1.563247867302393 291.7302220739811 5.565181647174185
0.0074 6365.723264433529 1.000288215796445 1.563169308977091 291.6987811820612 5.554233824953974
0.007500000000000001 6365.728151508512 1.000288050394219 1.56309073780004 291.6670151946754 5.543191974116603
0.0076 6365.733088606537 1.000287883409033 1.563012153615257 291.6349240575067 5.532056638563842
0.0077 6365.738075736066 1.000287714843868 1.562933556267969 291.6025077155704 5.520828366416852
0.007800000000000001 6365.743112905655 1.000287544701733 1.562854945604443 291.569766113243 5.509507709989734
0.007900000000000001 6365.748200123963 1.000287372985662 1.562776321471709 291.5366991942391 5.49809522574434
0.008 6365.753337399749 1.000287199698716 1.562697683717927 291.5033069016289 5.486591474259167
0.0081 6365.758524741867 1.000287024843979 1.562619032192154 291.4695891778619 5.474997020199919
0.008200000000000001 6365.763762159273 1.000286848424563 1.562540366744284 291.4355459647253 5.46331243226742
0.0083 6365.769049661017 1.000286670443605 1.562461687225107 291.4011772033917 5.451538283175777
0.008400000000000001 6365.774387256247 1.000286490904266 1.562382993486376 291.3664828343952 5.439675149605841
0.008500000000000001 6365.77977495421 1.000286309809732 1.562304285380592 291.3314627976373 5.427723612168598
0.0086 6365.785212764244 1.000286127163216 1.56222556276117 291.2961170324164 5.415684255376307
0.008700000000000001 6365.790700695786 1.000285942967955 1.562146825482319 291.2604454773926 5.40355766759119
0.008800000000000001 6365.796238758365 1.000285757227211 1.562068073399063 291.2244480706289 5.391344441000048
0.0089 6365.801826961606 1.00028556994427 1.561989306367254 291.1881247495616 5.379045171564467
0.009000000000000001 6365.807465315227 1.000285381122444 1.561910524243405 291.1514754510239 5.366660458988847
0.0091 6365.81315382904 1.000285190765069 1.561831726884966 291.1145001112403 5.354190906678144
0.0092 6365.818892512948 1.000284998875504 1.561752914150097 291.0771986658382 5.341637121701333
0.009300000000000001 6365.824681376947 1.000284805457136 1.561674085897634 291.0395710498418 5.328999714748649
0.0094 6365.830520431126 1.000284610513373 1.561595241987233 291.0016171976785 5.316279300092556
0.0095 6365.836409685664 1.000284414047648 1.561516382279207 290.9633370431842 5.303476495548469
0.009600000000000001 6365.84234915083 1.000284216063419 1.561437506634724 290.9247305196039 5.290591922433222
0.0097 6365.848338836985 1.000284016564167 1.561358614915482 290.8857975595973 5.277626205525303
0.0098 6365.854378754579 1.000283815553398 1.561279706984084 290.8465380952388 5.264579973022843
0.009900000000000001 6365.860468914149 1.00028361303464 1.561200782703657 290.8069520580292 5.251453856505311
0.01 6365.866609326327 1.000283409011445 1.561121841938096 290.7670393788725 5.238248490883203
0.0101 6365.87280000183 1.000283203487392 1.561042884551934 290.726799988105 5.224964514365168
0.0102 6365.879040951462 1.000282996466077 1.560963910410496 290.6862338154955 5.211602568415049
0.0103 6365.885332186116 1.000282787951125 1.560884919379631 290.6453407902453 5.198163297708723
0.0104 6365.891673716773 1.000282577946182 1.560805911325917 290.6041208409764 5.184647350086834
0.0105 6365.898065554498 1.000282366454915 1.560726886116653 290.5625738957609 5.171055376520926
0.0106 6365.904507710447 1.000282153481019 1.560647843619642 290.5206998820917 5.157388031059922
0.0107 6365.911000195859 1.000281939028206 1.560568783703506 290.4784987269176 5.143645970797727
0.0108 6365.917543022059 1.000281723100216 1.560489706237326 290.43597035662 5.129829855821244
0.0109 6365.924136200456 1.000281505700806 1.560410611091006 290.3931146970366 5.115940349173647
0.011 6365.930779742547 1.000281286833762 1.560331498134893 290.3499316734432 5.101978116803966
0.0111 6365.937473659911 1.000281066502887 1.560252367240161 290.3064212105777 5.087943827529901
0.0112 6365.944217964213 1.000280844712008 1.560173218278492 290.2625832326165 5.073838152985132
0.0113 6365.951012667198 1.000280621464975 1.560094051122202 290.2184176632158 5.059661767587412
0.0114 6365.957857780697 1.000280396765659 1.560014865644273 290.1739244254699 5.045415348479814
0.0115 6365.964753316624 1.000280170617952 1.559935661718201 290.1291034419413 5.031099575494612
0.0116 6365.971699286975 1.00027994302577 1.559856439218235 290.0839546346605 5.016715131107458
0.0117 6365.978695703828 1.000279713993049 1.55977719801913 290.0384779251198 5.002262700389496
0.0118 6365.985742579341 1.000279483523747 1.559697937996343 289.9926732342855 4.987742970964955
0.0119 6365.992839925754 1.000279251621842 1.559618659025767 289.9465404825977 4.973156632964795
0.012 6365.999987755392 1.000279018291336 1.559539360984102 289.9000795899527 4.958504378974579
0.0121 6366.007186080654 1.000278783536248 1.559460043748552 289.8532904757502 4.943786904002731
0.0122 6366.014434914024 1.000278547360623 1.559380707196888 289.806173058846 4.929004905418747
0.0123 6366.021734268063 1.000278309768522 1.559301351207529 289.7587272575933 4.914159082919202
0.0124 6366.029084155412 1.00027807076403 1.559221975659491 289.7109529898193 4.899250138473142
0.0125 6366.036484588793 1.000277830351251 1.559142580432372 289.6628501728486 4.884278776282143
0.0126 6366.043935581004 1.000277588534309 1.559063165406318 289.6144187234739 4.869245702723612
0.0127 6366.051437144923 1.00027734531735 1.558983730462145 289.5656585580031 4.854151626317865
0.0128 6366.058989293504 1.000277100704539 1.558904275481197 289.5165695922236 4.8389972576693
0.0129 6366.066592039781 1.00027685470006 1.558824800345472 289.4671517414266 4.823783309425818
0.013 6366.074245396862 1.000276607308119 1.558745304937462 289.4174049203947 4.808510496227076
0.0131 6366.081949377936 1.000276358532941 1.558665789140357 289.3673290434139 4.793179534659956
0.0132 6366.089703996265 1.000276108378769 1.55858625283783 289.3169240242795 4.777791143212013
0.0133 6366.097509265187 1.000275856849867 1.558506695914171 289.2661897762845 4.762346042219391
0.0134 6366.105365198117 1.000275603950519 1.558427118254313 289.2151262122369 4.746844953823651
0.0135 6366.113271808546 1.000275349685026 1.558347519743707 289.1637332444483 4.731288601919459
0.0136 6366.121229110038 1.000275094057709 1.558267900268386 289.1120107847513 4.71567771211113
0.0137 6366.129237116234 1.000274837072909 1.558188259714993 289.0599587444821 4.700013011658319
0.0138 6366.137295840845 1.000274578734984 1.55810859797079 289.0075770345096 4.684295229435882
0.0139 6366.14540529766 1.000274319048311 1.558028914923493 288.9548655652123 4.668525095877579
0.014 6366.153565500539 1.000274058017287 1.557949210461535 288.9018242464957 4.652703342932134
0.0141 6366.161776463418 1.000273795646325 1.557869484473843 288.8484529877864 4.636830704012103
0.0142 6366.170038200301 1.000273531939856 1.557789736849975 288.7947516980438 4.620907913947918
0.0143 6366.178350725269 1.000273266902332 1.55770996748006 288.7407202857488 4.604935708934822
0.0144 6366.186714052473 1.000273000538221 1.557630176254777 288.6863586589269 4.588914826490216
0.0145 6366.195128196134 1.000272732852008 1.55755036306542 288.6316667251307 4.572846005398667
0.0146 6366.203593170546 1.000272463848196 1.557470527803836 288.5766443914516 4.556729985665594
0.0147 6366.212108990075 1.000272193531305 1.557390670362506 288.5212915645142 4.540567508465627
0.0148 6366.220675669155 1.000271921905874 1.557310790634399 288.4656081504935 4.52435931609784
0.0149 6366.229293222293 1.000271648976458 1.55723088851312 288.4095940550977 4.508106151930518
0.015 6366.237961664063 1.000271374747629 1.557150963892878 288.3532491835916 4.491808760357944
0.0151 6366.24668100911 1.000271099223975 1.557071016668418 288.2965734407848 4.475467886746776
0.0152 6366.255451272149 1.000270822410101 1.556991046735095 288.2395667310315 4.459084277385832
0.0153 6366.26427246796 1.00027054431063 1.556911053988793 288.1822289582605 4.442658679444305
0.0154 6366.273144611395 1.000270264930199 1.556831038326036 288.1245600259334 4.426191840909515
0.0155 6366.282067717373 1.000269984273463 1.556750999643935 288.0665598370746 4.409684510545046
0.0156 6366.29104180088 1.000269702345093 1.556670937840119 288.0082282942825 4.393137437843638
0.0157 6366.300066876968 1.000269419149774 1.556590852812871 287.9495652997065 4.37655137296999
0.0158 6366.30914296076 1.000269134692208 1.55651074446098 287.8905707550583 4.35992706671363
0.0159 6366.318270067441 1.000268848977114 1.556430612683882 287.831244561636 4.343265270445031
0.016 6366.327448212263 1.000268562009223 1.556350457381576 287.7715866202883 4.326566736055041
0.0161 6366.336677410547 1.000268273793284 1.556270278454629 287.7115968314441 4.309832215912618
0.0162 6366.345957677676 1.000267984334061 1.556190075804206 287.6512750951068 4.293062462812546
0.0163 6366.355289029099 1.000267693636331 1.556109849332048 287.59062131086 4.276258229926443
0.0164 6366.364671480329 1.000267401704887 1.556029598940521 287.5296353778616 4.259420270750478
0.0165 6366.374105046946 1.000267108544538 1.555949324532483 287.4683171948499 4.24254933905637
0.0166 6366.383589744591 1.000266814160103 1.555869026011491 287.406666660161 4.225646188845595
0.0167 6366.393125588968 1.000266518556422 1.555788703281565 287.3446836717056 4.208711574292225
0.0168 6366.402712595847 1.000266221738343 1.55570835624745 287.2823681269923 4.191746249698753
0.0169 6366.41235078106 1.000265923710731 1.555627984814362 287.2197199231099 4.174750969440611
0.017 6366.4220401605 1.000265624478463 1.555547588888171 287.1567389567512 4.157726487921965
0.0171 6366.431780750123 1.000265324046433 1.555467168375295 287.093425124201 4.140673559521876
0.0172 6366.441572565946 1.000265022419546 1.555386723182747 287.0297783213481 4.123592938546889
0.0173 6366.451415624051 1.000264719602719 1.555306253218152 286.9657984436675 4.106485379175691
0.0174 6366.461309940575 1.000264415600884 1.555225758389726 286.9014853862617 4.089351635419649
0.0175 6366.471255531719 1.000264110418988 1.555145238606247 286.8368390438253 4.072192461062772
0.0176 6366.481252413743 1.000263804061986 1.555064693777094 286.7718593106687 4.055008609617545
0.0177 6366.491300602969 1.00026349653485 1.554984123812258 286.7065460807002 4.037800834269774
0.0178 6366.501400115776 1.000263187842561 1.554903528622278 286.6408992474557 4.020569887836011
0.0179 6366.511550968604 1.000262877990117 1.554822908118303 286.574918704075 4.003316522706945
0.018 6366.521753177949 1.000262566982522 1.554742262212125 286.5086043433315 3.986041490804853
0.0181 6366.532006760368 1.000262254824798 1.554661590816028 286.4419560576083 3.968745543527156
0.0182 6366.542311732475 1.000261941521975 1.554580893842991 286.3749737389102 3.951429431699331
0.0183 6366.552668110942 1.000261627079095 1.55450017120653 286.3076572788754 3.934093905527844
0.0184 6366.563075912499 1.000261311501213 1.554419422820768 286.2400065687579 3.916739714545511
0.0185 6366.573535153929 1.000260994793396 1.554338648600406 286.1720214994629 3.899367607570629
0.0186 6366.584045852076 1.000260676960719 1.554257848460756 286.1037019615054 3.881978332646445
0.0187 6366.594608023839 1.00026035800827 1.554177022317749 286.0350478450458 3.864572637000436
0.0188 6366.605221686171 1.000260037941149 1.554096170087862 285.9660590398897 3.847151266994512
0.0189 6366.615886856081 1.000259716764463 1.554015291688248 285.8967354354762 3.829714968072354
0.019 6366.626603550633 1.000259394483335 1.553934387036556 285.8270769208838 3.812264484711379
0.0191 6366.637371786947 1.000259071102893 1.553853456051104 285.757083384848 3.794800560377701
0.0192 6366.648191582195 1.000258746628277 1.553772498650791 285.686754715732 3.777323937469387
0.0193 6366.659062953605 1.000258421064639 1.553691514755081 285.616090801568 3.759835357277518
0.0194 6366.669985918456 1.000258094417138 1.553610504284125 285.5450915300334 3.742335559931138
0.0195 6366.680960494083 1.000257766690945 1.553529467158571 285.4737567884625 3.724825284351149
0.0196 6366.691986697872 1.000257437891239 1.553448403299703 285.4020864638354 3.707305268198506
0.0197 6366.703064547261 1.000257108023207 1.553367312629458 285.3300804428067 3.68977624783266
0.0198 6366.714194059739 1.000256777092049 1.553286195070287 285.257738611694 3.672238958259967
0.0199 6366.72537525285 1.00025644510297 1.553205050545331 285.1850608564722 3.654694133083713
0.02 6366.736608144188 1.000256112061187 1.553123878978246 285.1120470627792 3.637142504457174
0.0201 6366.747892751394 1.000255777971924 1.553042680293363 285.0386971159395 3.619584803041025
0.0202 6366.759229092164 1.000255442840413 1.552961454415549 284.9650109009348 3.6020217579481
0.0203 6366.770617184243 1.000255106671896 1.552880201270354 284.8909883024215 3.584454096699697
0.0204 6366.782057045424 1.000254769471621 1.552798920783845 284.816629204743 3.566882545180538
0.0205 6366.793548693551 1.000254431244847 1.552717612882726 284.7419334919172 3.549307827588287
0.0206 6366.805092146517 1.000254091996837 1.552636277494356 284.6669010476429 3.531730666387435
0.0207 6366.816687422261 1.000253751732864 1.552554914546627 284.5915317553057 3.514151782263349
0.0208 6366.828334538774 1.000253410458209 1.552473523968075 284.5158254979718 3.496571894073708
0.0209 6366.84003351409 1.000253068178158 1.552392105687813 284.4397821584179 3.478991718808347
0.021 6366.851784366296 1.000252724898006 1.552310659635554 284.3634016190775 3.461411971530108
0.0211 6366.863587113521 1.000252380623055 1.552229185741691 284.2866837621126 3.443833365344584
0.0212 6366.875441773945 1.000252035358612 1.552147683937112 284.2096284693597 3.426256611341366
0.0213 6366.88734836579 1.000251689109992 1.552066154153403 284.1322356223658 3.408682418555928
0.0214 6366.899306907327 1.000251341882516 1.5519845963227 284.0545051023763 3.391111493920808
0.0215 6366.911317416871 1.000250993681511 1.551903010377752 283.9764367903412 3.373544542221066
0.0216 6366.923379912782 1.000250644512312 1.551821396251935 283.8980305669205 3.355982266049921
0.0217 6366.935494413465 1.000250294380257 1.55173975387924 283.819286312479 3.33842536576193
0.0218 6366.94766093737 1.000249943290692 1.551658083194217 283.7402039070975 3.320874539430356
0.0219 6366.95987950299 1.000249591248967 1.551576384132072 283.6607832305671 3.303330482800783
0.022 6366.972150128861 1.000249238260438 1.551494656628555 283.5810241624012 3.28579388924888
0.0221 6366.984472833566 1.000248884330467 1.551412900620113 283.5009265818234 3.268265449733168
0.0222 6366.996847635724 1.00024852946442 1.551331116043725 283.4204903677913 3.250745852755808
0.0223 6367.009274554004 1.000248173667669 1.551249302836995 283.339715398973 3.233235784313248
0.0224 6367.021753607111 1.000247816945589 1.551167460938147 283.2586015537762 3.21573592785872
0.0225 6367.034284813795 1.000247459303561 1.551085590286023 283.1771487103309 3.19824696425467
0.0226 6367.046868192846 1.00024710074697 1.551003690820041 283.0953567465011 3.180769571731858
0.0227 6367.059503763096 1.000246741281205 1.550921762480211 283.0132255398788 3.163304425844873
0.0228 6367.072191543415 1.00024638091166 1.550839805207215 282.9307549678018 3.145852199432942
0.0229 6367.084931552717 1.000246019643731 1.550757818942283 282.8479449073419 3.128413562574684
0.023 6367.097723809951 1.000245657482819 1.550675803627263 282.7647952353167 3.110989182548154
0.0231 6367.11056833411 1.000245294434329 1.550593759204654 282.6813058282836 3.093579723787391
0.0232 6367.123465144222 1.000244930503669 1.55051168561749 282.5974765625577 3.07618584784418
0.0233 6367.136414259358 1.000244565696248 1.55042958280945 282.5133073141764 3.058808213339028
0.0234 6367.149415698622 1.000244200017482 1.550347450724843 282.4287979589579 3.041447475932021
0.0235 6367.16246948116 1.000243833472787 1.550265289308521 282.3439483724609 3.024104288273123
0.0236 6367.175575626153 1.000243466067583 1.550183098505982 282.2587584300071 3.006779299966209
0.0237 6367.188734152821 1.000243097807291 1.550100878263349 282.1732280066643 2.989473157524896
0.0238 6367.201945080418 1.000242728697336 1.550018628527301 282.0873569772815 2.972186504339476
0.0239 6367.215208428238 1.000242358743145 1.549936349245145 282.0011452164534 2.954919980629747
0.024 6367.228524215609 1.000241987950145 1.549854040364818 281.9145925985444 2.937674223410138
0.0241 6367.241892461892 1.000241616323769 1.549771701834786 281.8276989976997 2.920449866452649
0.0242 6367.255313186489 1.000241243869448 1.549689333604217 281.7404642878227 2.903247540243062
0.0243 6367.268786408831 1.000240870592615 1.549606935622816 281.6528883425975 2.886067871946873
0.0244 6367.282312148386 1.000240496498705 1.549524507840896 281.56497103549 2.86891148537079
0.0245 6367.295890424657 1.000240121593156 1.549442050209408 281.4767122397292 2.851779000921138
0.0246 6367.309521257178 1.000239745881404 1.549359562679873 281.3881118283433 2.834671035572933
0.0247 6367.323204665519 1.000239369368888 1.549277045204414 281.29916967413 2.81758820282663
0.0248 6367.336940669278 1.000238992061046 1.549194497735795 281.2098856496917 2.800531112677773
0.0249 6367.350729288094 1.000238613963317 1.549111920227338 281.1202596273887 2.783500371571081
0.025 6367.364570541631 1.000238235081143 1.549029312632955 281.0302914793978 2.766496582375232
0.0251 6367.378464449587 1.000237855419962 1.548946674907204 280.939981077683 2.749520344341007
0.0252 6367.392411031691 1.000237474985215 1.548864007005224 280.8493282940075 2.732572253067678
0.0253 6367.406410307704 1.000237093782341 1.548781308882738 280.7583329999214 2.715652900465305
0.0254 6367.420462297418 1.000236711816781 1.548698580496074 280.6669950667859 2.698762874723986
0.0255 6367.43456702065 1.000236329093974 1.548615821802164 280.5753143657729 2.681902760279008
0.0256 6367.448724497255 1.000235945619358 1.548533032758576 280.4832907678414 2.665073137772041
0.0257 6367.462934747112 1.000235561398372 1.54845021332336 280.3909241437731 2.648274584023564
0.0258 6367.477197790131 1.000235176436453 1.548367363455281 280.2982143641488 2.631507671994788
0.0259 6367.49151364625 1.000234790739035 1.548284483113664 280.2051612993777 2.614772970759647
0.026 6367.505882335434 1.000234404311556 1.548201572258371 280.1117648196799 2.598071045468539
0.0261 6367.52030387768 1.000234017159446 1.548118630849955 280.0180247950806 2.581402457314667
0.0262 6367.53477829301 1.000233629288139 1.548035658849488 279.9239410954332 2.564767763506008
0.0263 6367.549305601472 1.000233240703065 1.547952656218644 279.8295135904317 2.548167517235451
0.0264 6367.563885823143 1.000232851409652 1.547869622919705 279.7347421495691 2.531602267641981
0.0265 6367.578518978127 1.000232461413326 1.547786558915556 279.6396266421729 2.515072559785835
0.0266 6367.593205086551 1.000232070719511 1.547703464169651 279.5441669374167 2.498578934619757
0.0267 6367.607944168572 1.000231679333629 1.547620338646013 279.4483629042851 2.482121928952482
0.0268 6367.622736244367 1.0002312872611 1.5475371823093 279.3522144116149 2.465702075425936
0.0269 6367.637581334143 1.00023089450734 1.547453995124718 279.2557213280714 2.449319902481569
0.027 6367.652479458129 1.000230501077762 1.547370777058108 279.1588835221604 2.432975934333217
0.0271 6367.667430636579 1.000230106977779 1.54728752807581 279.0617008622338 2.416670690939323
0.0272 6367.682434889772 1.000229712212798 1.547204248144821 278.964173216484 2.400404687973559
0.0273 6367.697492238007 1.000229316788224 1.547120937232721 278.8663004529557 2.38417843679884
0.0274 6367.712602701609 1.000228920709457 1.54703759530763 278.7680824395396 2.367992444438775
0.0275 6367.727766300927 1.000228523981896 1.54695422233825 278.6695190439731 2.351847213550546
0.0276 6367.74298305633 1.000228126610935 1.546870818293912 278.5706101338573 2.335743242401076
0.0277 6367.758252988208 1.000227728601964 1.546787383144503 278.4713555766456 2.319681024838778
0.0278 6367.773576116977 1.00022732996037 1.546703916860432 278.3717552396496 2.303661050268626
0.0279 6367.788952463069 1.000226930691535 1.546620419412791 278.2718089900508 2.287683803628581
0.028 6367.804382046942 1.000226530800835 1.546536890773149 278.1715166948769 2.271749765360762
0.0281 6367.819864889071 1.000226130293646 1.546453330913701 278.0708782210376 2.255859411392506
0.0282 6367.835401009954 1.000225729175336 1.546369739807208 277.9698934353004 2.240013213108402
0.0283 6367.850990430106 1.00022532745127 1.546286117426966 277.8685622043089 2.224211637329359
0.0284 6367.866633170064 1.000224925126806 1.546202463746924 277.7668843945825 2.208455146289262
0.0285 6367.882329250383 1.000224522207299 1.546118778741498 277.6648598725104 2.192744197611177
0.0286 6367.898078691636 1.000224118698099 1.546035062385746 277.5624885043638 2.177079244286747
0.0287 6367.913881514416 1.00022371460455 1.545951314655261 277.4597701562956 2.161460734654177
0.0288 6367.929737739333 1.000223309931989 1.545867535526227 277.3567046943343 2.145889112375798
0.0289 6367.945647387016 1.000222904685751 1.54578372497536 277.2532919843965 2.130364816418753
0.029 6367.96161047811 1.000222498871163 1.545699882979947 277.1495318922861 2.114888281034346
0.0291 6367.977627033278 1.000222092493547 1.545616009517828 277.0454242836948 2.099459935737833
0.0292 6367.993697073199 1.000221685558218 1.545532104567427 276.9409690242081 2.084080205289551
0.0293 6368.009820618569 1.000221278070486 1.545448168107719 276.8361659793048 2.068749509675623
0.0294 6368.025997690099 1.000220870035654 1.545364200118216 276.7310150143575 2.053468264089125
0.0295 6368.042228308516 1.00022046145902 1.545280200579001 276.6255159946439 2.03823687891343
0.0296 6368.058512494563 1.000220052345874 1.54519616947072 276.5196687853417 2.023055759703417
0.0297 6368.074850268998 1.000219642701499 1.545112106774538 276.4134732515157 2.007925307166352
0.0298 6368.091241652591 1.000219232531174 1.545028012472204 276.3069292581603 1.992845917150816
0.0299 6368.107686666128 1.000218821840169 1.544943886545998 276.200036670169 1.97781798062594
0.03 6368.124185330412 1.000218410633747 1.544859728978751 276.0927953523232 1.962841883663746
0.0301 6368.140737666255 1.000217998917164 1.544775539753843 275.985205169345 1.947918007431038
0.0302 6368.157343694482 1.000217586695669 1.54469131885519 275.8772659858681 1.933046728170099
0.0303 6368.174003435934 1.000217173974504 1.544607066267246 275.7689776664314 1.918228417183273
0.0304 6368.190716911463 1.000216760758903 1.54452278197503 275.660340075491 1.903463440820467
0.0305 6368.207484141934 1.000216347054094 1.544438465964049 275.5513530774264 1.88875216046627
0.0306 6368.224305148223 1.000215932865293 1.544354118220425 275.4420165365517 1.87409493252833
0.0307 6368.241179951217 1.000215518197712 1.544269738730742 275.3323303170927 1.85949210842144
0.0308 6368.258108571813 1.000215103056555 1.544185327482149 275.2222942832158 1.844944034559261
0.0309 6368.275091030922 1.000214687447017 1.544100884462324 275.1119082990048 1.83045105233941
0.031 6368.292127349466 1.000214271374282 1.544016409659478 275.0011722284725 1.81601349813378
0.0311 6368.309217548372 1.000213854843531 1.543931903062341 274.8900859355844 1.801631703280821
0.0312 6368.326361648581 1.000213437859933 1.543847364660158 274.7786492842232 1.787305994070604
0.0313 6368.343559671043 1.000213020428648 1.543762794442735 274.6668621382186 1.773036691738857
0.0314 6368.360811636717 1.000212602554831 1.543678192400363 274.5547243613409 1.75882411245685
0.0315 6368.378117566568 1.000212184243623 1.543593558523879 274.4422358173073 1.744668567323299
0.0316 6368.395477481575 1.000211765500162 1.543508892804604 274.3293963697641 1.73057036235379
0.0317 6368.41289140272 1.000211346329571 1.54342419523442 274.2162058823222 1.716529798477373
0.0318 6368.430359350995 1.000210926736968 1.543339465805687 274.1026642185333 1.702547171526223
0.03190000000000001 6368.4478813474 1.000210506727461 1.543254704511282 273.9887712419017 1.688622772230234
0.032 6368.465457412942 1.000210086306148 1.543169911344629 273.8745268158785 1.67475688620992
0.0321 6368.483087568633 1.000209665478117 1.543085086299591 273.7599308038856 1.660949793973392
0.0322 6368.500771835495 1.000209244248447 1.543000229370607 273.6449830692853 1.647201770907377
0.0323 6368.518510234553 1.000208822622209 1.542915340552572 273.5296834754048 1.633513087275186
0.0324 6368.53630278684 1.000208400604462 1.542830419840901 273.4140318855415 1.619884008212978
0.0325 6368.554149513393 1.000207978200256 1.542745467231495 273.2980281629456 1.606314793723753
0.0326 6368.572050435257 1.00020755541463 1.542660482720786 273.1816721708318 1.592805698675343
0.0327 6368.590005573477 1.000207132252615 1.542575466305679 273.0649637723972 1.579356972799543
0.0328 6368.608014949109 1.000206708719232 1.542490417983543 272.9479028307914 1.565968860686252
0.0329 6368.626078583207 1.000206284819488 1.542405337752278 272.8304892091522 1.552641601785634
0.033 6368.644196496834 1.000205860558385 1.542320225610263 272.7127227705763 1.539375430403298
0.0331 6368.662368711055 1.000205435940909 1.542235081556359 272.5946033781423 1.526170575702068
0.0332 6368.680595246938 1.00020501097204 1.542149905589896 272.4761308949054 1.513027261700859
0.0333 6368.698876125553 1.000204585656746 1.542064697710722 272.3573051839029 1.499945707275396
0.0334 6368.717211367977 1.000204159999983 1.541979457919123 272.2381261081486 1.48692612615811
0.0335 6368.735600995286 1.000203734006697 1.541894186215885 272.1185935306443 1.47396872694049
0.03360000000000001 6368.754045028557 1.000203307681824 1.541808882602268 271.9987073143801 1.461073713074615
0.0337 6368.772543488873 1.000202881030289 1.541723547079986 271.8784673223285 1.448241282874549
0.0338 6368.791096397316 1.000202454057003 1.541638179651252 271.7578734174439 1.435471629518907
0.0339 6368.80970377497 1.000202026766871 1.541552780318711 271.6369254626928 1.422764941057008
0.034 6368.828365642921 1.000201599164782 1.541467349085508 271.5156233210122 1.410121400408015
0.0341 6368.847082022253 1.000201171255617 1.541381885955213 271.3939668553566 1.397541185369923
0.0342 6368.865852934053 1.000200743044244 1.541296390931878 271.2719559286569 1.385024468619752
0.0343 6368.884678399407 1.000200314535519 1.541210864020028 271.149590403856 1.372571417722224
0.0344 6368.903558439401 1.000199885734289 1.541125305224608 271.0268701438966 1.360182195134021
0.0345 6368.922493075121 1.000199456645386 1.541039714551034 270.9037950117157 1.347856958209182
0.0346 6368.941482327653 1.000199027273633 1.540954092005159 270.780364870256 1.335595859206783
0.0347 6368.96052621808 1.00019859762384 1.540868437593296 270.656579582478 1.323399045299053
0.03480000000000001 6368.979624767487 1.000198167700806 1.540782751322202 270.5324390113364 1.311266658576481
0.0349 6368.998777996952 1.000197737509318 1.540697033199069 270.4079430198093 1.299198836058656
0.035 6369.017985927558 1.000197307054149 1.540611283231525 270.2830914708751 1.287195709700379
0.0351 6369.03724858038 1.000196876340064 1.540525501427631 270.1578842275297 1.275257406402295
0.0352 6369.056565976494 1.000196445371812 1.540439687795909 270.032321152787 1.263384048020266
0.03530000000000001 6369.075938136973 1.000196014154133 1.54035384234529 269.9064021096782 1.251575751375237
0.0354 6369.095365082885 1.000195582691751 1.540267965085127 269.7801269612468 1.23983262826303
0.0355 6369.114846835298 1.000195150989382 1.540182056025214 269.6534955705655 1.228154785466834
0.0356 6369.134383415273 1.000194719051727 1.540096115175756 269.526507800725 1.216542324767403
0.0357 6369.153974843872 1.000194286883475 1.540010142547386 269.3991635148335 1.204995342954847
0.0358 6369.173621142147 1.000193854489303 1.539924138151151 269.2714625760467 1.193513931843568
0.0359 6369.193322331152 1.000193421873876 1.539838101998521 269.1434048475143 1.182098178280176
0.036 6369.213078431932 1.000192989041845 1.539752034101364 269.014990192445 1.170748164162543
0.0361 6369.232889465528 1.000192555997849 1.539665934471961 268.8862184740655 1.159463966449741
0.0362 6369.252755452978 1.000192122746516 1.53957980312301 268.7570895556436 1.148245657178273
0.0363 6369.272676415314 1.000191689292458 1.539493640067599 268.6276033004591 1.137093303474101
0.0364 6369.292652373561 1.000191255640276 1.539407445319229 268.4977595718568 1.126006967572317
0.03650000000000001 6369.312683348739 1.000190821794561 1.539321218891776 268.3675582331993 1.114986706828566
0.0366 6369.332769361861 1.000190387759885 1.539234960799541 268.2369991479021 1.104032573738059
0.0367 6369.352910433938 1.000189953540813 1.539148671057202 268.1060821794048 1.093144615949518
0.0368 6369.373106585969 1.000189519141893 1.539062349679817 267.9748071911998 1.082322876284542
0.0369 6369.39335783895 1.000189084567662 1.538975996682846 267.8431740468271 1.071567392754436
0.03700000000000001 6369.413664213867 1.000188649822644 1.538889612082134 267.7111826098679 1.060878198577506
0.0371 6369.434025731701 1.00018821491135 1.538803195893883 267.5788327439449 1.05025532219731
0.0372 6369.454442413424 1.000187779838276 1.538716748134698 267.4461243127456 1.039698787303233
0.0373 6369.474914280003 1.000187344607907 1.538630268821549 267.3130571799815 1.029208612846301
0.0374 6369.495441352394 1.000186909224715 1.538543757971764 267.1796312094406 1.018784813062969
0.0375 6369.516023651546 1.000186473693157 1.538457215603062 267.0458462649525 1.008427397492301
0.0376 6369.5366611984 1.000186038017677 1.538370641733531 266.9117022104 0.9981363709973358
0.0377 6369.557354013887 1.000185602202708 1.538284036381588 266.7771989097367 0.987911733787297
0.0378 6369.578102118931 1.000185166252668 1.538197399566041 266.6423362269519 0.9777534814361687
0.0379 6369.598905534444 1.000184730171961 1.538110731306049 266.5071140261174 0.967661604907995
0.038 6369.619764281332 1.000184293964979 1.538024031621097 266.3715321713406 0.9576360905754501
0.0381 6369.640678380491 1.0001838576361 1.537937300531056 266.2355905268117 0.9476769202459239
0.03820000000000001 6369.661647852805 1.000183421189689 1.537850538056144 266.0992889567682 0.9377840711818531
0.0383 6369.682672719148 1.000182984630098 1.537763744216897 265.9626273255361 0.9279575161271149
0.0384 6369.703753000387 1.000182547961664 1.537676919034193 265.825605497483 0.91819722332738
0.0385 6369.724888717376 1.000182111188712 1.5375900625293 265.6882233370592 0.9085031565572931
0.0386 6369.746079890957 1.000181674315553 1.537503174723738 265.5504807087799 0.8988752751437815
0.03870000000000001 6369.767326541966 1.000181237346484 1.537416255639438 265.4123774772196 0.8893135339906513
0.0388 6369.788628691224 1.00018080028579 1.53732930529861 265.2739135070473 0.8798178836064324
0.0389 6369.809986359541 1.000180363137741 1.537242323723786 265.1350886629851 0.8703882701272829
0.039 6369.831399567717 1.000179925906594 1.537155310937871 264.9959028098382 0.8610246353451976
0.0391 6369.85286833654 1.000179488596594 1.537068266964048 264.8563558124882 0.8517269167341377
0.0392 6369.874392686785 1.000179051211968 1.536981191825836 264.7164475358999 0.8424950474773442
0.0393 6369.895972639215 1.000178613756936 1.536894085547023 264.5761778451027 0.8333289564934711
0.0394 6369.917608214583 1.000178176235699 1.536806948151781 264.4355466052092 0.824228568465448
0.0395 6369.939299433628 1.000177738652446 1.536719779664536 264.2945536814203 0.8151938038688932
0.0396 6369.961046317075 1.000177301011354 1.536632580110038 264.153198939014 0.8062245789997526
0.0397 6369.982848885637 1.000176863316585 1.536545349513313 264.0114822433569 0.7973208060038274
0.0398 6370.004707160017 1.000176425572287 1.536458087899731 263.8694034598924 0.7884823929051529
0.03990000000000001 6370.0266211609 1.000175987782596 1.53637079529492 263.7269624541526 0.7797092436362275
0.04 6370.048590908959 1.000175549951633 1.536283471724795 263.5841590917643 0.7710012580681903
0.0401 6370.070616424857 1.000175112083507 1.536196117215588 263.4409932384309 0.7623583320399051
0.0402 6370.092697729238 1.000174674182312 1.536108731793792 263.2974647599507 0.7537803573895607
0.0403 6370.114834842737 1.000174236252129 1.536021315486187 263.1535735222104 0.7452672219851538
0.04040000000000001 6370.13702778597 1.000173798297025 1.535933868319847 263.0093193911974 0.7368188097563609
0.0405 6370.159276579542 1.000173360321055 1.535846390322099 262.8647022329759 0.7284350007246531
0.0406 6370.181581244043 1.000172922328259 1.535758881520548 262.7197219137223 0.7201156710371922
0.0407 6370.203941800047 1.000172484322663 1.535671341943079 262.5743782996959 0.7118606929972511
0.0408 6370.226358268114 1.000172046308282 1.535583771617842 262.4286712572565 0.7036699350976967
0.0409 6370.248830668791 1.000171608289116 1.535496170573224 262.2826006528584 0.6955432620534133
0.041 6370.271359022607 1.000171170269151 1.535408538837906 262.1361663530564 0.6874805348347017
0.04110000000000001 6370.293943350076 1.00017073225236 1.535320876440803 261.9893682245059 0.679481610700638
0.0412 6370.316583671697 1.000170294242703 1.53523318341109 261.8422061339687 0.6715463432330469
0.0413 6370.339280007956 1.000169856244126 1.535145459778194 261.6946799482893 0.6636745823691781
0.0414 6370.362032379318 1.000169418260562 1.535057705571776 261.5467895344303 0.655866174437854
0.0415 6370.384840806237 1.000168980295932 1.534969920821754 261.3985347594611 0.6481209621933223
0.04160000000000001 6370.407705309147 1.000168542354141 1.534882105558281 261.2499154905453 0.6404387848494256
0.0417 6370.43062590847 1.000168104439082 1.534794259811754 261.1009315949472 0.6328194781149845
0.0418 6370.453602624607 1.000167666554636 1.53470638361278 260.9515829400551 0.6252628742303188
0.0419 6370.476635477946 1.000167228704668 1.534618476992226 260.8018693933522 0.6177688020013062
0.042 6370.499724488856 1.000166790893031 1.534530539981163 260.6517908224336 0.6103370868361214
0.04210000000000001 6370.522869677692 1.000166353123568 1.534442572610904 260.5013470950011 0.6029675507810171
0.0422 6370.546071064789 1.000165915400103 1.534354574912966 260.3505380788746 0.5956600125572251
0.0423 6370.569328670465 1.000165477726451 1.534266546919108 260.1993636419746 0.5884142875966514
0.0424 6370.592642515025 1.000165040106412 1.534178488661272 260.0478236523398 0.5812301880795331
0.0425 6370.616012618751 1.000164602543775 1.534090400171634 259.8959179781213 0.5741075229711701
0.0426 6370.63943900191 1.000164165042314 1.534002281482561 259.7436464875822 0.5670460980591686
0.0427 6370.662921684754 1.000163727605791 1.533914132626635 259.5910090490983 0.5600457159909069
0.04280000000000001 6370.686460687513 1.000163290237954 1.533825953636645 259.4380055311634 0.553106176311478
0.0429 6370.710056030401 1.00016285294254 1.53373774454558 259.2846358023957 0.5462272755018248
0.043 6370.733707733612 1.000162415723272 1.53364950538659 259.1308997315194 0.5394088070160162
0.0431 6370.757415817327 1.000161978583859 1.533561236193064 258.9767971873774 0.5326505613200606
0.0432 6370.781180301703 1.000161541527999 1.533472936998557 258.8223280389306 0.5259523259303683
0.04330000000000001 6370.805001206883 1.000161104559378 1.533384607836782 258.6674921552639 0.5193138854526492
0.0434 6370.828878552988 1.000160667681666 1.533296248741701 258.5122894055807 0.5127350216204748
0.0435 6370.852812360122 1.000160230898523 1.533207859747409 258.3567196592084 0.5062155133345253
0.0436 6370.876802648371 1.000159794213597 1.533119440888165 258.2007827855867 0.4997551367012573
0.0437 6370.900849437803 1.000159357630521 1.53303099219844 258.0444786542797 0.4933536650727298
0.0438 6370.924952748464 1.000158921152918 1.532942513712843 257.8878071349812 0.4870108690863164
0.0439 6370.949112600383 1.000158484784397 1.53285400546617 257.7307680975094 0.4807265167040807
0.044 6370.973329013568 1.000158048528554 1.532765467493383 257.5733614118066 0.4745003732525474
0.0441 6370.997602008012 1.000157612388974 1.532676899829582 257.4155869479213 0.4683322014619218
0.0442 6371.021931603684 1.00015717636923 1.532588302510032 257.257444576056 0.4622217615079904
0.0443 6371.046317820535 1.000156740472881 1.532499675570179 257.0989341665253 0.4561688110506534
0.0444 6371.070760678497 1.000156304703477 1.532411019045572 256.9400555897681 0.450173105274687
0.04450000000000001 6371.095260197484 1.000155869064551 1.532322332971961 256.7808087163534 0.4442343969303706
0.0446 6371.119816397389 1.00015543355963 1.532233617385178 256.6211934169741 0.4383524363737744
0.0447 6371.144429298082 1.000154998192223 1.532144872321261 256.4612095624651 0.4325269716080232
0.0448 6371.169098919419 1.000154562965832 1.532056097816351 256.3008570237797 0.4267577483231303
0.0449 6371.193825281231 1.000154127883943 1.531967293906743 256.1401356720011 0.4210445099372405
0.04500000000000001 6371.218608403331 1.000153692950034 1.531878460628835 255.9790453783484 0.4153869976377183
0.0451 6371.243448305513 1.000153258167568 1.531789598019176 255.8175860141649 0.4097849504216939
0.0452 6371.268345007548 1.000152823539999 1.531700706114453 255.655757450936 0.4042381051377156
0.0453 6371.29329852919 1.000152389070766 1.53161178495146 255.493559560265 0.3987461965260356
0.0454 6371.318308890171 1.000151954763302 1.531522834567092 255.3309922138914 0.3933089572603908
0.0455 6371.343376110201 1.000151520621021 1.531433854998413 255.1680552836964 0.3879261179894079
0.0456 6371.368500208972 1.000151086647333 1.531344846282557 255.0047486416855 0.3825974073772759
0.04570000000000001 6371.393681206153 1.000150652845631 1.531255808456788 254.8410721600061 0.3773225521456423
0.0458 6371.418919121395 1.0001502192193 1.531166741558482 254.6770257109355 0.3721012771145687
0.0459 6371.444213974326 1.000149785771712 1.531077645625109 254.5126091668811 0.3669333052439155
0.046 6371.469565784556 1.000149352506229 1.53098852069424 254.3478224003865 0.3618183576749345
0.0461 6371.49497457167 1.000148919426202 1.530899366803577 254.1826652841427 0.3567561537720454
0.04620000000000001 6371.520440355236 1.00014848653497 1.530810183990869 254.0171376909651 0.3517464111635341
0.0463 6371.545963154799 1.00014805383586 1.530720972294003 253.8512394938051 0.3467888457833633
0.0464 6371.571542989884 1.000147621332192 1.530631731750936 253.6849705657559 0.3418831719127856
0.0465 6371.597179879993 1.000147189027272 1.530542462399722 253.5183307800465 0.3370291022215953
0.0466 6371.622873844609 1.000146756924395 1.530453164278482 253.3513200100423 0.3322263478095506
0.04670000000000001 6371.648624903193 1.000146325026847 1.530363837425456 253.1839381292442 0.327474618247781
0.0468 6371.674433075186 1.000145893337904 1.530274481878925 253.0161850112894 0.3227736216201681
0.0469 6371.700298380004 1.000145461860829 1.530185097677269 252.8480605299745 0.3181230645653512
0.047 6371.726220837046 1.000145030598876 1.530095684858945 252.6795645592027 0.3135226523165577
0.0471 6371.752200465687 1.000144599555289 1.530006243462466 252.5106969730367 0.3089720887443597
0.0472 6371.778237285281 1.000144168733301 1.529916773526426 252.3414576456752 0.3044710763972354
0.0473 6371.804331315161 1.000143738136135 1.52982727508948 252.1718464514528 0.3000193165427467
0.04740000000000001 6371.83048257464 1.000143307767003 1.529737748190352 252.0018632648402 0.2956165092086563
0.0475 6371.856691083006 1.00014287762911 1.529648192867828 251.8315079604616 0.2912623532244304
0.0476 6371.882956859527 1.000142447725647 1.529558609160731 251.6607804130716 0.2869565462615973
0.0477 6371.909279923451 1.000142018059798 1.529468997107976 251.4896804975664 0.2826987848749535
0.0478 6371.935660294002 1.000141588634735 1.529379356748498 251.3182080889841 0.2784887645433755
0.04790000000000001 6371.962097990384 1.000141159453623 1.529289688121301 251.1463630625048 0.2743261797105415
0.048 6371.988593031777 1.000140730519614 1.529199991265435 250.9741452934503 0.2702107238255608
0.0481 6372.015145437342 1.000140301835854 1.529110266219973 250.8015546572786 0.2661420893833614
0.0482 6372.041755226217 1.000139873405476 1.52902051302407 250.6285910295895 0.2621199679652584
0.0483 6372.068422417518 1.000139445231606 1.52893073171689 250.4552542861305 0.2581440502793976
0.04840000000000001 6372.09514703034 1.000139017317361 1.528840922337638 250.2815443027911 0.2542140262008042
0.0485 6372.121929083754 1.000138589665846 1.528751084925573 250.1074609555966 0.2503295848113207
0.0486 6372.148768596813 1.000138162280159 1.528661219519969 249.9330041207144 0.2464904144396834
0.0487 6372.175665588545 1.000137735163389 1.528571326160134 249.7581736744595 0.2426962027014533
0.0488 6372.202620077956 1.000137308318615 1.528481404885404 249.5829694932889 0.2389466365385448
0.0489 6372.229632084031 1.000136881748907 1.528391455735145 249.4073914537956 0.2352414022586196
0.049 6372.256701625735 1.000136455457327 1.528301478748737 249.2314394327203 0.2315801855747034
0.04910000000000001 6372.283828722008 1.000136029446928 1.528211473965578 249.0551133069456 0.2279626716442662
0.0492 6372.31101339177 1.000135603720754 1.528121441425118 248.878412953496 0.2243885451082663
0.0493 6372.338255653917 1.000135178281841 1.528031381166766 248.7013382495378 0.2208574901300283
0.0494 6372.365555527326 1.000134753133215 1.527941293229986 248.5238890723794 0.2173691904339446
0.0495 6372.39291303085 1.000134328277895 1.527851177654245 248.3460652994767 0.2139233293441145
0.04960000000000001 6372.420328183319 1.000133903718892 1.527761034479009 248.1678668084277 0.2105195898225628
0.0497 6372.447801003544 1.000133479459208 1.527670863743769 247.9892934769663 0.207157654507279
0.0498 6372.475331510311 1.000133055501835 1.527580665488005 247.8103451829801 0.2038372057505071
0.0499 6372.502919722387 1.00013263184976 1.527490439751198 247.6310218044868 0.2005579256560547
0.05 6372.530565658514 1.000132208505961 1.527400186572835 247.4513232196576 0.1973194961172806
0.05010000000000001 6372.558269337415 1.000131785473408 1.527309905992405 247.2712493068001 0.1941215988541052
0.0502 6372.586030777789 1.000131362755061 1.527219598049394 247.0907999443692 0.1909639154503466
0.0503 6372.613849998314 1.000130940353875 1.527129262783273 246.9099750109621 0.1878461273905135
0.0504 6372.641727017644 1.000130518272796 1.527038900233498 246.7287743853116 0.184767916096382
0.0505 6372.669661854416 1.000130096514764 1.526948510439532 246.5471979462985 0.1817289629636456
0.0506 6372.697654527238 1.000129675082709 1.526858093440827 246.3652455729515 0.1787289493981173
0.0507 6372.725705054703 1.000129253979555 1.526767649276809 246.1829171444291 0.1757675568514077
0.05080000000000001 6372.753813455377 1.000128833208219 1.526677177986886 246.0002125400496 0.1728444668571322
0.0509 6372.781979747806 1.000128412771609 1.52658667961045 245.8171316392612 0.1699593610659032
0.051 6372.810203950515 1.000127992672628 1.526496154186895 245.6336743216542 0.1671119212807468
0.0511 6372.838486082005 1.000127572914169 1.526405601755556 245.4498404669665 0.1643018294921539
0.0512 6372.866826160757 1.000127153499122 1.526315022355775 245.265629955078 0.1615287679126821
0.05130000000000001 6372.895224205229 1.000126734430366 1.526224416026855 245.0810426660104 0.1587924190113869
0.0514 6372.923680233859 1.000126315710775 1.526133782808067 244.8960784799155 0.1560924655478058
0.0515 6372.952194265061 1.000125897343216 1.526043122738662 244.7107372771046 0.1534285906062741
0.0516 6372.980766317228 1.00012547933055 1.525952435857853 244.5250189380193 0.1508004776290889
0.0517 6373.009396408731 1.00012506167563 1.525861722204831 244.3389233432489 0.1482078104500802
0.05180000000000001 6373.038084557919 1.000124644381303 1.525770981818748 244.1524503735244 0.1456502733275485
0.0519 6373.066830783122 1.00012422745041 1.525680214738711 243.9655999097071 0.1431275509768348
0.05200000000000001 6373.095635102644 1.000123810885784 1.525589421003791 243.7783718328118 0.1406393286030788
0.0521 6373.124497534771 1.000123394690254 1.525498600653036 243.5907660239894 0.1381852919331048
0.0522 6373.153418097764 1.00012297886664 1.525407753725447 243.4027823645328 0.1357651272473283
0.0523 6373.182396809865 1.000122563417759 1.52531688025997 243.2144207358764 0.1333785214112707
0.0524 6373.211433689295 1.000122148346418 1.525225980295515 243.025681019585 0.1310251619066148
0.05250000000000001 6373.24052875425 1.000121733655422 1.525135053870933 242.8365630973771 0.1287047368623881
0.0526 6373.269682022908 1.000121319347567 1.525044101025063 242.6470668511009 0.1264169350852312
0.0527 6373.298893513423 1.000120905425644 1.52495312179667 242.4571921627529 0.1241614460898583
0.0528 6373.328163243928 1.000120491892439 1.524862116224468 242.2669389144652 0.1219379601288249
0.0529 6373.357491232538 1.000120078750731 1.52477108434713 242.076306988506 0.1197461682221143
0.05300000000000001 6373.38687749734 1.000119666003295 1.524680026203272 241.8852962672912 0.1175857621865207
0.0531 6373.416322056406 1.000119253652897 1.524588941831455 241.6939066333611 0.1154564346642913
0.0532 6373.445824927784 1.000118841702302 1.524497831270187 241.5021379694034 0.1133578791519647
0.0533 6373.475386129499 1.000118430154266 1.524406694557912 241.309990158254 0.1112897900285892
0.0534 6373.50500567956 1.00011801901154 1.524315531733032 241.1174630828608 0.1092518625832193
0.05350000000000001 6373.534683595948 1.000117608276873 1.52422434283387 240.9245566263375 0.1072437930430172
0.0536 6373.564419896627 1.000117197953003 1.524133127898719 240.7312706719216 0.1052652785999832
0.05370000000000001 6373.59421459954 1.000116788042668 1.524041886965783 240.5376051029929 0.1033160174379647
0.0538 6373.624067722606 1.000116378548598 1.523950620073212 240.3435598030609 0.1013957087589977
0.0539 6373.653979283728 1.000115969473519 1.523859327259098 240.1491346557713 0.09950405280946977
0.054 6373.683949300782 1.000115560820151 1.523768008561452 239.9543295449174 0.09764075090596971
0.0541 6373.713977791627 1.00011515259121 1.52367666401824 239.7591443544228 0.09580550546048357
0.05420000000000001 6373.744064774101 1.000114744789408 1.523585293667355 239.563578968341 0.09399802000540135
0.0543 6373.77421026602 1.000114337417449 1.523493897546613 239.3676332708673 0.09221799921825975
0.0544 6373.80441428518 1.000113930478034 1.523402475693786 239.1713071463331 0.09046514894594256
0.0545 6373.834676849353 1.000113523973861 1.523311028146553 238.9746004792058 0.08873917622856317
0.0546 6373.864997976295 1.000113117907621 1.523219554942515 238.7775131540828 0.08703978932291885
0.05470000000000001 6373.895377683738 1.000112712282001 1.52312805611924 238.5800450557034 0.08536669772571942
0.0548 6373.925815989395 1.000112307099683 1.523036531714188 238.382196068931 0.08371961219618052
0.0549 6373.956312910959 1.000111902363346 1.522944981764763 238.1839660787649 0.08209824477848875
0.055 6373.986868466101 1.000111498075663 1.522853406308292 237.9853549703465 0.08050230882382382
0.0551 6374.017482672472 1.000111094239303 1.522761805382023 237.7863626289353 0.07893151901175853
0.05520000000000001 6374.048155547702 1.000110690856931 1.522670179023142 237.5869889399386 0.07738559137169863
0.0553 6374.078887109401 1.000110287931207 1.522578527268748 237.3872337888937 0.07586424330355218
0.05540000000000001 6374.109677375159 1.000109885464789 1.522486850155873 237.1870970614681 0.07436719359815323
0.0555 6374.140526362545 1.000109483460327 1.522395147721462 236.9865786434592 0.07289416245729354
0.0556 6374.171434089109 1.00010908192047 1.522303420002385 236.7856784207946 0.07144487151336065
0.0557 6374.20240057238 1.000108680847862 1.522211667035438 236.5843962795319 0.0700190438485809
0.0558 6374.233425829866 1.000108280245142 1.522119888857344 236.3827321058706 0.06861640401394833
0.05590000000000001 6374.264509879058 1.000107880114945 1.522028085504726 236.1806857861224 0.06723667804746805
0.056 6374.295652737423 1.000107480459905 1.521936257014155 235.9782572067528 0.06587959349249493
0.0561 6374.32685442241 1.000107081282647 1.521844403422109 235.7754462543338 0.06454487941506598
0.0562 6374.358114951448 1.000106682585797 1.521752524764978 235.5722528155851 0.06323226642143495
0.0563 6374.389434341948 1.000106284371974 1.521660621079083 235.3686767773387 0.06194148667469505
0.05640000000000001 6374.420812611296 1.000105886643795 1.521568692400659 235.1647180265744 0.06067227391146435
0.0565 6374.452249776864 1.000105489403871 1.521476738765862 234.9603764503844 0.05942436345771589
0.0566 6374.483745856 1.000105092654812 1.521384760210761 234.7556519360027 0.05819749224461831
0.0567 6374.515300866034 1.000104696399221 1.521292756771357 234.5505443707815 0.05699139882364464
0.0568 6374.546914824277 1.000104300639702 1.521200728483553 234.3450536421973 0.0558058233814652
0.05690000000000001 6374.578587748021 1.000103905378849 1.521108675383184 234.1391796378624 0.05464050775446765
0.057 6374.610319654536 1.000103510619259 1.521016597505988 233.9329222455193 0.05349519544277102
0.05710000000000001 6374.642110561074 1.000103116363521 1.52092449488762 233.7262813530168 0.05236963162374655
0.0572 6374.673960484869 1.000102722614223 1.520832367563668 233.5192568483516 0.0512635631654965
0.0573 6374.705869443134 1.000102329373946 1.520740215569632 233.3118486196325 0.05017673863950745
0.0574 6374.737837453062 1.00010193664527 1.520648038940925 233.1040565550987 0.04910890833319609
0.0575 6374.769864531828 1.000101544430772 1.520555837712867 232.8958805431192 0.04805982426195576
0.05760000000000001 6374.801950696588 1.000101152733025 1.520463611920722 232.6873204721813 0.04702924018074584
0.0577 6374.834095964478 1.000100761554597 1.520371361599646 232.4783762308906 0.04601691159534604
0.0578 6374.866300352616 1.000100370898055 1.520279086784725 232.2690477079945 0.04502259577332393
0.0579 6374.898563878101 1.00009998076596 1.520186787510966 232.0593347923467 0.04404605175431933
0.058 6374.930886558011 1.000099591160872 1.520094463813273 231.8492373729313 0.04308704036021936
0.05810000000000001 6374.963268409407 1.000099202085346 1.520002115726492 231.6387553388562 0.04214532420479446
0.0582 6374.995709449331 1.000098813541934 1.519909743285361 231.4278885793477 0.04122066770294303
0.05830000000000001 6375.028209694807 1.000098425533185 1.51981734652457 231.2166369837563 0.04031283707959671
0.0584 6375.060769162838 1.000098038061644 1.519724925478698 231.0050004415506 0.03942160037818122
0.0585 6375.093387870411 1.000097651129853 1.519632480182251 230.7929788423293 0.03854672746876243
0.05860000000000001 6375.126065834491 1.000097264740351 1.519540010669662 230.5805720758093 0.03768799005570227
0.0587 6375.158803072028 1.000096878895674 1.519447516975266 230.36778003182 0.03684516168495654
0.05880000000000001 6375.191599599951 1.000096493598352 1.519354999133341 230.1546026003206 0.03601801775108009
0.0589 6375.224455435172 1.000096108850916 1.519262457178056 229.9410396713828 0.03520633550370545
0.059 6375.257370594583 1.000095724655889 1.519169891143531 229.7270911352083 0.03440989405377817
0.0591 6375.290345095061 1.000095341015795 1.519077301063776 229.5127568821052 0.03362847437925336
0.0592 6375.32337895346 1.000094957933152 1.518984686972745 229.2980368025118 0.03286185933059144
0.05930000000000001 6375.356472186619 1.000094575410474 1.518892048904299 229.0829307869784 0.03210983363572291
0.0594 6375.389624811358 1.000094193450275 1.518799386892235 228.8674387261739 0.03137218390472597
0.0595 6375.422836844479 1.000093812055062 1.518706700970253 228.6515605108851 0.03064869863410911
0.0596 6375.456108302767 1.000093431227341 1.518613991171991 228.4352960320174 0.02993916821072327
0.0597 6375.489439202985 1.000093050969614 1.518521257531023 228.2186451806 0.02924338491532394
0.05980000000000001 6375.522829561881 1.000092671284379 1.518428500080806 228.0016078477746 0.02856114292571006
0.0599 6375.556279396185 1.000092292174132 1.518335718854759 227.7841839247952 0.02789223831953985
0.06000000000000001 6375.589788722611 1.000091913641363 1.518242913886202 227.5663733030282 0.02723646907678554
0.0601 6375.623357557852 1.000091535688562 1.518150085208412 227.3481758739639 0.02659363508186394
0.0602 6375.656985918582 1.000091158318213 1.518057232854558 227.129591529217 0.02596353812537275
0.0603 6375.690673821462 1.000090781532798 1.517964356857745 226.9106201604967 0.02534598190539144
0.0604 6375.724421283132 1.000090405334795 1.517871457251023 226.6912616596422 0.02474077202862
0.06050000000000001 6375.758228320216 1.000090029726677 1.517778534067363 226.4715159185993 0.02414771601099936
0.0606 6375.792094949317 1.000089654710916 1.517685587339653 226.2513828294376 0.02356662327810355
0.0607 6375.826021187026 1.00008928028998 1.517592617100723 226.0308622843335 0.02299730516509364
0.0608 6375.860007049912 1.000088906466332 1.517499623383328 225.8099541755754 0.02243957491639814
0.0609 6375.894052554528 1.000088533242433 1.517406606220166 225.5886583955702 0.02189324768505556
0.06100000000000001 6375.92815771741 1.000088160620738 1.517313565643853 225.3669748368369 0.021358140531695
0.0611 6375.962322555076 1.000087788603702 1.517220501686955 225.144903392007 0.02083407242320283
0.0612 6375.996547084026 1.000087417193772 1.517127414381958 224.9224439538301 0.02032086423107746
0.0613 6376.030831320746 1.000087046393396 1.517034303761284 224.6995964151505 0.01981833872939383
0.0614 6376.065175281701 1.000086676205014 1.516941169857303 224.4763606689425 0.01932632059258476
0.06150000000000001 6376.099578983341 1.000086306631066 1.51684801270231 224.2527366082867 0.01884463639277047
0.0616 6376.134042442096 1.000085937673983 1.516754832328555 224.0287241263762 0.01837311459684445
0.06170000000000001 6376.168565674383 1.000085569336199 1.516661628768198 223.8043231165106 0.01791158556322518
0.0618 6376.2031486966 1.000085201620138 1.516568402053373 223.5795334721014 0.01745988153832843
0.0619 6376.237791525127 1.000084834528223 1.516475152216129 223.3543550866729 0.01701783665272508
0.062 6376.272494176328 1.000084468062874 1.51638187928848 223.1287878538673 0.01658528691701312
0.0621 6376.30725666655 1.000084102226504 1.516288583302359 222.9028316674275 0.01616207021735054
0.06220000000000001 6376.342079012123 1.000083737021523 1.516195264289666 222.6764864212026 0.01574802631074622
0.0623 6376.37696122936 1.000083372450339 1.516101922282232 222.4497520091603 0.01534299682007392
0.0624 6376.411903334558 1.000083008515353 1.516008557311841 222.2226283253743 0.01494682522876044
0.0625 6376.446905343995 1.000082645218964 1.515915169410222 221.9951152640309 0.01455935687522896
0.0626 6376.481967273935 1.000082282563564 1.515821758609051 221.7672127194227 0.01418043894704779
0.06270000000000001 6376.517089140624 1.000081920551544 1.515728324939968 221.5389205859427 0.0138099204748106
0.06280000000000001 6376.552270960291 1.000081559185288 1.515634868434543 221.3102387581083 0.01344765232579881
0.0629 6376.587512749149 1.000081198467177 1.51554138912432 221.0811671305313 0.01309348719729579
0.063 6376.622814523394 1.000080838399587 1.515447887040771 220.8517055979418 0.01274727960972972
0.0631 6376.658176299203 1.000080478984889 1.515354362215354 220.6218540551821 0.01240888589951527
0.06320000000000001 6376.693598092742 1.00008012022545 1.515260814679459 220.3916123971775 0.01207816421161429
0.06330000000000001 6376.729079920156 1.000079762123633 1.515167244464448 220.1609805189891 0.01175497449197283
0.0634 6376.764621797574 1.000079404681795 1.515073651601628 219.9299583157725 0.01143917847957902
0.0635 6376.80022374111 1.000079047902289 1.514980036122277 219.6985456827841 0.01113063969835629
0.0636 6376.835885766862 1.000078691787463 1.514886398057628 219.4667425153983 0.01082922344883892
0.06370000000000001 6376.871607890908 1.000078336339659 1.514792737438888 219.234548709096 0.01053479679958012
0.06380000000000001 6376.907390129315 1.000077981561216 1.514699054297207 219.0019641594525 0.01024722857834013
0.0639 6376.943232498128 1.000077627454466 1.514605348663729 218.7689887621676 0.009966389363107375
0.064 6376.979135013379 1.000077274021738 1.51451162056953 218.5356224130354 0.009692151472832408
0.0641 6377.015097691083 1.000076921265353 1.514417870045692 218.3018650079624 0.009424388958011338
0.06420000000000001 6377.051120547238 1.00007656918763 1.514324097123232 218.0677164429557 0.009162977591029221
0.06430000000000001 6377.087203597826 1.00007621779088 1.51423030183315 217.8331766141286 0.008907794856324498
0.0644 6377.123346858815 1.00007586707741 1.514136484206427 217.5982454177009 0.008658719940350923
0.0645 6377.159550346154 1.00007551704952 1.514042644274016 217.362922749999 0.008415633721348622
0.06460000000000001 6377.195814075776 1.000075167709506 1.513948782066829 217.1272085074555 0.008178418758929013
0.06470000000000001 6377.232138063599 1.000074819059659 1.513854897615765 216.8911025866095 0.007946959283478198
0.0648 6377.268522325523 1.000074471102263 1.513760990951705 216.6546048841004 0.00772114118537774
0.0649 6377.304966877434 1.000074123839595 1.513667062105504 216.4177152966803 0.007500852004070436
0.065 6377.341471735201 1.000073777273927 1.513573111107998 216.1804337211955 0.007285980916930105
0.06510000000000001 6377.378036914675 1.000073431407528 1.513479137989999 215.9427600546109 0.007076418728007072
0.06520000000000001 6377.414662431695 1.000073086242657 1.51338514278231 215.7046941939856 0.006872057856571746
0.0653 6377.451348302079 1.000072741781569 1.513291125515716 215.4662360364854 0.006672792325537188
0.0654 6377.488094541633 1.00007239802651 1.513197086220995 215.2273854793883 0.006478517749726095
0.0655 6377.524901166144 1.000072054979724 1.513103024928905 214.988142420067 0.00628913132397432
0.06560000000000001 6377.561768191384 1.000071712643446 1.513008941670188 214.7485067560064 0.006104531811123834
0.06570000000000001 6377.598695633109 1.000071371019904 1.512914836475587 214.5084783847918 0.005924619529856571
0.0658 6377.63568350706 1.000071030111322 1.512820709375838 214.2680572041094 0.00574929634240779
0.0659 6377.67273182896 1.000070689919914 1.512726560401656 214.0272431117572 0.005578465642161946
0.066 6377.709840614517 1.00007035044789 1.512632389583774 213.7860360056401 0.00541203234111403
0.06610000000000001 6377.747009879422 1.000070011697452 1.512538196952895 213.5444357837572 0.005249902857211121
0.06620000000000001 6377.784239639352 1.000069673670794 1.512443982539744 213.3024423442142 0.005091985101598675
0.0663 6377.821529909965 1.000069336370106 1.512349746375034 213.0600555852292 0.004938188465754532
0.0664 6377.858880706906 1.000068999797569 1.512255488489469 212.8172754051087 0.004788423808501599
0.0665 6377.896292045802 1.000068663955356 1.512161208913775 212.5741017022896 0.004642603442963457
0.06660000000000001 6377.933763942264 1.000068328845633 1.512066907678676 212.3305343752853 0.004500641123367816
0.06670000000000001 6377.971296411888 1.00006799447056 1.511972584814897 212.0865733227278 0.004362452031819173
0.0668 6378.008889470253 1.000067660832289 1.511878240353163 211.8422184433551 0.004227952764954076
0.0669 6378.046543132923 1.000067327932963 1.511783874324232 211.5974696360003 0.004097061320517632
0.067 6378.084257415444 1.000066995774719 1.511689486758841 211.3523267996142 0.00396969708388382
0.06710000000000001 6378.122032333348 1.000066664359686 1.511595077687764 211.1067898332366 0.003845780814476204
0.06720000000000001 6378.15986790215 1.000066333689984 1.511500647141775 210.8608586360255 0.003725234632153326
0.0673 6378.197764137349 1.000066003767726 1.511406195151664 210.6145331072333 0.003607982003504385
0.0674 6378.235721054428 1.000065674595017 1.511311721748235 210.3678131462192 0.003493947728105395
0.0675 6378.273738668853 1.000065346173952 1.511217226962323 210.1206986524543 0.003383057924718346
0.06760000000000001 6378.311816996076 1.00006501850662 1.511122710824763 209.8731895255045 0.003275240017430659
0.06770000000000001 6378.349956051531 1.000064691595101 1.51102817336642 209.625285665048 0.003170422721766087
0.0678 6378.388155850636 1.000064365441466 1.51093361461817 209.3769869708634 0.003068536030741819
0.0679 6378.426416408795 1.000064040047777 1.510839034610949 209.128293342836 0.002969511200897118
0.06800000000000001 6378.464737741392 1.000063715416089 1.510744433375661 208.8792046809512 0.002873280738284964
0.06810000000000001 6378.503119863799 1.000063391548446 1.510649810943287 208.6297208853069 0.002779778384442774
0.0682 6378.541562791369 1.000063068446885 1.510555167344799 208.3798418561017 0.002688939102330005
0.0683 6378.58006653944 1.000062746113433 1.510460502611222 208.1295674936404 0.002600699062253022
0.0684 6378.618631123333 1.000062424550107 1.510365816773609 207.8788976983341 0.002514995627771924
0.06850000000000001 6378.657256558354 1.000062103758916 1.510271109863032 207.6278323707005 0.002431767341595664
0.06860000000000001 6378.695942859791 1.000061783741861 1.510176381910605 207.3763714113578 0.002350953911467639
0.0687 6378.734690042918 1.00006146450093 1.510081632947482 207.1245147210365 0.002272496196053209
0.0688 6378.773498122989 1.000061146038105 1.509986863004841 206.8722622005734 0.002196336190821391
0.0689 6378.812367115247 1.000060828355355 1.509892072113909 206.619613750894 0.002122417013927358
0.06900000000000001 6378.851297034915 1.000060511454642 1.509797260305953 206.3665692730541 0.002050682892120045
0.06910000000000001 6378.890287897199 1.000060195337918 1.509702427612259 206.1131286682038 0.001981079146638224
0.0692 6378.929339717291 1.000059880007122 1.509607574064195 205.8592918376056 0.001913552179137425
0.0693 6378.968452510367 1.000059565464187 1.509512699693136 205.6050586826167 0.001848049457625709
0.0694 6379.007626291582 1.000059251711033 1.509417804530511 205.3504291047183 0.001784519502434213
0.06950000000000001 6379.046861076081 1.000058938749569 1.509322888607811 205.0954030054744 0.00172291187219524
0.06960000000000001 6379.086156878988 1.000058626581698 1.509227951956556 204.8399802865791 0.001663177149872037
0.0697 6379.125513715411 1.000058315209307 1.50913299460833 204.5841608498271 0.001605266928802003
0.0698 6379.164931600443 1.000058004634277 1.50903801659475 204.3279445971192 0.001549133798785008
0.0699 6379.20441054916 1.000057694858474 1.508943017947502 204.0713314304629 0.001494731332209657
0.07000000000000001 6379.24395057662 1.000057385883757 1.508847998698319 203.8143212519721 0.001442014070222225
0.07010000000000001 6379.283551697866 1.000057077711971 1.508752958878979 203.5569139638727 0.001390937508942663
0.0702 6379.323213927923 1.000056770344953 1.508657898521328 203.2991094685034 0.00134145808572831
0.0703 6379.3629372818 1.000056463784525 1.508562817657273 203.0409076682971 0.001293533165486498
0.0704 6379.402721774491 1.000056158032501 1.508467716318757 202.7823084658111 0.001247121027051364
0.07050000000000001 6379.442567420969 1.000055853090683 1.508372594537806 202.523311763703 0.001202180849608654
0.07060000000000001 6379.482474236194 1.000055548960859 1.508277452346491 202.2639174647369 0.001158672699187295
0.0707 6379.522442235108 1.000055245644808 1.508182289776962 202.0041254718011 0.001116557515216595
0.0708 6379.562471432635 1.000054943144298 1.508087106861414 201.7439356878725 0.001075797097141352
0.07090000000000001 6379.602561843683 1.000054641461082 1.507991903632117 201.483348016064 0.001036354091119913
0.07100000000000001 6379.642713483142 1.000054340596903 1.507896680121403 201.2223623595772 0.0009981919767792433
0.0711 6379.682926365888 1.000054040553492 1.507801436361679 200.960978621726 0.0009612750540560569
0.0712 6379.723200506777 1.000053741332567 1.507706172385411 200.6991967059483 0.0009255684301129203
0.0713 6379.763535920649 1.000053442935835 1.507610888225133 200.4370165157828 0.0008910380063292012
0.07140000000000001 6379.803932622326 1.00005314536499 1.50751558391346 200.1744379548803 0.0008576504653793164
0.07150000000000001 6379.844390626614 1.000052848621712 1.507420259483062 199.9114609270099 0.0008253732583944919
0.0716 6379.8849099483 1.000052552707671 1.507324914966717 199.6480853360471 0.0007941745922091566
0.0717 6379.925490602157 1.000052257624524 1.507229550397226 199.3843110859797 0.0007640234166987079
0.0718 6379.966132602938 1.000051963373912 1.507134165807506 199.1201380809019 0.0007348894122071035
0.07190000000000001 6380.006835965379 1.000051669957467 1.507038761230537 198.8555662250382 0.0007067429770710216
0.07200000000000001 6380.047600704198 1.000051377376807 1.506943336699369 198.5905954227131 0.0006795552152335207
0.0721 6380.088426834097 1.000051085633534 1.506847892247141 198.3252255783699 0.0006532979239603252
0.0722 6380.12931436976 1.000050794729241 1.506752427907068 198.0594565965579 0.0006279435816522283
0.0723 6380.170263325854 1.000050504665506 1.506656943712447 197.7932883819507 0.000603465335761527
0.07240000000000001 6380.211273717026 1.000050215443891 1.506561439696651 197.5267208393342 0.0005798369908084376
0.07250000000000001 6380.252345557908 1.000049927065949 1.506465915893146 197.2597538736007 0.0005570329965028546
0.0726 6380.293478863113 1.000049639533217 1.506370372335467 196.9923873897668 0.000535028435974401
0.0727 6380.334673647237 1.000049352847217 1.506274809057247 196.7246212929612 0.0005137990141077026
0.0728 6380.375929924857 1.00004906700946 1.506179226092195 196.4564554884308 0.0004933210459885872
0.07290000000000001 6380.417247710533 1.000048782021441 1.50608362347412 196.1878898815352 0.0004735714454601609
0.07300000000000001 6380.458627018807 1.000048497884641 1.505988001236905 195.9189243777518 0.0004545277137920362
0.0731 6380.500067864205 1.000048214600529 1.505892359414517 195.6495588826705 0.000436167928462224
0.0732 6380.541570261229 1.000047932170557 1.505796698041033 195.3797933020113 0.0004184707320554691
0.0733 6380.583134224369 1.000047650596164 1.505701017150604 195.1096275416006 0.0004014153212747759
0.07340000000000001 6380.624759768094 1.000047369878776 1.505605316777478 194.8390615073889 0.0003849814360729179
0.07350000000000001 6380.666446906856 1.0000470900198 1.505509596955988 194.5680951054331 0.0003691493488998965
0.0736 6380.708195655087 1.000046811020634 1.505413857720575 194.2967282419321 0.0003538998540728247
0.0737 6380.750006027203 1.000046532882658 1.50531809910575 194.0249608231792 0.0003392142572611633
0.0738 6380.7918780376 1.000046255607236 1.505222321146144 193.7527927555979 0.0003250743650978697
0.07390000000000001 6380.833811700657 1.000045979195721 1.505126523876466 193.4802239457298 0.0003114624749097051
0.07400000000000001 6380.875807030732 1.000045703649448 1.505030707331527 193.2072543002408 0.0002983613645712096
0.0741 6380.917864042166 1.000045428969737 1.504934871546235 192.933883725921 0.0002857542824817246
0.0742 6380.959982749282 1.000045155157894 1.504839016555596 192.6601121296666 0.0002736249376656977
0.07430000000000001 6381.002163166383 1.00004488221521 1.504743142394705 192.38593941851 0.000261957489999759
0.07440000000000001 6381.044405307755 1.000044610142959 1.504647249098774 192.111365499596 0.0002507365405625163
0.0745 6381.086709187662 1.000044338942401 1.504551336703104 191.8363902801992 0.0002399471221117935
0.0746 6381.129074820352 1.000044068614779 1.504455405243089 191.5610136677127 0.0002295746896866422
0.0747 6381.171502220053 1.000043799161322 1.504359454754234 191.2852355696535 0.0002196051113364724
0.07480000000000001 6381.213991400976 1.000043530583242 1.504263485272142 191.0090558936571 0.0002100246589764132
0.07490000000000001 6381.25654237731 1.000043262881735 1.504167496832527 190.7324745474829 0.0002008199993700271
0.075 6381.299155163227 1.000042996057983 1.504071489471186 190.4554914390263 0.0001919781852392746
0.0751 6381.341829772876 1.000042730113151 1.50397546322404 190.1781064763071 0.0001834866465009144
0.0752 6381.384566220392 1.000042465048385 1.503879418127108 189.9003195674512 0.0001753331816301562
0.07530000000000001 6381.427364519887 1.00004220086482 1.503783354216507 189.6221306207325 0.000167505949153413
0.07540000000000001 6381.470224685456 1.000041937563571 1.503687271528457 189.3435395445371 0.0001599934592660493
0.0755 6381.513146731172 1.000041675145739 1.503591170099301 189.0645462473811 0.0001527845655789664
0.0756 6381.556130671092 1.000041413612406 1.503495049965471 188.7851506379051 0.0001458684569916084
0.0757 6381.599176519248 1.00004115296464 1.503398911163511 188.5053526248911 0.0001392346496924951
0.07580000000000001 6381.642284289658 1.000040893203491 1.50330275373008 188.2251521172219 0.0001328729792850439
0.07590000000000001 6381.685453996317 1.000040634329993 1.503206577701924 187.9445490239399 0.0001267735930422128
0.076 6381.728685653202 1.000040376345163 1.503110383115915 187.6635432541879 0.0001209269422845129
0.0761 6381.771979274267 1.000040119250001 1.503014170009037 187.3821347172624 0.0001153237748862859
0.0762 6381.815334873451 1.000039863045491 1.502917938418364 187.1003233225664 0.0001099551279051634
0.07630000000000001 6381.858752464669 1.000039607732599 1.502821688381094 186.8181089796507 0.0001048123203382277
0.07640000000000001 6381.902232061818 1.000039353312274 1.502725419934523 186.5354915981842 9.988694600114013e-005
0.0765 6381.945773678773 1.000039099785449 1.502629133116074 186.2524710879778 9.517086653211894e-005
0.0766 6381.989377329389 1.000038847153038 1.50253282796326 185.9690473589725 9.065620451850762e-005
0.0767 6382.033043027503 1.00003859541594 1.502436504513723 185.6852203212333 8.633533674612159e-005
0.07680000000000001 6382.076770786931 1.000038344575035 1.502340162805202 185.4009898849494 8.220088757066974e-005
0.07690000000000001 6382.120560621466 1.000038094631187 1.50224380287555 185.1163559604696 7.824572241092071e-005
0.077 6382.164412544883 1.000037845585241 1.502147424762733 184.8313184582611 7.446294136127157e-005
0.0771 6382.208326570936 1.000037597438025 1.502051028504838 184.545877288915 7.084587292481112e-005
0.07720000000000001 6382.252302713358 1.00003735019035 1.50195461414005 184.2600323631763 6.738806786558154e-005
0.07730000000000001 6382.296340985861 1.000037103843009 1.501858181706662 183.9737835919021 6.408329317804411e-005
0.07740000000000001 6382.340441402137 1.000036858396777 1.501761731243099 183.6871308861095 6.092552617485613e-005
0.0775 6382.384603975857 1.000036613852412 1.501665262787885 183.4000741569274 5.790894868984241e-005
0.0776 6382.428828720671 1.000036370210653 1.50156877637966 183.1126133156389 5.502794139735474e-005
0.07770000000000001 6382.473115650207 1.000036127472222 1.501472272057174 182.8247482736568 5.22770782453045e-005
0.07780000000000001 6382.517464778072 1.000035885637823 1.501375749859289 182.5364789425302 4.965112100193204e-005
0.0779 6382.561876117856 1.000035644708142 1.501279209824986 182.2478052339378 4.714501391483648e-005
0.078 6382.606349683121 1.000035404683846 1.501182651993361 181.9587270597125 4.475387848158208e-005
0.0781 6382.650885487413 1.000035165565586 1.501086076403608 181.6692443318169 4.247300833012797e-005
0.07820000000000001 6382.695483544255 1.000034927353992 1.50098948309505 181.3793569623439 4.02978642086292e-005
0.07830000000000001 6382.740143867147 1.000034690049679 1.500892872107114 181.0890648635458 3.822406908345343e-005
0.0784 6382.784866469569 1.000034453653239 1.500796243479351 180.7983679477992 3.624740334356719e-005
0.0785 6382.829651364981 1.000034218165251 1.500699597251414 180.5072661276225 3.43638001110223e-005
0.0786 6382.874498566819 1.000033983586272 1.500602933463075 180.2157593156761 3.25693406557992e-005
0.07870000000000001 6382.919408088497 1.000033749916842 1.500506252154213 179.923847424768 3.086024991397089e-005
0.07880000000000001 6382.96437994341 1.000033517157482 1.500409553364831 179.6315303678365 2.92328921077887e-005
0.0789 6383.009414144927 1.000033285308696 1.500312837135039 179.3388080579733 2.76837664668219e-005
0.079 6383.0545107064 1.000033054370966 1.500216103505057 179.0456804084005 2.620950304837598e-005
0.0791 6383.099669641155 1.000032824344759 1.500119352515229 178.7521473324936 2.480685865643866e-005
0.07920000000000001 6383.144890962497 1.000032595230521 1.500022584206 178.4582087437701 2.347271285741162e-005
0.07930000000000001 6383.19017468371 1.00003236702868 1.499925798617942 178.1638645558836 2.220406409155822e-005
0.0794 6383.235520818055 1.000032139739646 1.499828995791715 177.8691146826412 2.099802587890834e-005
0.0795 6383.280929378771 1.000031913363808 1.499732175768121 177.5739590379861 1.985182311803334e-005
0.0796 6383.326400379075 1.000031687901539 1.49963533858806 177.2783975360152 1.876278847665898e-005
0.07970000000000001 6383.371933832157 1.000031463353192 1.499538484292549 176.9824300909789 1.772835887253804e-005
0.07980000000000001 6383.417529751192 1.000031239719099 1.499441612922712 176.6860566172521 1.674607204321344e-005
0.0799 6383.463188149329 1.000031016999576 1.499344724519781 176.3892770293631 1.581356320361549e-005
0.08 6383.508909039693 1.000030795194919 1.499247819125116 176.0920912419941 1.492856178979455e-005
0.08010000000000001 6383.554692435388 1.000030574305404 1.499150896780175 175.7944991699809 1.408888828753289e-005
0.08020000000000001 6383.600538349493 1.000030354331289 1.49905395752654 175.4965007282953 1.329245114441004e-005
0.08030000000000001 6383.646446795068 1.000030135272813 1.498957001405886 175.1980958320568 1.253724376407268e-005
0.0804 6383.692417785148 1.000029917130194 1.498860028460018 174.8992843965388 1.18213415812117e-005
0.0805 6383.738451332743 1.000029699903634 1.498763038730839 174.6000663371682 1.114289921586601e-005
0.08060000000000001 6383.784547450844 1.000029483593313 1.498666032260368 174.300441569514 1.050014770565862e-005
0.08070000000000001 6383.830706152415 1.000029268199392 1.498569009090738 174.0004100093046 9.891391814668964e-006
0.08080000000000001 6383.876927450398 1.000029053722016 1.498471969264181 173.6999715724104 9.315007417408042e-006
0.0809 6383.923211357714 1.000028840161306 1.49837491282305 173.3991261748614 8.76943895666471e-006
0.081 6383.969557887258 1.000028627517367 1.498277839809802 173.0978737328236 8.253196973685608e-006
0.08110000000000001 6384.015967051902 1.000028415790283 1.498180750267 172.7962141626402 7.764855709504451e-006
0.08120000000000001 6384.062438864495 1.000028204980119 1.498083644237329 172.4941473807847 7.30305077577485e-006
0.0813 6384.108973337862 1.000027995086922 1.49798652176356 172.191673303896 6.866476894031132e-006
0.0814 6384.155570484806 1.000027786110717 1.497889382888597 171.8887918487607 6.453885701781102e-006
0.0815 6384.202230318103 1.000027578051512 1.497792227655432 171.585502932331 6.064083624213257e-006
0.08160000000000001 6384.248952850509 1.000027370909293 1.497695056107176 171.2818064716893 5.695929810041388e-006
0.08170000000000001 6384.295738094754 1.00002716468403 1.497597868287036 170.977702384101 5.348334130325541e-006
0.0818 6384.342586063543 1.00002695937567 1.497500664238344 170.6731905869737 5.020255238697397e-006
0.0819 6384.38949676956 1.000026754984143 1.497403444004512 170.3682709978624 4.710698691845626e-006
0.082 6384.436470225463 1.000026551509357 1.497306207629086 170.0629435344939 4.418715128892207e-006
0.08210000000000001 6384.483506443886 1.000026348951203 1.497208955155694 169.7572081147426 4.143398508287025e-006
0.08220000000000001 6384.530605437438 1.000026147309551 1.497111686628077 169.4510646566545 3.883884401018471e-006
0.0823 6384.577767218707 1.000025946584252 1.497014402090086 169.1445130784053 3.639348338747047e-006
0.0824 6384.624991800253 1.000025746775137 1.49691710158567 168.8375532983545 3.409004215724343e-006
0.0825 6384.672279194614 1.000025547882018 1.496819785158883 168.5301852350088 3.192102743076396e-006
0.08260000000000001 6384.719629414302 1.000025349904685 1.496722452853878 168.2224088070351 2.9879299543153e-006
0.08270000000000001 6384.767042471806 1.000025152842913 1.49662510471491 167.9142239332595 2.795805760789756e-006
0.0828 6384.81451837959 1.000024956696454 1.496527740786348 167.6056305326678 2.615082555859451e-006
0.0829 6384.862057150091 1.000024761465039 1.496430361112648 167.2966285244114 2.44514386658472e-006
0.083 6384.909658795724 1.000024567148384 1.496332965738375 166.9872178277955 2.285403051720851e-006
0.08310000000000001 6384.957323328879 1.000024373746181 1.496235554708186 166.6773983622846 2.135302044855137e-006
0.08320000000000001 6385.005050761921 1.000024181258105 1.496138128066851 166.3671700475151 1.994310141509414e-006
0.0833 6385.052841107188 1.00002398968381 1.496040685859223 166.0565328032766 1.861922829040102e-006
0.0834 6385.100694376996 1.00002379902293 1.495943228130268 165.7454865495246 1.737660658227602e-006
0.08350000000000001 6385.148610583635 1.000023609275082 1.495845754925045 165.434031206374 1.621068155411218e-006
0.08360000000000001 6385.196589739368 1.000023420439859 1.495748266288707 165.1221666941054 1.511712774078246e-006
0.08370000000000001 6385.244631856436 1.000023232516838 1.495650762266506 164.8098929331649 1.409183884811354e-006
0.0838 6385.292736947053 1.000023045505576 1.495553242903787 164.497209844158 1.313091802523691e-006
0.0839 6385.340905023406 1.000022859405607 1.495455708246007 164.1841173478618 1.22306684993446e-006
0.08400000000000001 6385.38913609766 1.00002267421645 1.495358158338687 163.8706153652132 1.138758456234327e-006
0.08410000000000001 6385.437430181953 1.0000224899376 1.495260593227478 163.5567038173084 1.0598342899321e-006
0.08420000000000001 6385.485787288398 1.000022306568535 1.495163012958099 163.2423826254152 9.859794248783938e-007
0.0843 6385.534207429082 1.000022124108713 1.495065417576369 162.9276517109669 9.168955384735283e-007
0.0844 6385.582690616066 1.000021942557572 1.494967807128204 162.6125109955682 8.523001411001178e-007
0.08450000000000001 6385.631236861387 1.00002176191453 1.494870181659612 162.2969604009835 7.919258358240408e-007
0.08460000000000001 6385.679846177055 1.000021582178986 1.494772541216685 161.9809998491427 7.355196074397915e-007
0.0847 6385.728518575053 1.000021403350318 1.494674885845612 161.664629262153 6.828421399429966e-007
0.0848 6385.777254067341 1.000021225427887 1.49457721559267 161.3478485622812 6.336671615286903e-007
0.0849 6385.826052665851 1.000021048411033 1.494479530504223 161.0306576719657 5.877808162482926e-007
0.08500000000000001 6385.87491438249 1.000020872299074 1.494381830626737 160.7130565138162 5.449810614581093e-007
0.08510000000000001 6385.923839229137 1.000020697091312 1.494284116006739 160.395045010608 5.050770902195738e-007
0.0852 6385.97282721765 1.000020522787028 1.494186386690867 160.0766230852759 4.678887778288137e-007
0.0853 6386.021878359855 1.000020349385483 1.494088642725831 159.7577906609439 4.332461516739592e-007
0.0854 6386.070992667555 1.00002017688592 1.493990884158444 159.4385476608899 4.009888836211505e-007
0.08550000000000001 6386.120170152528 1.000020005287559 1.493893111035585 159.1188940085689 3.709658041746364e-007
0.08560000000000001 6386.169410826521 1.000019834589606 1.493795323404222 158.7988296276134 3.430344376495128e-007
0.0857 6386.21871470126 1.000019664791241 1.49369752131142 158.4783544418095 3.170605576246667e-007
0.0858 6386.268081788441 1.00001949589163 1.493599704804311 158.1574683751327 2.929177619669243e-007
0.0859 6386.317512099735 1.000019327889916 1.493501873930112 157.8361713517237 2.704870667177132e-007
0.08600000000000001 6386.367005646785 1.000019160785224 1.493404028736132 157.5144632958949 2.496565181692278e-007
0.08610000000000001 6386.416562441211 1.00001899457666 1.493306169269749 157.19234413213 2.303208224633631e-007
0.0862 6386.466182494602 1.00001882926331 1.493208295578425 156.8698137850901 2.123809920679429e-007
0.0863 6386.515865818522 1.00001866484424 1.493110407709702 156.5468721796077 1.957440084999037e-007
0.08640000000000001 6386.565612424511 1.000018501318497 1.493012505711195 156.223519240681 1.803225006838863e-007
0.08650000000000001 6386.615422324078 1.000018338685109 1.492914589630606 155.8997548934912 1.660344383514834e-007
0.08660000000000001 6386.665295528708 1.000018176943085 1.492816659515706 155.575579063397 1.528028398995117e-007
0.0867 6386.715232049858 1.000018016091413 1.492718715414347 155.2509916759226 1.40555494145645e-007
0.0868 6386.765231898959 1.000017856129065 1.492620757374451 154.9259926567696 1.29224695435699e-007
0.08690000000000001 6386.815295087413 1.000017697054989 1.492522785444017 154.6005819318169 1.18746991570128e-007
0.08700000000000001 6386.865421626598 1.000017538868117 1.492424799671127 154.2747594271149 1.090629440349608e-007
0.08710000000000001 6386.915611527861 1.000017381567363 1.492326800103916 153.948525068903 1.001169000383249e-007
