0 6365.5 1.000352780027837 1.565474259400205 293.15 19.17438782329015
0.0001 6365.503419623317 1.000352591105295 1.565409202641845 293.1277724484374 19.14800550700269
0.0002 6365.506880661606 1.000352400024674 1.565344124606588 293.1052756995645 19.1213360399599
0.0003 6365.510383128506 1.000352206789819 1.565279024965131 293.0825096647112 19.09438045188122
0.0004 6365.51392703787 1.000352011404611 1.565213903391137 293.0594742538423 19.06713978295735
0.0005 6365.51751240376 1.000351813872973 1.565148759560436 293.0361693755625 19.03961508381183
0.0006000000000000001 6365.521139240442 1.000351614198868 1.565083593151424 293.0125949371289 19.01180741546903
0.0007 6365.524807562392 1.000351412386298 1.565018403844813 292.9887508444507 18.98371784930773
0.0008 6365.528517384289 1.000351208439305 1.564953191323643 292.9646370021186 18.95534746704895
0.0009000000000000001 6365.532268721015 1.000351002361969 1.564887955273025 292.9402533134052 18.92669736070831
0.001 6365.536061587652 1.000350794158412 1.564822695380386 292.9155996802646 18.89776863254805
0.0011 6365.539895999485 1.000350583832794 1.564757411335099 292.8906760033505 18.86856239504922
0.0012 6365.543771971997 1.000350371389316 1.564692102828468 292.8654821820218 18.83907977086951
0.0013 6365.547689520868 1.000350156832215 1.564626769554069 292.8400181143605 18.80932189281433
0.0014 6365.551648661975 1.000349940165772 1.56456141120696 292.81428369716 18.77928990377282
0.0015 6365.555649411392 1.000349721394304 1.56449602748442 292.7882788259543 18.74898495670165
0.0016 6365.559691785382 1.000349500522168 1.564430618085366 292.7620033950183 18.71840821457369
0.0017 6365.563775800405 1.000349277553762 1.564365182710617 292.7354572973676 18.68756085032631
0.0018 6365.567901473112 1.00034905249352 1.564299721062531 292.7086404247706 18.65644404682283
0.0019 6365.572068820346 1.000348825345918 1.564234232845301 292.6815526677482 18.62505899679968
0.002 6365.576277859138 1.00034859611547 1.564168717764702 292.6541939156035 18.59340690284739
0.0021 6365.580528606705 1.000348364806728 1.564103175528231 292.626564056416 18.5614889773497
0.0022 6365.584821080456 1.000348131424286 1.564037605844819 292.5986629770354 18.52930644242241
0.0023 6365.589155297985 1.000347895972772 1.563972008425112 292.5704905630995 18.49686052987891
0.0024 6365.59353127707 1.000347658456857 1.563906382981165 292.5420466990462 18.4641524811884
0.0025 6365.597949035675 1.00034741888125 1.563840729226624 292.5133312681131 18.4311835474198
0.0026 6365.602408591948 1.000347177250696 1.563775046876502 292.4843441523379 18.39795498918531
0.0027 6365.606909964218 1.00034693356998 1.563709335647432 292.4550852325818 18.3644680766105
0.0028 6365.611453170998 1.000346687843928 1.563643595257254 292.4255543885118 18.33072408925642
0.0029 6365.616038230981 1.000346440077401 1.563577825425392 292.3957514986245 18.29672431608861
0.003 6365.620665163037 1.000346190275298 1.563512025872612 292.3656764402575 18.26247005543195
0.0031 6365.625333986221 1.00034593844256 1.563446196321028 292.3353290895665 18.22796261488455
0.0032 6365.630044719759 1.000345684584162 1.563380336494028 292.3047093215658 18.19320331130529
0.0033 6365.634797383062 1.000345428705118 1.563314446116495 292.2738170100996 18.15819347072002
0.0034 6365.63959199571 1.000345170810482 1.563248524914488 292.2426520278826 18.12293442830781
0.0035 6365.644428577465 1.000344910905344 1.563182572615405 292.211214246477 18.08742752831298
0.0036 6365.64930714826 1.000344648994831 1.563116588947998 292.1795035363097 18.05167412400343
0.0037 6365.654227728203 1.00034438508411 1.563050573642134 292.1475197666786 18.01567557761506
0.0038 6365.659190337577 1.000344119178383 1.562984526429106 292.1152628057524 17.97943326028904
0.0039 6365.664194996833 1.00034385128289 1.56291844704137 292.0827325205886 17.94294855202847
0.004 6365.669241726599 1.000343581402909 1.562852335212603 292.0499287771094 17.90622284160804
0.0041 6365.674330547668 1.000343309543755 1.56278619067768 292.0168514401552 17.86925752656935
0.004200000000000001 6365.679461481011 1.00034303571078 1.562720013172845 291.9835003734314 17.83205401309655
0.0043 6365.684634547761 1.000342759909372 1.562653802435343 291.9498754395557 17.79461371600398
0.0044 6365.689849769223 1.000342482144957 1.562587558203725 291.9159765000521 17.75693805866356
0.004500000000000001 6365.695107166868 1.000342202422997 1.562521280217732 291.8818034153568 17.71902847294511
0.0046 6365.700406762338 1.00034192074899 1.562454968218209 291.8473560448064 17.68088639913631
0.0047 6365.705748577436 1.000341637128473 1.562388621947256 291.8126342466675 17.64251328590819
0.0048 6365.711132634133 1.000341351567015 1.562322241148121 291.7776378781367 17.60391059024719
0.0049 6365.716558954566 1.000341064070226 1.56225582556513 291.7423667953229 17.56507977736712
0.005 6365.722027561034 1.000340774643748 1.562189374943941 291.7068208532768 17.52602232067305
0.0051 6365.727538476001 1.000340483293262 1.56212288903106 291.6709999059907 17.48673970169178
0.005200000000000001 6365.733091722093 1.000340190024481 1.562056367574503 291.634903806393 17.44723340999549
0.0053 6365.738687322098 1.000339894843159 1.561989810323124 291.5985324063657 17.40750494315079
0.0054 6365.744325298964 1.00033959775508 1.561923217026993 291.5618855567326 17.36755580663492
0.005500000000000001 6365.750005675802 1.000339298766068 1.56185658743737 291.5249631072887 17.32738751379663
0.0056 6365.755728475881 1.000338997881979 1.561789921306696 291.487764906777 17.28700158575848
0.0057 6365.761493722627 1.000338695108705 1.561723218388274 291.4502908029234 17.24639955138304
0.005800000000000001 6365.76730143963 1.000338390452174 1.561656478436817 291.4125406424076 17.20558294716795
0.0059 6365.773151650632 1.000338083918348 1.561589701207922 291.3745142708925 17.16455331720457
0.006 6365.779044379535 1.000337775513223 1.561522886458505 291.3362115330241 17.12331221310409
0.0061 6365.784979650397 1.000337465242831 1.561456033946368 291.2976322724197 17.08186119391045
0.006200000000000001 6365.79095748743 1.000337153113236 1.561389143430656 291.2587763317036 17.04020182606372
0.0063 6365.796977915003 1.00033683913054 1.561322214671461 291.2196435524833 16.99833568329923
0.0064 6365.803040957637 1.000336523300876 1.56125524743001 291.180233775361 16.9562643465846
0.006500000000000001 6365.809146640007 1.000336205630412 1.561188241468626 291.140546839952 16.91398940406234
0.0066 6365.815294986944 1.000335886125349 1.561121196550774 291.1005825848664 16.87151245095412
0.0067 6365.821486023425 1.000335564791922 1.561054112441004 291.060340847739 16.82883508951507
0.006800000000000001 6365.827719774583 1.0003352416364 1.560986988904964 291.0198214652113 16.78595892893711
0.006900000000000001 6365.8339962657 1.000334916665084 1.560919825709405 290.9790242729495 16.74288558528962
0.007 6365.840315522208 1.000334589884311 1.560852622622136 290.9379491056501 16.69961668144693
0.0071 6365.846677569687 1.000334261300447 1.560785379412113 290.8965957970344 16.65615384700296
0.007200000000000001 6365.853082433868 1.000333930919894 1.560718095849371 290.8549641798599 16.61249871820403
0.0073 6365.859530140629 1.000333598749084 1.560650771705094 290.8130540859146 16.56865293786261
0.0074 6365.866020715994 1.000333264794483 1.560583406751507 290.7708653460408 16.52461815530156
0.007500000000000001 6365.872554186136 1.000332929062589 1.560516000761903 290.7283977901169 16.48039602625449
0.0076 6365.879130577371 1.000332591559934 1.560448553510744 290.6856512470876 16.43598821281521
0.0077 6365.885749916162 1.000332252293078 1.560381064773537 290.6426255449454 16.39139638333723
0.007800000000000001 6365.892412229116 1.000331911268615 1.560313534326973 290.5993205107492 16.34662221236982
0.007900000000000001 6365.899117542982 1.000331568493171 1.560245961948749 290.5557359706176 16.30166738056903
0.008 6365.905865884653 1.000331223973402 1.56017834741776 290.5118717497529 16.2565335746388
0.0081 6365.912657281167 1.000330877715997 1.560110690513886 290.4677276724177 16.21122248722284
0.008200000000000001 6365.919491759698 1.000330529727675 1.560042991018235 290.423303561964 16.16573581685085
0.0083 6365.926369347566 1.000330180015185 1.559975248712942 290.3785992408215 16.1200752678417
0.008400000000000001 6365.933290072229 1.000329828585308 1.559907463381272 290.3336145305096 16.07424255023053
0.008500000000000001 6365.940253961286 1.000329475444855 1.559839634807596 290.2883492516434 16.02823937968915
0.0086 6365.947261042471 1.000329120600667 1.559771762777448 290.242803223939 15.98206747744619
0.008700000000000001 6365.95431134366 1.000328764059616 1.559703847077346 290.1969762662083 15.93572857019459
0.008800000000000001 6365.961404892867 1.000328405828603 1.559635887495084 290.1508681963645 15.88922439001091
0.0089 6365.968541718238 1.00032804591456 1.559567883819376 290.104478831452 15.84255667429783
0.009000000000000001 6365.975721848059 1.000327684324445 1.559499835840261 290.0578079876162 15.79572716566665
0.0091 6365.98294531075 1.00032732106525 1.559431743348815 290.010855480128 15.74873761187305
0.0092 6365.990212134865 1.000326956143994 1.559363606137161 289.9636211233773 15.70158976572259
0.009300000000000001 6365.997522349094 1.000326589567723 1.559295423998633 289.9161047308907 15.65428538499957
0.0094 6366.004875982257 1.000326221343516 1.559227196727688 289.8683061153319 15.60682623237757
0.0095 6366.012273063308 1.000325851478477 1.559158924119839 289.8202250884955 15.55921407532384
0.009600000000000001 6366.019713621335 1.000325479979739 1.559090605971821 289.7718614613249 15.51145068602681
0.0097 6366.027197685552 1.000325106854463 1.559022242081454 289.7232150439121 15.46353784130538
0.0098 6366.034725285308 1.000324732109841 1.558953832247644 289.6742856454979 15.41547732251807
0.009900000000000001 6366.042296450079 1.000324355753088 1.558885376270538 289.6250730744836 15.36727091548323
0.01 6366.049911209471 1.000323977791449 1.558816873951358 289.5755771384369 15.31892041039309
0.0101 6366.057569593218 1.000323598232196 1.55874832509245 289.5257976440861 15.27042760171577
0.0102 6366.065271631179 1.000323217082628 1.558679729497419 289.4757343973378 15.2217942881201
0.0103 6366.073017353343 1.000322834350071 1.558611086970812 289.4253872032708 15.17302227237691
0.0104 6366.080806789824 1.000322450041877 1.558542397318498 289.3747558661424 15.12411336127149
0.0105 6366.088639970862 1.000322064165424 1.558473660347431 289.3238401893999 15.07506936552142
0.0106 6366.096516926818 1.000321676728118 1.55840487586574 289.2726399756806 15.02589209968239
0.0107 6366.104437688184 1.00032128773739 1.558336043682669 289.2211550268061 14.97658338204828
0.0108 6366.112402285567 1.000320897200695 1.558267163608675 289.1693851438175 14.92714503459028
0.0109 6366.120410749699 1.000320505125518 1.558198235455322 289.1173301269581 14.87757888284472
0.011 6366.128463111436 1.000320111519364 1.558129259035385 289.064989775667 14.827886755812
0.0111 6366.136559401753 1.000319716389765 1.558060234162802 289.0123638886029 14.77807048588335
0.0112 6366.144699651745 1.000319319744281 1.557991160652645 288.9594522636561 14.72813190875566
0.0113 6366.152883892627 1.000318921590491 1.557922038321189 288.9062546979247 14.67807286331267
0.0114 6366.161112155733 1.000318521936003 1.557852866985835 288.8527709877384 14.62789519155044
0.0115 6366.169384472512 1.000318120788446 1.55778364646526 288.7990009286699 14.57760073849119
0.0116 6366.177700874536 1.000317718155476 1.557714376579209 288.7449443155177 14.52719135206915
0.0117 6366.186061393487 1.000317314044769 1.557645057148704 288.6906009423354 14.47666888306031
0.0118 6366.194466061165 1.000316908464027 1.557575687995882 288.6359706024258 14.42603518497863
0.0119 6366.202914909488 1.000316501420975 1.557506268944088 288.581053088329 14.37529211396669
0.012 6366.211407970483 1.000316092923359 1.557436799817894 288.525848191858 14.32444152872965
0.0121 6366.219945276295 1.00031568297895 1.557367280443006 288.470355704081 14.27348529041975
0.0122 6366.22852685918 1.00031527159554 1.557297710646392 288.4145754153332 14.22242526254784
0.0123 6366.237152751503 1.000314858780944 1.557228090256186 288.3585071152282 14.17126331089438
0.0124 6366.245822985745 1.000314444542998 1.557158419101684 288.3021505926589 14.12000130340945
0.0125 6366.254537594495 1.000314028889561 1.557088697013468 288.2455056357848 14.06864111010169
0.0126 6366.26329661045 1.000313611828512 1.557018923823263 288.1885720320737 14.01718460297532
0.0127 6366.27210006642 1.000313193367753 1.556949099364029 288.1313495682724 13.96563365590245
0.0128 6366.280947995318 1.000312773515204 1.556879223469977 288.0738380304359 13.91399014454858
0.0129 6366.289840430168 1.000312352278808 1.556809295976469 288.0160372039098 13.86225594625529
0.013 6366.298777404099 1.00031192966653 1.556739316720078 287.957946873354 13.81043293995978
0.0131 6366.307758950348 1.00031150568635 1.556669285538704 287.8995668227366 13.75852300608765
0.0132 6366.316785102254 1.000311080346274 1.556599202271334 287.8408968353518 13.70652802646646
0.0133 6366.325855893262 1.000310653654321 1.556529066758314 287.7819366937964 13.65444988420241
0.0134 6366.334971356921 1.000310225618536 1.556458878841091 287.7226861800167 13.60229046361947
0.0135 6366.344131526879 1.000309796246979 1.556388638362429 287.6631450752851 13.55005165013556
0.0136 6366.353336436892 1.00030936554773 1.556318345166347 287.6033131602002 13.49773533015944
0.0137 6366.362586120813 1.000308933528887 1.556247999097999 287.543190214716 13.44534339101336
0.0138 6366.371880612594 1.000308500198567 1.556177600003886 287.4827760181364 13.39287772082411
0.0139 6366.381219946291 1.000308065564905 1.556107147731676 287.4220703491091 13.34034020841418
0.014 6366.390604156056 1.000307629636054 1.55603664213033 287.3610729856372 13.28773274320807
0.0141 6366.400033276138 1.000307192420183 1.555966083050056 287.2997837051033 13.23505721514845
0.0142 6366.409507340886 1.000306753925481 1.555895470342281 287.2382022842397 13.1823155145663
0.0143 6366.419026384744 1.000306314160151 1.555824803859714 287.1763284991638 13.12950953210681
0.0144 6366.428590442252 1.000305873132413 1.555754083456288 287.1141621253604 13.07664115860947
0.0145 6366.438199548045 1.000305430850507 1.555683308987222 287.0517029377055 13.02371228502329
0.0146 6366.44785373685 1.000304987322684 1.555612480309037 286.9889507104721 12.97072480230656
0.0147 6366.457553043491 1.000304542557214 1.555541597279401 286.9259052173064 12.91768060130167
0.0148 6366.467297502881 1.000304096562382 1.555470659757352 286.8625662312755 12.86458157266959
0.0149 6366.477087150025 1.000303649346487 1.555399667603184 286.7989335248375 12.81142960675932
0.015 6366.486922020021 1.000303200917846 1.555328620678421 286.7350068698651 12.75822659352203
0.0151 6366.496802148055 1.000302751284787 1.555257518845892 286.6707860376399 12.70497442240028
0.0152 6366.506727569405 1.000302300455655 1.555186361969674 286.6062707988702 12.65167498223675
0.0153 6366.516698319432 1.000301848438808 1.555115149915157 286.5414609236908 12.59833016116806
0.0154 6366.52671443359 1.000301395242617 1.555043882549022 286.4763561816629 12.5449418465185
0.0155 6366.536775947418 1.000300940875469 1.554972559739152 286.4109563417804 12.49151192469864
0.0156 6366.54688289654 1.000300485345762 1.554901181354797 286.3452611724873 12.43804228111334
0.0157 6366.557035316667 1.000300028661908 1.554829747266517 286.279270441666 12.3845348000455
0.0158 6366.567233243592 1.000299570832332 1.554758257346029 286.2129839166549 12.33099136456389
0.0159 6366.577476713193 1.000299111865469 1.554686711466462 286.1464013642429 12.27741385641161
0.016 6366.587765761433 1.000298651769769 1.554615109502216 286.0795225506867 12.22380415591364
0.0161 6366.598100424352 1.000298190553693 1.554543451328977 286.0123472417107 12.17016414186988
0.0162 6366.608480738076 1.000297728225712 1.554471736823733 285.9448752025077 12.11649569144826
0.0163 6366.618906738806 1.000297264794309 1.55439996586476 285.8771061977617 12.06280068009655
0.0164 6366.629378462828 1.000296800267979 1.554328138331629 285.809039991619 12.00908098141183
0.0165 6366.639895946502 1.000296334655226 1.554256254105277 285.7406763477351 11.95533846707093
0.0166 6366.65045922627 1.000295867964565 1.554184313067867 285.6720150292452 11.90157500669994
0.0167 6366.661068338647 1.000295400204521 1.55411231510292 285.6030557987941 11.84779246779029
0.0168 6366.671723320226 1.000294931383627 1.554040260095283 285.5337984185297 11.79399271558691
0.0169 6366.682424207676 1.000294461510428 1.553968147931064 285.4642426501035 11.74017761298117
0.017 6366.69317103774 1.000293990593477 1.553895978497719 285.3943882546881 11.68634902041744
0.0171 6366.703963847234 1.000293518641334 1.553823751684025 285.3242349929773 11.63250879578589
0.0172 6366.714802673047 1.000293045662569 1.553751467380067 285.2537826251918 11.57865879431994
0.0173 6366.725687552141 1.000292571665762 1.553679125477231 285.1830309110854 11.52480086849358
0.0174 6366.736618521547 1.000292096659496 1.553606725868272 285.111979609945 11.47093686791431
0.0175 6366.747595618369 1.000291620652365 1.553534268447228 285.0406284806021 11.41706863922514
0.0176 6366.75861887978 1.00029114365297 1.553461753109469 284.968977281433 11.36319802599755
0.0177 6366.769688343018 1.000290665669917 1.553389179751719 284.8970257703826 11.30932686864227
0.0178 6366.780804045394 1.000290186711821 1.553316548272001 284.8247737049404 11.2554570042846
0.0179 6366.791966024283 1.0002897067873 1.553243858569705 284.7522208421586 11.20159026667101
0.018 6366.803174317127 1.000289225904981 1.553171110545485 284.6793669386756 11.14772848607989
0.0181 6366.814428961433 1.000288744073494 1.553098304101404 284.6062117506862 11.09387348919292
0.0182 6366.825729994773 1.000288261301476 1.553025439140813 284.5327550339774 11.04002709901484
0.0183 6366.83707745478 1.000287777597569 1.552952515568449 284.4589965439285 10.9861911347668
0.0184 6366.848471379155 1.000287292970418 1.552879533290299 284.3849360354928 10.93236741176708
0.0185 6366.859911805655 1.000286807428674 1.552806492213756 284.3105732632397 10.87855774135512
0.0186 6366.871398772104 1.000286320980991 1.552733392247562 284.2359079813244 10.82476393076382
0.0187 6366.882932316381 1.000285833636026 1.552660233301746 284.1609399435241 10.77098778303932
0.0188 6366.894512476426 1.00028534540244 1.552587015287747 284.0856689032315 10.71723109693079
0.0189 6366.90613929024 1.000284856288898 1.552513738118297 284.0100946134434 10.66349566677632
0.019 6366.917812795878 1.000284366304066 1.552440401707478 283.9342168267957 10.60978328242284
0.0191 6366.929533031453 1.000283875456613 1.552367005970741 283.8580352955581 10.55609572911637
0.0192 6366.941300035135 1.000283383755209 1.55229355082488 283.7815497716218 10.5024347873886
0.0193 6366.953113845149 1.000282891208529 1.55222003618801 283.7047600065292 10.44880223297277
0.0194 6366.964974499775 1.000282397825245 1.552146461979632 283.6276657514621 10.39519983669064
0.0195 6366.976882037344 1.000281903614033 1.55207282812057 283.5502667572654 10.34162936436434
0.0196 6366.988836496241 1.000281408583567 1.551999134533026 283.472562774435 10.28809257670384
0.0197 6367.000837914901 1.000280912742524 1.55192538114051 283.3945535531419 10.23459122921912
0.0198 6367.012886331814 1.00028041609958 1.551851567867926 283.3162388432082 10.18112707210006
0.0199 6367.024981785516 1.000279918663411 1.551777694641519 283.2376183941486 10.12770185014115
0.02 6367.037124314593 1.000279420442691 1.551703761388879 283.1586919551468 10.07431730262195
0.0201 6367.049313957681 1.000278921446094 1.551629768038959 283.079459275073 10.02097516321604
0.0202 6367.061550753462 1.000278421682293 1.551555714522076 282.9999201024961 9.967677159896134
0.0203 6367.073834740665 1.000277921159958 1.551481600769879 282.9200741856774 9.91442501482746
0.0204 6367.086165958065 1.00027741988776 1.551407426715382 282.839921272577 9.861220444269531
0.0205 6367.09854444448 1.000276917874363 1.551333192292978 282.7594611108829 9.808065158493717
0.0206 6367.110970238773 1.000276415128433 1.551258897438391 282.6786934479754 9.754960861658031
0.0207 6367.123443379853 1.00027591165863 1.551184542088714 282.5976180309575 9.701909251725427
0.0208 6367.135963906667 1.000275407473611 1.551110126182382 282.5162346066658 9.648912020370441
0.0209 6367.148531858206 1.000274902582031 1.551035649659219 282.434542921659 9.595970852870734
0.021 6367.1611472735 1.000274396992539 1.55096111246037 282.3525427222479 9.543087428025928
0.0211 6367.173810191622 1.000273890713781 1.550886514528356 282.2702337544591 9.490263418034678
0.0212 6367.186520651679 1.000273383754398 1.550811855807069 282.187615764089 9.437500488429379
0.0213 6367.199278692818 1.000272876123026 1.550737136241748 282.1046884966853 9.384800297965333
0.0214 6367.212084354224 1.000272367828294 1.550662355778986 282.0214516975419 9.332164498518198
0.0215 6367.22493767512 1.000271858878828 1.550587514366725 281.937905111722 9.279594735000588
0.0216 6367.23783869476 1.000271349283247 1.550512611954301 281.8540484840581 9.227092645263916
0.0217 6367.250787452436 1.000270839050162 1.550437648492358 281.7698815591642 9.174659860008124
0.0218 6367.263783987472 1.000270328188179 1.550362623932947 281.6854040814295 9.12229800268071
0.0219 6367.276828339225 1.000269816705898 1.550287538229447 281.6006157950363 9.070008689390932
0.022 6367.289920547085 1.000269304611908 1.55021239133662 281.5155164439483 9.017793528806125
0.0221 6367.303060650473 1.000268791914794 1.550137183210518 281.430105771928 8.96565412206677
0.0222 6367.316248688839 1.00026827862313 1.550061913808636 281.3443835225488 8.913592062698195
0.0223 6367.329484701662 1.000267764745484 1.549986583089799 281.2583494391951 8.861608936515493
0.0224 6367.342768728453 1.000267250290414 1.549911191014124 281.1720032650559 8.80970632152545
0.0225 6367.356100808746 1.000266735266469 1.549835737543195 281.085344743149 8.757885787846799
0.0226 6367.369480982106 1.000266219682188 1.549760222639831 280.9983736163089 8.706148897609568
0.0227 6367.382909288122 1.000265703546102 1.549684646268316 280.9110896272044 8.654497204872687
0.0228 6367.396385766409 1.00026518686673 1.549609008394206 280.823492518345 8.602932255534935
0.0229 6367.409910456603 1.000264669652582 1.549533308984409 280.7355820320803 8.55145558724292
0.023 6367.423483398369 1.000264151912157 1.549457548007266 280.6473579106004 8.500068729299713
0.0231 6367.437104631391 1.00026363365394 1.549381725432379 280.5588198959594 8.448773202587747
0.0232 6367.450774195374 1.00026311488641 1.549305841230737 280.4699677300695 8.397570519474945
0.0233 6367.464492130047 1.00026259561803 1.549229895374684 280.3808011546952 8.34646218372162
0.0234 6367.478258475156 1.000262075857252 1.549153887837888 280.2913199114886 8.295449690411646
0.0235 6367.492073270467 1.000261555612516 1.549077818595379 280.2015237419658 8.244534525850247
0.0236 6367.505936555766 1.000261034892249 1.549001687623525 280.111412387519 8.193718167482832
0.0237 6367.519848370856 1.000260513704865 1.548925494900044 280.0209855894394 8.143002083820909
0.0238 6367.533808755553 1.000259992058763 1.548849240403992 279.9302430889064 8.092387734348561
0.0239 6367.547817749693 1.000259469962331 1.548772924115769 279.8391846269986 8.041876569442888
0.024 6367.561875393125 1.00025894742394 1.548696546017094 279.7478099446884 7.99147003028524
0.0241 6367.575981725713 1.00025842445195 1.548620106091042 279.6561187828651 7.941169548789412
0.0242 6367.590136787335 1.000257901054702 1.548543604322049 279.5641108823237 7.890976547510879
0.0243 6367.604340617878 1.000257377240525 1.548467040695832 279.4717859837941 7.840892439579362
0.0244 6367.618593257243 1.000256853017732 1.548390415199477 279.3791438279235 7.79091862860618
0.0245 6367.632894745341 1.000256328394619 1.548313727821398 279.2861841552821 7.741056508605327
0.0246 6367.647245122094 1.000255803379467 1.548236978551323 279.1929067063869 7.691307463924664
0.0247 6367.661644427432 1.00025527798054 1.548160167380333 279.0993112216901 7.641672869158685
0.0248 6367.676092701293 1.000254752206086 1.548083294300792 279.0053974415963 7.592154089077858
0.0249 6367.690589983622 1.000254226064335 1.548006359306424 278.9111651064571 7.542752478546063
0.025 6367.705136314372 1.000253699563501 1.547929362392259 278.8166139565827 7.493469382448171
0.0251 6367.719731733501 1.000253172711777 1.547852303554687 278.7217437322419 7.444306135612136
0.0252 6367.734376280971 1.000252645517342 1.547775182791328 278.6265541736856 7.395264062744039
0.0253 6367.749069996749 1.000252117988354 1.5476980001012 278.5310450211294 7.346344478342423
0.0254 6367.763812920804 1.000251590132953 1.54762075548461 278.4352160147713 7.297548686631804
0.0255 6367.778605093109 1.00025106195926 1.547543448943135 278.3390668947912 7.248877981487767
0.0256 6367.793446553636 1.000250533475378 1.54746608047972 278.2425974013635 7.200333646368857
0.0257 6367.808337342362 1.000250004689387 1.547388650098589 278.1458072746503 7.151916954240284
0.0258 6367.823277499258 1.000249475609349 1.547311157805251 278.0486962548201 7.103629167510354
0.0259 6367.8382670643 1.000248946243308 1.547233603606562 277.9512640820529 7.055471537961625
0.026 6367.853306077457 1.000248416599282 1.547155987510621 277.8535104965289 7.007445306674197
0.0261 6367.868394578699 1.000247886685274 1.547078309526864 277.7554352384576 6.959551703970248
0.0262 6367.883532607991 1.00024735650926 1.547000569666003 277.6570380480606 6.911791949336084
0.0263 6367.898720205292 1.0002468260792 1.546922767940026 277.5583186656007 6.86416725136819
0.0264 6367.913957410561 1.000246295403028 1.546844904362239 277.4592768313527 6.816678807691397
0.0265 6367.929244263746 1.000245764488656 1.546766978947237 277.3599122856502 6.769327804915075
0.0266 6367.944580804791 1.000245233343977 1.546688991710822 277.2602247688568 6.72211541855311
0.0267 6367.959967073633 1.000244701976858 1.546610942670164 277.1602140213889 6.67504281297036
0.0268 6367.975403110197 1.000244170395143 1.546532831843679 277.0598797837223 6.628111141321377
0.0269 6367.990888954402 1.000243638606655 1.54645465925101 276.9592217963858 6.58132154548453
0.027 6368.006424646158 1.00024310661919 1.546376424913127 276.8582397999734 6.534675156005373
0.0271 6368.022010225361 1.000242574440523 1.546298128852242 276.7569335351558 6.488173092040816
0.0272 6368.037645731897 1.000242042078402 1.546219771091827 276.6553027426688 6.441816461293318
0.0273 6368.053331205641 1.000241509540553 1.546141351656608 276.5533471633311 6.395606359959664
0.0274 6368.069066686454 1.000240976834675 1.546062870572578 276.4510665380498 6.34954387267514
0.0275 6368.084852214181 1.000240443968443 1.545984327866969 276.3484606078208 6.303630072455978
0.0276 6368.100687828656 1.000239910949506 1.545905723568284 276.2455291137347 6.257866020645477
0.0277 6368.116573569694 1.000239377785487 1.54582705770622 276.1422717969884 6.212252766863643
0.0278 6368.132509477096 1.000238844483984 1.545748330311776 276.0386883988793 6.166791348949924
0.0279 6368.148495590644 1.000238311052568 1.545669541417141 275.9347786608113 6.121482792912238
0.028 6368.164531950106 1.000237777498782 1.545590691055742 275.8305423243122 6.076328112882061
0.0281 6368.180618595226 1.000237243830145 1.545511779262265 275.7259791310283 6.031328311060148
0.0282 6368.196755565734 1.000236710054146 1.5454328060726 275.62108882273 5.986484377668452
0.0283 6368.212942901336 1.000236176178247 1.545353771523851 275.5158711413177 5.941797290903048
0.0284 6368.229180641717 1.000235642209885 1.545274675654337 275.4103258288395 5.89726801689299
0.0285 6368.245468826543 1.000235108156465 1.545195518503611 275.3044526274738 5.852897509645174
0.0286 6368.261807495454 1.000234574025367 1.545116300112417 275.1982512795524 5.808686711007763
0.0287 6368.278196688069 1.000234039823939 1.545037020522697 275.0917215275493 5.7646365506197
0.0288 6368.294636443986 1.000233505559504 1.544957679777597 274.984863114092 5.720747945871225
0.0289 6368.311126802772 1.000232971239352 1.544878277921496 274.8776757819854 5.677021801870121
0.029 6368.327667803971 1.000232436870747 1.544798814999897 274.7701592741881 5.633459011389591
0.0291 6368.344259487103 1.000231902460921 1.544719291059523 274.6623133338302 5.590060454834273
0.0292 6368.360901891659 1.000231368017078 1.544639706148284 274.554137704219 5.54682700020238
0.0293 6368.3775950571 1.00023083354639 1.544560060315256 274.4456321288511 5.503759503051239
0.0294 6368.394339022863 1.000230299056 1.544480353610694 274.3367963513887 5.460858806449842
0.0295 6368.411133828353 1.000229764553018 1.544400586086013 274.2276301157066 5.418125740960637
0.0296 6368.427979512944 1.000229230044527 1.54432075779378 274.118133165863 5.375561124591916
0.0297 6368.444876115983 1.000228695537575 1.544240868787746 274.0083052461113 5.333165762767799
0.0298 6368.461823676782 1.000228161039181 1.544160919122795 273.8981461009174 5.290940448301438
0.0299 6368.478822234622 1.000227626556331 1.544080908854974 273.7876554749545 5.248885961360153
0.03 6368.495871828753 1.00022709209598 1.544000838041442 273.6768331131083 5.207003069436314
0.0301 6368.512972498386 1.00022655766505 1.543920706740534 273.5656787604893 5.165292527321507
0.0302 6368.530124282705 1.000226023270431 1.543840515011666 273.4541921624208 5.123755077072954
0.0303 6368.547327220852 1.000225488918981 1.543760262915439 273.3423730644626 5.082391447994374
0.0304 6368.564581351938 1.000224954617524 1.543679950513558 273.2302212124049 5.041202356606871
0.0305 6368.581886715036 1.000224420372851 1.543599577868806 273.1177363522687 5.000188506623266
0.0306 6368.59924334918 1.000223886191721 1.543519145045115 273.0049182303291 4.959350588932177
0.0307 6368.61665129337 1.000223352080858 1.543438652107495 272.8917665930975 4.918689281568132
0.0308 6368.634110586562 1.000222818046953 1.543358099122112 272.7782811873457 4.878205249697878
0.0309 6368.651621267678 1.000222284096664 1.543277486156149 272.6644617600936 4.837899145595053
0.031 6368.669183375596 1.000221750236612 1.543196813277931 272.5503080586271 4.797771608626607
0.0311 6368.686796949156 1.000221216473386 1.543116080556829 272.4358198304866 4.757823265229919
0.0312 6368.704462027155 1.00022068281354 1.543035288063318 272.32099682349 4.718054728903574
0.0313 6368.722178648351 1.000220149263592 1.542954435868941 272.2058387857213 4.678466600186856
0.0314 6368.739946851454 1.000219615830027 1.542873524046286 272.0903454655485 4.639059466650735
0.0315 6368.757766675136 1.000219082519294 1.542792552669021 271.9745166116171 4.599833902881843
0.0316 6368.77563815802 1.000218549337804 1.54271152181185 271.8583519728685 4.560790470475703
0.0317 6368.793561338688 1.000218016291938 1.542630431550532 271.7418512985277 4.521929718021137
0.0318 6368.811536255675 1.000217483388035 1.542549281961878 271.6250143381152 4.483252181093897
0.03190000000000001 6368.82956294747 1.000216950632402 1.542468073123701 271.5078408414473 4.44475838224751
0.032 6368.847641452516 1.000216418031309 1.542386805114879 271.3903305586476 4.406448831009229
0.0321 6368.865771809207 1.000215885590988 1.54230547801529 271.2724832401531 4.36832402387516
0.0322 6368.883954055891 1.000215353317637 1.542224091905844 271.154298636708 4.330384444302795
0.0323 6368.902188230866 1.000214821217417 1.542142646868408 271.0357764993699 4.292630562708647
0.0324 6368.920474372382 1.00021428929645 1.54206114298593 270.9169165795159 4.255062836467068
0.0325 6368.938812518638 1.000213757560823 1.541979580342302 270.7977186288539 4.217681709912107
0.0326 6368.957202707782 1.000213226016584 1.541897959022413 270.6781823994169 4.180487614334957
0.0327 6368.975644977912 1.000212694669745 1.541816279112155 270.558307643575 4.143480967988232
0.0328 6368.994139367073 1.000212163526281 1.541734540698362 270.4380941140233 4.10666217608413
0.0329 6369.01268591326 1.000211632592127 1.541652743868863 270.3175415638119 4.07003163080656
0.033 6369.031284654411 1.000211101873183 1.541570888712445 270.1966497463276 4.033589711309933
0.0331 6369.049935628415 1.000210571375309 1.541488975318851 270.075418415306 3.997336783728283
0.0332 6369.068638873101 1.000210041104328 1.541407003778756 269.9538473248434 3.961273201185507
0.0333 6369.087394426249 1.000209511066023 1.541324974183813 269.831936229379 3.925399303798038
0.0334 6369.106202325582 1.000208981266141 1.541242886626555 269.7096848837185 3.889715418691102
0.0335 6369.125062608764 1.000208451710389 1.541160741200504 269.5870930430341 3.854221860009075
0.03360000000000001 6369.143975313405 1.000207922404436 1.541078538000059 269.4641604628704 3.81891892892884
0.0337 6369.162940477057 1.000207393353911 1.540996277120542 269.3408868991327 3.783806913669283
0.0338 6369.181958137214 1.000206864564405 1.540913958658203 269.2172721081105 3.748886089512233
0.0339 6369.201028331313 1.00020633604147 1.540831582710151 269.0933158464658 3.714156718814443
0.034 6369.220151096731 1.000205807790619 1.540749149374425 268.9690178712507 3.679619051029195
0.0341 6369.239326470784 1.000205279817325 1.540666658749925 268.8443779399016 3.645273322722451
0.0342 6369.258554490733 1.000204752127023 1.540584110936435 268.7193958102333 3.611119757590356
0.0343 6369.277835193773 1.000204224725106 1.540501506034607 268.5940712404744 3.577158566489263
0.0344 6369.29716861704 1.00020369761693 1.540418844145958 268.4684039892376 3.543389947449151
0.0345 6369.316554797608 1.00020317080781 1.540336125372869 268.3423938155496 3.509814085704398
0.0346 6369.335993772489 1.000202644303021 1.540253349818543 268.2160404788214 3.476431153709873
0.0347 6369.355485578632 1.0002021181078 1.540170517587036 268.0893437388953 3.443241311178733
0.03480000000000001 6369.375030252922 1.000201592227341 1.540087628783243 267.9623033560041 3.410244705097928
0.0349 6369.394627832184 1.000201066666801 1.540004683512858 267.834919090806 3.377441469765214
0.035 6369.414278353172 1.000200541431294 1.539921681882441 267.707190704385 3.344831726817949
0.0351 6369.433981852581 1.000200016525896 1.539838623999295 267.5791179582269 3.312415585257182
0.0352 6369.453738367038 1.000199491955643 1.539755509971557 267.4507006142552 3.280193141488073
0.03530000000000001 6369.473547933105 1.000198967725528 1.539672339908184 267.3219384348189 3.248164479349389
0.0354 6369.493410587275 1.000198443840507 1.539589113918851 267.1928311827104 3.216329670151664
0.0355 6369.513326365978 1.000197920305493 1.539505832114068 267.0633786211419 3.184688772706291
0.0356 6369.533295305576 1.000197397125358 1.539422494605096 266.933580513757 3.153241833364727
0.0357 6369.55331744236 1.000196874304937 1.539339101503936 266.8034366246606 3.121988886063014
0.0358 6369.573392812556 1.000196351849021 1.53925565292338 266.672946718389 3.090929952353147
0.0359 6369.593521452318 1.000195829762361 1.539172148976929 266.5421105599338 3.060065041448548
0.036 6369.613703397734 1.00019530804967 1.539088589778821 266.41092791473 3.029394150262196
0.0361 6369.63393868482 1.000194786715615 1.539004975444069 266.2793985486677 2.998917263451594
0.0362 6369.654227349523 1.000194265764827 1.538921306088346 266.1475222280982 2.96863435346344
0.0363 6369.674569427721 1.000193745201894 1.538837581828056 266.0152987198161 2.938545380574074
0.0364 6369.694964955216 1.000193225031364 1.538753802780332 265.8827277910949 2.908650292943307
0.03650000000000001 6369.715413967742 1.000192705257744 1.538669969062978 265.7498092096752 2.878949026658467
0.0366 6369.735916500961 1.0001921858855 1.538586080794463 265.6165427437526 2.849441505779812
0.0367 6369.756472590461 1.000191666919056 1.538502138093989 265.4829281620017 2.82012764239499
0.0368 6369.777082271758 1.000191148362797 1.538418141081378 265.3489652335701 2.791007336668025
0.0369 6369.797745580296 1.000190630221067 1.538334089877139 265.2146537280781 2.762080476890792
0.03700000000000001 6369.818462551441 1.000190112498167 1.538249984602434 265.0799934156311 2.733346939538193
0.0371 6369.83923322049 1.00018959519836 1.538165825379037 264.9449840668129 2.7048065893206
0.0372 6369.860057622665 1.000189078325867 1.538081612329406 264.8096254526807 2.676459279237548
0.0373 6369.880935793107 1.000188561884866 1.537997345576585 264.6739173448058 2.648304850642387
0.0374 6369.901867766888 1.000188045879497 1.537913025244267 264.5378595152264 2.620343133289471
0.0375 6369.922853579004 1.000187530313859 1.537828651456721 264.4014517364775 2.592573945398589
0.0376 6369.943893264372 1.000187015192009 1.537744224338852 264.2646937815847 2.564997093713076
0.0377 6369.964986857834 1.000186500517963 1.53765974401613 264.127585424082 2.537612373563793
0.0378 6369.986134394153 1.000185986295698 1.537575210614617 263.9901264380059 2.510419568929374
0.0379 6370.007335908019 1.000185472529149 1.537490624260957 263.8523165978776 2.483418452495336
0.038 6370.028591434041 1.00018495922221 1.537405985082344 263.7141556787327 2.456608785723608
0.0381 6370.049901006752 1.000184446378736 1.537321293206544 263.5756434561152 2.429990318916041
0.03820000000000001 6370.071264660603 1.00018393400254 1.537236548761868 263.4367797060776 2.403562791280176
0.0383 6370.092682429974 1.000183422097395 1.537151751877157 263.2975642051687 2.377325930993862
0.0384 6370.114154349158 1.000182910667033 1.537066902681785 263.1579967304755 2.351279455280955
0.0385 6370.135680452372 1.000182399715148 1.536982001305654 263.0180770595815 2.325423070472376
0.0386 6370.157260773754 1.000181889245389 1.536897047879193 262.8778049706024 2.299756472082678
0.03870000000000001 6370.178895347361 1.00018137926137 1.536812042533287 262.7371802421561 2.274279344875521
0.0388 6370.20058420717 1.000180869766662 1.536726985399346 262.5962026533929 2.248991362941047
0.0389 6370.222327387078 1.000180360764796 1.53664187660928 262.4548719839949 2.223892189768723
0.039 6370.244124920899 1.000179852259263 1.536556716295452 262.3131880141585 2.198981478318091
0.0391 6370.265976842368 1.000179344253515 1.536471504590702 262.1711505246066 2.174258871095815
0.0392 6370.287883185139 1.000178836750963 1.536386241628313 262.0287592965996 2.14972400023358
0.0393 6370.30984398278 1.00017832975498 1.536300927542053 261.8860141119302 2.125376487563843
0.0394 6370.331859268782 1.000177823268897 1.536215562466087 261.7429147529173 2.101215944696593
0.0395 6370.35392907655 1.000177317296008 1.536130146535049 261.5994610024235 2.077241973101063
0.0396 6370.37605343941 1.000176811839565 1.536044679883959 261.4556526438377 2.053454164182358
0.0397 6370.3982323906 1.000176306902783 1.535959162648274 261.3114894610984 2.029852099365936
0.0398 6370.420465963282 1.000175802488835 1.535873594963856 261.1669712386705 2.006435350175142
0.03990000000000001 6370.442754190526 1.000175298600859 1.535787976966944 261.0220977615803 1.983203478319313
0.04 6370.465097105325 1.00017479524195 1.535702308794181 260.8768688153863 1.960156035772159
0.0401 6370.487494740586 1.000174292415166 1.535616590582583 260.7312841861907 1.937292564857786
0.0402 6370.509947129131 1.000173790123528 1.535530822469511 260.5853436606457 1.914612598336558
0.0403 6370.5324543037 1.000173288370015 1.535445004592706 260.4390470259531 1.892115659490851
0.04040000000000001 6370.555016296943 1.000172787157569 1.535359137090267 260.2923940698705 1.869801262212555
0.0405 6370.577633141432 1.000172286489094 1.535273220100617 260.1453845806935 1.847668911087805
0.0406 6370.600304869649 1.000171786367456 1.535187253762491 259.9980183472793 1.825718101488838
0.0407 6370.623031513995 1.000171286795483 1.535101238214993 259.8502951590348 1.803948319661231
0.0408 6370.645813106779 1.000170787775965 1.535015173597497 259.7022148059344 1.782359042816332
0.0409 6370.668649680233 1.000170289311654 1.534929060049703 259.5537770784848 1.760949739216681
0.041 6370.691541266497 1.000169791405265 1.534842897711582 259.4049817677718 1.739719868274264
0.04110000000000001 6370.714487897625 1.000169294059474 1.534756686723418 259.255828665437 1.718668880639139
0.0412 6370.737489605589 1.000168797276923 1.534670427225751 259.1063175636717 1.697796218291478
0.0413 6370.760546422271 1.000168301060215 1.534584119359398 258.9564482552408 1.677101314638448
0.0414 6370.783658379466 1.000167805411915 1.534497763265427 258.8062205334708 1.656583594606781
0.0415 6370.806825508887 1.000167310334553 1.534411359085153 258.6556341922377 1.636242474736152
0.04160000000000001 6370.830047842153 1.000166815830624 1.534324906960131 258.5046890260031 1.616077363279629
0.0417 6370.853325410803 1.000166321902583 1.534238407032147 258.3533848297783 1.596087660295161
0.0418 6370.876658246285 1.000165828552851 1.53415185944321 258.2017213991479 1.576272757745724
0.0419 6370.90004637996 1.000165335783814 1.534065264335527 258.0496985302583 1.55663203959534
0.042 6370.923489843102 1.000164843597821 1.533978621851527 257.8973160198351 1.53716488190959
0.04210000000000001 6370.946988666899 1.000164351997186 1.533891932133812 257.7445736651597 1.51787065295139
0.0422 6370.970542882447 1.000163860984186 1.533805195325192 257.5914712640928 1.498748713283438
0.0423 6370.994152520761 1.000163370561066 1.533718411568631 257.4380086150567 1.479798415865977
0.0424 6371.01781761276 1.000162880730034 1.533631581007259 257.284185517059 1.461019106160292
0.0425 6371.041538189282 1.000162391493265 1.533544703784367 257.1300017696689 1.442410122226891
0.0426 6371.065314281073 1.000161902852896 1.533457780043411 256.975457173029 1.423970794828636
0.0427 6371.089145918791 1.000161414811034 1.533370809927955 256.8205515278613 1.405700447533603
0.04280000000000001 6371.113033133008 1.00016092736975 1.533283793581709 256.6652846354494 1.387598396815671
0.0429 6371.136975954205 1.000160440531082 1.533196731148502 256.5096562976681 1.369663952161155
0.043 6371.160974412777 1.000159954297033 1.533109622772282 256.3536663169479 1.351896416168334
0.0431 6371.185028539028 1.000159468669575 1.533022468597068 256.1973144963162 1.334295084656308
0.0432 6371.209138363176 1.000158983650646 1.532935268767013 256.0406006393563 1.316859246764837
0.04330000000000001 6371.233303915348 1.000158499242148 1.532848023426337 255.8835245502368 1.299588185062682
0.0434 6371.257525225584 1.000158015445956 1.532760732719337 255.7260860337054 1.282481175652304
0.0435 6371.281802323833 1.00015753226391 1.532673396790354 255.5682848950836 1.265537488275006
0.0436 6371.306135239959 1.000157049697817 1.532586015783831 255.410120940266 1.248756386417132
0.0437 6371.330524003733 1.000156567749454 1.532498589844221 255.2515939757326 1.232137127417864
0.0438 6371.354968644841 1.000156086420565 1.532411119116035 255.0927038085368 1.215678962574844
0.0439 6371.379469192877 1.000155605712864 1.532323603743818 254.9334502462997 1.199381137250827
0.044 6371.404025677349 1.000155125628032 1.532236043872121 254.7738330972333 1.183242890983662
0.0441 6371.428638127673 1.000154646167723 1.532148439645525 254.6138521701231 1.167263457592295
0.0442 6371.453306573179 1.000154167333556 1.53206079120861 254.4535072743341 1.151442065285507
0.0443 6371.478031043107 1.000153689127123 1.531973098705942 254.2927982198047 1.135777936769735
0.0444 6371.502811566607 1.000153211549985 1.531885362282095 254.1317248170525 1.120270289358315
0.04450000000000001 6371.527648172741 1.000152734603673 1.531797582081617 253.9702868771864 1.104918335081487
0.0446 6371.552540890482 1.00015225828969 1.531709758249003 253.808484211865 1.089721280791554
0.0447 6371.577489748715 1.000151782609507 1.531621890928743 253.6463166333559 1.07467832827782
0.0448 6371.602494776234 1.00015130756457 1.531533980265242 253.4837839544765 1.05978867437052
0.0449 6371.627556001748 1.000150833156293 1.531446026402909 253.3208859886412 1.045051511054903
0.04500000000000001 6371.652673453872 1.000150359386064 1.531358029486026 253.1576225498319 1.030466025578319
0.0451 6371.677847161138 1.000149886255243 1.531269989658826 252.9939934526041 1.016031400560754
0.0452 6371.703077151985 1.00014941376516 1.531181907065477 252.8299985120983 1.001746814105953
0.0453 6371.728363454766 1.000148941917122 1.531093781850037 252.6656375440228 0.987611439910037
0.0454 6371.753706097742 1.000148470712404 1.531005614156483 252.500910364677 0.9736244473738215
0.0455 6371.77910510909 1.000148000152258 1.530917404128676 252.3358167909158 0.9597850017101172
0.0456 6371.804560516895 1.000147530237908 1.530829151910357 252.1703566401856 0.9460922640571466
0.04570000000000001 6371.830072349156 1.000147060970552 1.530740857645168 252.0045297304881 0.9325453915860112
0.0458 6371.855640633782 1.000146592351362 1.530652521476603 251.8383358804166 0.9191435376140804
0.0459 6371.881265398596 1.000146124381484 1.530564143548014 251.6717749091257 0.9058858517130165
0.046 6371.906946671331 1.000145657062042 1.530475724002604 251.5048466363495 0.8927714798206593
0.0461 6371.932684479632 1.00014519039413 1.530387262983458 251.3375508823955 0.8797995643509449
0.04620000000000001 6371.958478851055 1.000144724378821 1.530298760633462 251.1698874681446 0.8669692443042562
0.0463 6371.984329813072 1.000144259017163 1.530210217095342 251.0018562150334 0.8542796553763805
0.0464 6372.010237393064 1.000143794310181 1.530121632511635 250.8334569450839 0.841729930070986
0.0465 6372.036201618326 1.000143330258873 1.530033007024718 250.6646894808795 0.8293191978079335
0.0466 6372.062222516065 1.000142866864217 1.529944340776752 250.4955536455772 0.8170465850341668
0.04670000000000001 6372.088300113401 1.000142404127168 1.529855633909714 250.3260492628955 0.804911215332716
0.0468 6372.114434437365 1.000141942048656 1.529766886565349 250.1561761571264 0.7929122095332771
0.0469 6372.140625514905 1.00014148062959 1.529678098885207 249.9859341531177 0.7810486858205052
0.047 6372.166873372877 1.000141019870858 1.529589271010601 249.8153230763022 0.7693197598454548
0.0471 6372.193178038053 1.000140559773325 1.529500403082622 249.6443427526568 0.7577245448318715
0.0472 6372.219539537118 1.000140100337836 1.529411495242118 249.4729930087318 0.7462621516872086
0.0473 6372.245957896673 1.000139641565212 1.52932254762968 249.3012736716272 0.7349316891097564
0.04740000000000001 6372.272433143227 1.000139183456258 1.529233560385665 249.1291845690224 0.7237322636990864
0.0475 6372.298965303207 1.000138726011755 1.529144533650146 248.9567255291526 0.7126629800626764
0.0476 6372.325554402954 1.000138269232464 1.529055467562954 248.7838963808025 0.70172294092349
0.0477 6372.35220046872 1.00013781311913 1.528966362263621 248.6106969533188 0.6909112472283867
0.0478 6372.378903526676 1.000137357672474 1.528877217891405 248.4371270766095 0.6802269982554251
0.04790000000000001 6372.405663602904 1.000136902893202 1.528788034585282 248.2631865811267 0.6696692917197651
0.048 6372.432480723401 1.000136448781998 1.528698812483921 248.0888752978957 0.6592372238821173
0.0481 6372.459354914079 1.00013599533953 1.528609551725694 247.9141930584859 0.6489298896532176
0.0482 6372.486286200768 1.000135542566448 1.528520252448654 247.7391396950105 0.638746382699767
0.0483 6372.51327460921 1.000135090463383 1.528430914790538 247.5637150401325 0.6286857955503158
0.04840000000000001 6372.540320165065 1.00013463903095 1.528341538888778 247.3879189270764 0.618747219701028
0.0485 6372.567422893905 1.000134188269747 1.528252124880448 247.2117511896166 0.6089297457196551
0.0486 6372.594582821221 1.000133738180353 1.528162672902299 247.0352116620655 0.5992324633491177
0.0487 6372.62179997242 1.000133288763336 1.528073183090739 246.8583001792734 0.5896544616113187
0.0488 6372.649074372823 1.000132840019242 1.527983655581832 246.6810165766523 0.5801948289117295
0.0489 6372.676406047671 1.000132391948606 1.527894090511258 246.5033606901401 0.5708526531402862
0.049 6372.703795022118 1.000131944551945 1.527804488014373 246.3253323562307 0.5616270217752909
0.04910000000000001 6372.731241321239 1.000131497829764 1.527714848226135 246.1469314119439 0.5525170219836535
0.0492 6372.758744970024 1.00013105178255 1.527625171281137 245.9681576948436 0.5435217407230932
0.0493 6372.786305993381 1.000130606410779 1.527535457313582 245.7890110430257 0.5346402648422526
0.0494 6372.813924416134 1.000130161714911 1.52744570645731 245.6094912951297 0.525871681181442
0.0495 6372.841600263027 1.000129717695395 1.527355918845735 245.4295982903217 0.517215076671339
0.04960000000000001 6372.869333558724 1.000129274352662 1.527266094611892 245.2493318682936 0.508669538432
0.0497 6372.897124327803 1.000128831687136 1.527176233888413 245.0686918692812 0.500234153872085
0.0498 6372.924972594764 1.000128389699226 1.527086336807505 244.8876781340349 0.4919080107852195
0.0499 6372.952878384026 1.000127948389328 1.526996403500966 244.7062905038309 0.4836901974477044
0.05 6372.980841719925 1.000127507757827 1.526906434100175 244.5245288204895 0.4755798027157818
0.05010000000000001 6373.008862626719 1.000127067805097 1.526816428736086 244.3423929263275 0.4675759161193267
0.0502 6373.036941128584 1.000126628531501 1.526726387539191 244.1598826642056 0.4596776279591108
0.0503 6373.065077249618 1.00012618993739 1.526636310639598 243.976997877481 0.4518840293991826
0.0504 6373.093271013838 1.000125752023108 1.526546198166912 243.793738410055 0.444194212562664
0.0505 6373.121522445181 1.000125314788984 1.52645605025034 243.6101041063251 0.4366072706227651
0.0506 6373.149831567506 1.000124878235341 1.52636586701859 243.4260948112095 0.4291222978961098
0.0507 6373.178198404596 1.00012444236249 1.526275648599956 243.2417103701285 0.4217383899335805
0.05080000000000001 6373.20662298015 1.000124007170736 1.526185395122226 243.0569506290229 0.4144546436118555
0.0509 6373.235105317794 1.000123572660374 1.52609510671275 242.8718154343418 0.4072701572229727
0.051 6373.263645441071 1.000123138831689 1.526004783498382 242.6863046330367 0.4001840305633757
0.0511 6373.292243373451 1.00012270568496 1.52591442560552 242.5004180725676 0.3931953650226263
0.0512 6373.320899138324 1.000122273220458 1.525824033160051 242.3141556008912 0.3863032636706361
0.05130000000000001 6373.349612759006 1.000121841438446 1.525733606287401 242.1275170664607 0.3795068313445472
0.0514 6373.378384258733 1.00012141033918 1.525643145112487 241.9405023182375 0.3728051747352011
0.0515 6373.407213660667 1.00012097992291 1.525552649759737 241.753111205668 0.3661974024714834
0.0516 6373.436100987891 1.000120550189879 1.525462120353079 241.565343578707 0.3596826252055237
0.0517 6373.465046263417 1.000120121140325 1.525371557015924 241.3771992877881 0.3532599556951472
0.05180000000000001 6373.494049510178 1.000119692774478 1.525280959871199 241.1886781838415 0.3469285088871257
0.0519 6373.523110751034 1.000119265092564 1.525190329041292 240.9997801182821 0.3406874019985151
0.05200000000000001 6373.552230008767 1.000118838094806 1.525099664648076 240.8105049430154 0.3345357545977069
0.0521 6373.581407306089 1.000118411781419 1.525008966812912 240.6208525104202 0.328472688683802
0.0522 6373.610642665636 1.000117986152615 1.524918235656652 240.4308226733655 0.3224973287662326
0.0523 6373.63993610997 1.000117561208601 1.524827471299579 240.2404152851935 0.3166088019423116
0.0524 6373.66928766158 1.000117136949583 1.52473667386147 240.0496301997313 0.3108062379747947
0.05250000000000001 6373.698697342881 1.000116713375759 1.52464584346157 239.8584672712726 0.3050887693675831
0.0526 6373.728165176218 1.000116290487327 1.52455498021857 239.6669263545845 0.2994555314412143
0.0527 6373.757691183861 1.000115868284482 1.524464084250632 239.4750073049066 0.2939056624072055
0.0528 6373.787275388008 1.000115446767415 1.52437315567535 239.282709977946 0.2884383034412539
0.0529 6373.816917810788 1.000115025936317 1.524282194609799 239.0900342298763 0.2830525987556425
0.05300000000000001 6373.846618474257 1.000114605791374 1.52419120117048 238.8969799173327 0.2777476956704929
0.0531 6373.876377400397 1.000114186332772 1.524100175473345 238.7035468974171 0.2725227446843576
0.0532 6373.906194611126 1.000113767560697 1.524009117633794 238.5097350276809 0.2673768995431687
0.0533 6373.936070128286 1.000113349475331 1.523918027766646 238.3155441661423 0.2623093173091408
0.0534 6373.966003973653 1.000112932076858 1.523826905986176 238.1209741712572 0.2573191584274054
0.05350000000000001 6373.995996168931 1.00011251536546 1.523735752406085 237.9260249019484 0.2524055867931773
0.0536 6374.026046735756 1.000112099341318 1.523644567139512 237.7306962175879 0.247567769816645
0.05370000000000001 6374.056155695695 1.000111684004615 1.523553350299018 237.5349879779855 0.2428048784870169
0.0538 6374.086323070245 1.000111269355534 1.523462101996582 237.3389000434057 0.2381160874362499
0.0539 6374.116548880839 1.000110855394258 1.523370822343614 237.1424322745451 0.2335005750007183
0.054 6374.14683314884 1.000110442120969 1.523279511450961 236.9455845325432 0.2289575232826984
0.0541 6374.177175895541 1.000110029535856 1.523188169428857 236.7483566789832 0.2244861182104947
0.05420000000000001 6374.207577142172 1.000109617639103 1.523096796386976 236.5507485758798 0.2200855495972363
0.0543 6374.238036909896 1.000109206430899 1.523005392434411 236.3527600856791 0.2157550111988881
0.0544 6374.268555219805 1.000108795911436 1.522913957679654 236.1543910712647 0.2114937007713092
0.0545 6374.299132092934 1.000108386080905 1.522822492230615 235.9556413959284 0.2073008201254732
0.0546 6374.329767550245 1.000107976939501 1.522730996194613 235.7565109234109 0.2031755751831291
0.05470000000000001 6374.360461612636 1.000107568487425 1.522639469678369 235.556999517867 0.1991171760297254
0.0548 6374.391214300944 1.000107160724875 1.52254791278803 235.3571070438651 0.1951248369670264
0.0549 6374.42202563594 1.000106753652056 1.522456325629127 235.1568333663935 0.1911977765647418
0.055 6374.452895638328 1.000106347269177 1.522364708306611 234.956178350866 0.1873352177110449
0.0551 6374.483824328754 1.000105941576449 1.522273060924819 234.7551418630986 0.1835363876614216
0.05520000000000001 6374.514811727796 1.000105536574088 1.522181383587503 234.5537237693269 0.1798005180872213
0.0553 6374.545857855972 1.000105132262314 1.522089676397817 234.3519239361825 0.1761268451223197
0.05540000000000001 6374.576962733736 1.000104728641351 1.521997939458308 234.1497422307169 0.172514609409552
0.0555 6374.60812638148 1.000104325711427 1.521906172870929 233.9471785203836 0.1689630561452693
0.0556 6374.639348819535 1.000103923472778 1.521814376737016 233.7442326730201 0.1654714351228161
0.0557 6374.670630068174 1.000103521925643 1.521722551157315 233.5409045568721 0.1620390007756171
0.0558 6374.701970147602 1.000103121070265 1.52163069623197 233.3371940405872 0.1586650122186167
0.05590000000000001 6374.733369077969 1.000102720906895 1.521538812060511 233.1331009932031 0.1553487332885171
0.056 6374.764826879363 1.000102321435789 1.521446898741883 232.928625284142 0.1520894325830133
0.0561 6374.796343571813 1.000101922657208 1.521354956374399 232.7237667832159 0.1488863834991024
0.0562 6374.827919175289 1.000101524571421 1.521262985055774 232.5185253606213 0.1457388642700846
0.0563 6374.8595537097 1.000101127178703 1.521170984883143 232.3129008869508 0.1426461580017178
0.05640000000000001 6374.891247194899 1.000100730479334 1.52107895595301 232.1068932331576 0.1396075527065446
0.0565 6374.922999650679 1.000100334473602 1.520986898361275 231.900502270585 0.1366223413380928
0.0566 6374.954811096776 1.000099939161801 1.520894812203249 231.6937278709546 0.1336898218233268
0.0567 6374.986681552869 1.000099544544235 1.520802697573625 231.4865699063547 0.1308092970940042
0.0568 6375.018611038578 1.000099150621212 1.520710554566487 231.2790282492459 0.1279800751171763
0.05690000000000001 6375.050599573469 1.000098757393049 1.520618383275332 231.0711027724495 0.1252014689243316
0.057 6375.082647177052 1.00009836486007 1.520526183793044 230.8627933491651 0.1224727966398301
0.05710000000000001 6375.114753868777 1.000097973022608 1.520433956211887 230.6540998529471 0.119793381507676
0.0572 6375.146919668045 1.000097581881003 1.520341700623544 230.4450221577102 0.117162551917588
0.0573 6375.179144594195 1.000097191435604 1.520249417119089 230.2355601377302 0.1145796414298852
0.0574 6375.211428666517 1.000096801686768 1.520157105788995 230.0257136676372 0.1120439887992027
0.0575 6375.243771904244 1.000096412634859 1.520064766723139 229.8154826224162 0.1095549379971852
0.05760000000000001 6375.276174326555 1.000096024280252 1.519972400010776 229.604866877395 0.1071118382339541
0.0577 6375.308635952574 1.000095636623329 1.519880005740593 229.393866308268 0.1047140439788964
0.0578 6375.341156801377 1.000095249664482 1.519787584000651 229.1824807910488 0.1023609149795564
0.0579 6375.373736891984 1.000094863404112 1.519695134878436 228.9707102021056 0.1000518162804002
0.058 6375.40637624336 1.000094477842628 1.519602658460831 228.7585544181615 0.09778611824007993
0.05810000000000001 6375.439074874423 1.00009409298045 1.519510154834122 228.5460133162527 0.09556319654719818
0.0582 6375.471832804034 1.000093708818005 1.519417624084005 228.3330867737762 0.09338243223595485
0.05830000000000001 6375.504650051009 1.000093325355733 1.519325066295576 228.1197746684424 0.09124321169973299
0.0584 6375.537526634109 1.000092942594081 1.519232481553356 227.9060768782923 0.08914492670431634
0.0585 6375.570462572046 1.000092560533505 1.519139869941267 227.6919932817044 0.0870869743999222
0.05860000000000001 6375.60345788348 1.000092179174474 1.519047231542647 227.4775237573821 0.08506875733201311
0.0587 6375.636512587023 1.000091798517465 1.518954566440259 227.2626681843539 0.08308968345119128
0.05880000000000001 6375.669626701237 1.000091418562965 1.518861874716264 227.0474264419617 0.08114916612195348
0.0589 6375.702800244635 1.000091039311471 1.518769156452257 226.8317984098725 0.07924662413063784
0.059 6375.736033235682 1.000090660763491 1.518676411729248 226.6157839680667 0.07738148169213303
0.0591 6375.769325692796 1.000090282919543 1.51858364062766 226.3993829968262 0.07555316845558874
0.0592 6375.802677634344 1.000089905780155 1.518490843227367 226.1825953767637 0.0737611195094677
0.05930000000000001 6375.836089078646 1.000089529345867 1.518398019607654 225.9654209887998 0.0720047753851423
0.0594 6375.869560043978 1.000089153617227 1.518305169847223 225.7478597141443 0.07028358205956947
0.0595 6375.903090548566 1.000088778594796 1.518212294024237 225.5299114343205 0.06859699095731711
0.0596 6375.936680610591 1.000088404279144 1.518119392216271 225.3115760311592 0.06694445895136678
0.0597 6375.970330248188 1.000088030670852 1.51802646450034 225.0928533867808 0.06532544836286947
0.05980000000000001 6376.004039479445 1.000087657770513 1.517933510952905 224.8737433836071 0.06373942696016875
0.0599 6376.037808322407 1.000087285578729 1.517840531649864 224.6542459043557 0.06218586795673787
0.06000000000000001 6376.071636795071 1.000086914096114 1.517747526666563 224.4343608320395 0.06066425000821922
0.0601 6376.105524915392 1.000086543323293 1.517654496077803 224.2140880499554 0.05917405720845192
0.0602 6376.139472701278 1.000086173260901 1.517561439957812 223.9934274416959 0.0577147790847392
0.0603 6376.173480170596 1.000085803909586 1.517468358380286 223.7723788911252 0.05628591059196371
0.0604 6376.20754734117 1.000085435270003 1.517375251418381 223.5509422823974 0.05488695210607553
0.06050000000000001 6376.241674230777 1.000085067342822 1.517282119144702 223.3291174999503 0.05351740941652417
0.0606 6376.275860857154 1.000084700128723 1.517188961631318 223.1069044284994 0.05217679371780904
0.0607 6376.310107237994 1.000084333628395 1.517095778949775 222.8843029530384 0.0508646216001931
0.0608 6376.34441339095 1.000083967842541 1.517002571171062 222.6613129588267 0.04958041503948216
0.0609 6376.37877933363 1.000083602771873 1.516909338365673 222.4379343314075 0.04832370138612231
0.06100000000000001 6376.413205083602 1.000083238417115 1.516816080603539 222.2141669565843 0.04709401335321285
0.0611 6376.447690658395 1.000082874779001 1.5167227979541 221.9900107204325 0.04589088900389006
0.0612 6376.482236075493 1.000082511858277 1.516629490486261 221.7654655092932 0.04471387173778656
0.0613 6376.516841352343 1.0000821496557 1.516536158268418 221.5405312097681 0.04356251027668093
0.0614 6376.551506506351 1.000081788172038 1.516442801368452 221.3152077087187 0.0424363586493786
0.06150000000000001 6376.586231554881 1.00008142740807 1.516349419853733 221.0894948932727 0.04133497617583037
0.0616 6376.621016515261 1.000081067364584 1.516256013791145 220.8633926508059 0.04025792745035492
0.06170000000000001 6376.655861404775 1.000080708042381 1.51616258324704 220.6369008689602 0.03920478232426852
0.0618 6376.690766240675 1.000080349442274 1.516069128287302 220.4100194356141 0.0381751158875335
0.0619 6376.725731040168 1.000079991565084 1.515975648977299 220.1827482389061 0.03716850844991421
0.062 6376.760755820426 1.000079634411644 1.515882145381925 219.955087167229 0.03618454552125726
0.0621 6376.795840598583 1.000079277982799 1.515788617565574 219.7270361092118 0.03522281779100537
0.06220000000000001 6376.830985391733 1.000078922279402 1.515695065592185 219.498594953738 0.03428292110715694
0.0623 6376.866190216935 1.000078567302319 1.515601489525182 219.2697635899216 0.033364456454353
0.0624 6376.901455091213 1.000078213052426 1.515507889427539 219.0405419071188 0.03246702993143062
0.0625 6376.936780031548 1.000077859530609 1.515414265361752 218.8109297949403 0.03159025272829606
0.0626 6376.97216505489 1.000077506737765 1.515320617389856 218.5809271432153 0.03073374110195739
0.06270000000000001 6377.007610178152 1.000077154674801 1.51522694557342 218.3505338420094 0.02989711635211979
0.06280000000000001 6377.043115418211 1.000076803342635 1.515133249973555 218.119749781631 0.02908000479609385
0.0629 6377.078680791906 1.000076452742194 1.515039530650918 217.8885748526126 0.02828203774299804
0.063 6377.114306316043 1.000076102874416 1.514945787665722 217.6570089457176 0.02750285146743883
0.0631 6377.149992007395 1.000075753740249 1.51485202107773 217.4250519519341 0.02674208718255263
0.06320000000000001 6377.185737882696 1.000075405340651 1.51475823094626 217.1927037624745 0.02599939101248454
0.06330000000000001 6377.221543958649 1.00007505767659 1.514664417330206 216.9599642687821 0.02527441396431441
0.0634 6377.257410251921 1.000074710749044 1.514570580288015 216.7268333625128 0.02456681189935057
0.0635 6377.293336779148 1.000074364558999 1.514476719877711 216.4933109355414 0.02387624550395568
0.0636 6377.329323556928 1.000074019107454 1.514382836156897 216.2593968799673 0.02320238025983748
0.06370000000000001 6377.36537060183 1.000073674395413 1.514288929182762 216.0250910881085 0.02254488641378497
0.06380000000000001 6377.401477930386 1.000073330423893 1.514194999012069 215.7903934524901 0.02190343894688538
0.0639 6377.4376455591 1.00007298719392 1.514101045701177 215.5553038658499 0.02127771754329998
0.064 6377.47387350444 1.000072644706526 1.514007069306044 215.3198222211385 0.02066740655854265
0.0641 6377.510161782844 1.000072302962755 1.513913069882209 215.0839484115135 0.02007219498727723
0.06420000000000001 6377.546510410715 1.000071961963659 1.513819047484842 214.8476823303512 0.01949177643070723
0.06430000000000001 6377.582919404428 1.0000716217103 1.513725002168695 214.6110238712171 0.01892584906342354
0.0644 6377.619388780325 1.000071282203747 1.513630933988137 214.3739729278894 0.01837411559995899
0.0645 6377.655918554714 1.000070943445076 1.513536842997176 214.1365293943594 0.01783628326086797
0.06460000000000001 6377.692508743878 1.000070605435376 1.513442729249419 213.8986931647954 0.01731206373832898
0.06470000000000001 6377.729159364064 1.00007026817574 1.513348592798105 213.6604641335847 0.01680117316153583
0.0648 6377.765870431491 1.000069931667271 1.513254433696115 213.4218421953095 0.01630333206156692
0.0649 6377.802641962348 1.00006959591108 1.513160251995942 213.1828272447355 0.01581826533592642
0.065 6377.839473972794 1.000069260908284 1.513066047749752 212.9434191768409 0.01534570221282283
0.06510000000000001 6377.876366478956 1.000068926660011 1.512971821009322 212.7036178867874 0.01488537621499236
0.06520000000000001 6377.913319496934 1.000068593167393 1.512877571826107 212.4634232699317 0.01443702512328753
0.0653 6377.950333042798 1.000068260431572 1.512783300251201 212.2228352218139 0.01400039093991251
0.0654 6377.987407132589 1.000067928453694 1.512689006335364 211.9818536381748 0.01357521985141906
0.0655 6378.024541782317 1.000067597234916 1.512594690129026 211.7404784149388 0.01316126219135641
0.06560000000000001 6378.061737007967 1.000067266776399 1.512500351682264 211.4987094482134 0.01275827240268733
0.06570000000000001 6378.098992825493 1.000066937079311 1.512405991044862 211.2565466342952 0.01236600899995869
0.0658 6378.136309250823 1.000066608144828 1.512311608266243 211.0139898696524 0.01198423453119161
0.0659 6378.173686299854 1.000066279974131 1.512217203395556 210.7710390509482 0.01161271553960951
0.066 6378.211123988458 1.000065952568406 1.512122776481604 210.5276940750231 0.01125122252508316
0.06610000000000001 6378.248622332478 1.000065625928849 1.512028327572899 210.2839548388951 0.01089952990540186
0.06620000000000001 6378.286181347728 1.000065300056657 1.511933856717655 210.0398212397653 0.01055741597736202
0.0663 6378.323801049999 1.000064974953036 1.511839363963777 209.7952931750064 0.01022466287765234
0.0664 6378.361481455051 1.000064650619195 1.511744849358885 209.5503705421683 0.009901056543599221
0.0665 6378.399222578619 1.000064327056351 1.511650312950307 209.3050532389783 0.009586386673750088
0.06660000000000001 6378.43702443641 1.000064004265724 1.511555754785094 209.0593411633353 0.00928044668830876
0.06670000000000001 6378.474887044107 1.000063682248539 1.51146117491001 208.8132342133034 0.008983033689443632
0.0668 6378.512810417366 1.000063361006027 1.511366573371554 208.5667322871244 0.008693948421501401
0.0669 6378.550794571815 1.000063040539421 1.511271950215958 208.3198352832054 0.008412995231087416
0.067 6378.588839523057 1.000062720849961 1.511177305489177 208.0725431001309 0.008139982027082382
0.06710000000000001 6378.62694528667 1.00006240193889 1.511082639236915 207.8248556366451 0.007874720240544988
0.06720000000000001 6378.665111878206 1.000062083807455 1.510987951504644 207.5767727916635 0.007617024784580049
0.0673 6378.70333931319 1.000061766456905 1.510893242337545 207.3282944642673 0.007366714014130045
0.0674 6378.741627607124 1.000061449888495 1.510798511780581 207.0794205536912 0.007123609685716918
0.0675 6378.779976775484 1.000061134103483 1.510703759878473 206.8301509593533 0.006887536917190883
0.06760000000000001 6378.818386833722 1.000060819103128 1.510608986675694 206.5804855808077 0.006658324147382348
0.06770000000000001 6378.856857797263 1.000060504888694 1.510514192216508 206.3304243177917 0.006435803095833643
0.0678 6378.895389681508 1.000060191461446 1.510419376544938 206.0799670701962 0.006219808722457613
0.0679 6378.933982501836 1.000059878822654 1.510324539704788 205.829113738066 0.006010179187236375
0.06800000000000001 6378.972636273596 1.000059566973587 1.510229681739642 205.5778642216231 0.005806755809960703
0.06810000000000001 6379.011351012121 1.000059255915517 1.510134802692891 205.3262184212139 0.005609383029938902
0.0682 6379.050126732712 1.00005894564972 1.510039902607698 205.0741762373735 0.00541790836584528
0.0683 6379.088963450649 1.000058636177471 1.509944981527033 204.8217375707794 0.005232182375531015
0.0684 6379.12786118119 1.000058327500048 1.509850039493672 204.5689023222625 0.005052058615947266
0.06850000000000001 6379.166819939569 1.000058019618729 1.509755076550182 204.3156703928015 0.004877393603128327
0.06860000000000001 6379.205839740992 1.000057712534794 1.509660092738961 204.0620416835526 0.004708046772282678
0.0687 6379.244920600647 1.000057406249522 1.50956508810221 203.808016095796 0.004543880437921444
0.0688 6379.284062533694 1.000057100764195 1.509470062681961 203.5535935309894 0.004384759754162344
0.0689 6379.323265555274 1.000056796080094 1.509375016520065 203.2987738907203 0.004230552675080131
0.06900000000000001 6379.362529680501 1.0000564921985 1.509279949658196 203.0435570767421 0.004081129915232703
0.06910000000000001 6379.40185492447 1.000056189120693 1.50918486213787 202.7879429909439 0.00393636491027815
0.0692 6379.44124130225 1.000055886847955 1.509089754000454 202.5319315353744 0.003796133777764406
0.0693 6379.480688828889 1.000055585381565 1.508994625287128 202.2755226122243 0.003660315278044011
0.0694 6379.52019751941 1.000055284722802 1.508899476038942 202.0187161238381 0.00352879077536372
0.06950000000000001 6379.559767388816 1.000054984872946 1.508804306296787 201.761511972696 0.003401444199105079
0.06960000000000001 6379.599398452087 1.000054685833273 1.508709116101421 201.503910061438 0.003278162005221177
0.0697 6379.639090724179 1.000054387605058 1.508613905493446 201.24591029284 0.003158833137832687
0.0698 6379.678844220026 1.000054090189575 1.508518674513352 200.9875125698317 0.00304334899103551
0.0699 6379.718658954542 1.000053793588096 1.508423423201472 200.7287167954786 0.002931603370890694
0.07000000000000001 6379.758534942616 1.000053497801891 1.50832815159803 200.4695228729942 0.002823492457634693
0.07010000000000001 6379.798472199118 1.000053202832227 1.508232859743117 200.2099307057337 0.002718914768095692
0.0702 6379.838470738892 1.00005290868037 1.50813754767671 199.9499401972001 0.002617771118336367
0.0703 6379.878530576764 1.000052615347581 1.508042215438671 199.6895512510326 0.002519964586518229
0.0704 6379.918651727537 1.000052322835119 1.507946863068749 199.4287637710121 0.002425400476008659
0.07050000000000001 6379.95883420599 1.00005203114424 1.507851490606596 199.1675776610672 0.002333986278729785
0.07060000000000001 6379.999078026882 1.000051740276196 1.507756098091744 198.9059928252685 0.0022456316387518
0.0707 6380.039383204951 1.000051450232237 1.507660685563642 198.6440091678168 0.002160248316140123
0.0708 6380.079749754914 1.000051161013606 1.507565253061639 198.3816265930603 0.002077750151073894
0.07090000000000001 6380.120177691463 1.000050872621545 1.507469800624997 198.1188450054896 0.00199805302822371
0.07100000000000001 6380.160667029272 1.000050585057289 1.507374328292889 197.8556643097307 0.001921074841403077
0.0711 6380.201217782993 1.000050298322071 1.507278836104394 197.5920844105461 0.001846735458500843
0.0712 6380.241829967256 1.000050012417117 1.507183324098521 197.328105212834 0.001774956686698055
0.0713 6380.28250359667 1.000049727343649 1.50708779231422 197.0637266216462 0.001705662237979072
0.07140000000000001 6380.323238685821 1.000049443102885 1.506992240790342 196.7989485421648 0.001638777694926243
0.07150000000000001 6380.364035249278 1.000049159696034 1.506896669565691 196.5337708796959 0.001574230476819885
0.0716 6380.404893301586 1.000048877124304 1.506801078678981 196.2681935396935 0.001511949806049804
0.0717 6380.445812857267 1.000048595388893 1.506705468168901 196.0022164277651 0.001451866674830595
0.0718 6380.486793930826 1.000048314490996 1.506609838074049 195.7358394496308 0.001393913812219943
0.07190000000000001 6380.527836536745 1.0000480344318 1.506514188432993 195.4690625111583 0.001338025651472279
0.07200000000000001 6380.568940689485 1.000047755212486 1.506418519284239 195.2018855183454 0.001284138297701647
0.0721 6380.610106403487 1.000047476834227 1.506322830666253 194.9343083773377 0.001232189495877459
0.0722 6380.651333693169 1.000047199298193 1.506227122617447 194.666330994405 0.001182118599140766
0.0723 6380.692622572929 1.000046922605541 1.506131395176208 194.3979532759648 0.001133866537462253
0.07240000000000001 6380.733973057146 1.000046646757426 1.506035648380876 194.1291751285529 0.001087375786625762
0.07250000000000001 6380.775385160177 1.000046371754992 1.505939882269754 193.8599964588528 0.001042590337561348
0.0726 6380.816858896355 1.000046097599378 1.505844096881138 193.5904171736901 0.0009994556660130928
0.0727 6380.858394279999 1.000045824291712 1.505748292253261 193.3204371800083 0.0009579187025487778
0.0728 6380.8999913254 1.000045551833116 1.505652468424367 193.050056384899 0.0009179278029248921
0.07290000000000001 6380.941650046833 1.000045280224704 1.505556625432651 192.7792746955837 0.0008794327187931279
0.07300000000000001 6380.983370458552 1.000045009467579 1.505460763316315 192.508092019414 0.0008423845687611833
0.0731 6381.025152574786 1.000044739562838 1.505364882113525 192.2365082638893 0.0008067358098091523
0.0732 6381.06699640975 1.000044470511567 1.505268981862455 191.9645233366272 0.0007724402090546582
0.0733 6381.108901977632 1.000044202314844 1.505173062601252 191.6921371453931 0.0007394528158827332
0.07340000000000001 6381.150869292602 1.000043934973738 1.505077124368069 191.4193495980884 0.0007077299344283897
0.07350000000000001 6381.19289836881 1.000043668489306 1.504981167201056 191.1461606027327 0.0006772290964185412
0.0736 6381.234989220385 1.000043402862599 1.504885191138356 190.8725700674994 0.0006479090343807567
0.0737 6381.277141861434 1.000043138094655 1.504789196218116 190.59857790068 0.0006197296552057105
0.0738 6381.319356306043 1.000042874186503 1.504693182478502 190.3241840107197 0.0005926520140800214
0.07390000000000001 6381.36163256828 1.000042611139162 1.504597149957669 190.0493883061821 0.0005666382887749107
0.07400000000000001 6381.40397066219 1.000042348953641 1.504501098693791 189.7741906957666 0.0005416517543042541
0.0741 6381.446370601797 1.000042087630937 1.504405028725053 189.4985910883205 0.0005176567579458506
0.0742 6381.488832401106 1.000041827172036 1.504308940089664 189.2225893928093 0.0004946186946234207
0.07430000000000001 6381.531356074101 1.000041567577915 1.504212832825844 188.9461855183462 0.0004725039826582838
0.07440000000000001 6381.573941634743 1.000041308849538 1.504116706971823 188.6693793741687 0.0004512800398807302
0.0745 6381.616589096977 1.000041050987858 1.504020562565882 188.3921708696502 0.0004309152601085023
0.0746 6381.659298474721 1.000040793993817 1.503924399646301 188.1145599143118 0.0004113789899887019
0.0747 6381.702069781877 1.000040537868345 1.503828218251403 187.836546417799 0.0003926415062003147
0.07480000000000001 6381.744903032324 1.00004028261236 1.503732018419527 187.558130289893 0.000374673993021866
0.07490000000000001 6381.78779823992 1.000040028226768 1.503635800189064 187.2793114405171 0.0003574485202601816
0.075 6381.830755418505 1.000039774712463 1.50353956359842 187.0000897797185 0.0003409380215384103
0.0751 6381.873774581894 1.000039522070326 1.503443308686051 186.7204652176864 0.0003251162729459447
0.0752 6381.916855743884 1.000039270301226 1.503347035490449 186.440437664752 0.0003099578720455685
0.07530000000000001 6381.959998918251 1.000039019406019 1.503250744050142 186.1600070313706 0.0002954382172368354
0.07540000000000001 6382.003204118747 1.000038769385548 1.503154434403703 185.8791732281451 0.0002815334874773557
0.0755 6382.046471359107 1.000038520240644 1.503058106589746 185.5979361658027 0.0002682206223556634
0.0756 6382.089800653043 1.000038271972123 1.502961760646943 185.3162957552185 0.0002554773025188672
0.0757 6382.133192014247 1.00003802458079 1.502865396614002 185.0342519073973 0.0002432819304488486
0.07580000000000001 6382.176645456388 1.000037778067435 1.502769014529691 184.7518045334804 0.0002316136115882816
0.07590000000000001 6382.220160993114 1.000037532432833 1.502672614432822 184.4689535447564 0.0002204521358134452
0.076 6382.263738638057 1.00003728767775 1.502576196362263 184.1856988526323 0.0002097779592498754
0.0761 6382.30737840482 1.000037043802931 1.502479760356944 183.902040368669 0.0001995721864328613
0.0762 6382.351080306991 1.000036800809114 1.502383306455843 183.6179780045571 0.0001898165528055122
0.07630000000000001 6382.394844358134 1.000036558697019 1.502286834697996 183.3335116721295 0.000180493407555652
0.07640000000000001 6382.438670571792 1.000036317467351 1.502190345122524 183.0486412833546 0.0001715856967870087
0.0765 6382.482558961486 1.000036077120803 1.50209383776857 182.7633667503432 0.0001630769470231025
0.0766 6382.526509540717 1.000035837658052 1.501997312675366 182.4776879853415 0.0001549512490403542
0.0767 6382.570522322964 1.000035599079761 1.501900769882205 182.1916049007322 0.000147193242028194
0.07680000000000001 6382.614597321686 1.000035361386576 1.501804209428451 181.9051174090395 0.0001397880980732344
0.07690000000000001 6382.658734550319 1.000035124579132 1.501707631353516 181.6182254229296 0.0001327215069642036
0.077 6382.702934022277 1.000034888658044 1.50161103569691 181.330928855199 0.0001259796613145323
0.0771 6382.747195750953 1.000034653623916 1.501514422498189 181.0432276188034 0.0001195492420007232
0.07720000000000001 6382.79151974972 1.000034419477334 1.501417791796992 180.7551216268229 0.0001134174039108037
0.07730000000000001 6382.835906031927 1.000034186218869 1.501321143633025 180.4666107924735 0.0001075717620023168
0.07740000000000001 6382.880354610903 1.000033953849078 1.501224478046077 180.1776950291309 0.0001020003776655215
0.0775 6382.924865499955 1.000033722368501 1.501127795076002 179.8883742502948 9.669174538709656e-005
0.0776 6382.969438712365 1.00003349177766 1.501031094762744 179.5986483696246 9.163477971351196e-005
0.07770000000000001 6383.0140742614 1.000033262077066 1.500934377146297 179.308517300898 8.681880250774637e-005
0.07780000000000001 6383.0587721603 1.00003303326721 1.500837642266765 179.0179809580521 8.223353049873272e-005
0.0779 6383.103532422282 1.000032805348568 1.500740890164316 178.7270392551662 7.786906311738694e-005
0.078 6383.148355060545 1.000032578321599 1.5006441208792 178.4356921064554 7.371587061692151e-005
0.0781 6383.193240088265 1.000032352186748 1.500547334451742 178.1439394262765 6.976478247368541e-005
0.07820000000000001 6383.238187518594 1.000032126944441 1.500450530922358 177.8517811291403 6.600697606469297e-005
0.07830000000000001 6383.283197364662 1.000031902595089 1.500353710331552 177.5592171296993 6.243396561771413e-005
0.0784 6383.328269639579 1.000031679139085 1.50025687271989 177.2662473427362 5.903759143051478e-005
0.0785 6383.373404356431 1.000031456576806 1.500160018128045 176.9728716831991 5.581000935593374e-005
0.0786 6383.418601528283 1.000031234908612 1.500063146596769 176.6790900661603 5.274368054750011e-005
0.07870000000000001 6383.463861168177 1.000031014134846 1.499966258166888 176.3849024068517 4.983136146350469e-005
0.07880000000000001 6383.509183289131 1.000030794255835 1.499869352879329 176.0903086206471 4.706609412415697e-005
0.0789 6383.554567904144 1.000030575271888 1.499772430775099 175.7953086230622 4.444119661872031e-005
0.079 6383.60001502619 1.000030357183296 1.499675491895297 175.4999023297663 4.195025385858982e-005
0.0791 6383.645524668219 1.000030139990333 1.499578536281107 175.2040896565767 3.958710857209645e-005
0.07920000000000001 6383.691096843163 1.000029923693258 1.4994815639738 174.9078705194405 3.734585253718748e-005
0.07930000000000001 6383.736731563929 1.000029708292309 1.499384575014744 174.6112448344646 3.522081804845702e-005
0.0794 6383.782428843399 1.000029493787709 1.499287569445397 174.3142125179096 3.320656961387913e-005
0.0795 6383.828188694433 1.000029280179663 1.499190547307293 174.0167734861838 3.129789587758981e-005
0.0796 6383.874011129873 1.000029067468357 1.499093508642072 173.7189276558255 2.948980176466705e-005
0.07970000000000001 6383.919896162532 1.000028855653961 1.498996453491459 173.4206749435447 2.777750084435131e-005
0.07980000000000001 6383.965843805203 1.000028644736626 1.498899381897271 173.1220152661812 2.615640790685461e-005
0.0799 6384.011854070655 1.000028434716485 1.498802293901421 172.8229485407404 2.462213175076257e-005
0.08 6384.057926971635 1.000028225593655 1.498705189545906 172.5234746843697 2.31704681762703e-005
0.08010000000000001 6384.104062520866 1.000028017368233 1.498608068872823 172.2235936143701 2.179739318083833e-005
0.08020000000000001 6384.150260731048 1.000027810040298 1.498510931924354 171.9233052481903 2.049905635303701e-005
0.08030000000000001 6384.196521614856 1.000027603609912 1.498413778742787 171.6226095034389 1.927177446082808e-005
0.0804 6384.242845184945 1.000027398077118 1.498316609370489 171.3215062978601 1.811202523014499e-005
0.0805 6384.289231453945 1.000027193441942 1.498219423849929 171.019995549358 1.701644131022838e-005
0.08060000000000001 6384.335680434462 1.000026989704389 1.498122222223665 170.7180771759962 1.598180442153725e-005
0.08070000000000001 6384.38219213908 1.000026786864449 1.498025004534352 170.4157510959802 1.500503968244248e-005
0.08080000000000001 6384.428766580357 1.000026584922091 1.497927770824735 170.1130172276811 1.408321011107387e-005
0.0809 6384.47540377083 1.000026383877268 1.497830521137651 169.8098754896058 1.321351129820404e-005
0.081 6384.522103723009 1.000026183729912 1.497733255516046 169.5063258004387 1.239326624778819e-005
0.08110000000000001 6384.568866449386 1.000025984479938 1.497635974002932 169.2023680789943 1.161992038093836e-005
0.08120000000000001 6384.615691962423 1.000025786127242 1.497538676641442 168.8980022442523 1.089103670011694e-005
0.0813 6384.662580274561 1.000025588671702 1.497441363474793 168.5932282153525 1.020429110950787e-005
0.0814 6384.709531398217 1.000025392113176 1.497344034546287 168.288045911588 9.557467888047114e-006
0.0815 6384.756545345785 1.000025196451504 1.497246689899328 167.9824552524 8.948455311499444e-006
0.08160000000000001 6384.803622129633 1.000025001686508 1.497149329577421 167.676456157389 8.375241420035339e-006
0.08170000000000001 6384.850761762104 1.000024807817991 1.497051953624146 167.3700485463272 7.835909927726717e-006
0.0818 6384.89796425552 1.000024614845737 1.496954562083182 167.0632323391227 7.328636270386189e-006
0.0819 6384.945229622177 1.00002442276951 1.496857154998318 166.756007455849 6.851683788494022e-006
0.082 6384.992557874348 1.000024231589057 1.496759732413417 166.4483738167395 6.403400041606449e-006
0.08210000000000001 6385.03994902428 1.000024041304105 1.496662294372442 166.140331342181 5.982213250940994e-006
0.08220000000000001 6385.087403084196 1.000023851914362 1.496564840919445 165.8318799527259 5.586628866828045e-006
0.0823 6385.134920066294 1.000023663419519 1.496467372098573 165.5230195690864 5.215226257688579e-006
0.0824 6385.18249998275 1.000023475819245 1.496369887954062 165.2137501121282 4.866655517324429e-006
0.0825 6385.230142845711 1.000023289113193 1.496272388530248 164.9040715028767 4.539634387335398e-006
0.08260000000000001 6385.277848667305 1.000023103300994 1.496174873871551 164.593983662517 4.232945291489979e-006
0.08270000000000001 6385.325617459631 1.000022918382262 1.49607734402248 164.2834865123995 3.945432478960132e-006
0.0828 6385.373449234764 1.000022734356593 1.495979799027642 163.9725799740344 3.675999273348295e-006
0.0829 6385.421344004755 1.00002255122356 1.495882238931732 163.6612639690915 3.423605424518915e-006
0.083 6385.469301781631 1.000022368982722 1.495784663779531 163.3495384194001 3.187264560271198e-006
0.08310000000000001 6385.517322577391 1.000022187633615 1.495687073615915 163.0374032469612 2.966041734953757e-006
0.08320000000000001 6385.565406404012 1.000022007175757 1.495589468485844 162.7248583739232 2.759051072130554e-006
0.0833 6385.613553273446 1.000021827608647 1.495491848434371 162.4119037226004 2.565453498548849e-006
0.0834 6385.661763197618 1.000021648931767 1.495394213506636 162.0985392154843 2.384454566614723e-006
0.08350000000000001 6385.710036188427 1.000021471144576 1.495296563747872 161.7847647752259 2.21530236266221e-006
0.08360000000000001 6385.758372257749 1.000021294246516 1.495198899203389 161.4705803246301 2.057285498391371e-006
0.08370000000000001 6385.806771417437 1.00002111823701 1.495101219918598 161.1559857866613 1.909731182870613e-006
0.0838 6385.855233679313 1.000020943115461 1.495003525938979 160.8409810844672 1.772003372553771e-006
0.0839 6385.903759055175 1.000020768881255 1.494905817310116 160.5255661413611 1.643500996788055e-006
0.08400000000000001 6385.952347556799 1.000020595533755 1.494808094077671 160.2097408808039 1.523656256391189e-006
0.08410000000000001 6386.000999195934 1.000020423072308 1.494710356287387 159.8935052264282 1.411932992917625e-006
0.08420000000000001 6386.049713984302 1.000020251496242 1.494612603985092 159.5768591020377 1.307825126243849e-006
0.0843 6386.0984919336 1.000020080804864 1.494514837216706 159.259802431602 1.210855158192592e-006
0.0844 6386.147333055499 1.000019910997462 1.494417056028232 158.942335139256 1.120572739961521e-006
0.08450000000000001 6386.196237361646 1.000019742073307 1.494319260465744 158.6244571493002 1.036553301166941e-006
0.08460000000000001 6386.245204863661 1.000019574031648 1.494221450575413 158.3061683862064 9.583967383681271e-007
0.0847 6386.294235573138 1.000019406871717 1.494123626403475 157.9874687746063 8.857261609816297e-007
0.0848 6386.343329501645 1.000019240592726 1.494025787996266 157.6683582393088 8.181866925630139e-007
0.0849 6386.392486660725 1.000019075193869 1.49392793540019 157.3488367052881 7.554443254578536e-007
0.08500000000000001 6386.441707061895 1.000018910674318 1.493830068661737 157.0289040976844 6.971848268985316e-007
0.08510000000000001 6386.490990716643 1.000018747033229 1.493732187827474 156.7085603418208 6.431126946622773e-007
0.0852 6386.540337636436 1.000018584269738 1.493634292944044 156.3878053631682 5.929501604431664e-007
0.0853 6386.58974783271 1.000018422382962 1.493536384058167 156.066639087387 5.464362391742488e-007
0.0854 6386.639221316877 1.000018261371997 1.493438461216653 155.7450614402968 5.03325822536377e-007
0.08550000000000001 6386.688758100326 1.000018101235924 1.493340524466368 155.423072347883 4.633888149813517e-007
0.08560000000000001 6386.738358194412 1.000017941973802 1.493242573854269 155.1006717363201 4.264093106214201e-007
0.0857 6386.788021610471 1.00001778358467 1.493144609427394 154.7778595319363 3.921848093795452e-007
0.0858 6386.83774835981 1.000017626067552 1.493046631232831 154.4546356612372 3.605254708643277e-007
0.0859 6386.887538453707 1.000017469421449 1.492948639317761 154.1310000509055 3.312534044535575e-007
0.08600000000000001 6386.937391903417 1.000017313645346 1.492850633729445 153.8069526277899 3.042019941280868e-007
0.08610000000000001 6386.987308720168 1.000017158738207 1.492752614515188 153.4824933189101 2.792152566421367e-007
0.0862 6387.03728891516 1.000017004698979 1.492654581722396 153.1576220514634 2.561472316548873e-007
0.0863 6387.087332499566 1.000016851526588 1.49255653539853 152.8323387528243 2.348614024925905e-007
0.08640000000000001 6387.137439484533 1.000016699219942 1.492458475591127 152.506643350533 2.15230146252763e-007
0.08650000000000001 6387.187609881185 1.000016547777932 1.492360402347784 152.1805357723009 1.97134212005309e-007
0.08660000000000001 6387.237843700612 1.000016397199428 1.492262315716179 151.854015946023 1.804622258828842e-007
0.0867 6387.288140953883 1.000016247483281 1.492164215744054 151.5270837997595 1.651102218920842e-007
0.0868 6387.338501652039 1.000016098628325 1.492066102479216 151.1997392617481 1.509811973211346e-007
0.08690000000000001 6387.388925806092 1.000015950633374 1.49196797596954 150.8719822604038 1.379846916523769e-007
0.08700000000000001 6387.439413427028 1.000015803497224 1.491869836262962 150.5438127243191 1.260363879285263e-007
0.08710000000000001 6387.489964525807 1.000015657218653 1.491771683407489 150.2152305822577 1.150577355574555e-007
