0 6365.5 1.000274555227525 1.565474259400205 293.15 1.169169989225009
0.0001 6365.503419623317 1.00027446206204 1.565391464463785 293.1277724484374 1.167561311402603
0.0002 6365.50689195319 1.000274367489185 1.56530866633087 293.1052023042679 1.165929822224635
0.0003 6365.510416991787 1.000274271510202 1.565225864863343 293.082289553386 1.164275609555606
0.0004 6365.513994741366 1.000274174126352 1.565143059925963 293.0590341811188 1.162598762414709
0.0005 6365.517625204275 1.00027407533891 1.565060251385704 293.0354361722142 1.160899370968422
0.0006000000000000001 6365.521308382946 1.000273975149169 1.564977439112415 293.0114955108523 1.159177526524749
0.0007 6365.525044279898 1.000273873558439 1.564894622977793 292.9872121806637 1.157433321527784
0.0008 6365.528832897733 1.000273770568047 1.564811802855964 292.9625861647349 1.155666849551346
0.0009000000000000001 6365.532674239136 1.000273666179335 1.564728978623093 292.9376174456146 1.153878205292523
0.001 6365.536568306871 1.000273560393663 1.564646150157178 292.912306005337 1.152067484566409
0.0011 6365.540515103784 1.000273453212408 1.564563317337966 292.8866518254043 1.150234784297789
0.0012 6365.544514632798 1.000273344636964 1.564480480047278 292.8606548868105 1.14838020251571
0.0013 6365.548566896914 1.000273234668739 1.564397638168404 292.8343151700586 1.146503838347529
0.0014 6365.55267189921 1.000273123309162 1.564314791586184 292.8076326551376 1.144605792009949
0.0015 6365.556829642836 1.000273010559675 1.564231940187115 292.7806073215692 1.142686164805007
0.0016 6365.561040131019 1.00027289642174 1.564149083858995 292.7532391483786 1.140745059110527
0.0017 6365.565303367061 1.000272780896833 1.564066222491127 292.7255281141064 1.138782578373429
0.0018 6365.569619354333 1.000272663986447 1.563983355974143 292.6974741968378 1.136798827104217
0.0019 6365.573988096281 1.000272545692093 1.563900484199642 292.6690773741733 1.134793910867201
0.002 6365.57840959642 1.000272426015299 1.563817607060887 292.6403376232701 1.132767936275657
0.0021 6365.582883858335 1.000272304957609 1.563734724451901 292.6112549208241 1.130721010982726
0.0022 6365.587410885682 1.000272182520582 1.563651836268054 292.5818292430703 1.128653243673508
0.0023 6365.591990682183 1.000272058705797 1.563568942405635 292.552060565812 1.126564744059136
0.0024 6365.596623251631 1.000271933514846 1.56348604276209 292.5219488643974 1.124455622867054
0.0025 6365.601308597886 1.000271806949341 1.563403137235658 292.491494113743 1.122325991834526
0.0026 6365.606046724873 1.000271679010909 1.563320225725696 292.460696288328 1.120175963700006
0.0027 6365.610837636583 1.000271549701193 1.563237308132374 292.4295553622118 1.118005652196082
0.0028 6365.615681337075 1.000271419021854 1.563154384356699 292.3980713090103 1.115815172039465
0.0029 6365.620577830472 1.000271286974569 1.563071454300646 292.3662441019318 1.113604638925026
0.003 6365.62552712096 1.000271153561031 1.56298851786681 292.3340737137586 1.111374169516044
0.0031 6365.630529212792 1.00027101878295 1.56290557495875 292.3015601168535 1.109123881436053
0.0032 6365.635584110281 1.000270882642053 1.562822625480624 292.2687032831713 1.106853893260999
0.0033 6365.640691817806 1.000270745140083 1.562739669337458 292.2355031842589 1.104564324510529
0.0034 6365.645852339808 1.000270606278798 1.562656706434888 292.2019597912494 1.102255295638797
0.0035 6365.651065680788 1.000270466059975 1.562573736679167 292.1680730748798 1.099926928026825
0.0036 6365.656331845311 1.000270324485406 1.562490759977367 292.1338430054792 1.097579343972774
0.0037 6365.661650838003 1.0002701815569 1.562407776237081 292.0992695529807 1.095212666683765
0.0038 6365.66702266355 1.000270037276281 1.562324785366549 292.064352686927 1.092827020267228
0.0039 6365.672447326699 1.000269891645391 1.562241787274622 292.0290923764591 1.090422529720975
0.004 6365.677924832256 1.000269744666087 1.562158781870687 291.9934885903334 1.087999320925229
0.0041 6365.68345518509 1.000269596340244 1.562075769064764 291.9575412969165 1.085557520632968
0.004200000000000001 6365.689038390126 1.00026944666975 1.561992748767346 291.9212504641845 1.083097256460618
0.0043 6365.694674452349 1.000269295656513 1.561909720889479 291.8846160597294 1.080618656879085
0.0044 6365.700363376804 1.000269143302455 1.561826685342798 291.8476380507767 1.078121851205514
0.004500000000000001 6365.706105168591 1.000268989609515 1.561743642039311 291.8103164041557 1.075606969591798
0.0046 6365.711899832872 1.000268834579646 1.561660590891683 291.7726510863294 1.073074143017018
0.0047 6365.717747374865 1.00026867821482 1.561577531812832 291.7346420633761 1.070523503276634
0.0048 6365.723647799847 1.000268520517024 1.561494464716338 291.6962893009962 1.067955182973216
0.0049 6365.729601113148 1.00026836148826 1.561411389516184 291.6575927645353 1.065369315508292
0.005 6365.735607320161 1.000268201130548 1.561328306126725 291.6185524189544 1.062766035070585
0.0051 6365.741666426329 1.00026803944592 1.561245214462904 291.5791682288603 1.060145476628141
0.005200000000000001 6365.747778437155 1.00026787643643 1.561162114439862 291.539440158493 1.057507775917642
0.0053 6365.753943358198 1.000267712104142 1.561079005973373 291.4993681717141 1.054853069433668
0.0054 6365.760161195072 1.00026754645114 1.560995888979489 291.4589522320306 1.052181494420263
0.005500000000000001 6365.766431953448 1.00026737947952 1.560912763374733 291.4181923025889 1.049493188860482
0.0056 6365.772755639051 1.000267211191398 1.560829629075892 291.3770883461688 1.046788291465885
0.0057 6365.77913225766 1.000267041588902 1.560746486000288 291.3356403252132 1.044066941668329
0.005800000000000001 6365.78556181511 1.000266870674178 1.560663334065547 291.2938482017866 1.041329279607022
0.0059 6365.792044317291 1.000266698449387 1.560580173189664 291.2517119376106 1.038575446120595
0.006 6365.798579770146 1.000266524916705 1.560497003290963 291.2092314940522 1.035805582736016
0.0061 6365.805168179673 1.000266350078325 1.560413824288181 291.1664068321237 1.033019831658224
0.006200000000000001 6365.811809551925 1.000266173936453 1.560330636100364 291.1232379124884 1.030218335760115
0.0063 6365.818503893006 1.000265996493313 1.560247438646857 291.0797246954611 1.027401238572083
0.0064 6365.825251209075 1.000265817751144 1.560164231847492 291.0358671410135 1.024568684271907
0.006500000000000001 6365.832051506343 1.000265637712199 1.560081015622268 290.9916652087685 1.021720817673821
0.0066 6365.838904791078 1.000265456378747 1.559997789891604 290.9471188579945 1.01885778421755
0.0067 6365.845811069595 1.000265273753073 1.559914554576191 290.9022280476346 1.015979729959584
0.006800000000000001 6365.852770348264 1.000265089837478 1.559831309597039 290.8569927362831 1.013086801560977
0.006900000000000001 6365.85978263351 1.000264904634275 1.559748054875513 290.8114128821857 1.010179146276647
0.007 6365.866847931807 1.000264718145796 1.559664790333233 290.7654884432567 1.007256911945746
0.0071 6365.873966249682 1.000264530374386 1.559581515892141 290.7192193770678 1.004320246980121
0.007200000000000001 6365.881137593714 1.000264341322405 1.559498231474505 290.6726056408596 1.001369300354231
0.0073 6365.888361970533 1.000264150992229 1.559414937002841 290.6256471915357 0.9984042215938992
0.0074 6365.895639386821 1.000263959386249 1.559331632399994 290.5783439856626 0.9954251607654095
0.007500000000000001 6365.902969849311 1.00026376650687 1.559248317589065 290.530695979476 0.9924322684649414
0.0076 6365.910353364789 1.000263572356512 1.559164992493461 290.4827031288686 0.9894256958068471
0.0077 6365.917789940088 1.000263376937612 1.559081657036926 290.4343653894315 0.9864055944152378
0.007800000000000001 6365.925279582094 1.000263180252618 1.558998311143338 290.3856827163894 0.9833721164088652
0.007900000000000001 6365.932822297745 1.000262982303997 1.558914954736966 290.3366550646596 0.9803254143937481
0.008 6365.940418094026 1.000262783094228 1.558831587742331 290.2872823888341 0.9772656414509489
0.0081 6365.948066977974 1.000262582625805 1.558748210084213 290.2375646431682 0.9741929511247052
0.008200000000000001 6365.955768956677 1.000262380901238 1.558664821687681 290.1875017815977 0.9711074974123642
0.0083 6365.963524037272 1.00026217792305 1.558581422477982 290.1370937577334 0.9680094347528182
0.008400000000000001 6365.971332226945 1.00026197369378 1.558498012380801 290.0863405248609 0.9648989180152839
0.008500000000000001 6365.979193532931 1.000261768215979 1.55841459132191 290.0352420359467 0.9617761024884147
0.0086 6365.987107962518 1.000261561492217 1.558331159227385 289.9837982436319 0.9586411438686648
0.008700000000000001 6365.995075523038 1.000261353525073 1.558247716023644 289.9320091002504 0.9554941982500663
0.008800000000000001 6366.003096221877 1.000261144317145 1.55816426163724 289.8798745577991 0.9523354221111081
0.0089 6366.011170066466 1.000260933871042 1.558080795995106 289.8273945679733 0.9491649723055448
0.009000000000000001 6366.019297064286 1.000260722189388 1.557997319024293 289.7745690821433 0.945983006049589
0.0091 6366.027477222868 1.000260509274823 1.557913830652217 289.7213980513601 0.9427896809108861
0.0092 6366.03571054979 1.000260295130001 1.557830330806426 289.6678814263672 0.9395851547978122
0.009300000000000001 6366.043997052678 1.000260079757586 1.557746819414816 289.614019157595 0.9363695859476867
0.0094 6366.052336739207 1.000259863160262 1.557663296405496 289.5598111951543 0.933143132914974
0.0095 6366.060729617099 1.000259645340722 1.557579761706802 289.5052574888549 0.9299059545608748
0.009600000000000001 6366.069175694126 1.000259426301676 1.55749621524734 289.4503579881811 0.9266582100404387
0.0097 6366.077674978103 1.000259206045847 1.557412656955914 289.3951126423334 0.9234000587935199
0.0098 6366.086227476898 1.000258984575972 1.557329086761597 289.3395214001638 0.9201316605294241
0.009900000000000001 6366.094833198423 1.000258761894801 1.557245504593722 289.2835842102521 0.9168531752199181
0.01 6366.103492150637 1.000258538005098 1.557161910381837 289.227301020859 0.9135647630849045
0.0101 6366.112204341548 1.000258312909642 1.557078304055703 289.1706717799378 0.9102665845815698
0.0102 6366.12096977921 1.000258086611225 1.556994685545331 289.1136964351343 0.9069588003928302
0.0103 6366.129788471723 1.000257859112652 1.556911054780983 289.0563749337988 0.9036415714164484
0.0104 6366.138660427234 1.000257630416741 1.556827411693157 288.99870722298 0.9003150587531091
0.0105 6366.147585653936 1.000257400526326 1.556743756212562 288.9406932494134 0.8969794236941564
0.0106 6366.156564160071 1.000257169444251 1.55666008827015 288.8823329595388 0.8936348277110283
0.0107 6366.165595953925 1.000256937173375 1.556576407797118 288.8236262994886 0.8902814324429818
0.0108 6366.174681043829 1.000256703716573 1.556492714724828 288.7645732151117 0.8869193996868431
0.0109 6366.183819438161 1.000256469076728 1.556409008984979 288.7051736519551 0.8835488913843856
0.011 6366.193011145345 1.00025623325674 1.556325290509393 288.6454275552586 0.8801700696103928
0.0111 6366.20225617385 1.000255996259522 1.556241559230191 288.5853348699783 0.8767830965623893
0.0112 6366.211554532189 1.000255758087998 1.55615781507972 288.5248955407686 0.8733881345480271
0.0113 6366.220906228926 1.000255518745106 1.556074057990498 288.4641095119827 0.869985345973482
0.0114 6366.230311272662 1.000255278233799 1.55599028789533 288.4029767276956 0.8665748933331714
0.0115 6366.23976967205 1.000255036557039 1.555906504727211 288.3414971316751 0.8631569391964945
0.0116 6366.249281435784 1.000254793717805 1.555822708419373 288.2796706674052 0.8597316461975517
0.0117 6366.258846572603 1.000254549719086 1.555738898905249 288.2174972780803 0.8562991770232158
0.0118 6366.268465091292 1.000254304563884 1.55565507611858 288.1549769066049 0.8528596944015395
0.0119 6366.278137000679 1.000254058255216 1.55557123999321 288.0921094955883 0.8494133610898463
0.012 6366.287862309638 1.000253810796108 1.555487390463318 288.0288949873556 0.845960339863804
0.0121 6366.297641027085 1.000253562189603 1.555403527463214 287.9653333239484 0.8425007935058513
0.0122 6366.307473161982 1.000253312438752 1.555319650927507 287.9014244471185 0.8390348847933151
0.0123 6366.317358723334 1.000253061546622 1.555235760790986 287.8371682983283 0.8355627764868637
0.0124 6366.327297720191 1.000252809516291 1.555151856988641 287.7725648187619 0.8320846313196079
0.0125 6366.337290161643 1.000252556350849 1.55506793945576 287.70761394932 0.8286006119852537
0.0126 6366.347336056827 1.000252302053398 1.554984008127799 287.6423156306254 0.8251108811269041
0.0127 6366.357435414922 1.000252046627055 1.55490006294043 287.5766698030051 0.8216156013246139
0.0128 6366.367588245151 1.000251790074946 1.554816103829575 287.5106764065203 0.8181149350854866
0.0129 6366.377794556778 1.00025153240021 1.554732130731356 287.4443353809423 0.8146090448309451
0.013 6366.388054359113 1.000251273605999 1.554648143582158 287.3776466657649 0.8110980928859135
0.0131 6366.398367661507 1.000251013695476 1.554564142318503 287.3106102002038 0.8075822414673864
0.0132 6366.408734473352 1.000250752671818 1.554480126877195 287.2432259232145 0.8040616526739414
0.0133 6366.419154804085 1.00025049053821 1.554396097195291 287.1754937734453 0.8005364884718746
0.0134 6366.429628663185 1.000250227297852 1.554312053209983 287.1074136892961 0.7970069106869206
0.0135 6366.440156060172 1.000249962953955 1.554227994858756 287.0389856088831 0.7934730809910504
0.0136 6366.45073700461 1.000249697509742 1.554143922079249 286.9702094700327 0.7899351608908534
0.0137 6366.461371506103 1.000249430968446 1.554059834809384 286.9010852103291 0.7863933117186716
0.0138 6366.472059574298 1.000249163333314 1.553975732987277 286.8316127670609 0.7828476946185856
0.0139 6366.482801218883 1.000248894607604 1.553891616551253 286.7617920772622 0.77929847053729
0.014 6366.493596449587 1.000248624794583 1.553807485439897 286.6916230776836 0.7757458002113616
0.0141 6366.504445276181 1.000248353897533 1.553723339591967 286.6211057048216 0.7721898441575696
0.0142 6366.515347708479 1.000248081919745 1.553639178946452 286.5502398948887 0.768630762660215
0.0143 6366.526303756333 1.000247808864522 1.553555003442583 286.4790255838374 0.7650687157611947
0.0144 6366.537313429637 1.000247534735179 1.553470813019781 286.40746270736 0.7615038632488924
0.0145 6366.548376738328 1.000247259535039 1.553386607617734 286.335551200871 0.7579363646462249
0.0146 6366.559493692381 1.000246983267441 1.553302387176295 286.2632909995249 0.7543663792004935
0.0147 6366.570664301812 1.000246705935731 1.553218151635528 286.1906820382218 0.750794065872668
0.0148 6366.58188857668 1.000246427543268 1.553133900935822 286.1177242515781 0.7472195833249636
0.0149 6366.593166527081 1.000246148093422 1.553049635017647 286.0444175739739 0.7436430899122368
0.015 6366.604498163151 1.000245867589573 1.55296535382182 285.9707619395171 0.7400647436693453
0.0151 6366.615883495069 1.000245586035111 1.552881057289274 285.8967572820496 0.7364847023005894
0.0152 6366.627322533052 1.00024530343344 1.552796745361204 285.8224035351594 0.7329031231694705
0.0153 6366.638815287357 1.00024501978797 1.552712417979074 285.74770063218 0.7293201632879102
0.0154 6366.65036176828 1.000244735102126 1.552628075084453 285.6726485061789 0.725735979304947
0.0155 6366.661961986159 1.000244449379341 1.552543716619257 285.5972470899695 0.7221507274966146
0.0156 6366.673615951367 1.00024416262306 1.552459342525503 285.5214963161169 0.7185645637555669
0.0157 6366.685323674319 1.000243874836737 1.552374952745543 285.445396116926 0.7149776435799095
0.0158 6366.697085165469 1.000243586023836 1.552290547221877 285.3689464244534 0.7113901220631973
0.0159 6366.70890043531 1.000243296187834 1.552206125897228 285.2921471704839 0.7078021538828111
0.016 6366.720769494374 1.000243005332215 1.55212168871457 285.2149982865716 0.7042138932914284
0.0161 6366.732692353228 1.000242713460476 1.552037235617077 285.1374997040165 0.7006254941054889
0.0162 6366.744669022482 1.000242420576122 1.551952766548165 285.0596513538643 0.6970371096948242
0.0163 6366.756699512784 1.00024212668267 1.551868281451422 284.9814531669066 0.69344889297234
0.0164 6366.768783834817 1.000241831783644 1.551783780270706 284.9029050736925 0.6898609963842866
0.0165 6366.780921999305 1.000241535882581 1.551699262950074 284.8240070045171 0.6862735718994972
0.0166 6366.793114017009 1.000241238983026 1.551614729433824 284.7447588894446 0.6826867710002925
0.0167 6366.805359898727 1.000240941088535 1.551530179666434 284.6651606582735 0.6791007446707557
0.0168 6366.817659655297 1.000240642202672 1.551445613592633 284.5852122405717 0.6755156433882787
0.0169 6366.830013297591 1.000240342329014 1.551361031157389 284.5049135656585 0.6719316171127528
0.017 6366.842420836522 1.000240041471143 1.551276432305853 284.4242645626053 0.6683488152766226
0.0171 6366.854882283039 1.000239739632655 1.551191816983408 284.3432651602469 0.6647673867755209
0.0172 6366.867397648126 1.000239436817153 1.551107185135647 284.2619152871815 0.6611874799584272
0.0173 6366.879966942806 1.000239133028248 1.551022536708441 284.1802148717592 0.6576092426173704
0.0174 6366.89259017814 1.000238828269564 1.550937871647819 284.0981638420875 0.6540328219779779
0.0175 6366.905267365223 1.000238522544732 1.550853189900065 284.0157621260495 0.6504583646905894
0.0176 6366.917998515188 1.000238215857393 1.550768491411669 283.9330096512798 0.6468860168196305
0.0177 6366.930783639205 1.000237908211197 1.550683776129333 283.8499063451708 0.643315923834344
0.0178 6366.943622748478 1.000237599609802 1.550599044000024 283.766452134896 0.6397482306003356
0.0179 6366.956515854249 1.000237290056876 1.550514294970886 283.6826469473807 0.636183081368897
0.018 6366.969462967797 1.000236979556097 1.550429528989288 283.5984907093197 0.6326206197684278
0.0181 6366.982464100435 1.000236668111149 1.550344746002875 283.5139833471711 0.6290609887949094
0.0182 6366.995519263512 1.000236355725729 1.550259945959443 283.4291247871746 0.6255043308034434
0.0183 6367.008628468412 1.000236042403539 1.550175128807048 283.3439149553213 0.6219507874978656
0.0184 6367.021791726556 1.000235728148291 1.550090294493988 283.2583537773838 0.6184004999229166
0.0185 6367.0350090494 1.000235412963706 1.5500054429687 283.1724411788981 0.6148536084544964
0.0186 6367.048280448435 1.000235096853514 1.549920574179966 283.0861770851756 0.6113102527912225
0.0187 6367.061605935185 1.000234779821451 1.549835688076688 282.999561421297 0.6077705719453236
0.0188 6367.074985521213 1.000234461871265 1.549750784608037 282.9125941121187 0.6042347042340912
0.0189 6367.088419218112 1.000234143006711 1.549665863723388 282.825275082272 0.6007027872711601
0.019 6367.101907037514 1.00023382323155 1.549580925372367 282.7376042561581 0.5971749579576249
0.0191 6367.115448991082 1.000233502549554 1.549495969504823 282.649581557965 0.5936513524741822
0.0192 6367.129045090517 1.000233180964502 1.549410996070766 282.5612069116386 0.5901321062714511
0.0193 6367.14269534755 1.000232858480183 1.549326005020502 282.4724802409236 0.586617354063206
0.0194 6367.15639977395 1.000232535100392 1.549240996304517 282.3834014693283 0.5831072298166178
0.0195 6367.170158381515 1.000232210828931 1.549155969873556 282.2939705201542 0.579601866745158
0.0196 6367.183971182083 1.000231885669613 1.549070925678532 282.2041873164602 0.576101397299017
0.0197 6367.197838187521 1.000231559626256 1.548985863670652 282.1140517811163 0.5726059531590755
0.0198 6367.211759409731 1.000231232702689 1.548900783801291 282.0235638367498 0.5691156652267965
0.0199 6367.225734860649 1.000230904902745 1.548815686022063 281.9327234057813 0.565630663617658
0.02 6367.239764552243 1.000230576230267 1.548730570284822 281.8415304104186 0.5621510776530486
0.0201 6367.253848496514 1.000230246689106 1.548645436541626 281.7499847726566 0.5586770358524758
0.0202 6367.267986705499 1.000229916283118 1.548560284744767 281.6580864142596 0.555208665925192
0.0203 6367.282179191263 1.000229585016169 1.548475114846741 281.5658352567911 0.5517460947636951
0.0204 6367.296425965907 1.000229252892131 1.548389926800309 281.4732312216073 0.5482894484359577
0.0205 6367.310727041562 1.000228919914884 1.548304720558411 281.3802742298461 0.5448388521775301
0.0206 6367.325082430395 1.000228586088316 1.548219496074218 281.2869642024324 0.5413944303843972
0.0207 6367.339492144602 1.000228251416319 1.548134253301188 281.1933010600841 0.5379563066059143
0.0208 6367.353956196413 1.000227915902797 1.548048992192896 281.0992847233182 0.5345246035378241
0.0209 6367.368474598088 1.000227579551656 1.547963712703241 281.0049151124271 0.5310994430142833
0.021 6367.383047361922 1.000227242366814 1.547878414786271 280.9101921475079 0.5276809460019237
0.0211 6367.397674500238 1.000226904352191 1.547793098396288 280.8151157484512 0.5242692325924845
0.0212 6367.412356025394 1.000226565511718 1.547707763487848 280.7196858349402 0.5208644219959703
0.0213 6367.427091949776 1.00022622584933 1.547622410015667 280.6239023264574 0.5174666325341087
0.0214 6367.441882285804 1.000225885368971 1.547537037934729 280.5277651422724 0.5140759816332691
0.0215 6367.456727045928 1.000225544074589 1.547451647200239 280.4312742014657 0.510692585818727
0.0216 6367.47162624263 1.000225201970141 1.547366237767621 280.3344294229049 0.5073165607073498
0.0217 6367.486579888419 1.000224859059591 1.547280809592512 280.2372307252743 0.5039480210022411
0.0218 6367.501587995841 1.000224515346906 1.547195362630782 280.1396780270337 0.5005870804850082
0.0219 6367.516650577467 1.000224170836063 1.547109896838541 280.0417712464654 0.4972338520112002
0.022 6367.531767645902 1.000223825531043 1.547024412172097 279.9435103016389 0.4938884475029765
0.0221 6367.546939213778 1.000223479435835 1.546938908588007 279.8448951104405 0.4905509779441057
0.0222 6367.562165293761 1.000223132554433 1.546853386043001 279.7459255905554 0.4872215533734411
0.0223 6367.577445898545 1.000222784890838 1.546767844494091 279.6466016594562 0.4839002828787086
0.0224 6367.592781040853 1.000222436449057 1.546682283898501 279.5469232344557 0.4805872745925642
0.0225 6367.608170733439 1.000222087233103 1.546596704213639 279.4468902326479 0.4772826356849819
0.0226 6367.623614989087 1.000221737246994 1.54651110539718 279.3465025709378 0.4739864723587173
0.0227 6367.639113820608 1.000221386494754 1.546425487407025 279.245760166047 0.4706988898440626
0.0228 6367.654667240847 1.000221034980415 1.546339850201277 279.1446629344963 0.4674199923929301
0.0229 6367.670275262672 1.000220682708014 1.546254193738247 279.0432107926348 0.464149883274577
0.023 6367.685937898985 1.000220329681591 1.546168517976514 278.9414036565989 0.4608886647691279
0.0231 6367.701655162714 1.000219975905194 1.546082822874848 278.8392414423596 0.4576364381640632
0.0232 6367.717427066817 1.000219621382877 1.545997108392268 278.7367240656866 0.4543933037481414
0.0233 6367.733253624283 1.000219266118699 1.545911374487969 278.6338514421608 0.4511593608069471
0.0234 6367.749134848124 1.000218910116724 1.545825621121418 278.5306234871913 0.4479347076187117
0.0235 6367.765070751385 1.000218553381021 1.5457398482523 278.4270401159982 0.4447194414491169
0.0236 6367.781061347137 1.000218195915665 1.545654055840509 278.3231012436125 0.4415136585467685
0.0237 6367.797106648479 1.000217837724738 1.545568243846123 278.2188067848878 0.4383174541391339
0.0238 6367.813206668538 1.000217478812323 1.545482412229553 278.1141566545001 0.4351309224282102
0.0239 6367.829361420471 1.000217119182512 1.545396560951316 278.0091507669366 0.4319541565859406
0.024 6367.845570917461 1.0002167588394 1.545310689972215 277.903789036507 0.4287872487504568
0.0241 6367.861835172716 1.000216397787089 1.545224799253266 277.7980713773494 0.4256302900222365
0.0242 6367.878154199474 1.000216036029683 1.545138888755696 277.6919977034189 0.4224833704598349
0.0243 6367.894528011002 1.000215673571293 1.545052958440975 277.5855679284872 0.4193465790760826
0.0244 6367.910956620591 1.000215310416035 1.544967008270767 277.4787819661605 0.4162200038349064
0.0245 6367.927440041559 1.000214946568028 1.544881038206982 277.3716397298675 0.4131037316473793
0.0246 6367.943978287253 1.000214582031398 1.544795048211738 277.264141132854 0.4099978483680605
0.0247 6367.960571371046 1.000214216810274 1.544709038247393 277.1562860881999 0.4069024387921252
0.0248 6367.977219306336 1.00021385090879 1.544623008276497 277.0480745088138 0.4038175866519092
0.0249 6367.993922106549 1.000213484331084 1.544536958261854 276.9395063074329 0.4007433746137343
0.025 6368.010679785136 1.0002131170813 1.544450888166479 276.8305813966171 0.3976798842746757
0.0251 6368.027492355575 1.000212749163585 1.544364797953598 276.7212996887605 0.3946271961599365
0.0252 6368.044359831371 1.00021238058209 1.544278687586668 276.611661096092 0.3915853897199916
0.0253 6368.061282226051 1.000212011340971 1.54419255702936 276.5016655306689 0.3885545433276757
0.0254 6368.078259553172 1.00021164144439 1.544106406245562 276.391312904383 0.3855347342757099
0.0255 6368.095291826314 1.000211270896509 1.54402023519944 276.2806031289605 0.3825260387741694
0.0256 6368.112379059083 1.000210899701499 1.54393404385529 276.1695361159622 0.3795285319480605
0.0257 6368.129521265111 1.000210527863529 1.543847832177673 276.0581117767773 0.3765422878348481
0.0258 6368.146718458056 1.000210155386778 1.543761600131388 275.9463300226356 0.3735673793825701
0.0259 6368.163970651597 1.000209782275426 1.543675347681426 275.8341907646189 0.3706038784480463
0.026 6368.181277859443 1.000209408533656 1.543589074793012 275.72169391362 0.3676518557937944
0.0261 6368.198640095324 1.000209034165657 1.543502781431582 275.6088393803956 0.364711381087555
0.0262 6368.216057372995 1.00020865917562 1.543416467562816 275.4956270755309 0.3617825228995832
0.0263 6368.233529706239 1.00020828356774 1.543330133152569 275.3820569094459 0.358865348701147
0.0264 6368.25105710886 1.000207907346217 1.54324377816695 275.2681287924123 0.35595992486343
0.0265 6368.268639594684 1.000207530515252 1.543157402572299 275.1538426345545 0.353066316656077
0.0266 6368.286277177566 1.000207153079052 1.543071006335115 275.0391983458193 0.3501845882451094
0.0267 6368.303969871384 1.000206775041825 1.542984589422194 274.9241958360057 0.3473148026924519
0.0268 6368.321717690037 1.000206396407785 1.542898151800485 274.808835014759 0.3444570219546628
0.0269 6368.33952064745 1.000206017181147 1.542811693437207 274.6931157915768 0.3416113068820695
0.027 6368.35737875757 1.00020563736613 1.542725214299751 274.5770380757971 0.3387777172175767
0.0271 6368.375292034368 1.000205256966957 1.54263871435577 274.4606017766099 0.3359563115961679
0.0272 6368.393260491839 1.000204875987854 1.542552193573086 274.3438068030458 0.3331471475439384
0.0273 6368.411284144 1.000204494433048 1.542465651919788 274.2266530639994 0.330350281478094
0.0274 6368.429363004892 1.000204112306771 1.542379089364155 274.1091404681996 0.3275657687057779
0.0275 6368.447497088579 1.000203729613258 1.542292505874668 273.9912689242395 0.3247936634244256
0.0276 6368.465686409145 1.000203346356745 1.542205901420067 273.8730383405585 0.3220340187210971
0.0277 6368.483930980699 1.000202962541474 1.542119275969279 273.7544486254541 0.3192868865726203
0.0278 6368.502230817373 1.000202578171687 1.54203262949145 273.6354996870758 0.3165523178454259
0.0279 6368.52058593332 1.000202193251629 1.541945961955953 273.5161914334198 0.3138303622954971
0.028 6368.538996342715 1.000201807785549 1.541859273332355 273.3965237723518 0.3111210685691024
0.0281 6368.557462059755 1.000201421777697 1.541772563590483 273.27649661159 0.3084244842026869
0.0282 6368.57598309866 1.000201035232328 1.541685832700322 273.1561098587107 0.3057406556234157
0.0283 6368.59455947367 1.000200648153696 1.541599080632115 273.0353634211423 0.3030696281495602
0.0284 6368.613191199049 1.000200260546061 1.541512307356292 272.9142572061832 0.3004114459915168
0.0285 6368.63187828908 1.000199872413682 1.541425512843521 272.792791120978 0.2977661522520169
0.0286 6368.650620758069 1.000199483760823 1.541338697064674 272.6709650725533 0.2951337889277436
0.0287 6368.669418620343 1.000199094591748 1.541251859990834 272.5487789677699 0.2925143969092521
0.0288 6368.688271890249 1.000198704910726 1.541165001593288 272.4262327133823 0.2899080159833007
0.0289 6368.707180582156 1.000198314722026 1.541078121843555 272.3033262159855 0.2873146848328698
0.029 6368.726144710455 1.000197924029918 1.540991220713375 272.1800593820443 0.2847344410390664
0.0291 6368.745164289554 1.000197532838677 1.540904298174671 272.0564321178994 0.2821673210826183
0.0292 6368.764239333885 1.000197141152579 1.540817354199584 271.9324443297495 0.2796133603449836
0.0293 6368.783369857899 1.000196748975901 1.540730388760503 271.8080959236576 0.2770725931100663
0.0294 6368.802555876067 1.000196356312921 1.540643401829971 271.6833868055622 0.2745450525661508
0.0295 6368.821797402882 1.000195963167923 1.540556393380784 271.5583168812663 0.272030770807459
0.0296 6368.841094452854 1.000195569545187 1.540469363385953 271.4328860564482 0.2695297788362926
0.0297 6368.860447040516 1.000195175448998 1.540382311818679 271.3070942366447 0.2670421065646889
0.0298 6368.879855180418 1.000194780883644 1.540295238652361 271.1809413272803 0.2645677828171206
0.0299 6368.899318887133 1.000194385853411 1.540208143860653 271.0544272336373 0.2621068353321287
0.03 6368.918838175248 1.000193990362589 1.540121027417373 270.927551860886 0.2596592907652223
0.0301 6368.938413059377 1.000193594415469 1.540033889296572 270.8003151140487 0.257225174690616
0.0302 6368.958043554147 1.000193198016343 1.539946729472515 270.6727168980473 0.2548045116046675
0.0303 6368.977729674206 1.000192801169504 1.539859547919652 270.5447571176618 0.2523973249277129
0.0304 6368.997471434222 1.000192403879247 1.539772344612672 270.4164356775599 0.2500036370073613
0.0305 6369.01726884888 1.000192006149869 1.53968511952644 270.2877524822792 0.2476234691209921
0.0306 6369.037121932885 1.000191607985666 1.539597872636067 270.158707436245 0.2452568414790195
0.0307 6369.057030700961 1.000191209390937 1.539510603916826 270.0293004437525 0.2429037732275989
0.0308 6369.076995167849 1.000190810369982 1.539423313344237 269.8995314089788 0.2405642824519808
0.0309 6369.09701534831 1.000190410927101 1.539336000894011 269.7694002359825 0.2382383861797446
0.031 6369.117091257122 1.000190011066596 1.539248666542031 269.6389068287043 0.2359261003841314
0.0311 6369.137222909082 1.00018961079277 1.539161310264467 269.5080510909664 0.233627439987476
0.0312 6369.157410319003 1.000189210109925 1.53907393203761 269.3768329264789 0.2313424188648409
0.0313 6369.177653501719 1.000188809022366 1.538986531838017 269.2452522388275 0.2290710498474371
0.0314 6369.197952472078 1.000188407534398 1.538899109642412 269.1133089314916 0.2268133447266582
0.0315 6369.218307244949 1.000188005650327 1.538811665427741 268.9810029078325 0.2245693142576946
0.0316 6369.238717835216 1.000187603374459 1.53872419917115 268.848334071099 0.2223389681635536
0.0317 6369.259184257781 1.000187200711102 1.538636710849969 268.7153023244217 0.2201223151389721
0.0318 6369.279706527565 1.000186797664562 1.538549200441785 268.5819075708308 0.2179193628548198
0.03190000000000001 6369.300284659502 1.000186394239149 1.538461667924342 268.4481497132382 0.2157301179620023
0.032 6369.320918668547 1.000185990439171 1.538374113275579 268.3140286544434 0.2135545860958569
0.0321 6369.341608569671 1.000185586268936 1.538286536473673 268.1795442971396 0.2113927718806348
0.0322 6369.362354377859 1.000185181732755 1.538198937496981 268.0446965439136 0.2092446789339788
0.0323 6369.383156108117 1.000184776834937 1.53811131632406 267.9094852972397 0.2071103098713984
0.0324 6369.404013775463 1.000184371579792 1.538023672933679 267.773910459492 0.2049896663111189
0.0325 6369.424927394933 1.000183965971631 1.537936007304807 267.6379719329378 0.202882748878736
0.0326 6369.44589698158 1.000183560014764 1.537848319416596 267.5016696197325 0.2007895572119661
0.0327 6369.466922550471 1.000183153713501 1.537760609248415 267.3650034219367 0.1987100899658486
0.0328 6369.488004116693 1.000182747072154 1.537672876779825 267.2279732414985 0.1966443448174891
0.0329 6369.509141695344 1.000182340095033 1.537585121990587 267.0905789802658 0.1945923184713452
0.033 6369.530335301541 1.000181932786448 1.537497344860663 266.952820539986 0.1925540066644143
0.0331 6369.551584950415 1.000181525150711 1.537409545370206 266.8146978222998 0.1905294041714218
0.0332 6369.572890657114 1.000181117192132 1.537321723499562 266.6762107287594 0.1885185048104407
0.0333 6369.594252436799 1.00018070891502 1.537233879229306 266.5373591608048 0.1865213014479897
0.0334 6369.615670304647 1.000180300323688 1.537146012540154 266.3981430197931 0.1845377860049874
0.0335 6369.637144275852 1.000179891422444 1.537058123413074 266.2585622069631 0.1825679494618532
0.03360000000000001 6369.65867436562 1.000179482215597 1.536970211829199 266.118616623471 0.1806117818647052
0.0337 6369.680260589174 1.000179072707458 1.536882277769861 265.9783061703723 0.1786692723308773
0.0338 6369.70190296175 1.000178662902335 1.536794321216592 265.8376307486223 0.176740409054774
0.0339 6369.723601498601 1.000178252804537 1.536706342151102 265.6965902590931 0.1748251793140429
0.034 6369.745356214992 1.00017784241837 1.536618340555335 265.5551846025509 0.1729235694752593
0.0341 6369.767167126204 1.000177431748143 1.536530316411395 265.4134136796728 0.1710355650002544
0.0342 6369.789034247532 1.000177020798163 1.536442269701568 265.2712773910415 0.1691611504521967
0.0343 6369.810957594284 1.000176609572736 1.536354200408361 265.1287756371511 0.1673003095019078
0.0344 6369.832937181783 1.000176198076167 1.536266108514456 264.9859083184127 0.1654530249342473
0.0345 6369.854973025364 1.00017578631276 1.536177994002757 264.8426753351372 0.1636192786542681
0.0346 6369.877065140379 1.000175374286821 1.536089856856314 264.6990765875347 0.1617990516936797
0.0347 6369.899213542192 1.000174962002651 1.536001697058394 264.5551119757505 0.1599923242178286
0.03480000000000001 6369.92141824618 1.000174549464554 1.535913514592444 264.4107813998293 0.1581990755318445
0.0349 6369.943679267733 1.000174136676831 1.535825309442121 264.266084759733 0.1564192840875358
0.035 6369.965996622257 1.000173723643782 1.535737081591255 264.121021955329 0.1546529274899818
0.0351 6369.988370325168 1.000173310369707 1.53564883102385 263.9755928864078 0.1528999825045575
0.0352 6370.010800391898 1.000172896858905 1.535560557724118 263.8297974526653 0.1511604250635911
0.03530000000000001 6370.033286837888 1.000172483115672 1.535472261676461 263.6836355537265 0.1494342302735863
0.0354 6370.055829678595 1.000172069144305 1.535383942865477 263.5371070891337 0.1477213724220813
0.0355 6370.078428929488 1.000171654949099 1.535295601275917 263.3902119583285 0.1460218249845116
0.0356 6370.101084606048 1.000171240534348 1.535207236892744 263.2429500606876 0.1443355606317554
0.0357 6370.123796723769 1.000170825904344 1.535118849701109 263.0953212954991 0.1426625512370489
0.0358 6370.146565298158 1.00017041106338 1.53503043968633 262.947325561974 0.141002767883375
0.0359 6370.169390344732 1.000169996015744 1.534942006833926 262.7989627592409 0.139356180870709
0.036 6370.192271879023 1.000169580765725 1.534853551129607 262.6502327863512 0.1377227597234547
0.0361 6370.215209916572 1.000169165317612 1.534765072559231 262.5011355422797 0.1361024731978723
0.0362 6370.238204472935 1.000168749675688 1.534676571108908 262.3516709259242 0.1344952892895612
0.0363 6370.261255563675 1.000168333844239 1.534588046764841 262.2018388361115 0.132901175241063
0.0364 6370.284363204374 1.000167917827547 1.534499499513494 262.0516391715681 0.1313200975491418
0.03650000000000001 6370.307527410619 1.000167501629894 1.534410929341465 261.9010718309791 0.1297520219730577
0.0366 6370.33074819801 1.000167085255558 1.53432233623556 261.7501367129347 0.1281969135417013
0.0367 6370.354025582162 1.000166668708817 1.534233720182757 261.5988337159487 0.1266547365615347
0.0368 6370.377359578695 1.000166251993948 1.534145081170212 261.4471627384813 0.125125454624629
0.0369 6370.400750203246 1.000165835115224 1.534056419185271 261.2951236788985 0.1236090306160915
0.03700000000000001 6370.424197471461 1.000165418076919 1.533967734215449 261.1427164355067 0.1221054267223208
0.0371 6370.447701398993 1.000165000883302 1.533879026248446 260.9899409065478 0.120614604438884
0.0372 6370.471262001512 1.000164583538642 1.533790295272131 260.8367969901746 0.1191365245782736
0.0373 6370.494879294693 1.000164166047207 1.533701541274571 260.6832845844928 0.1176711472783407
0.0374 6370.518553294227 1.000163748413261 1.533612764243997 260.5294035875253 0.1162184320100232
0.0375 6370.542284015811 1.000163330641066 1.533523964168826 260.37515389723 0.1147783375856334
0.0376 6370.566071475155 1.000162912734884 1.533435141037636 260.2205354114939 0.1133508221669569
0.0377 6370.589915687977 1.000162494698973 1.533346294839203 260.0655480281506 0.1119358432736101
0.0378 6370.613816670008 1.00016207653759 1.533257425562469 259.9101916449512 0.1105333577910011
0.0379 6370.637774436986 1.000161658254989 1.533168533196535 259.7544661595933 0.1091433219788694
0.038 6370.66178900466 1.000161239855423 1.533079617730702 259.5983714697098 0.1077656914794811
0.0381 6370.68586038879 1.000160821343141 1.532990679154449 259.4419074728684 0.1064004213259696
0.03820000000000001 6370.709988605144 1.000160402722391 1.532901717457392 259.2850740665657 0.1050474659506568
0.0383 6370.7341736695 1.000159983997418 1.532812732629372 259.1278711482513 0.1037067791936635
0.0384 6370.758415597646 1.000159565172465 1.532723724660363 258.9702986153037 0.1023783143111382
0.0385 6370.782714405378 1.000159146251773 1.532634693540513 258.8123563650423 0.1010620239838253
0.0386 6370.807070108504 1.000158727239579 1.53254563926019 258.6540442947274 0.09975786032555732
0.03870000000000001 6370.831482722838 1.000158308140121 1.532456561809854 258.4953623015543 0.09846577489172682
0.0388 6370.855952264205 1.00015788895763 1.532367461180219 258.336310282671 0.09718571868797726
0.0389 6370.880478748438 1.000157469696337 1.5322783373621 258.1768881351544 0.09591764217858163
0.039 6370.905062191379 1.000157050360469 1.532189190346536 258.0170957560343 0.09466149529522722
0.0391 6370.92970260888 1.000156630954253 1.532100020124711 257.8569330422814 0.09341722744553625
0.0392 6370.954400016798 1.000156211481911 1.532010826687973 257.696399890813 0.09218478752174922
0.0393 6370.979154431003 1.000155791947664 1.531921610027845 257.5354961984816 0.09096412390929155
0.0394 6371.00396586737 1.000155372355726 1.531832370136035 257.3742218620981 0.08975518449562946
0.0395 6371.028834341784 1.000154952710315 1.531743107004391 257.2125767784027 0.08855791667873859
0.0396 6371.053759870139 1.00015453301564 1.531653820624944 257.0505608440998 0.0873722673760783
0.0397 6371.078742468333 1.000154113275911 1.531564510989896 256.888173955835 0.08619818303313649
0.0398 6371.103782152277 1.000153693495333 1.531475178091609 256.7254160102006 0.08503560963221091
0.03990000000000001 6371.128878937886 1.000153273678109 1.531385821922609 256.5622869037414 0.0838844927011996
0.04 6371.154032841087 1.00015285382844 1.53129644247559 256.3987865329376 0.08274477732223554
0.0401 6371.179243877809 1.000152433950521 1.531207039743411 256.2349147942394 0.08161640814070435
0.0402 6371.204512063995 1.000152014048547 1.531117613719097 256.0706715840323 0.0804993293737733
0.0403 6371.229837415591 1.000151594126708 1.531028164395834 255.9060567986602 0.07939348481933976
0.04040000000000001 6371.25521994855 1.000151174189192 1.530938691766983 255.7410703344257 0.07829881786481842
0.0405 6371.280659678834 1.000150754240183 1.530849195826062 255.5757120875782 0.07721527149585621
0.0406 6371.306156622413 1.000150334283863 1.530759676566728 255.4099819543138 0.07614278830513238
0.0407 6371.331710795263 1.000149914324409 1.530670133982851 255.2438798307934 0.07508131050127397
0.0408 6371.357322213366 1.000149494365997 1.530580568068409 255.0774056131185 0.07403077991750383
0.0409 6371.382990892714 1.000149074412796 1.530490978817589 254.9105591973611 0.07299113802062905
0.041 6371.408716849301 1.000148654468977 1.530401366224702 254.743340479546 0.07196232591972528
0.04110000000000001 6371.434500099131 1.000148234538702 1.530311730284245 254.5757493556506 0.07094428437493312
0.0412 6371.460340658214 1.000147814626133 1.530222070990862 254.4077857216111 0.06993695380628616
0.0413 6371.486238542566 1.000147394735429 1.530132388339359 254.239449473322 0.0689402743024958
0.0414 6371.51219376821 1.000146974870743 1.5300426823247 254.0707405066368 0.06795418562973003
0.0415 6371.538206351174 1.000146555036226 1.529952952942015 253.9016587173672 0.066978627240384
0.04160000000000001 6371.564276307495 1.000146135236024 1.529863200186589 253.732204001284 0.06601353828184178
0.0417 6371.590403653212 1.000145715474283 1.529773424053857 253.5623762541221 0.06505885760526088
0.0418 6371.616588404373 1.000145295755141 1.529683624539421 253.3921753715753 0.06411452377427734
0.0419 6371.642830577031 1.000144876082735 1.529593801639049 253.2216012493017 0.06318047507376517
0.042 6371.669130187242 1.000144456461197 1.529503955348648 253.0506537829241 0.06225664951854729
0.04210000000000001 6371.695487251075 1.000144036894656 1.529414085664284 252.8793328680121 0.06134298486199753
0.0422 6371.721901784597 1.000143617387237 1.529324192582188 252.7076384001174 0.06043941860491162
0.0423 6371.748373803885 1.000143197943061 1.529234276098739 252.5355702747505 0.05954588800404089
0.0424 6371.774903325018 1.000142778566245 1.529144336210478 252.3631283873805 0.05866233008073703
0.0425 6371.801490364084 1.000142359260903 1.529054372914094 252.1903126334527 0.05778868162966593
0.0426 6371.828134937173 1.000141940031144 1.528964386206443 252.017122908377 0.05692487922734673
0.0427 6371.854837060381 1.000141520881074 1.528874376084509 251.8435591075221 0.05607085924070169
0.04280000000000001 6371.881596749811 1.000141101814793 1.528784342545463 251.6696211262268 0.05522655783567049
0.0429 6371.908414021567 1.0001406828364 1.528694285586607 251.4953088598126 0.05439191098579484
0.043 6371.935288891762 1.000140263949988 1.528604205205398 251.3206222035473 0.05356685448055049
0.0431 6371.962221376512 1.000139845159645 1.528514101399453 251.1455610526754 0.05275132393396678
0.0432 6371.989211491936 1.000139426469457 1.528423974166531 250.9701253024176 0.05194525479307129
0.04330000000000001 6372.01625925416 1.000139007883506 1.52833382350455 250.7943148479593 0.0511485823462518
0.0434 6372.043364679314 1.000138589405866 1.528243649411579 250.6181295844621 0.05036124173169683
0.0435 6372.070527783531 1.000138171040612 1.528153451885836 250.441569407052 0.04958316794569656
0.0436 6372.097748582949 1.000137752791811 1.528063230925685 250.2646342108318 0.04881429585101675
0.0437 6372.125027093711 1.000137334663526 1.527972986529653 250.0873238908802 0.04805456018518425
0.0438 6372.152363331962 1.000136916659817 1.527882718696404 249.9096383422465 0.04730389556871198
0.0439 6372.179757313853 1.000136498784739 1.527792427424765 249.7315774599564 0.04656223651333894
0.044 6372.207209055538 1.000136081042343 1.52770211271369 249.553141139006 0.04582951743018179
0.0441 6372.234718573173 1.000135663436675 1.527611774562307 249.3743292743737 0.04510567263792174
0.0442 6372.262285882923 1.000135245971775 1.527521412969877 249.1951417610025 0.04439063637083004
0.0443 6372.289911000951 1.000134828651681 1.527431027935809 249.0155784938173 0.04368434278689737
0.0444 6372.317593943427 1.000134411480426 1.527340619459664 248.8356393677258 0.04298672597584694
0.04450000000000001 6372.345334726522 1.000133994462038 1.527250187541146 248.6553242776057 0.04229771996705985
0.0446 6372.373133366413 1.000133577600538 1.527159732180111 248.4746331183172 0.04161725873754871
0.0447 6372.400989879277 1.000133160899946 1.527069253376562 248.2935657846969 0.04094527621981694
0.0448 6372.428904281298 1.000132744364275 1.526978751130652 248.1121221715633 0.04028170630971664
0.0449 6372.456876588659 1.000132327997535 1.526888225442666 247.9303021737177 0.03962648287423643
0.04500000000000001 6372.484906817548 1.000131911803728 1.526797676313047 247.7481056859373 0.03897953975922026
0.0451 6372.512994984157 1.000131495786855 1.526707103742375 247.5655326029818 0.03834081079707973
0.0452 6372.541141104678 1.00013107995091 1.526616507731385 247.382582819593 0.0377102298144345
0.0453 6372.569345195309 1.000130664299882 1.526525888280941 247.1992562304894 0.03708773063968129
0.0454 6372.597607272248 1.000130248837755 1.526435245392075 247.015552730389 0.03647324711061072
0.0455 6372.625927351696 1.000129833568509 1.526344579065944 246.8314722139747 0.03586671308177074
0.0456 6372.654305449857 1.000129418496118 1.526253889303848 246.6470145759294 0.03526806243201502
0.04570000000000001 6372.682741582938 1.000129003624552 1.526163176107244 246.4621797109061 0.03467722907177943
0.0458 6372.711235767147 1.000128588957774 1.526072439477725 246.2769675135463 0.03409414695045918
0.0459 6372.739788018694 1.000128174499744 1.525981679417021 246.0913778784915 0.03351875006370562
0.046 6372.768398353792 1.000127760254416 1.52589089592702 245.9054107003534 0.03295097246053672
0.0461 6372.797066788656 1.000127346225739 1.525800089009728 245.719065873738 0.0323907482505558
0.04620000000000001 6372.825793339503 1.000126932417654 1.525709258667327 245.5323432932336 0.03183801161100022
0.0463 6372.85457802255 1.000126518834101 1.52561840490211 245.3452428534282 0.03129269679381804
0.0464 6372.883420854018 1.000126105479013 1.525527527716527 245.1577644488865 0.03075473813256135
0.0465 6372.912321850129 1.000125692356316 1.525436627113153 244.9699079741612 0.0302240700493227
0.0466 6372.941281027107 1.000125279469932 1.525345703094737 244.781673323805 0.02970062706160603
0.04670000000000001 6372.970298401176 1.000124866823779 1.525254755664138 244.5930603923588 0.02918434378906619
0.0468 6372.99937398856 1.000124454421766 1.525163784824369 244.4040690743576 0.02867515496023471
0.0469 6373.028507805489 1.0001240422678 1.525072790578572 244.2146992643187 0.02817299541913208
0.047 6373.057699868193 1.000123630365779 1.524981772930052 244.0249508567475 0.02767780013186275
0.0471 6373.086950192898 1.000123218719599 1.524890731882224 243.8348237461613 0.02718950419318725
0.0472 6373.116258795838 1.000122807333147 1.52479966743867 243.6443178270537 0.02670804283287249
0.0473 6373.145625693243 1.000122396210307 1.524708579603095 243.4534329939182 0.02623335142212854
0.04740000000000001 6373.175050901347 1.000121985354955 1.524617468379334 243.2621691412427 0.02576536547989886
0.0475 6373.204534436383 1.000121574770964 1.524526333771396 243.0705261635088 0.02530402067909642
0.0476 6373.234076314585 1.000121164462198 1.524435175783391 242.8785039551984 0.02484925285278336
0.0477 6373.263676552187 1.000120754432516 1.524343994419597 242.6861024107874 0.02440099800025113
0.0478 6373.293335165424 1.000120344685774 1.524252789684399 242.4933214247457 0.02395919229304351
0.04790000000000001 6373.323052170533 1.000119935225818 1.524161561582354 242.3001608915373 0.02352377208090761
0.048 6373.352827583749 1.000119526056491 1.524070310118131 242.1066207056323 0.02309467389769784
0.0481 6373.382661421309 1.000119117181627 1.52397903529655 241.9127007614947 0.02267183446715261
0.0482 6373.412553699449 1.000118708605058 1.523887737122557 241.7184009535826 0.02225519070862489
0.0483 6373.442504434404 1.000118300330606 1.52379641560126 241.5237211763719 0.0218446797427873
0.04840000000000001 6373.472513642414 1.000117892362089 1.523705070737876 241.3286613243089 0.02144023889711135
0.0485 6373.502581339712 1.000117484703319 1.523613702537767 241.1332212918695 0.02104180571149599
0.0486 6373.532707542538 1.000117077358099 1.523522311006434 240.937400973506 0.02064931794358423
0.0487 6373.562892267125 1.00011667033023 1.52343089614953 240.7412002636883 0.02026271357419893
0.0488 6373.59313552971 1.000116263623502 1.523339457972824 240.5446190568863 0.01988193081257935
0.0489 6373.623437346527 1.000115857241704 1.523247996482224 240.347657247576 0.01950690810158827
0.049 6373.653797733811 1.000115451188614 1.523156511683774 240.1503147302273 0.01913758412280684
0.04910000000000001 6373.684216707798 1.000115045468005 1.523065003583664 239.9525913993101 0.01877389780158554
0.0492 6373.714694284722 1.000114640083645 1.522973472188205 239.7544871493063 0.01841578831202557
0.0493 6373.745230480813 1.000114235039292 1.522881917503871 239.5560018747154 0.01806319508186818
0.0494 6373.775825312305 1.000113830338702 1.522790339537236 239.3571354700192 0.01771605779723154
0.0495 6373.806478795428 1.000113425985621 1.522698738295031 239.1578878297172 0.01737431640739475
0.04960000000000001 6373.837190946413 1.00011302198379 1.522607113784119 238.9582588483148 0.01703791112941574
0.0497 6373.867961781489 1.000112618336942 1.522515466011499 238.7582484203234 0.01670678245268994
0.0498 6373.898791316883 1.000112215048803 1.522423794984302 238.5578564402603 0.01638087114342789
0.0499 6373.929679568822 1.000111812123095 1.522332100709797 238.3570828026544 0.01606011824906076
0.05 6373.960626553531 1.00011140956353 1.52224038319538 238.1559274020468 0.01574446510255394
0.05010000000000001 6373.991632287234 1.000111007373814 1.522148642448597 237.9543901329784 0.01543385332662064
0.0502 6374.022696786154 1.000110605557648 1.522056878477115 237.7524708900018 0.01512822483789084
0.0503 6374.05382006651 1.000110204118724 1.521965091288741 237.5501695676875 0.01482752185098702
0.0504 6374.085002144522 1.000109803060726 1.521873280891414 237.347486060606 0.01453168688248222
0.0505 6374.116243036408 1.000109402387334 1.521781447293217 237.1444202633455 0.01424066275482846
0.0506 6374.147542758383 1.000109002102218 1.521689590502359 236.940972070512 0.01395439260017464
0.0507 6374.17890132666 1.000108602209043 1.521597710527178 236.7371413767113 0.01367281986407718
0.05080000000000001 6374.21031875745 1.000108202711466 1.521505807376157 236.5329280765731 0.01339588830918558
0.0509 6374.241795066964 1.000107803613135 1.521413881057917 236.3283320647328 0.01312354201878649
0.051 6374.273330271409 1.000107404917695 1.521321931581182 236.1233532358436 0.01285572540030533
0.0511 6374.304924386989 1.000107006628778 1.521229958954862 235.9179914845707 0.01259238318869995
0.0512 6374.336577429908 1.000106608750013 1.521137963187948 235.7122467055968 0.01233346044978636
0.05130000000000001 6374.368289416366 1.00010621128502 1.52104594428961 235.5061187936225 0.01207890258347274
0.0514 6374.40006036256 1.000105814237412 1.52095390226912 235.29960764336 0.01182865532690266
0.0515 6374.431890284685 1.000105417610793 1.520861837135894 235.0927131495454 0.01158266475753634
0.0516 6374.463779198935 1.000105021408761 1.520769748899497 234.8854352069205 0.01134087729611257
0.0517 6374.495727121499 1.000104625634906 1.520677637569595 234.6777737102569 0.01110323970957607
0.05180000000000001 6374.527734068563 1.00010423029281 1.520585503156015 234.4697285543379 0.01086969911387233
0.0519 6374.559800056312 1.000103835386047 1.520493345668725 234.2612996339702 0.01064020297669341
0.05200000000000001 6374.591925100928 1.000103440918184 1.520401165117786 234.0524868439669 0.0104146991201071
0.0521 6374.624109218588 1.00010304689278 1.52030896151344 233.8432900791762 0.01019313572315471
0.0522 6374.656352425467 1.000102653313385 1.520216734866024 233.6337092344642 0.009975461324313135
0.0523 6374.688654737736 1.000102260183542 1.520124485186042 233.4237442047146 0.009761624823894161
0.0524 6374.721016171564 1.000101867506787 1.52003221248411 233.2133948848349 0.009551575486366424
0.05250000000000001 6374.753436743115 1.000101475286645 1.519939916770981 233.0026611697502 0.009345262942582658
0.0526 6374.785916468552 1.000101083526636 1.519847598057551 232.7915429544154 0.009142637191941765
0.0527 6374.81845536403 1.000100692230271 1.519755256354834 232.5800401338028 0.008943648604445237
0.0528 6374.851053445706 1.000100301401052 1.519662891673994 232.3681526029085 0.008748247922688905
0.0529 6374.883710729729 1.000099911042472 1.519570504026323 232.1558802567641 0.008556386263777464
0.05300000000000001 6374.916427232245 1.000099521158018 1.519478093423247 231.9432229904072 0.008368015121119773
0.0531 6374.949202969398 1.000099131751167 1.519385659876325 231.7301806989107 0.008183086366196751
0.0532 6374.982037957327 1.000098742825389 1.519293203397246 231.516753277377 0.008001552250215213
0.0533 6375.014932212163 1.000098354384144 1.51920072399784 231.3029406209383 0.007823365405686429
0.0534 6375.047885750041 1.000097966430883 1.519108221690068 231.0887426247326 0.007648478847905209
0.05350000000000001 6375.080898587084 1.000097578969051 1.519015696486034 230.8741591839511 0.0074768459764073
0.0536 6375.113970739416 1.000097192002083 1.518923148397954 230.6591901937967 0.007308420576273731
0.05370000000000001 6375.147102223153 1.000096805533404 1.518830577438195 230.443835549508 0.007143156819409129
0.0538 6375.180293054408 1.000096419566432 1.518737983619257 230.2280951463471 0.006981009265712462
0.0539 6375.213543249291 1.000096034104576 1.518645366953781 230.0119688796116 0.006821932864187537
0.054 6375.246852823904 1.000095649151235 1.518552727454517 229.7954566446227 0.006665882953957399
0.0541 6375.280221794347 1.000095264709802 1.518460065134379 229.5785583367432 0.006512815265222757
0.05420000000000001 6375.313650176713 1.000094880783657 1.518367380006399 229.3612738513651 0.006362685920121357
0.0543 6375.347137987093 1.000094497376173 1.518274672083742 229.1436030838985 0.006215451433511653
0.0544 6375.38068524157 1.000094114490715 1.518181941379721 228.9255459297946 0.006071068713704413
0.0545 6375.414291956224 1.000093732130638 1.518089187907774 228.7071022845461 0.005929495063101373
0.0546 6375.447958147127 1.000093350299286 1.517996411681481 228.4882720436752 0.005790688178751176
0.05470000000000001 6375.48168383035 1.000092968999996 1.517903612714536 228.2690551027221 0.005654606152831595
0.0548 6375.515469021957 1.000092588236097 1.517810791020797 228.0494513572797 0.005521207473086897
0.0549 6375.549313738005 1.000092208010904 1.517717946614239 227.829460702971 0.005390451023153962
0.055 6375.583217994546 1.000091828327727 1.517625079508974 227.6090830354541 0.005262296082834253
0.0551 6375.617181807628 1.000091449189864 1.51753218971925 227.3883182504168 0.00513670232828614
0.05520000000000001 6375.651205193292 1.000091070600605 1.517439277259462 227.1671662436 0.005013629832162092
0.0553 6375.685288167574 1.00009069256323 1.517346342144135 226.9456269107685 0.004893039063644238
0.05540000000000001 6375.719430746504 1.000090315081008 1.517253384387906 226.7237001477223 0.004774890888433181
0.0555 6375.753632946105 1.000089938157201 1.517160404005575 226.5013858503147 0.004659146568669054
0.0556 6375.787894782397 1.000089561795059 1.517067401012077 226.2786839144227 0.004545767762758183
0.0557 6375.822216271388 1.000089185997822 1.516974375422471 226.0555942359764 0.004434716525162215
0.0558 6375.856597429087 1.000088810768723 1.516881327251959 225.8321167109356 0.004325955306091645
0.05590000000000001 6375.891038271491 1.000088436110981 1.516788256515875 225.6082512353072 0.004219446951153113
0.056 6375.925538814596 1.000088062027807 1.516695163229693 225.3839977051279 0.004115154700912616
0.0561 6375.960099074387 1.000087688522405 1.516602047409017 225.1593560164873 0.004013042190412574
0.0562 6375.994719066844 1.000087315597963 1.516508909069597 224.9343260655168 0.003913073448606716
0.0563 6376.02939880794 1.000086943257662 1.516415748227316 224.7089077483887 0.003815212897736309
0.05640000000000001 6376.064138313644 1.000086571504674 1.51632256489819 224.4831009613171 0.003719425352642798
0.0565 6376.098937599913 1.000086200342159 1.516229359098369 224.2569056005631 0.003625676020019942
0.0566 6376.133796682704 1.000085829773266 1.516136130844151 224.0303215624234 0.003533930497596353
0.0567 6376.168715577961 1.000085459801134 1.516042880151971 223.8033487432539 0.003444154773271287
0.0568 6376.203694301624 1.000085090428893 1.515949607038388 223.5759870394458 0.003356315224170473
0.05690000000000001 6376.238732869625 1.000084721659662 1.515856311520111 223.3482363474376 0.00327037861565671
0.057 6376.27383129789 1.000084353496547 1.515762993613979 223.1200965637153 0.00318631210027663
0.05710000000000001 6376.308989602336 1.000083985942647 1.515669653336975 222.8915675848178 0.003104083216651405
0.0572 6376.344207798874 1.000083619001048 1.515576290706209 222.6626493073198 0.00302365988830167
0.0573 6376.379485903406 1.000083252674825 1.515482905738945 222.4333416278608 0.002945010422432942
0.0574 6376.414823931828 1.000082886967043 1.515389498452573 222.2036444431159 0.002868103508644391
0.0575 6376.450221900029 1.000082521880756 1.515296068864626 221.9735576498132 0.002792908217599615
0.05760000000000001 6376.485679823888 1.000082157419008 1.515202616992772 221.7430811447283 0.002719393999635188
0.0577 6376.521197719278 1.000081793584829 1.515109142854823 221.5122148246959 0.002647530683321966
0.0578 6376.556775602063 1.000081430381241 1.515015646468723 221.280958586592 0.002577288473964837
0.0579 6376.5924134881 1.000081067811254 1.514922127852559 221.0493123273517 0.002508637952062416
0.058 6376.628111393237 1.000080705877865 1.514828587024559 220.8172759439575 0.002441550071707136
0.05810000000000001 6376.663869333316 1.000080344584062 1.514735024003091 220.5848493334451 0.002375996158941393
0.0582 6376.699687324168 1.000079983932821 1.514641438806652 220.3520323929091 0.002311947910064823
0.05830000000000001 6376.735565381617 1.000079623927106 1.514547831453887 220.1188250194917 0.002249377389889042
0.0584 6376.771503521478 1.00007926456987 1.514454201963578 219.8852271103941 0.002188257029952229
0.0585 6376.807501759559 1.000078905864055 1.51436055035465 219.6512385628647 0.002128559626681491
0.05860000000000001 6376.843560111658 1.000078547812588 1.514266876646173 219.4168592742229 0.002070258339519517
0.0587 6376.879678593566 1.000078190418391 1.514173180857337 219.1820891418237 0.002013326688992228
0.05880000000000001 6376.915857221062 1.000077833684367 1.514079463007494 218.9469280630987 0.001957738554752667
0.0589 6376.952096009919 1.000077477613412 1.513985723116126 218.7113759355269 0.001903468173565196
0.059 6376.988394975901 1.000077122208409 1.513891961202844 218.4754326566407 0.001850490137257451
0.0591 6377.024754134763 1.000076767472227 1.513798177287437 218.2390981240432 0.001798779390634483
0.0592 6377.061173502249 1.000076413407726 1.51370437138979 218.0023722353848 0.001748311229344324
0.05930000000000001 6377.097653094094 1.000076060017753 1.513610543529962 217.765254888387 0.001699061297715779
0.0594 6377.134192926028 1.000075707305141 1.513516693728134 217.5277459808184 0.001651005586548657
0.0595 6377.170793013766 1.000075355272714 1.513422822004631 217.2898454105188 0.001604120430877597
0.0596 6377.207453373017 1.00007500392328 1.513328928379937 217.0515530753927 0.001558382507694115
0.0597 6377.244174019478 1.000074653259639 1.513235012874659 216.8128688733922 0.001513768833632234
0.05980000000000001 6377.28095496884 1.000074303284575 1.513141075509544 216.5737927025401 0.001470256762628543
0.0599 6377.317796236782 1.00007395400086 1.513047116305499 216.3343244609185 0.001427823983542863
0.06000000000000001 6377.354697838971 1.000073605411256 1.512953135283552 216.0944640466863 0.001386448517752672
0.0601 6377.391659791069 1.000073257518509 1.51285913246489 215.8542113580496 0.001346108716708628
0.0602 6377.428682108725 1.000072910325357 1.512765107870823 215.6135662932855 0.001306783259469822
0.0603 6377.465764807578 1.000072563834519 1.512671061522841 215.3725287507422 0.001268451150205986
0.0604 6377.502907903257 1.000072218048706 1.512576993442526 215.1310986288266 0.001231091715670208
0.06050000000000001 6377.540111411382 1.000071872970615 1.512482903651636 214.8892758260171 0.001194684602648664
0.0606 6377.577375347561 1.00007152860293 1.512388792172072 214.6470602408566 0.00115920977538172
0.0607 6377.614699727392 1.000071184948321 1.512294659025871 214.4044517719534 0.00112464751296114
0.0608 6377.652084566465 1.000070842009446 1.512200504235201 214.1614503179807 0.001090978406703419
0.0609 6377.689529880355 1.00007049978895 1.512106327822393 213.9180557776944 0.001058183357502521
0.06100000000000001 6377.727035684628 1.000070158289464 1.512012129809915 213.6742680499154 0.001026243573155656
0.0611 6377.764601994842 1.000069817513606 1.511917910220375 213.43008703353 0.0009951405656706508
0.0612 6377.80222882654 1.000069477463981 1.511823669076527 213.185512627489 0.0009648561485532149
0.0613 6377.839916195258 1.000069138143181 1.511729406401265 212.9405447308262 0.000935372434077155
0.0614 6377.877664116517 1.000068799553784 1.511635122217644 212.6951832426406 0.000906671830531924
0.06150000000000001 6377.91547260583 1.000068461698355 1.511540816548828 212.4494280621078 0.0008787370394565593
0.0616 6377.953341678696 1.000068124579443 1.511446489418173 212.2032790884745 0.0008515510528551159
0.06170000000000001 6377.991271350606 1.000067788199587 1.511352140849138 211.956736221064 0.0008250971503980274
0.0618 6378.029261637036 1.00006745256131 1.511257770865343 211.7097993592651 0.000799358896607034
0.0619 6378.067312553454 1.000067117667122 1.511163379490562 211.4624684025488 0.0007743201380296896
0.062 6378.105424115314 1.000066783519519 1.511068966748691 211.2147432504575 0.0007499650003979951
0.0621 6378.143596338059 1.000066450120983 1.510974532663791 210.966623802616 0.0007262778857776944
0.06220000000000001 6378.181829237121 1.000066117473981 1.510880077260067 210.7181099587145 0.0007032434697037914
0.0623 6378.220122827918 1.000065785580969 1.510785600561852 210.4692016185317 0.0006808466983100394
0.0624 6378.258477125859 1.000065454444385 1.510691102593636 210.219898681917 0.0006590727854453823
0.0625 6378.296892146338 1.000065124066657 1.510596583380061 209.970201048803 0.0006379072097849256
0.0626 6378.335367904739 1.000064794450194 1.510502042945899 209.7201086191989 0.0006173357119319322
0.06270000000000001 6378.373904416432 1.000064465597395 1.510407481316085 209.4696212931907 0.0005973442915138847
0.06280000000000001 6378.412501696777 1.000064137510642 1.510312898515684 209.2187389709474 0.0005779192042733619
0.0629 6378.451159761121 1.000063810192303 1.510218294569912 208.9674615527146 0.0005590469591531817
0.063 6378.489878624795 1.000063483644732 1.51012366950414 208.7157889388326 0.0005407143153793592
0.0631 6378.528658303123 1.00006315787027 1.510029023343865 208.4637210297009 0.000522908279537043
0.06320000000000001 6378.567498811412 1.000062832871239 1.509934356114746 208.2112577258193 0.0005056161026497918
0.06330000000000001 6378.606400164959 1.000062508649951 1.509839667842583 207.9583989277647 0.0004888252772526014
0.0634 6378.645362379046 1.0000621852087 1.509744958553334 207.7051445362025 0.0004725235344668176
0.0635 6378.684385468942 1.000061862549768 1.509650228273078 207.451494451875 0.0004566988410735786
0.0636 6378.723469449906 1.000061540675418 1.509555477028061 207.1974485756131 0.0004413393965897297
0.06370000000000001 6378.76261433718 1.000061219587903 1.509460704844658 206.9430068083306 0.0004264336303442686
0.06380000000000001 6378.801820145995 1.000060899289456 1.509365911749423 206.6881690510298 0.0004119701985579903
0.0639 6378.84108689157 1.0000605797823 1.509271097769014 206.4329352047961 0.0003979379814256472
0.064 6378.880414589106 1.000060261068638 1.509176262930264 206.1773051708091 0.000384326080203076
0.0641 6378.919803253795 1.000059943150662 1.509081407260142 205.9212788503313 0.0003711238142977147
0.06420000000000001 6378.959252900813 1.000059626030545 1.508986530785775 205.664856144714 0.0003583207183655436
0.06430000000000001 6378.998763545324 1.000059309710448 1.508891633534418 205.4080369553971 0.0003459065394138456
0.0644 6379.038335202475 1.000058994192514 1.508796715533485 205.1508211839149 0.0003338712339110936
0.0645 6379.077967887403 1.000058679478872 1.50870177681054 204.8932087318789 0.000322204964903286
0.06460000000000001 6379.11766161523 1.000058365571636 1.508606817393277 204.6351995010067 0.0003108980991407136
0.06470000000000001 6379.157416401062 1.000058052472901 1.508511837309561 204.3767933930989 0.0002999412042111618
0.0648 6379.197232259992 1.00005774018475 1.508416836587383 204.1179903100505 0.0002893250456843134
0.0649 6379.2371092071 1.00005742870925 1.508321815254889 203.8587901538512 0.0002790405842658048
0.065 6379.277047257449 1.000057118048451 1.508226773340375 203.5991928265793 0.000269078972961922
0.06510000000000001 6379.31704642609 1.000056808204386 1.508131710872282 203.3391982304137 0.0002594315542564593
0.06520000000000001 6379.357106728059 1.000056499179075 1.508036627879187 203.078806267616 0.0002500898572985424
0.0653 6379.397228178376 1.00005619097452 1.507941524389836 202.8180168405542 0.0002410455951046827
0.0654 6379.437410792049 1.000055883592708 1.507846400433096 202.5568298516849 0.0002322906617725766
0.0655 6379.477654584066 1.000055577035609 1.507751256038008 202.2952452035714 0.0002238171297100148
0.06560000000000001 6379.517959569406 1.000055271305178 1.507656091233736 202.0332627988595 0.0002156172468768164
0.06570000000000001 6379.558325763032 1.000054966403352 1.5075609060496 201.7708825402955 0.0002076834340431175
0.0658 6379.598753179886 1.000054662332054 1.507465700515072 201.5081043307381 0.0002000082820628764
0.0659 6379.639241834904 1.000054359093189 1.507370474659766 201.2449280731229 0.000192584549162034
0.066 6379.679791742999 1.000054056688646 1.507275228513441 200.9813536705036 0.0001854051582454818
0.06610000000000001 6379.720402919073 1.000053755120299 1.507179962106002 200.7173810260287 0.0001784631942191505
0.06620000000000001 6379.76107537801 1.000053454390002 1.507084675467514 200.453010042935 0.0001717519013302055
0.0663 6379.801809134681 1.000053154499596 1.506989368628165 200.1882406245721 0.0001652646805259802
0.0664 6379.84260420394 1.000052855450905 1.506894041618309 199.9230726743898 0.0001589950868304231
0.0665 6379.883460600625 1.000052557245733 1.506798694468439 199.6575060959384 0.0001529368267397764
0.06660000000000001 6379.924378339559 1.000052259885871 1.506703327209193 199.3915407928688 0.0001470837556375943
0.06670000000000001 6379.965357435547 1.000051963373092 1.506607939871362 199.1251766689442 0.0001414298752297673
0.0668 6380.006397903381 1.000051667709152 1.506512532485873 198.8584136280223 0.000135969330999063
0.0669 6380.047499757836 1.00005137289579 1.506417105083811 198.5912515740673 0.0001306964096808808
0.067 6380.088663013668 1.000051078934728 1.506321657696407 198.3236904111558 0.0001256055367597817
0.06710000000000001 6380.129887685621 1.000050785827671 1.506226190355018 198.0557300434647 0.0001206912739869817
0.06720000000000001 6380.171173788421 1.000050493576307 1.506130703091167 197.7873703752656 0.0001159483169196583
0.0673 6380.212521336774 1.000050202182307 1.506035195936524 197.5186113109661 0.0001113714924830656
0.0674 6380.253930345377 1.000049911647325 1.505939668922886 197.2494527550506 0.0001069557565532044
0.0675 6380.295400828903 1.000049621972996 1.50584412208222 196.9798946121276 0.000102696191564
0.06760000000000001 6380.336932802013 1.000049333160942 1.505748555446618 196.7099367869181 9.858800413636863e-005
0.06770000000000001 6380.378526279347 1.000049045212763 1.505652969048329 196.4395791842434 9.462652273055337e-005
0.0678 6380.420181275533 1.000048758130044 1.50555736291974 196.1688217090372 9.080719532233037e-005
0.0679 6380.461897805177 1.000048471914352 1.505461737093393 195.8976642663514 8.712558710285764e-005
0.06800000000000001 6380.503675882873 1.000048186567236 1.505366091601962 195.6261067613267 8.357737820206431e-005
0.06810000000000001 6380.545515523193 1.000047902090229 1.505270426478274 195.3541490992456 8.015836143739277e-005
0.0682 6380.587416740695 1.000047618484844 1.505174741755308 195.081791185485 7.686444008566018e-005
0.0683 6380.629379549918 1.00004733575258 1.505079037466161 194.8090329255346 7.369162568047387e-005
0.0684 6380.671403965384 1.000047053894913 1.504983313644107 194.5358742250018 7.063603583433796e-005
0.06850000000000001 6380.713490001598 1.000046772913307 1.504887570322549 194.2623149896125 6.76938920857371e-005
0.06860000000000001 6380.755637673046 1.000046492809203 1.504791807535026 193.9883551251991 6.486151777132785e-005
0.0687 6380.797846994198 1.000046213584029 1.504696025315232 193.713994537712 6.213533592377224e-005
0.0688 6380.840117979504 1.000045935239192 1.504600223697004 193.4392331332259 5.951186719501746e-005
0.0689 6380.882450643397 1.00004565777608 1.504504402714324 193.1640708179219 5.698772780501239e-005
0.06900000000000001 6380.924845000292 1.000045381196067 1.504408562401306 192.8885074980993 5.455962751650294e-005
0.06910000000000001 6380.967301064588 1.000045105500505 1.504312702792212 192.6125430801757 5.222436763559572e-005
0.0692 6381.009818850664 1.000044830690731 1.504216823921458 192.3361774706867 4.997883903831056e-005
0.0693 6381.052398372878 1.000044556768062 1.504120925823592 192.0594105762924 4.782002022325344e-005
0.0694 6381.095039645574 1.000044283733797 1.50402500853331 191.7822423037709 4.574497539033924e-005
0.06950000000000001 6381.137742683076 1.000044011589217 1.503929072085433 191.5046725600067 4.375085254569301e-005
0.06960000000000001 6381.180507499688 1.000043740335585 1.503833116514952 191.2267012520264 4.183488163315034e-005
0.0697 6381.223334109697 1.000043469974145 1.503737141856976 190.9483282869686 3.999437269157278e-005
0.0698 6381.266222527372 1.000043200506124 1.503641148146768 190.6695535720845 3.822671403872371e-005
0.0699 6381.30917276696 1.000042931932729 1.50354513541973 190.3903770147612 3.652937048162487e-005
0.07000000000000001 6381.352184842692 1.000042664255149 1.503449103711397 190.1107985225038 3.489988155298797e-005
0.07010000000000001 6381.395258768779 1.000042397474555 1.503353053057461 189.8308180029361 3.333585977411273e-005
0.0702 6381.438394559413 1.0000421315921 1.503256983493739 189.5504353638174 3.183498894420389e-005
0.0703 6381.481592228765 1.000041866608916 1.503160895056195 189.2696505130256 3.039502245578665e-005
0.0704 6381.524851790992 1.000041602526119 1.503064787780935 188.9884633585506 2.901378163646645e-005
0.07050000000000001 6381.568173260225 1.000041339344805 1.502968661704198 188.7068738085362 2.768915411713176e-005
0.07060000000000001 6381.61155665058 1.000041077066052 1.502872516862364 188.4248817712327 2.641909222587582e-005
0.0707 6381.655001976151 1.000040815690918 1.502776353291954 188.1424871550202 2.520161140837174e-005
0.0708 6381.698509251014 1.000040555220444 1.502680171029632 187.859689868409 2.403478867414222e-005
0.07090000000000001 6381.742078489226 1.000040295655651 1.502583970112189 187.5764898200335 2.291676106874367e-005
0.07100000000000001 6381.785709704821 1.00004003699754 1.502487750576568 187.2928869186643 2.184572417186284e-005
0.0711 6381.829402911815 1.000039779247097 1.502391512459836 187.0088810732017 2.081993062107756e-005
0.0712 6381.873158124206 1.000039522405285 1.502295255799203 186.7244721926644 1.98376886612313e-005
0.0713 6381.916975355967 1.00003926647305 1.502198980632025 186.439660186213 1.889736071943936e-005
0.07140000000000001 6381.960854621057 1.000039011451318 1.502102686995779 186.1544449631323 1.799736200532567e-005
0.07150000000000001 6382.004795933408 1.000038757340997 1.502006374928087 185.8688264328488 1.713615913662092e-005
0.0716 6382.048799306938 1.000038504142975 1.501910044466708 185.5828045049015 1.631226878971208e-005
0.0717 6382.092864755541 1.000038251858123 1.501813695649529 185.2963790889829 1.552425637535083e-005
0.0718 6382.136992293091 1.000038000487288 1.501717328514592 185.00955009491 1.477073473893488e-005
0.07190000000000001 6382.181181933442 1.000037750031305 1.501620943100036 184.7223174326294 1.405036288551782e-005
0.07200000000000001 6382.225433690426 1.000037500490983 1.501524539444179 184.43468101223 1.336184472927382e-005
0.0721 6382.269747577856 1.000037251867115 1.501428117585444 184.1466407439365 1.270392786717934e-005
0.0722 6382.314123609524 1.000037004160475 1.501331677562394 183.8581965380917 1.207540237675174e-005
0.0723 6382.358561799199 1.000036757371817 1.501235219413736 183.569348305204 1.147509963781357e-005
0.07240000000000001 6382.403062160633 1.000036511501875 1.501138743178288 183.2800959558884 1.090189117770707e-005
0.07250000000000001 6382.447624707551 1.000036266551364 1.501042248895024 182.9904394009194 1.03546875402272e-005
0.0726 6382.492249453662 1.000036022520981 1.500945736603035 182.7003785511955 9.8324371776354e-006
0.0727 6382.536936412652 1.000035779411402 1.500849206341556 182.4099133177632 9.334125365839958e-006
0.0728 6382.581685598185 1.000035537223284 1.500752658149935 182.1190436117989 8.858773142324541e-006
0.07290000000000001 6382.626497023904 1.000035295957264 1.500656092067667 181.827769344627 8.405436266737551e-006
0.07300000000000001 6382.671370703431 1.000035055613961 1.500559508134371 181.5360904276957 7.973204203779354e-006
0.0731 6382.716306650366 1.000034816193973 1.5004629063898 181.2440067726192 7.561199128318045e-006
0.0732 6382.761304878287 1.000034577697878 1.500366286873838 180.9515182911354 7.168574952266538e-006
0.0733 6382.806365400749 1.000034340126236 1.50026964962649 180.6586248951302 6.794516373198636e-006
0.07340000000000001 6382.851488231288 1.000034103479588 1.500172994687889 180.3653264966255 6.438237944305115e-006
0.07350000000000001 6382.896673383418 1.000033867758453 1.500076322098301 180.071623007785 6.09898316551153e-006
0.0736 6382.941920870628 1.000033632963331 1.499979631898128 179.7775143409202 5.776023595474309e-006
0.0737 6382.987230706386 1.000033399094704 1.499882924127885 179.4830004084905 5.468657984188369e-006
0.0738 6383.03260290414 1.000033166153031 1.499786198828218 179.1880811230911 5.17621142593965e-006
0.07390000000000001 6383.078037477313 1.000032934138756 1.499689456039905 178.8927563974652 4.89803453237185e-006
0.07400000000000001 6383.123534439307 1.000032703052298 1.499592695803839 178.5970261445035 4.633502625359376e-006
0.0741 6383.169093803502 1.000032472894061 1.499495918161049 178.3008902772389 4.382014949423098e-006
0.0742 6383.214715583255 1.000032243664426 1.499399123152687 178.0043487088459 4.142993903426006e-006
0.07430000000000001 6383.260399791899 1.000032015363755 1.499302310820021 177.7074013526589 3.915884291279108e-006
0.07440000000000001 6383.306146442746 1.000031787992392 1.499205481204455 177.4100481221539 3.700152591336972e-006
0.0745 6383.351955549085 1.000031561550657 1.499108634347505 177.1122889309489 3.495286244248401e-006
0.0746 6383.397827124182 1.000031336038855 1.499011770290815 176.8141236928158 3.300792958971821e-006
0.0747 6383.443761181281 1.000031111457267 1.498914889076152 176.5155523216739 3.116200036652124e-006
0.07480000000000001 6383.489757733601 1.000030887806158 1.498817990745402 176.2165747315906 2.941053712092897e-006
0.07490000000000001 6383.535816794341 1.000030665085769 1.498721075340576 175.917190836787 2.774918512537554e-006
0.075 6383.581938376672 1.000030443296325 1.498624142903799 175.6174005516317 2.61737663346371e-006
0.0751 6383.628122493747 1.000030222438028 1.498527193477323 175.3172037906473 2.468027331118229e-006
0.0752 6383.674369158692 1.000030002511062 1.498430227103517 175.0166004685042 2.326486331493472e-006
0.07530000000000001 6383.720678384612 1.00002978351559 1.498333243824865 174.7155905000203 2.192385255467743e-006
0.07540000000000001 6383.767050184589 1.000029565451755 1.498236243683975 174.4141738001734 2.065371059824381e-006
0.0755 6383.813484571678 1.00002934831968 1.49813922672357 174.112350284095 1.945105493849698e-006
0.0756 6383.859981558913 1.00002913211947 1.498042192986493 173.8101198670642 1.831264571232677e-006
0.0757 6383.906541159305 1.000028916851206 1.497945142515699 173.5074824645197 1.723538056986603e-006
0.07580000000000001 6383.95316338584 1.000028702514954 1.497848075354257 173.2044379920425 1.621628969089469e-006
0.07590000000000001 6383.999848251478 1.000028489110755 1.497750991545364 172.9009863653904 1.525253094588111e-006
0.076 6384.046595769161 1.000028276638633 1.49765389113232 172.5971275004516 1.434138519836349e-006
0.0761 6384.093405951801 1.000028065098592 1.49755677415854 172.2928613132916 1.34802517464349e-006
0.0762 6384.14027881229 1.000027854490615 1.497459640667562 171.9881877201177 1.266664389994935e-006
0.07630000000000001 6384.187214363493 1.000027644814664 1.497362490703023 171.6831066372969 1.18981846910767e-006
0.07640000000000001 6384.234212618253 1.000027436070683 1.497265324308683 171.3776179813557 1.117260271520226e-006
0.0765 6384.281273589389 1.000027228258594 1.497168141528416 171.0717216689744 1.048772809944954e-006
0.0766 6384.328397289692 1.000027021378302 1.497070942406187 170.7654176170048 9.841488596143235e-007
0.0767 6384.375583731932 1.000026815429688 1.496973726986103 170.4587057424404 9.231905798325538e-007
0.07680000000000001 6384.422832928855 1.000026610412616 1.496876495312355 170.1515859624404 8.657091474839089e-007
0.07690000000000001 6384.470144893181 1.000026406326927 1.496779247429255 169.8440581943236 8.115244022102914e-007
0.077 6384.517519637606 1.000026203172445 1.496681983381219 169.5361223555623 7.604645029988238e-007
0.0771 6384.564957174798 1.000026000948973 1.496584703212776 169.2277783638123 7.123655959205057e-007
0.07720000000000001 6384.612457517406 1.000025799656292 1.496487406968559 168.9190261368593 6.670714927391185e-007
0.07730000000000001 6384.660020678051 1.000025599294165 1.496390094693303 168.6098655926666 6.244333601610688e-007
0.07740000000000001 6384.70764666933 1.000025399862335 1.496292766431864 168.3002966493567 5.843094194426175e-007
0.0775 6384.755335503813 1.000025201360523 1.496195422229183 167.9903192252181 5.465646561152597e-007
0.0776 6384.803087194046 1.000025003788431 1.496098062130321 167.6799332386985 5.110705395730638e-007
0.07770000000000001 6384.850901752553 1.000024807145743 1.496000686180439 167.3691386084055 4.777047522765092e-007
0.07780000000000001 6384.898779191828 1.000024611432119 1.49590329442479 167.057935253118 4.463509283281623e-007
0.0779 6384.946719524343 1.000024416647201 1.495805886908758 166.7463230917687 4.168984011740509e-007
0.078 6384.994722762544 1.000024222790612 1.495708463677797 166.4343020434616 3.892419601988952e-007
0.0781 6385.042788918851 1.000024029861953 1.495611024777477 166.1218720274663 3.632816159734975e-007
0.07820000000000001 6385.090918005659 1.000023837860806 1.495513570253478 165.8090329632181 3.389223739252907e-007
0.07830000000000001 6385.139110035337 1.000023646786733 1.495416100151555 165.4957847703116 3.160740162020925e-007
0.0784 6385.187365020229 1.000023456639274 1.495318614517586 165.1821273685131 2.946508915053712e-007
0.0785 6385.235682972654 1.000023267417952 1.495221113397532 164.8680606777483 2.745717126678444e-007
0.0786 6385.284063904905 1.000023079122269 1.495123596837463 164.5535846181205 2.557593617606962e-007
0.07870000000000001 6385.332507829247 1.000022891751705 1.495026064883542 164.2386991098923 2.381407025110301e-007
0.07880000000000001 6385.381014757923 1.000022705305723 1.494928517582019 163.9234040734981 2.21646399822353e-007
0.0789 6385.429584703149 1.000022519783763 1.494830954979248 163.6076994295316 2.062107461869686e-007
0.079 6385.478217677112 1.000022335185248 1.49473337712169 163.29158509877 1.917714947892214e-007
0.0791 6385.526913691977 1.000022151509579 1.49463578405587 162.97506100215 1.782696990948533e-007
0.07920000000000001 6385.57567275988 1.000021968756138 1.49453817582843 162.6581270607798 1.656495587337498e-007
0.07930000000000001 6385.624494892933 1.000021786924286 1.494440552486098 162.3407831959329 1.538582714802615e-007
0.0794 6385.673380103222 1.000021606013365 1.494342914075701 162.0230293290605 1.428458911431379e-007
0.0795 6385.722328402802 1.000021426022697 1.494245260644143 161.704865381785 1.32565191177906e-007
0.0796 6385.77133980371 1.000021246951584 1.494147592238424 161.3862912758826 1.229715338401457e-007
0.07970000000000001 6385.82041431795 1.000021068799307 1.494049908905638 161.0673069333246 1.140227447034282e-007
0.07980000000000001 6385.869551957502 1.000020891565129 1.493952210692964 160.747912276236 1.056789923629669e-007
0.0799 6385.918752734319 1.000020715248293 1.493854497647668 160.4281072269249 9.790267315889091e-008
0.08 6385.968016660328 1.000020539848021 1.493756769817106 160.1078917078652 9.065830074854895e-008
0.08010000000000001 6386.01734374743 1.000020365363515 1.493659027248723 159.7872656417079 8.391240036661624e-008
0.08020000000000001 6386.066734007497 1.000020191793958 1.493561269990042 159.4662289512697 7.763340761200615e-008
0.08030000000000001 6386.116187452377 1.000020019138513 1.493463498088675 159.1447815595506 7.179157160680524e-008
0.0804 6386.16570409389 1.000019847396324 1.493365711592321 158.8229233897158 6.635886237361432e-008
0.0805 6386.21528394383 1.000019676566514 1.493267910548756 158.5006543651083 6.130888228398284e-008
0.08060000000000001 6386.264927013962 1.000019506648187 1.493170095005839 158.1779744092481 5.661678143211698e-008
0.08070000000000001 6386.314633316026 1.000019337640428 1.493072265011522 157.8548834458328 5.225917679276052e-008
0.08080000000000001 6386.364402861736 1.0000191695423 1.492974420613826 157.5313813987194 4.821407502525278e-008
0.0809 6386.414235662775 1.000019002352849 1.492876561860852 157.2074681919602 4.446079879044557e-008
0.081 6386.464131730804 1.000018836071099 1.492778688800792 156.8831437497728 4.097991644823766e-008
0.08110000000000001 6386.514091077454 1.000018670696057 1.492680801481899 156.5584079965464 3.775317500987714e-008
0.08120000000000001 6386.564113714328 1.000018506226708 1.492582899952522 156.2332608568653 3.476343622092061e-008
0.0813 6386.614199653005 1.00001834266202 1.492484984261071 155.9077022554674 3.199461565376869e-008
0.0814 6386.664348905033 1.000018180000938 1.492387054456046 155.5817321172857 2.943162469425838e-008
0.0815 6386.714561481936 1.000018018242391 1.492289110586007 155.2553503674188 2.706031530725104e-008
0.08160000000000001 6386.764837395208 1.000017857385287 1.492191152699602 154.9285569311486 2.486742747197228e-008
0.08170000000000001 6386.815176656317 1.000017697428514 1.492093180845555 154.6013517339401 2.284053917945795e-008
0.0818 6386.865579276704 1.000017538370941 1.491995195072635 154.2737347014239 2.096801888831806e-008
0.0819 6386.916045267781 1.000017380211419 1.491897195429721 153.9457057594258 1.923898033849319e-008
0.082 6386.966574640933 1.000017222948778 1.491799181965736 153.6172648339369 1.764323962476579e-008
0.08210000000000001 6387.017167407517 1.000017066581829 1.491701154729689 153.2884118511378 1.617127443613511e-008
0.08220000000000001 6387.067823578866 1.000016911109364 1.49160311377064 152.9591467373742 1.481418536897842e-008
0.0823 6387.118543166279 1.000016756530156 1.491505059137741 152.6294694191873 1.356365922589721e-008
0.0824 6387.169326181031 1.000016602842959 1.491406990880188 152.2993798233014 1.241193421412633e-008
0.0825 6387.22017263437 1.000016450046506 1.491308909047266 151.9688778765943 1.135176696083456e-008
0.08260000000000001 6387.271082537514 1.000016298139513 1.491210813688307 151.637963506157 1.037640126559527e-008
0.08270000000000001 6387.322055901655 1.000016147120677 1.49111270485272 151.3066366392458 9.479538512055679e-009
0.0828 6387.373092737954 1.000015996988674 1.49101458258997 150.9748972033002 8.655309664763509e-009
0.0829 6387.424193057548 1.000015847742163 1.490916446949589 150.6427451259373 7.898248778844107e-009
0.083 6387.475356871544 1.000015699379782 1.490818297981182 150.3101803349631 7.203267953205927e-009
0.08310000000000001 6387.52658419102 1.000015551900151 1.490720135734393 149.977202758373 6.56563366026734e-009
0.08320000000000001 6387.577875027027 1.000015405301873 1.490621960258942 149.6438123243219 5.980944387712083e-009
0.0833 6387.629229390591 1.000015259583529 1.490523771604608 149.3100089611597 5.445109530363532e-009
0.0834 6387.680647292703 1.000015114743683 1.490425569821223 148.9757925974317 4.954329472222231e-009
0.08350000000000001 6387.732128744331 1.00001497078088 1.490327354958682 148.6411631618483 4.505076801244641e-009
0.08360000000000001 6387.783673756414 1.000014827693646 1.490229127066932 148.3061205833095 4.094078601735073e-009
0.08370000000000001 6387.835282339861 1.000014685480488 1.490130886195982 147.9706647909042 3.718299771142162e-009
0.0838 6387.886954505554 1.000014544139895 1.490032632395889 147.6347957138986 3.374927310314484e-009
0.0839 6387.938690264347 1.000014403670337 1.489934365716775 147.2985132817424 3.061355538321552e-009
0.08400000000000001 6387.990489627065 1.000014264070267 1.489836086208799 146.9618174240803 2.775172184884348e-009
0.08410000000000001 6388.042352604503 1.000014125338116 1.489737793922193 146.6247080707284 2.514145315384021e-009
0.08420000000000001 6388.094279207431 1.0000139874723 1.489639488907221 146.2871851516978 2.276211045404179e-009
0.0843 6388.146269446588 1.000013850471215 1.489541171214216 145.9492485971772 2.059462003435756e-009
0.0844 6388.198323332685 1.000013714333238 1.489442840893542 145.6108983375501 1.862136502281491e-009
0.08450000000000001 6388.250440876404 1.000013579056731 1.489344497995618 145.2721343033717 1.682608381297816e-009
0.08460000000000001 6388.302622088401 1.000013444640032 1.489246142570925 144.932956425392 1.519377483382072e-009
0.0847 6388.3548669793 1.000013311081467 1.489147774669969 144.5933646345505 1.371060732117078e-009
0.0848 6388.407175559698 1.00001317837934 1.489049394343319 144.2533588619639 1.236383776108346e-009
0.0849 6388.459547840162 1.000013046531937 1.488951001641576 143.9129390389497 1.11417316904863e-009
0.08500000000000001 6388.511983831232 1.000012915537528 1.488852596615392 143.5721050969913 1.00334905544527e-009
0.08510000000000001 6388.564483543419 1.000012785394363 1.488754179315468 143.2308569677788 9.0291833343791e-010
0.0852 6388.617046987204 1.000012656100676 1.488655749792531 142.8891945831737 8.119682673812995e-010
0.0853 6388.669674173041 1.000012527654681 1.488557308097358 142.5471178752326 7.296605242748816e-010
0.0854 6388.722365111355 1.000012400054575 1.488458854280776 142.2046267761897 6.552256093006433e-010
0.08550000000000001 6388.77511981254 1.000012273298538 1.488360388393636 141.8617212184917 5.879576769986059e-010
0.08560000000000001 6388.827938286962 1.000012147384732 1.488261910486827 141.518401134745 5.272096957188232e-010
0.0857 6388.88082054496 1.0000120223113 1.488163420611289 141.1746664577571 4.723889441810453e-010
0.0858 6388.933766596842 1.00001189807637 1.488064918817986 140.8305171205246 4.229528199792819e-010
0.0859 6388.986776452887 1.000011774678049 1.48796640515793 140.4859530562334 3.784049409497773e-010
0.08600000000000001 6389.039850123347 1.00001165211443 1.487867879682148 140.1409741982465 3.382915212959657e-010
0.08610000000000001 6389.092987618441 1.000011530383587 1.487769342441718 139.7955804801339 3.021980053267461e-010
0.0862 6389.146188948364 1.000011409483576 1.487670793487743 139.4497718356314 2.69745942558304e-010
0.0863 6389.19945412328 1.000011289412436 1.487572232871357 139.1035481986813 2.405900888349717e-010
0.08640000000000001 6389.252783153323 1.00001117016819 1.487473660643722 138.7569095034036 2.144157189276941e-010
0.08650000000000001 6389.306176048597 1.000011051748843 1.48737507685604 138.409855684119 1.909361368985085e-010
0.08660000000000001 6389.35963281918 1.000010934152383 1.487276481559533 138.0623866753316 1.698903712638867e-010
0.0867 6389.413153475118 1.000010817376781 1.48717787480545 137.7145024117348 1.510410427347006e-010
0.0868 6389.466738026429 1.00001070141999 1.487079256645065 137.3662028282109 1.341723930003437e-010
0.08690000000000001 6389.520386483104 1.000010586279948 1.486980627129681 137.0174878598258 1.190884636927454e-010
0.08700000000000001 6389.574098855102 1.000010471954575 1.486881986310628 136.6683574418402 1.056114153010556e-010
0.08710000000000001 6389.627875152351 1.000010358441775 1.486783334239257 136.3188115097158 9.357997640936035e-011
