0 6365.5 1.000357859560324 1.56896128761935 293.15 20.34355781251516
0.0001 6365.501199923223 1.000357791071522 1.568896998447421 293.1422004990512 20.3337321149811
0.0002 6365.50244077011 1.000357720264268 1.568832720377064 293.134134994283 20.32357567964273
0.0003 6365.503722533629 1.000357647140706 1.568768451843654 293.1258035314107 20.31308900191838
0.0004 6365.505045207746 1.000357571702978 1.568704191399591 293.1172061496526 20.30227258310492
0.0005 6365.506408787345 1.000357493953233 1.568639937701755 293.1083428822561 20.29112693102328
0.0006000000000000001 6365.507813268171 1.000357413893623 1.568575689498249 293.0992137568882 20.27965256049186
0.0007 6365.509258646765 1.000357331526315 1.568511445618982 293.089818796025 20.26784999379933
0.0008 6365.510744920415 1.000357246853488 1.568447204965835 293.0801580173014 20.25571976112454
0.0009000000000000001 6365.512272087108 1.000357159877334 1.568382966505956 293.0702314337999 20.24326240088146
0.001 6365.513840145489 1.000357070600069 1.568318729264232 293.0600390543231 20.23047846004102
0.0011 6365.515449094826 1.000356979023926 1.568254492317733 293.0495808836298 20.21736849440782
0.0012 6365.517098934976 1.00035688515116 1.568190254790426 293.0388569226542 20.20393306887384
0.0013 6365.518789666355 1.000356788984051 1.568126015849117 293.0278671686946 20.19017275763443
0.0014 6365.520521289906 1.000356690524906 1.568061774698705 293.0166116156087 20.17608814441098
0.0015 6365.522293807087 1.000356589776057 1.567997530579205 293.0050902539377 20.16167982258414
0.0016 6365.524107219834 1.000356486739864 1.567933282762899 292.993303071078 20.14694839538554
0.0017 6365.525961530552 1.000356381418716 1.567869030550577 292.9812500514107 20.13189447603723
0.0018 6365.527856742089 1.000356273815033 1.567804773270083 292.9689311764204 20.11651868787537
0.0019 6365.529792857725 1.000356163931266 1.567740510273441 292.9563464247893 20.10082166444419
0.002 6365.531769881151 1.000356051769899 1.567676240935055 292.9434957725219 20.0848040496259
0.0021 6365.533787816457 1.000355937333445 1.567611964650194 292.9303791930273 20.06846649771844
0.0022 6365.535846668123 1.000355820624455 1.567547680833042 292.9169966572021 20.0518096735127
0.0023 6365.537946440998 1.00035570164551 1.567483388915314 292.9033481335131 20.034834252369
0.0024 6365.540087140298 1.000355580399228 1.56741908834509 292.8894335880626 20.01754092027103
0.0025 6365.54226877159 1.000355456888262 1.567354778585369 292.8752529846651 19.99993037389374
0.0026 6365.544491340783 1.000355331115298 1.567290459113532 292.860806284912 19.98200332065611
0.0027 6365.54675485412 1.000355203083061 1.567226129419508 292.8460934482195 19.96376047875105
0.0028 6365.549059318171 1.000355072794311 1.567161789005618 292.8311144318872 19.94520257718969
0.0029 6365.551404739825 1.000354940251846 1.567097437385665 292.8158691911398 19.92633035582286
0.003 6365.553791126278 1.000354805458498 1.567033074083731 292.800357679192 19.90714456539141
0.0031 6365.556218485033 1.000354668417141 1.566968698633815 292.7845798472839 19.88764596753923
0.0032 6365.558686823891 1.000354529130683 1.566904310579436 292.7685356447108 19.86783533481847
0.0033 6365.561196150941 1.000354387602071 1.566839909472808 292.7522250188821 19.84771345073077
0.0034 6365.563746474563 1.000354243834292 1.566775494873885 292.735647915339 19.82728110971657
0.0035 6365.566337803417 1.000354097830368 1.566711066350909 292.7188042777901 19.80653911716609
0.0036 6365.568970146436 1.000353949593362 1.566646623478867 292.7016940481648 19.78548828945126
0.0037 6365.571643512829 1.000353799126377 1.566582165839993 292.6843171666127 19.76412945389177
0.0038 6365.574357912067 1.000353646432551 1.566517693022746 292.6666735715634 19.74246344879312
0.0039 6365.577113353889 1.000353491515065 1.566453204621662 292.6487631997201 19.72049112340429
0.004 6365.579909848292 1.000353334377138 1.566388700237058 292.6305859861012 19.69821333793297
0.0041 6365.582747405528 1.000353175022028 1.566324179475019 292.6121418640699 19.67563096354559
0.004200000000000001 6365.5856260361 1.000353013453032 1.566259641946445 292.5934307653519 19.65274488235232
0.0043 6365.588545750761 1.000352849673487 1.566195087267422 292.5744526200527 19.62955598739153
0.0044 6365.59150656051 1.000352683686772 1.566130515058573 292.5552073566881 19.60606518262815
0.004500000000000001 6365.594508476586 1.000352515496303 1.566065924945157 292.5356949021892 19.58227338292256
0.0046 6365.597551510473 1.000352345105536 1.566001316556473 292.5159151819265 19.55818151402058
0.0047 6365.600635673887 1.000352172517969 1.565936689526174 292.4958681197335 19.53379051254299
0.0048 6365.60376097878 1.000351997737137 1.565872043491545 292.4755536379302 19.50910132597423
0.0049 6365.606927437337 1.000351820766619 1.565807378093705 292.4549716573114 19.48411491260762
0.005 6365.610135061972 1.00035164161003 1.565742692977351 292.4341220971822 19.45883224154748
0.0051 6365.613383865327 1.000351460271028 1.565677987790507 292.4130048753758 19.43325429268913
0.005200000000000001 6365.616673860268 1.000351276753309 1.56561326218458 292.391619908259 19.40738205668387
0.0053 6365.620005059885 1.000351091060611 1.565548515813981 292.3699671107505 19.38121653491793
0.0054 6365.623377477488 1.000350903196712 1.565483748336286 292.3480463963264 19.3547587394764
0.005500000000000001 6365.626791126609 1.000350713165429 1.565418959411833 292.3258576770439 19.32800969312813
0.0056 6365.630246020994 1.000350520970619 1.565354148703957 292.3034008635417 19.30097042928153
0.0057 6365.633742174607 1.000350326616181 1.565289315878346 292.2806758650571 19.27364199196115
0.005800000000000001 6365.637279601625 1.000350130106053 1.565224460603751 292.2576825894383 19.24602543577662
0.0059 6365.640858316437 1.000349931444213 1.565159582551095 292.234420943162 19.21812182589811
0.006 6365.644478333643 1.000349730634679 1.565094681393892 292.2108908313215 19.18993223799579
0.0061 6365.648139668052 1.000349527681511 1.565029756807875 292.1870921576623 19.16145775823543
0.006200000000000001 6365.651842334681 1.000349322588807 1.564964808471199 292.1630248245759 19.13269948322385
0.0063 6365.655586348751 1.000349115360706 1.564899836064202 292.1386887331181 19.10365851998221
0.0064 6365.659371725692 1.000348906001386 1.564834839269338 292.1140837830025 19.07433598589039
0.006500000000000001 6365.663198481133 1.000348694515066 1.564769817771186 292.0892098726362 19.04473300868024
0.0066 6365.667066630907 1.000348480906006 1.564704771256238 292.0640668991022 19.01485072636487
0.0067 6365.670976191049 1.000348265178502 1.564639699413158 292.0386547581828 18.98469028721668
0.006800000000000001 6365.674927177791 1.000348047336896 1.564574601932338 292.0129733443599 18.95425284971667
0.006900000000000001 6365.678919607564 1.000347827385564 1.564509478506226 291.9870225508324 18.92353958252427
0.007 6365.682953496997 1.000347605328924 1.564444328828925 291.9608022695223 18.89255166443263
0.0071 6365.687028862914 1.000347381171436 1.56437915259646 291.934312391057 18.86129028429533
0.007200000000000001 6365.691145722334 1.000347154917595 1.564313949506579 291.9075528048282 18.82975664104351
0.0073 6365.695304092471 1.00034692657194 1.564248719258591 291.8805233989391 18.79795194356965
0.0074 6365.69950399073 1.000346696139046 1.564183461553709 291.8532240602571 18.76587741073649
0.007500000000000001 6365.703745434707 1.00034646362353 1.564118176094582 291.8256546744022 18.73353427130866
0.0076 6365.708028442191 1.000346229030047 1.564052862585602 291.7978151257593 18.70092376391159
0.0077 6365.712353031157 1.000345992363293 1.563987520732703 291.7697052974771 18.66804713697608
0.007800000000000001 6365.716719219773 1.000345753627999 1.563922150243329 291.7413250714752 18.6349056486892
0.007900000000000001 6365.72112702639 1.000345512828942 1.563856750826348 291.712674328467 18.60150056696547
0.008 6365.725576469548 1.000345269970931 1.563791322192404 291.6837529479361 18.56783316936208
0.0081 6365.730067567973 1.000345025058819 1.563725864053316 291.6545608081782 18.53390474306959
0.008200000000000001 6365.734600340573 1.000344778097496 1.563660376122487 291.6250977862768 18.49971658482626
0.0083 6365.739174806442 1.000344529091889 1.563594858114782 291.5953637581273 18.46527000088684
0.008400000000000001 6365.743790984857 1.000344278046968 1.56352930974635 291.5653585984309 18.43056630695654
0.008500000000000001 6365.748448895276 1.000344024967738 1.563463730734884 291.5350821807064 18.39560682814504
0.0086 6365.753148557337 1.000343769859244 1.563398120799231 291.504534377308 18.36039289892667
0.008700000000000001 6365.757889990863 1.000343512726569 1.563332479659756 291.47371505939 18.32492586303875
0.008800000000000001 6365.762673215851 1.000343253574835 1.563266807038142 291.4426240969714 18.28920707349527
0.0089 6365.767498252477 1.000342992409202 1.563201102657295 291.4112613589008 18.25323789248407
0.009000000000000001 6365.772365121096 1.000342729234867 1.563135366241485 291.379626712874 18.21701969132495
0.0091 6365.777273842243 1.000342464057067 1.563069597516319 291.3477200254223 18.18055385039324
0.0092 6365.782224436623 1.000342196881075 1.563003796208604 291.3155411619476 18.14384175909703
0.009300000000000001 6365.78721692512 1.000341927712203 1.56293796204643 291.2830899867171 18.10688481580638
0.0094 6365.792251328792 1.0003416565558 1.562872094759201 291.2503663628507 18.0696844277754
0.0095 6365.79732766887 1.000341383417254 1.562806194077437 291.2173701523456 18.0322420111042
0.009600000000000001 6365.802445966758 1.000341108301989 1.56274025973306 291.1841012160752 17.99455899067345
0.0097 6365.807606244031 1.000340831215466 1.562674291459028 291.150559413796 17.95663680008498
0.0098 6365.812808522438 1.000340552163185 1.562608288989729 291.116744604153 17.91847688160191
0.009900000000000001 6365.818052823896 1.000340271150682 1.562542252060519 291.0826566446739 17.88008068607498
0.01 6365.823339170494 1.00033998818353 1.562476180408103 291.0482953917925 17.84144967290161
0.0101 6365.828667584486 1.00033970326734 1.562410073770405 291.0136607008434 17.80258530995111
0.0102 6365.834038088298 1.000339416407756 1.562343931886475 290.9787524260613 17.7634890734961
0.0103 6365.839450704523 1.000339127610465 1.562277754496471 290.9435704205993 17.72416244816326
0.0104 6365.844905455919 1.000338836881184 1.562211541341873 290.9081145365284 17.68460692686363
0.0105 6365.850402365411 1.00033854422567 1.562145292165236 290.8723846248262 17.64482401070934
0.0106 6365.855941456091 1.000338249649716 1.562079006710316 290.836380535406 17.60481520897587
0.0107 6365.861522751213 1.00033795315915 1.56201268472193 290.800102117117 17.56458203903086
0.0108 6365.867146274193 1.000337654759836 1.561946325946228 290.7635492177445 17.52412602626231
0.0109 6365.872812048616 1.000337354457676 1.561879930130347 290.7267216839977 17.48344870399343
0.011 6365.878520098223 1.000337052258604 1.561813497022679 290.6896193615511 17.44255161345559
0.0111 6365.884270446922 1.000336748168592 1.561747026372684 290.6522420950095 17.40143630367606
0.0112 6365.890063118778 1.000336442193647 1.561680517931002 290.6145897279429 17.36010433144334
0.0113 6365.895898138018 1.000336134339811 1.561613971449369 290.576662102881 17.3185572612264
0.0114 6365.901775529029 1.000335824613161 1.561547386680744 290.5384590613129 17.27679666509997
0.0115 6365.907695316354 1.000335513019808 1.561480763379119 290.4999804436992 17.2348241226823
0.0116 6365.913657524697 1.000335199565901 1.561414101299684 290.4612260894718 17.19264122105938
0.0117 6365.919662178916 1.00033488425762 1.561347400198724 290.4221958370457 17.15024955472164
0.0118 6365.92570930403 1.000334567101181 1.561280659833649 290.3828895238074 17.1076507254744
0.0119 6365.93179892521 1.000334248102835 1.561213879963031 290.3433069861384 17.06484634238631
0.012 6365.937931067783 1.000333927268865 1.561147060346533 290.3034480594091 17.02183802170528
0.0121 6365.944105757232 1.000333604605591 1.561080200745002 290.2633125779911 16.97862738679301
0.0122 6365.950323019193 1.000333280119363 1.561013300920294 290.2229003752449 16.93521606803364
0.0123 6365.956582879454 1.00033295381657 1.560946360635474 290.1822112835497 16.89160570278637
0.0124 6365.962885363956 1.000332625703628 1.560879379654762 290.1412451342857 16.84779793528674
0.0125 6365.969230498791 1.000332295786992 1.560812357743416 290.1000017578575 16.80379441659185
0.0126 6365.975618310203 1.000331964073147 1.56074529466787 290.0584809836827 16.75959680448711
0.0127 6365.982048824585 1.000331630568612 1.560678190195609 290.0166826401973 16.71520676341145
0.0128 6365.988522068481 1.000331295279939 1.56061104409537 289.9746065548737 16.67062596439471
0.0129 6365.995038068582 1.000330958213712 1.560543856136929 289.9322525542151 16.62585608496924
0.013 6366.001596851728 1.000330619376548 1.560476626091159 289.8896204637666 16.58089880909991
0.0131 6366.008198444907 1.000330278775096 1.560409353730158 289.8467101081041 16.53575582708869
0.0132 6366.014842875252 1.000329936416037 1.560342038827076 289.8035213108632 16.49042883552233
0.0133 6366.021530170043 1.000329592306086 1.560274681156147 289.7600538947221 16.44491953716983
0.0134 6366.028260356704 1.000329246451985 1.56020728049287 289.7163076814248 16.3992296409228
0.0135 6366.035033462805 1.000328898860513 1.560139836613794 289.6722824917696 16.35336086169827
0.0136 6366.041849516058 1.000328549538477 1.560072349296542 289.6279781456204 16.30731492036577
0.0137 6366.04870854432 1.000328198492716 1.560004818319997 289.5833944619193 16.26109354367388
0.0138 6366.05561057559 1.000327845730101 1.559937243464051 289.5385312586681 16.21469846414556
0.0139 6366.062555638006 1.000327491257532 1.559869624509831 289.4933883529583 16.16813142002226
0.014 6366.069543759851 1.000327135081941 1.559801961239557 289.4479655609711 16.12139415517665
0.0141 6366.076574969545 1.000326777210291 1.559734253436548 289.4022626979594 16.0744884190069
0.0142 6366.08364929565 1.000326417649572 1.559666500885337 289.3562795782776 16.02741596637911
0.0143 6366.090766766864 1.000326056406809 1.55959870337156 289.3100160153875 15.98017855754489
0.0144 6366.097927412024 1.000325693489052 1.559530860682017 289.2634718218463 15.93277795804036
0.0145 6366.105131260105 1.000325328903385 1.55946297260462 289.2166468093186 15.88521593860893
0.0146 6366.112378340218 1.000324962656917 1.559395038928489 289.1695407885821 15.83749427511768
0.0147 6366.11966868161 1.00032459475679 1.559327059443824 289.1221535695339 15.78961474847309
0.0148 6366.127002313664 1.000324225210174 1.559259033942021 289.0744849611841 15.74157914452457
0.0149 6366.134379265895 1.000323854024266 1.55919096221562 289.0265347716799 15.69338925399731
0.015 6366.141799567954 1.000323481206294 1.559122844058298 288.9783028082992 15.64504687239485
0.0151 6366.149263249623 1.000323106763513 1.559054679264957 288.9297888774512 15.59655379990725
0.0152 6366.156770340818 1.000322730703208 1.558986467631573 288.8809927846818 15.54791184132489
0.0153 6366.164320871586 1.000322353032688 1.558918208955393 288.8319143346915 15.49912280596342
0.0154 6366.171914872103 1.000321973759295 1.558849903034687 288.7825533313297 15.45018850756481
0.0155 6366.179552372678 1.000321592890395 1.558781549669009 288.7329095775943 15.40111076420395
0.0156 6366.187233403746 1.000321210433382 1.558713148659062 288.6829828756498 15.35189139821235
0.0157 6366.194957995873 1.000320826395678 1.558644699806719 288.6327730268271 15.30253223608381
0.0158 6366.202726179752 1.000320440784731 1.558576202914986 288.5822798316116 15.25303510836825
0.0159 6366.210537986202 1.000320053608016 1.558507657788125 288.5315030896849 15.2034018496173
0.016 6366.21839344617 1.000319664873035 1.558439064231529 288.4804425998949 15.15363429825986
0.0161 6366.226292590727 1.000319274587315 1.558370422051765 288.4290981602738 15.10373429652371
0.0162 6366.23423545107 1.00031888275841 1.558301731056636 288.3774695680439 15.0537036903451
0.0163 6366.242222058519 1.000318489393899 1.558232991055095 288.3255566196293 15.00354432928368
0.0164 6366.250252444517 1.000318094501387 1.558164201857349 288.2733591106384 14.95325806640837
0.0165 6366.258326640632 1.000317698088506 1.558095363274683 288.2208768358931 14.90284675822879
0.0166 6366.266444678549 1.00031730016291 1.558026475119686 288.1681095894295 14.85231226459746
0.0167 6366.27460659008 1.000316900732279 1.557957537206136 288.1150571644793 14.80165644859485
0.0168 6366.282812407153 1.000316499804317 1.557888549348984 288.0617193535057 14.75088117646512
0.0169 6366.291062161817 1.000316097386755 1.557819511364388 288.0080959481919 14.69998831750605
0.017 6366.299355886237 1.000315693487346 1.557750423069727 287.9541867394581 14.64897974398685
0.0171 6366.307693612701 1.000315288113865 1.557681284283621 287.8999915174444 14.59785733103205
0.0172 6366.316075373611 1.000314881274116 1.557612094825825 287.8455100715281 14.54662295653865
0.0173 6366.324501201487 1.00031447297592 1.557542854517411 287.7907421903359 14.49527850108727
0.0174 6366.332971128961 1.000314063227126 1.557473563180642 287.7356876617554 14.44382584785274
0.0175 6366.341485188783 1.000313652035604 1.557404220638934 287.6803462729116 14.39226688248137
0.0176 6366.350043413817 1.000313239409247 1.557334826717013 287.6247178101907 14.34060349301212
0.0177 6366.35864583704 1.000312825355969 1.5572653812408 287.5688020592396 14.28883756977533
0.0178 6366.367292491543 1.000312409883709 1.55719588403748 287.5125988049725 14.23697100529667
0.0179 6366.375983410525 1.000311993000424 1.557126334935428 287.4561078315882 14.18500569421159
0.018 6366.384718627299 1.000311574714097 1.557056733764313 287.3993289225581 14.13294353315224
0.0181 6366.393498175286 1.000311155032729 1.55698708035497 287.3422618606386 14.08078642065586
0.0182 6366.40232208802 1.000310733964344 1.556917374539539 287.2849064278706 14.02853625706206
0.0183 6366.41119039914 1.000310311516984 1.55684761615144 287.2272624055917 13.97619494442068
0.0184 6366.420103142394 1.000309887698717 1.556777805025203 287.1693295744416 13.92376438639376
0.0185 6366.429060351637 1.000309462517625 1.556707940996739 287.1111077143568 13.87124648814666
0.0186 6366.438062060834 1.000309035981815 1.556638023903203 287.0525966045819 13.81864315625504
0.0187 6366.447108304049 1.000308608099411 1.556568053582944 286.993796023682 13.76595629861134
0.0188 6366.456199115453 1.000308178878557 1.556498029875664 286.9347057495537 13.71318782433099
0.0189 6366.465334529324 1.000307748327418 1.55642795262223 286.8753255593964 13.6603396436214
0.019 6366.474514580039 1.000307316454175 1.5563578216648 286.8156552297472 13.60741366770895
0.0191 6366.483739302079 1.00030688326703 1.55628763684687 286.7556945364871 13.55441180873904
0.0192 6366.493008730027 1.000306448774202 1.556217398013152 286.6954432548231 13.50133597965516
0.0193 6366.502322898567 1.00030601298393 1.556147105009639 286.6349011593178 13.44818809411951
0.0194 6366.51168184248 1.000305575904469 1.556076757683614 286.5740680238777 13.39497006639689
0.0195 6366.52108559665 1.000305137544092 1.556006355883613 286.5129436217766 13.34168381126948
0.0196 6366.530534196056 1.00030469791109 1.555935899459508 286.4515277256381 13.28833124391517
0.0197 6366.540027675776 1.000304257013771 1.555865388262375 286.3898201074593 13.23491427982195
0.0198 6366.549566070983 1.000303814860459 1.555794822144688 286.3278205386104 13.18143483468126
0.0199 6366.559149416949 1.000303371459495 1.555724200960094 286.2655287898291 13.12789482427627
0.02 6366.568777749039 1.000302926819235 1.555653524563634 286.2029446312444 13.07429616439539
0.0201 6366.578451102712 1.000302480948053 1.555582792811606 286.1400678323702 13.02064077072011
0.0202 6366.58816951352 1.000302033854338 1.555512005561587 286.0768981621176 12.96693055872787
0.0203 6366.597933017109 1.000301585546492 1.555441162672479 286.0134353887887 12.91316744357966
0.0204 6366.607741649216 1.000301136032936 1.555370264004476 285.9496792800945 12.85935334002762
0.0205 6366.617595445669 1.000300685322102 1.555299309419098 285.8856296031548 12.8054901623073
0.0206 6366.627494442384 1.000300233422438 1.555228298779175 285.8212861245041 12.75157982403482
0.0207 6366.63743867537 1.000299780342407 1.555157231948808 285.7566486100976 12.69762423810394
0.0208 6366.647428180721 1.000299326090485 1.555086108793468 285.6917168253111 12.64362531657796
0.0209 6366.657462994622 1.000298870675161 1.55501492917989 285.6264905349589 12.58958497059631
0.021 6366.667543153341 1.000298414104938 1.554943692976183 285.5609695032816 12.5355051102565
0.0211 6366.677668693235 1.000297956388331 1.554872400051715 285.4951534939704 12.48138764452521
0.0212 6366.687839650745 1.00029749753387 1.554801050277239 285.4290422701546 12.42723448112008
0.0213 6366.698056062395 1.000297037550094 1.554729643524767 285.3626355944315 12.37304752642539
0.0214 6366.708317964794 1.000296576445557 1.554658179667749 285.2959332288368 12.31882868535912
0.0215 6366.718625394633 1.000296114228823 1.554586658580819 285.2289349348861 12.26457986129808
0.0216 6366.728978388685 1.000295650908467 1.554515080140071 285.1616404735509 12.21030295594977
0.0217 6366.739376983803 1.000295186493077 1.554443444222836 285.0940496052825 12.15599986926273
0.0218 6366.74982121692 1.000294720991251 1.554371750707874 285.0261620900182 12.10167249932227
0.0219 6366.760311125051 1.000294254411596 1.554299999475215 284.9579776871686 12.04732274223205
0.022 6366.770846745285 1.000293786762732 1.554228190406253 284.8894961556483 11.99295249202871
0.0221 6366.781428114791 1.000293318053287 1.554156323383722 284.8207172538572 11.93856364055863
0.0222 6366.792055270816 1.000292848291898 1.554084398291748 284.7516407396987 11.88415807738306
0.0223 6366.802728250678 1.000292377487213 1.554012415015705 284.6822663705915 11.82973768967827
0.0224 6366.813447091777 1.000291905647888 1.553940373442372 284.6125939034517 11.77530436211259
0.0225 6366.824211831579 1.000291432782587 1.553868273459929 284.5426230947345 11.7208599767697
0.0226 6366.835022507631 1.000290958899984 1.553796114957819 284.4723537003982 11.66640641301185
0.0227 6366.845879157547 1.000290484008759 1.553723897826898 284.4017854759462 11.61194554740306
0.0228 6366.856781819014 1.000290008117601 1.55365162195936 284.3309181764088 11.55747925358626
0.0229 6366.867730529791 1.000289531235206 1.553579287248758 284.259751556361 11.50300940218799
0.023 6366.878725327705 1.000289053370277 1.553506893589976 284.188285369917 11.44853786070495
0.0231 6366.889766250652 1.000288574531524 1.553434440879345 284.1165193707592 11.39406649341765
0.0232 6366.900853336599 1.000288094727662 1.553361929014458 284.0444533121089 11.33959716125898
0.0233 6366.911986623576 1.000287613967414 1.553289357894343 283.9720869467559 11.28513172172801
0.0234 6366.923166149682 1.000287132259506 1.553216727419351 283.8994200270644 11.23067202878567
0.0235 6366.934391953082 1.000286649612674 1.553144037491235 283.8264523049669 11.17621993274164
0.0236 6366.945664072003 1.000286166035653 1.553071288013108 283.7531835319822 11.12177728015911
0.0237 6366.956982544738 1.000285681537188 1.552998478889451 283.6796134592036 11.06734591373758
0.0238 6366.968347409642 1.000285196126026 1.552925610026094 283.6057418373279 11.01292767222647
0.0239 6366.979758705133 1.000284709810918 1.552852681330262 283.5315684166384 10.95852439030378
0.024 6366.991216469688 1.000284222600618 1.552779692710573 283.4570929470282 10.90413789848547
0.0241 6367.002720741847 1.000283734503887 1.552706644077 283.3823151779942 10.84977002301313
0.0242 6367.014271560207 1.000283245529484 1.552633535340912 283.3072348586551 10.79542258575912
0.0243 6367.025868963426 1.000282755686175 1.552560366415002 283.2318517377333 10.74109740410608
0.0244 6367.037512990218 1.000282264982725 1.552487137213437 283.156165563585 10.68679629086093
0.0245 6367.049203679353 1.000281773427905 1.552413847651653 283.0801760842054 10.63252105415165
0.0246 6367.060941069659 1.000281281030484 1.552340497646573 283.0038830472175 10.57827349731169
0.0247 6367.072725200019 1.000280787799234 1.552267087116434 282.9272861998778 10.52405541877737
0.0248 6367.084556109368 1.000280293742929 1.552193615980885 282.8503852891057 10.46986861200215
0.0249 6367.096433836698 1.00027979887034 1.552120084160961 282.773180061466 10.41571486533743
0.025 6367.108358421047 1.000279303190244 1.55204649157906 282.6956702631923 10.36159596194293
0.0251 6367.120329901512 1.000278806711413 1.551972838159005 282.6178556401695 10.30751367966817
0.0252 6367.132348317238 1.000278309442622 1.551899123825957 282.5397359379516 10.25346979095912
0.0253 6367.144413707418 1.000277811392644 1.551825348506522 282.4613109017849 10.19946606276892
0.0254 6367.156526111294 1.00027731257025 1.551751512128647 282.3825802765908 10.14550425644018
0.0255 6367.168685568158 1.000276812984212 1.5516776146217 282.3035438069713 10.09158612760408
0.0256 6367.18089211735 1.000276312643298 1.551603655916427 282.224201237227 10.03771342608769
0.0257 6367.193145798253 1.000275811556276 1.551529635944946 282.144552311357 9.983887895809465
0.0258 6367.205446650298 1.000275309731911 1.551455554640792 282.0645967730646 9.930111274678962
0.0259 6367.217794712959 1.000274807178964 1.551381411938885 281.9843343657698 9.876385294500883
0.026 6367.230190025754 1.000274303906195 1.551307207775545 281.9037648325965 9.822711680863533
0.0261 6367.242632628246 1.00027379992236 1.551232942088447 281.8228879164029 9.769092153055302
0.0262 6367.255122560035 1.000273295236209 1.551158614816728 281.7417033597752 9.715528423957654
0.0263 6367.267659860768 1.000272789856493 1.551084225900821 281.6602109050099 9.662022199930906
0.0264 6367.280244570127 1.000272283791952 1.551009775282653 281.5784102941728 9.608575180750897
0.0265 6367.292876727838 1.000271777051327 1.550935262905484 281.4963012690522 9.555189059475946
0.0266 6367.305556373661 1.00027126964335 1.550860688713959 281.4138835712055 9.501865522376235
0.0267 6367.318283547395 1.000270761576751 1.550786052654157 281.3311569419301 9.448606248813375
0.0268 6367.331058288877 1.00027025286025 1.550711354673552 281.2481211222988 9.395412911162614
0.0269 6367.343880637978 1.000269743502566 1.550636594720943 281.164775853142 9.342287174700994
0.027 6367.356750634605 1.000269233512406 1.550561772746592 281.0811208750655 9.289230697518795
0.0271 6367.369668318698 1.000268722898474 1.550486888702157 280.9971559284621 9.23624513042744
0.0272 6367.382633730231 1.000268211669466 1.550411942540597 280.9128807535002 9.183332116852865
0.0273 6367.39564690921 1.00026769983407 1.550336934216382 280.8282950901352 9.130493292744404
0.0274 6367.408707895672 1.000267187400965 1.550261863685294 280.7433986781333 9.077730286491283
0.0275 6367.421816729684 1.000266674378825 1.550186730904534 280.658191257054 9.025044718813732
0.0276 6367.434973451344 1.000266160776312 1.550111535832699 280.5726725662615 8.972438202673081
0.0277 6367.448178100778 1.000265646602081 1.550036278429743 280.4868423449428 8.919912343185859
0.0278 6367.46143071814 1.000265131864778 1.549960958657076 280.4007003320897 8.867468737516553
0.0279 6367.47473134361 1.000264616573037 1.549885576477398 280.3142462665345 8.815108974803462
0.028 6367.488080017395 1.000264100735485 1.549810131854921 280.227479886932 8.762834636052482
0.0281 6367.501476779727 1.000263584360737 1.549734624755136 280.1404009317774 8.710647294053054
0.0282 6367.514921670861 1.000263067457398 1.549659055144967 280.0530091394006 8.658548513280334
0.0283 6367.528414731079 1.000262550034062 1.549583422992725 279.9653042479894 8.606539849815558
0.0284 6367.541956000681 1.000262032099311 1.549507728268093 279.8772859955719 8.554622851242296
0.0285 6367.555545519992 1.000261513661715 1.549431970942165 279.7889541200524 8.502799056574784
0.0286 6367.569183329357 1.000260994729833 1.549356150987388 279.7003083591811 8.451069996148414
0.0287 6367.58286946914 1.000260475312213 1.549280268377596 279.6113484505903 8.399437191549097
0.0288 6367.596603979725 1.000259955417387 1.549204323088008 279.5220741317879 8.347902155518783
0.0289 6367.610386901514 1.000259435053875 1.549128315095227 279.4324851401578 8.2964663918652
0.029 6367.624218274927 1.000258914230187 1.549052244377224 279.3425812129775 8.245131395382366
0.0291 6367.638098140396 1.000258392954813 1.548976110913369 279.2523620874239 8.193898651764775
0.0292 6367.652026538377 1.000257871236234 1.548899914684375 279.1618275005498 8.142769637505564
0.0293 6367.666003509332 1.000257349082915 1.548823655672374 279.0709771893429 8.091745819842172
0.0294 6367.680029093742 1.000256826503306 1.548747333860796 278.9798108906788 8.040828656642397
0.0295 6367.6941033321 1.000256303505841 1.548670949234513 278.8883283413501 7.990019596334609
0.0296 6367.708226264912 1.000255780098941 1.548594501779738 278.7965292780726 7.939320077825172
0.0297 6367.722397932692 1.000255256291009 1.548517991484057 278.7044134375032 7.88873153042298
0.0298 6367.736618375967 1.000254732090433 1.548441418336406 278.6119805562156 7.838255373741911
0.0299 6367.750887635273 1.000254207505583 1.548364782327117 278.5192303707248 7.787893017630102
0.03 6367.765205751155 1.000253682544814 1.548288083447862 278.4261626174924 7.737645862090045
0.0301 6367.779572764164 1.000253157216464 1.54821132169165 278.3327770329328 7.687515297199359
0.0302 6367.793988714861 1.000252631528852 1.548134497052896 278.2390733534011 7.637502703022835
0.0303 6367.808453643811 1.00025210549028 1.548057609527332 278.1450513152289 7.587609449550549
0.0304 6367.822967591583 1.000251579109031 1.547980659112082 278.0507106547124 7.537836896611272
0.0305 6367.837530598752 1.000251052393372 1.547903645805575 277.9560511081121 7.488186393793106
0.0306 6367.852142705897 1.000250525351548 1.547826569607649 277.861072411671 7.438659280374214
0.0307 6367.866803953599 1.000249997991787 1.547749430519416 277.7657743016083 7.389256885241851
0.0308 6367.88151438244 1.000249470322296 1.54767222854339 277.6701565141433 7.33998052682755
0.0309 6367.896274033004 1.000248942351264 1.547594963683392 277.5742187854715 7.290831513018619
0.031 6367.911082945876 1.000248414086859 1.547517635944628 277.4779608518064 7.241811141103949
0.0311 6367.925941161637 1.000247885537228 1.547440245333579 277.3813824493612 7.192920697690146
0.0312 6367.940848720869 1.000247356710497 1.547362791858128 277.2844833143494 7.144161458627777
0.0313 6367.955805664152 1.000246827614773 1.547285275527413 277.1872631830137 7.095534688953279
0.0314 6367.97081203206 1.000246298258139 1.547207696351981 277.0897217916089 7.047041642807804
0.0315 6367.985867865165 1.000245768648657 1.54713005434365 276.9918588764252 6.998683563377712
0.0316 6368.000973204034 1.000245238794369 1.547052349515576 276.8936741737765 6.950461682818202
0.0317 6368.016128089228 1.000244708703292 1.546974581882241 276.795167420018 6.902377222192499
0.0318 6368.031332561301 1.000244178383421 1.546896751459438 276.6963383515462 6.854431391403099
0.03190000000000001 6368.046586660798 1.000243647842728 1.54681885826428 276.597186704811 6.806625389129656
0.032 6368.06189042826 1.000243117089163 1.546740902315192 276.4977122163094 6.758960402759175
0.0321 6368.077243904214 1.000242586130649 1.546662883631896 276.3979146226096 6.711437608331319
0.0322 6368.09264712918 1.00024205497509 1.546584802235426 276.2977936603328 6.664058170464765
0.0323 6368.108100143665 1.000241523630361 1.54650665814814 276.197349066177 6.616823242304275
0.0324 6368.123602988168 1.000240992104315 1.546428451393634 276.0965805769114 6.569733965454594
0.0325 6368.139155703172 1.000240460404779 1.546350181996866 275.9954879293817 6.522791469920938
0.0326 6368.154758329149 1.000239928539556 1.54627184998404 275.8940708605345 6.475996874058549
0.0327 6368.170410906554 1.000239396516422 1.546193455382656 275.7923291073988 6.429351284503987
0.0328 6368.186113475832 1.000238864343128 1.546114998221525 275.6902624070925 6.382855796118476
0.0329 6368.201866077407 1.000238332027399 1.546036478530724 275.5878704968517 6.336511491942888
0.033 6368.21766875169 1.000237799576934 1.545957896341555 275.4851531140129 6.290319443132063
0.0331 6368.233521539074 1.000237266999404 1.545879251686667 275.382109996019 6.244280708901035
0.0332 6368.249424479933 1.000236734302454 1.545800544599938 275.2787408804373 6.198396336477449
0.0333 6368.265377614623 1.000236201493701 1.545721775116533 275.1750455049531 6.152667361044382
0.0334 6368.281380983479 1.000235668580735 1.545642943272848 275.0710236073877 6.107094805694649
0.0335 6368.297434626816 1.000235135571118 1.545564049106559 274.9666749256984 6.061679681378224
0.03360000000000001 6368.313538584929 1.000234602472385 1.545485092656589 274.8619991979607 6.016422986843126
0.0337 6368.329692898091 1.000234069292039 1.54540607396309 274.7569961624098 5.971325708603006
0.0338 6368.345897606549 1.000233536037558 1.545326993067497 274.6516655574345 5.926388820885054
0.0339 6368.362152750529 1.00023300271639 1.54524785001245 274.5460071215597 5.881613285574121
0.034 6368.378458370233 1.000232469335952 1.545168644841835 274.4400205934875 5.837000052183079
0.0341 6368.394814505834 1.000231935903634 1.545089377600764 274.3337057120797 5.792550057798999
0.0342 6368.411221197484 1.000231402426794 1.545010048335587 274.2270622163518 5.748264227035636
0.0343 6368.427678485306 1.000230868912761 1.544930657093862 274.1200898455144 5.704143472006641
0.0344 6368.444186409392 1.000230335368834 1.544851203924383 274.0127883389495 5.660188692272655
0.0345 6368.460745009814 1.00022980180228 1.544771688877108 273.9051574362105 5.616400774799573
0.0346 6368.477354326607 1.000229268220336 1.544692112003293 273.7971968770579 5.572780593932253
0.0347 6368.494014399777 1.000228734630207 1.544612473355276 273.6889064014471 5.529329011349893
0.03480000000000001 6368.510725269304 1.000228201039069 1.544532772986695 273.5802857495227 5.486046876025151
0.0349 6368.527486975134 1.000227667454063 1.544453010952333 273.4713346616303 5.442935024191528
0.035 6368.544299557179 1.000227133882299 1.544373187308169 273.3620528783343 5.399994279314075
0.0351 6368.561163055321 1.000226600330858 1.544293302111347 273.252440140412 5.357225452051807
0.0352 6368.578077509407 1.000226066806782 1.544213355420233 273.1424961888532 5.314629340223718
0.03530000000000001 6368.59504295925 1.000225533317087 1.544133347294315 273.0322207648727 5.27220672878051
0.0354 6368.612059444628 1.000224999868752 1.54405327779426 272.9216136099157 5.229958389775132
0.0355 6368.629127005283 1.000224466468724 1.543973146981919 272.8106744656637 5.187885082334415
0.0356 6368.646245680919 1.000223933123917 1.543892954920289 272.6994030740292 5.145987552627416
0.0357 6368.663415511203 1.00022339984121 1.543812701673515 272.5877991771785 5.104266533846097
0.0358 6368.680636535768 1.00022286662745 1.54373238730685 272.4758625175085 5.062722746169377
0.0359 6368.697908794203 1.000222333489448 1.54365201188675 272.3635928376824 5.021356896750491
0.036 6368.71523232606 1.000221800433982 1.543571575480766 272.2509898806114 4.980169679685657
0.0361 6368.732607170849 1.000221267467794 1.543491078157576 272.1380533894788 4.939161775999233
0.0362 6368.750033368044 1.000220734597591 1.543410519987002 272.0247831077162 4.898333853612777
0.0363 6368.76751095707 1.000220201830049 1.543329901039943 271.9111787790447 4.857686567338916
0.0364 6368.785039977315 1.000219669171803 1.543249221388454 271.7972401474516 4.817220558852815
0.03650000000000001 6368.802620468123 1.000219136629456 1.543168481105671 271.682966957202 4.776936456677754
0.0366 6368.820252468792 1.000218604209574 1.543087680265809 271.5683589528506 4.736834876171764
0.0367 6368.837936018579 1.000218071918689 1.543006818944227 271.4534158792361 4.696916419509249
0.0368 6368.855671156693 1.000217539763294 1.5429258972173 271.3381374814984 4.657181675672067
0.0369 6368.873457922297 1.000217007749847 1.542844915162563 271.2225235050672 4.617631220431568
0.03700000000000001 6368.891296354511 1.00021647588477 1.542763872858531 271.1065736956797 4.578265616342075
0.0371 6368.909186492403 1.000215944174448 1.542682770384886 270.9902877993803 4.539085412729439
0.0372 6368.927128374998 1.000215412625229 1.542601607822294 270.8736655625152 4.500091145678912
0.0373 6368.945122041268 1.000214881243425 1.542520385252497 270.7567067317553 4.461283338034167
0.0374 6368.963167530141 1.000214350035307 1.542439102758308 270.6394110540854 4.422662499385623
0.0375 6368.98126488049 1.000213819007114 1.542357760423527 270.5217782768149 4.384229126067946
0.0376 6368.999414131139 1.000213288165042 1.542276358333072 270.4038081475964 4.345983701160566
0.0377 6369.017615320862 1.000212757515254 1.542194896572794 270.2855004143956 4.307926694474091
0.0378 6369.03586848838 1.000212227063871 1.542113375229641 270.1668548255274 4.270058562559127
0.0379 6369.054173672364 1.000211696816978 1.542031794391545 270.0478711296372 4.232379748699104
0.038 6369.072530911428 1.000211166780622 1.541950154147422 269.9285490757196 4.194890682915753
0.0381 6369.090940244134 1.000210636960809 1.541868454587232 269.8088884131297 4.157591781973817
0.03820000000000001 6369.109401708991 1.00021010736351 1.541786695801891 269.6888888915595 4.120483449375947
0.0383 6369.127915344451 1.000209577994654 1.541704877883323 269.5685502610676 4.083566075375525
0.0384 6369.146481188912 1.000209048860133 1.541623000924438 269.4478722720731 4.046840036979614
0.0385 6369.165099280715 1.000208519965799 1.54154106501911 269.326854675356 4.010305697955076
0.0386 6369.183769658142 1.000207991317464 1.541459070262167 269.2054972220802 3.973963408843063
0.03870000000000001 6369.202492359422 1.000207462920902 1.541377016749394 269.0837996637587 3.937813506956975
0.0388 6369.221267422722 1.000206934781848 1.541294904577532 268.9617617523062 3.901856316408281
0.0389 6369.240094886153 1.000206406905996 1.541212733844281 268.8393832400042 3.866092148107059
0.039 6369.258974787765 1.000205879298999 1.541130504648263 268.7166638795301 3.830521299783143
0.0391 6369.277907165549 1.000205351966473 1.541048217089029 268.5936034239338 3.79514405599292
0.0392 6369.296892057434 1.000204824913992 1.540965871267055 268.4702016266791 3.759960688146237
0.0393 6369.31592950129 1.00020429814709 1.540883467283715 268.346458241614 3.724971454514061
0.0394 6369.335019534925 1.000203771671262 1.540801005241313 268.2223730229883 3.690176600251069
0.0395 6369.354162196082 1.000203245491961 1.54071848524304 268.0979457254661 3.655576357417663
0.0396 6369.373357522446 1.0002027196146 1.540635907392966 267.9731761041011 3.621170944993379
0.0397 6369.392605551635 1.000202194044552 1.540553271796046 267.848063914373 3.586960568908039
0.0398 6369.411906321205 1.000201668787148 1.540470578558148 267.7226089121695 3.552945422059342
0.03990000000000001 6369.431259868646 1.00020114384768 1.540387827785953 267.5968108538035 3.519125684341494
0.04 6369.450666231383 1.000200619231397 1.540305019587037 267.4706694960081 3.485501522668633
0.0401 6369.470125446779 1.000200094943508 1.540222154069812 267.3441845959359 3.452073091001171
0.0402 6369.489637552127 1.000199570989182 1.540139231343541 267.2173559111769 3.418840530378067
0.0403 6369.509202584653 1.000199047373545 1.540056251518307 267.0901831997529 3.385803968944036
0.04040000000000001 6369.52882058152 1.000198524101683 1.53997321470505 266.9626662201171 3.352963521979644
0.0405 6369.548491579821 1.00019800117864 1.539890121015489 266.834804731166 3.320319291935688
0.0406 6369.568215616579 1.000197478609419 1.539806970562201 266.7065984922396 3.287871368465733
0.0407 6369.587992728751 1.000196956398981 1.539723763458521 266.5780472631212 3.255619828459922
0.0408 6369.607822953223 1.000196434552246 1.539640499818615 266.4491508040495 3.223564736082993
0.0409 6369.627706326813 1.000195913074092 1.539557179757405 266.3199088757182 3.19170614281051
0.041 6369.647642886266 1.000195391969357 1.539473803390624 266.1903212392703 3.160044087464932
0.04110000000000001 6369.667632668261 1.000194871242834 1.53939037083474 266.060387656304 3.128578596255861
0.0412 6369.687675709401 1.000194350899279 1.539306882206998 265.9301078888965 3.097309682825728
0.0413 6369.70777204622 1.000193830943401 1.5392233376254 265.7994816995682 3.066237348282415
0.0414 6369.72792171518 1.00019331137987 1.539139737208699 265.6685088513303 3.035361581253023
0.0415 6369.748124752668 1.000192792213316 1.539056081076352 265.5371891076551 3.004682357920388
0.04160000000000001 6369.768381195002 1.000192273448323 1.53897236934858 265.4055222324877 2.974199642070778
0.0417 6369.788691078421 1.000191755089435 1.538888602146326 265.273507990264 2.943913385144002
0.0418 6369.809054439095 1.000191237141156 1.538804779591192 265.141146145881 2.913823526273841
0.0419 6369.829471313117 1.000190719607945 1.538720901805532 265.0084364647381 2.883929992345971
0.042 6369.849941736506 1.000190202494221 1.538636968912371 264.8753787127138 2.85423269804215
0.04210000000000001 6369.870465745205 1.00018968580436 1.53855298103543 264.741972656171 2.824731545892412
0.0422 6369.891043375082 1.000189169542696 1.538468938299094 264.6082180619695 2.795426426329683
0.0423 6369.911674661928 1.000188653713524 1.538384840828403 264.4741146974656 2.766317217742905
0.0424 6369.932359641459 1.000188138321092 1.538300688749097 264.3396623305179 2.737403786532616
0.0425 6369.953098349311 1.000187623369609 1.538216482187524 264.2048607294818 2.708685987165135
0.0426 6369.973890821045 1.000187108863244 1.538132221270691 264.0697096632092 2.680163662229244
0.0427 6369.994737092144 1.000186594806119 1.538047906126231 263.9342089010664 2.651836642497731
0.04280000000000001 6370.015637198012 1.000186081202319 1.537963536882392 263.7983582129222 2.623704746983797
0.0429 6370.036591173976 1.000185568055885 1.537879113668047 263.6621573691594 2.595767783003586
0.043 6370.057599055282 1.000185055370816 1.537794636612671 263.5256061406698 2.568025546236139
0.0431 6370.078660877097 1.000184543151069 1.53771010584633 263.3887042988707 2.540477820789298
0.0432 6370.099776674508 1.000184031400561 1.53762552149967 263.2514516157002 2.513124379261844
0.04330000000000001 6370.120946482522 1.000183520123165 1.537540883703938 263.1138478636043 2.485964982805672
0.0434 6370.142170336068 1.000183009322714 1.53745619259092 262.9758928155555 2.458999381194964
0.0435 6370.163448269991 1.000182499002999 1.537371448292977 262.8375862450583 2.432227312893993
0.0436 6370.184780319056 1.000181989167769 1.53728665094302 262.6989279261373 2.405648505122575
0.0437 6370.206166517945 1.000181479820732 1.537201800674495 262.5599176333552 2.379262673928329
0.0438 6370.227606901261 1.000180970965554 1.537116897621382 262.4205551418066 2.353069524255393
0.0439 6370.249101503522 1.00018046260586 1.537031941918174 262.2808402271065 2.327068750013186
0.044 6370.270650359165 1.000179954745236 1.53694693369988 262.1407726654255 2.301260034155034
0.0441 6370.292253502544 1.000179447387221 1.536861873102032 262.0003522334663 2.275643048746725
0.0442 6370.313910967928 1.000178940535319 1.536776760260636 261.8595787084695 2.250217455041674
0.0443 6370.335622789505 1.000178434192989 1.536691595312186 261.7184518682196 2.224982903557062
0.0444 6370.357389001378 1.000177928363651 1.536606378393649 261.5769714910451 2.199939034149888
0.04450000000000001 6370.379209637565 1.000177423050684 1.536521109642468 261.4351373558301 2.175085476096088
0.0446 6370.401084732001 1.000176918257425 1.53643578919653 261.2929492419966 2.150421848165438
0.0447 6370.423014318536 1.000176413987172 1.536350417194184 261.1504069295164 2.125947758702673
0.0448 6370.444998430935 1.00017591024318 1.53626499377421 261.0075101989231 2.101662805709467
0.0449 6370.467037102877 1.000175407028668 1.536179519075802 260.8642588312999 2.077566576923291
0.04500000000000001 6370.489130367956 1.000174904346809 1.536093993238609 260.7206526082858 2.053658649900296
0.0451 6370.51127825968 1.00017440220074 1.53600841640265 260.5766913120814 2.029938592099072
0.0452 6370.533480811471 1.000173900593556 1.535922788708398 260.4323747254369 2.006405960962405
0.0453 6370.555738056664 1.000173399528313 1.535837110296636 260.2877026316822 1.983060304006718
0.0454 6370.578050028509 1.000172899008027 1.535751381308595 260.1426748146909 1.959901158901787
0.0455 6370.600416760169 1.000172399035674 1.535665601885876 259.9972910589039 1.936928053561006
0.0456 6370.622838284717 1.00017189961419 1.535579772170403 259.8515511493418 1.914140506230462
0.04570000000000001 6370.645314635142 1.000171400746472 1.535493892304473 259.7054548715749 1.891538025572384
0.0458 6370.667845844347 1.000170902435378 1.535407962430746 259.5590020117469 1.869120110757861
0.0459 6370.690431945141 1.000170404683728 1.535321982692183 259.4121923565866 1.846886251558373
0.046 6370.713072970249 1.0001699074943 1.535235953232097 259.2650256933788 1.824835928431889
0.0461 6370.735768952311 1.000169410869836 1.535149874194093 259.1175018099815 1.802968612617032
0.04620000000000001 6370.758519923873 1.000168914813038 1.535063745722104 258.9696204948262 1.781283766225292
0.0463 6370.781325917395 1.00016841932657 1.534977567960355 258.8213815369358 1.759780842336601
0.0464 6370.804186965247 1.000167924413057 1.534891341053338 258.6727847258943 1.738459285088756
0.0465 6370.827103099713 1.000167430075088 1.534805065145848 258.5238298518656 1.717318529774569
0.0466 6370.850074352987 1.000166936315211 1.534718740382927 258.3745167055866 1.696358002936299
0.04670000000000001 6370.873100757171 1.000166443135939 1.534632366909891 258.2248450783917 1.675577122464957
0.0468 6370.896182344279 1.000165950539745 1.5345459448723 258.0748147621883 1.654975297693653
0.0469 6370.919319146237 1.000165458529066 1.534459474415959 257.9244255494576 1.634551929495068
0.047 6370.94251119488 1.000164967106303 1.534372955686885 257.7736772332777 1.614306410382777
0.0471 6370.965758521954 1.000164476273817 1.534286388831337 257.6225696073001 1.594238124606786
0.0472 6370.989061159113 1.000163986033936 1.534199773995763 257.4711024657676 1.574346448255355
0.0473 6371.012419137923 1.000163496388946 1.53411311132685 257.3192756035022 1.554630749353495
0.04740000000000001 6371.035832489859 1.000163007341103 1.534026400971429 257.1670888159173 1.535090387965222
0.0475 6371.059301246306 1.000162518892622 1.533939643076546 257.0145418990113 1.515724716294088
0.0476 6371.082825438557 1.000162031045685 1.533852837789415 256.8616346493799 1.496533078786581
0.0477 6371.106405097816 1.000161543802436 1.533765985257411 256.708366864198 1.477514812232366
0.0478 6371.130040255196 1.000161057164985 1.533679085628067 256.5547383412257 1.458669245868137
0.04790000000000001 6371.153730941719 1.000160571135407 1.533592139049039 256.4007488788265 1.439995701483399
0.048 6371.177477188317 1.000160085715741 1.533505145668168 256.2463982759426 1.421493493521711
0.0481 6371.201279025828 1.000159600907991 1.533418105633374 256.0916863321198 1.403161929188226
0.0482 6371.225136485003 1.000159116714126 1.533331019092714 255.9366128474829 1.385000308552041
0.0483 6371.249049596499 1.000158633136084 1.533243886194362 255.7811776227599 1.367007924654671
0.04840000000000001 6371.273018390883 1.000158150175765 1.533156707086573 255.6253804592637 1.349184063614111
0.0485 6371.29704289863 1.000157667835036 1.533069481917697 255.4692211589048 1.331528004732823
0.0486 6371.321123150125 1.000157186115733 1.532982210836167 255.3126995241904 1.314039020604754
0.0487 6371.34525917566 1.000156705019656 1.532894893990495 255.1558153582072 1.296716377220851
0.0488 6371.369451005437 1.000156224548571 1.532807531529248 254.9985684646566 1.279559334080887
0.0489 6371.393698669566 1.000155744704215 1.532720123601038 254.8409586478196 1.26256714429781
0.049 6371.418002198065 1.00015526548829 1.532632670354519 254.6829857125798 1.245739054709006
0.04910000000000001 6371.442361620861 1.000154786902465 1.532545171938406 254.5246494644006 1.229074305982796
0.0492 6371.466776967791 1.000154308948378 1.532457628501409 254.3659497093598 1.212572132731569
0.0493 6371.491248268597 1.000153831627637 1.532370040192261 254.2068862541208 1.196231763618336
0.0494 6371.515775552932 1.000153354941815 1.532282407159718 254.0474589059439 1.180052421467998
0.0495 6371.540358850357 1.000152878892457 1.532194729552515 253.8876674726806 1.164033323377049
0.04960000000000001 6371.564998190341 1.000152403481074 1.532107007519408 253.7275117627854 1.148173680825352
0.0497 6371.589693602261 1.000151928709149 1.53201924120909 253.566991585304 1.132472699785787
0.0498 6371.614445115405 1.000151454578134 1.531931430770252 253.4061067498673 1.116929580834801
0.0499 6371.639252758967 1.00015098108945 1.531843576351539 253.2448570667151 1.101543519266031
0.05 6371.66411656205 1.00015050824449 1.531755678101554 253.0832423466785 1.086313705200092
0.05010000000000001 6371.689036553665 1.000150036044615 1.531667736168849 252.9212624011797 1.071239323696325
0.0502 6371.714012762733 1.00014956449116 1.531579750701902 252.7589170422378 1.05631955486526
0.0503 6371.739045218083 1.000149093585428 1.53149172184913 252.5962060824576 1.041553573979597
0.0504 6371.764133948453 1.000148623328695 1.531403649758857 252.4331293350582 1.026940551589101
0.0505 6371.789278982488 1.00014815372221 1.531315534579324 252.2696866138266 1.012479653628649
0.0506 6371.814480348745 1.000147684767191 1.53122737645867 252.1058777331585 0.9981700415344182
0.0507 6371.839738075686 1.000147216464832 1.531139175544927 251.941702508041 0.9840108723548025
0.05080000000000001 6371.865052191685 1.000146748816295 1.531050931986028 251.7771607540461 0.9700012988625332
0.0509 6371.890422725024 1.000146281822721 1.530962645929754 251.6122522873433 0.9561404696683651
0.051 6371.915849703894 1.000145815485218 1.530874317523775 251.446976924687 0.9424275293327757
0.0511 6371.941333156395 1.000145349804872 1.5307859469156 251.2813344834348 0.9288616184801669
0.0512 6371.966873110535 1.000144884782741 1.530697534252626 251.1153247815236 0.9154418739096296
0.05130000000000001 6371.992469594235 1.00014442041986 1.53060907968204 250.9489476374755 0.9021674287081868
0.0514 6372.018122635321 1.000143956717233 1.530520583350908 250.7822028704157 0.8890374123648909
0.0515 6372.043832261531 1.000143493675845 1.530432045406098 250.6150903000488 0.8760509508815659
0.0516 6372.069598500513 1.000143031296653 1.530343465994309 250.4476097466644 0.8632071668858787
0.0517 6372.095421379825 1.000142569580589 1.530254845262043 250.2797610311376 0.8505051797438452
0.05180000000000001 6372.121300926932 1.000142108528563 1.530166183355597 250.1115439749405 0.8379441056731121
0.0519 6372.147237169213 1.000141648141461 1.530077480421078 249.9429584001185 0.8255230578534466
0.05200000000000001 6372.173230133953 1.000141188420143 1.529988736604373 249.7740041293085 0.8132411465402242
0.0521 6372.199279848351 1.000140729365451 1.529899952051127 249.6046809857206 0.8010974791751261
0.0522 6372.225386339514 1.000140270978197 1.529811126906794 249.434988793162 0.7890911604996767
0.0523 6372.25154963446 1.000139813259178 1.529722261316554 249.2649273760075 0.7772212926647671
0.0524 6372.277769760121 1.000139356209164 1.529633355425357 249.0944965592111 0.7654869753429727
0.05250000000000001 6372.304046743336 1.000138899828905 1.529544409377907 248.9236961683181 0.7538873058405761
0.0526 6372.330380610853 1.000138444119129 1.529455423318634 248.7525260294532 0.7424213792077132
0.0527 6372.356771389339 1.000137989080545 1.529366397391698 248.5809859692967 0.7310882883475514
0.0528 6372.383219105365 1.000137534713838 1.529277331741002 248.4090758151259 0.719887124129528
0.0529 6372.409723785418 1.000137081019676 1.52918822651015 248.2367953947859 0.7088169754975483
0.05300000000000001 6372.436285455893 1.000136627998705 1.529099081842453 248.0641445366949 0.6978769295802627
0.0531 6372.462904143101 1.000136175651551 1.529009897880936 247.8911230698449 0.687066071800623
0.0532 6372.489579873262 1.000135723978821 1.528920674768323 247.717730823795 0.6763834859847347
0.0533 6372.516312672511 1.000135272981106 1.528831412647002 247.5439676286782 0.6658282544710906
0.0534 6372.543102566893 1.000134822658974 1.528742111659047 247.3698333151946 0.6553994582187023
0.05350000000000001 6372.569949582367 1.000134373012976 1.528652771946237 247.1953277146121 0.6450961769152092
0.0536 6372.596853744805 1.000133924043648 1.528563393649976 247.020450658766 0.6349174890845846
0.05370000000000001 6372.623815079991 1.000133475751505 1.528473976911358 246.8452019800592 0.6248624721944146
0.0538 6372.650833613624 1.000133028137046 1.528384521871116 246.6695815114443 0.6149302027617445
0.0539 6372.677909371316 1.000132581200754 1.528295028669626 246.4935890864475 0.605119756460838
0.054 6372.705042378592 1.000132134943095 1.528205497446912 246.3172245391505 0.5954302082281001
0.0541 6372.732232660892 1.000131689364517 1.528115928342631 246.1404877042027 0.585860632368178
0.05420000000000001 6372.759480243571 1.000131244465455 1.528026321496046 245.9633784167912 0.576410102657315
0.0543 6372.786785151895 1.000130800246329 1.527936677046072 245.7858965126828 0.5670776924500235
0.0544 6372.81414741105 1.00013035670754 1.527846995131211 245.6080418281762 0.5578624747804689
0.0545 6372.841567046133 1.000129913849478 1.527757275889587 245.4298142001375 0.548763522467715
0.0546 6372.869044082157 1.000129471672518 1.527667519458922 245.2512134659768 0.5397799082172896
0.05470000000000001 6372.896578544053 1.000129030177019 1.52757772597652 245.072239463654 0.5309107047237289
0.0548 6372.924170456664 1.000128589363329 1.527487895579293 244.8928920316847 0.5221549847724987
0.0549 6372.951819844751 1.000128149231782 1.527398028403723 244.7131710091165 0.5135118213398688
0.055 6372.979526732992 1.000127709782698 1.527308124585861 244.5330762355528 0.5049802876944861
0.0551 6373.00729114598 1.000127271016385 1.527218184261343 244.3526075511289 0.4965594574960151
0.05520000000000001 6373.035113108226 1.000126832933139 1.527128207565362 244.1717647965301 0.4882484048951123
0.0553 6373.062992644158 1.000126395533246 1.527038194632668 243.9905478129734 0.4800462046310609
0.05540000000000001 6373.09092977812 1.000125958816975 1.526948145597582 243.8089564422202 0.4719519321301062
0.0555 6373.118924534377 1.000125522784591 1.526858060593944 243.6269905265516 0.463964663601498
0.0556 6373.146976937108 1.000125087436342 1.526767939755154 243.4446499087989 0.4560834761351976
0.0557 6373.175087010412 1.00012465277247 1.526677783214147 243.2619344323192 0.4483074477964976
0.0558 6373.203254778309 1.000124218793205 1.526587591103376 243.0788439409902 0.4406356577207322
0.05590000000000001 6373.231480264734 1.000123785498768 1.526497363554839 242.8953782792272 0.4330671862082266
0.056 6373.259763493543 1.000123352889368 1.52640710070004 242.7115372919719 0.4256011148172219
0.0561 6373.288104488511 1.000122920965209 1.526316802670023 242.5273208246803 0.418236526456067
0.0562 6373.316503273332 1.000122489726483 1.526226469595303 242.3427287233402 0.4109725054758194
0.0563 6373.344959871623 1.000122059173377 1.526136101605928 242.1577608344541 0.4038081377606112
0.05640000000000001 6373.373474306919 1.000121629306066 1.526045698831447 241.9724170050266 0.3967425108174891
0.0565 6373.402046602676 1.00012120012472 1.525955261400886 241.7866970826066 0.3897747138674506
0.0566 6373.430676782272 1.000120771629502 1.525864789442796 241.6006009152333 0.3829038379320242
0.0567 6373.459364869005 1.000120343820567 1.52577428308517 241.4141283514663 0.3761289759221725
0.0568 6373.488110886096 1.000119916698062 1.52568374245553 241.2272792403795 0.3694492227249675
0.05690000000000001 6373.516914856687 1.000119490262131 1.525593167680837 241.0400534315376 0.3628636752887944
0.057 6373.545776803843 1.00011906451291 1.525502558887549 240.8524507750193 0.3563714327093724
0.05710000000000001 6373.574696750553 1.000118639450529 1.525411916201586 240.6644711214061 0.3499715963136005
0.0572 6373.603674719726 1.000118215075113 1.525321239748336 240.4761143217819 0.3436632697429277
0.0573 6373.632710734196 1.000117791386785 1.525230529652637 240.2873802277271 0.3374455590356106
0.0574 6373.661804816721 1.000117368385657 1.525139786038807 240.0982686913129 0.3313175727080633
0.0575 6373.690956989984 1.000116946071844 1.525049009030586 239.9087795651011 0.3252784218354703
0.05760000000000001 6373.720167276591 1.000116524445452 1.524958198751195 239.718912702156 0.3193272201318207
0.0577 6373.749435699073 1.000116103506584 1.524867355323279 239.5286679560267 0.3134630840280413
0.0578 6373.778762279885 1.000115683255344 1.524776478868922 239.3380451807469 0.3076851327497495
0.0579 6373.80814704141 1.000115263691826 1.524685569509682 239.1470442308354 0.3019924883940288
0.058 6373.837590005956 1.000114844816127 1.524594627366503 238.9556649612895 0.2963842760050464
0.05810000000000001 6373.867091195756 1.00011442662834 1.524503652559797 238.7639072275855 0.29085962364886
0.0582 6373.896650632971 1.000114009128553 1.524412645209393 238.5717708856904 0.2854176624875534
0.05830000000000001 6373.926268339687 1.000113592316858 1.524321605434541 238.3792557920323 0.280057526851183
0.0584 6373.955944337921 1.000113176193341 1.524230533353907 238.1863618035121 0.2747783543099123
0.0585 6373.985678649614 1.000112760758089 1.524139429085596 237.9930887775098 0.2695792857449249
0.05860000000000001 6374.015471296636 1.000112346011186 1.524048292747125 237.7994365718663 0.264459465417667
0.0587 6374.045322300786 1.000111931952718 1.523957124455408 237.6054050448896 0.2594180410387029
0.05880000000000001 6374.075231683793 1.00011151858277 1.523865924326793 237.4109940553489 0.2544541638352069
0.0589 6374.105199467313 1.000111105901427 1.523774692477009 237.2162034624683 0.2495669886174112
0.059 6374.135225672931 1.000110693908774 1.523683429021211 237.0210331259513 0.2447556738447288
0.0591 6374.165310322164 1.000110282604896 1.523592134073955 236.8254829059323 0.2400193816890425
0.0592 6374.19545343646 1.000109871989881 1.523500807749197 236.6295526630073 0.2353572780988498
0.05930000000000001 6374.225655037197 1.000109462063817 1.523409450160277 236.4332422582214 0.2307685328612927
0.0594 6374.255915145681 1.000109052826793 1.523318061419952 236.236551553075 0.2262523196635325
0.0595 6374.286233783152 1.000108644278902 1.523226641640367 236.0394804095116 0.2218078161526205
0.0596 6374.316610970783 1.000108236420235 1.52313519093306 235.8420286899126 0.2174342039944293
0.0597 6374.347046729676 1.000107829250891 1.523043709408951 235.6441962571083 0.2131306689318771
0.05980000000000001 6374.377541080869 1.000107422770965 1.522952197178362 235.445982974349 0.2088964008411402
0.0599 6374.408094045333 1.000107016980562 1.522860654350976 235.2473887053342 0.2047305937880517
0.06000000000000001 6374.43870564397 1.000106611879783 1.522769081035895 235.0484133141948 0.2006324460823493
0.0601 6374.469375897616 1.000106207468738 1.522677477341598 234.8490566654936 0.1966011603312008
0.0602 6374.500104827043 1.000105803747539 1.522585843375927 234.6493186242186 0.1926359434914893
0.0603 6374.530892452956 1.0001054007163 1.522494179246116 234.4491990557839 0.188736006921098
0.0604 6374.561738795997 1.000104998375142 1.522402485058785 234.248697826023 0.184900566428955
0.06050000000000001 6374.592643876738 1.000104596724188 1.522310760919931 234.0478148012011 0.1811288423242876
0.0606 6374.623607715696 1.000104195763568 1.522219006934911 233.8465498479794 0.1774200594638522
0.0607 6374.654630333315 1.000103795493415 1.522127223208496 233.6449028334508 0.1737734472993745
0.0608 6374.685711749982 1.000103395913867 1.522035409844789 233.442873625116 0.1701882399227353
0.0609 6374.716851986018 1.000102997025069 1.521943566947296 233.2404620908836 0.166663676110475
0.06100000000000001 6374.748051061682 1.000102598827171 1.521851694618889 233.0376680990702 0.1631989993671534
0.0611 6374.779308997169 1.000102201320328 1.521759792961824 232.8344915184001 0.1597934579675674
0.0612 6374.810625812615 1.000101804504702 1.521667862077708 232.6309322179999 0.1564463049977288
0.0613 6374.842001528095 1.000101408380461 1.521575902067545 232.4269900673802 0.1531567983945193
0.0614 6374.87343616362 1.000101012947778 1.521483913031696 232.2226649364715 0.1499242009850679
0.06150000000000001 6374.904929739141 1.000100618206836 1.521391895069895 232.0179566955825 0.1467477805237361
0.0616 6374.936482274551 1.000100224157821 1.521299848281262 231.8128652154181 0.1436268097289256
0.06170000000000001 6374.968093789682 1.000099830800929 1.521207772764268 231.6073903670675 0.1405605663182719
0.0618 6374.999764304304 1.000099438136362 1.521115668616769 231.4015320220218 0.1375483330431451
0.0619 6375.031493838133 1.00009904616433 1.521023535936006 231.1952900521386 0.1345893977212195
0.062 6375.063282410823 1.000098654885049 1.52093137481856 230.9886643296539 0.1316830532686227
0.0621 6375.095130041968 1.000098264298746 1.520839185360408 230.7816547272058 0.1288285977310867
0.06220000000000001 6375.127036751111 1.000097874405654 1.5207469676569 230.574261117781 0.1260253343128909
0.0623 6375.159002557731 1.000097485206013 1.520654721802741 230.3664833747506 0.123272571405923
0.0624 6375.191027481253 1.000097096700074 1.520562447892037 230.1583213718581 0.120569622616937
0.0625 6375.223111541043 1.000096708888095 1.520470146018245 229.9497749832193 0.1179158067938508
0.0626 6375.255254756414 1.000096321770343 1.520377816274214 229.7408440833109 0.1153104480507689
0.06270000000000001 6375.287457146621 1.000095935347095 1.520285458752158 229.5315285469641 0.1127528757919691
0.06280000000000001 6375.319718730864 1.000095549618634 1.520193073543674 229.3218282493825 0.1102424247350567
0.0629 6375.352039528289 1.000095164585255 1.52010066073973 229.1117430661187 0.1077784349324938
0.063 6375.384419557987 1.000094780247262 1.520008220430688 228.9012728730858 0.1053602517924518
0.0631 6375.416858838993 1.000094396604967 1.519915752706264 228.6904175465455 0.1029872260982729
0.06320000000000001 6375.449357390291 1.000094013658693 1.519823257655589 228.4791769631087 0.1006587140269724
0.06330000000000001 6375.481915230809 1.000093631408772 1.519730735367144 228.2675509997406 0.09837407716670132
0.0634 6375.514532379423 1.000093249855547 1.519638185928833 228.0555395337495 0.0961326825329199
0.0635 6375.547208854957 1.000092868999369 1.519545609427893 227.8431424427807 0.09393390258355529
0.0636 6375.579944676182 1.0000924888406 1.519453005950999 227.6303596048164 0.09177711523314104
0.06370000000000001 6375.612739861818 1.000092109379613 1.519360375584182 227.4171908981815 0.0896617038659324
0.06380000000000001 6375.645594430533 1.000091730616791 1.519267718412881 227.2036362015382 0.08758705734782689
0.0639 6375.678508400942 1.000091352552528 1.519175034521912 226.9896953938795 0.08555257003722253
0.064 6375.711481791613 1.000090975187225 1.519082323995501 226.7753683545178 0.08355764179476752
0.0641 6375.74451462106 1.000090598521299 1.518989586917261 226.5606549631083 0.08160167799238607
0.06420000000000001 6375.777606907752 1.000090222555174 1.518896823370205 226.3455550996135 0.0796840895207067
0.06430000000000001 6375.810758670103 1.000089847289286 1.518804033436744 226.1300686443332 0.07780429279604952
0.0644 6375.84396992648 1.000089472724082 1.518711217198694 225.9141954778801 0.0759617097658961
0.0645 6375.877240695203 1.00008909886002 1.518618374737268 225.6979354811805 0.07415576791355258
0.06460000000000001 6375.910570994541 1.000088725697569 1.518525506133102 225.4812885354858 0.07238590026188807
0.06470000000000001 6375.943960842717 1.000088353237209 1.518432611466222 225.2642545223429 0.0706515453757208
0.0648 6375.977410257905 1.000087981479431 1.518339690816076 225.046833323618 0.06895214736364215
0.0649 6376.010919258233 1.000087610424738 1.518246744261524 224.8290248214847 0.06728715587855151
0.065 6376.04448786178 1.000087240073644 1.518153771880848 224.61082889843 0.06565602611734631
0.06510000000000001 6376.078116086582 1.000086870426673 1.518060773751745 224.3922454372186 0.06405821881932809
0.06520000000000001 6376.111803950625 1.000086501484363 1.517967749951318 224.1732743209403 0.06249320026425801
0.0653 6376.145551471851 1.000086133247262 1.517874700556125 223.953915432969 0.0609604422687916
0.0654 6376.179358668158 1.000085765715929 1.517781625642137 223.7341686569738 0.05945942218236092
0.0655 6376.213225557396 1.000085398890936 1.517688525284751 223.5140338769255 0.05798962288206333
0.06560000000000001 6376.247152157373 1.000085032772865 1.517595399558792 223.2935109770727 0.05655053276642057
0.06570000000000001 6376.281138485851 1.000084667362312 1.517502248538543 223.0725998419656 0.05514164574853479
0.0658 6376.31518456055 1.000084302659881 1.517409072297713 222.8513003564261 0.0537624612479809
0.0659 6376.349290399144 1.000083938666191 1.517315870909448 222.629612405566 0.05241248418210694
0.066 6376.383456019265 1.00008357538187 1.517222644446359 222.4075358747749 0.05109122495625166
0.06610000000000001 6376.417681438504 1.00008321280756 1.517129392980488 222.1850706497261 0.04979819945319124
0.06620000000000001 6376.451966674405 1.000082850943914 1.517036116583337 221.9622166163707 0.0485329290216428
0.0663 6376.486311744473 1.000082489791596 1.51694281532586 221.738973660926 0.04729494046387907
0.0664 6376.520716666171 1.000082129351281 1.516849489278482 221.5153416698871 0.04608376602262813
0.0665 6376.555181456921 1.000081769623658 1.516756138511086 221.291320530015 0.04489894336700141
0.06660000000000001 6376.589706134101 1.000081410609426 1.516662763092997 221.0669101283428 0.04374001557769282
0.06670000000000001 6376.624290715053 1.000081052309295 1.516569363093053 220.8421103521577 0.04260653113123893
0.0668 6376.658935217073 1.000080694723988 1.516475938579533 220.6169210890247 0.04149804388368802
0.0669 6376.693639657422 1.00008033785424 1.516382489620213 220.3913422267573 0.04041411305320632
0.067 6376.728404053317 1.000079981700795 1.516289016282348 220.1653736534407 0.03935430320216922
0.06710000000000001 6376.763228421939 1.00007962626441 1.516195518632665 219.9390152573968 0.0383181842181994
0.06720000000000001 6376.798112780427 1.000079271545856 1.516101996737388 219.7122669272252 0.03730533129480971
0.0673 6376.833057145885 1.00007891754591 1.516008450662234 219.4851285517501 0.03631532491086599
0.0674 6376.868061535373 1.000078564265366 1.515914880472421 219.2576000200737 0.03534775080979713
0.0675 6376.903125965919 1.000078211705024 1.515821286232664 219.0296812215287 0.03440219997763925
0.06760000000000001 6376.938250454508 1.000077859865701 1.515727668007174 218.801372045696 0.03347826862065998
0.06770000000000001 6376.973435018092 1.000077508748219 1.515634025859703 218.5726723824049 0.03257555814220674
0.0678 6377.00867967358 1.000077158353417 1.515540359853477 218.3435821217271 0.03169367511884881
0.0679 6377.043984437852 1.00007680868214 1.515446670051267 218.1141011539647 0.03083223127583091
0.06800000000000001 6377.079349327743 1.000076459735249 1.515352956515348 217.8842293696683 0.02999084346198166
0.06810000000000001 6377.11477436006 1.000076111513611 1.515259219307529 217.6539666596131 0.02916913362382179
0.0682 6377.150259551567 1.000075764018107 1.51516545848916 217.4233129148164 0.02836672877919542
0.0683 6377.185804918996 1.000075417249628 1.515071674121104 217.1922680265265 0.02758326099017363
0.0684 6377.221410479044 1.000075071209076 1.514977866263778 216.9608318862159 0.02681836733537823
0.06850000000000001 6377.257076248369 1.000074725897362 1.514884034977145 216.7290043856 0.02607168988179102
0.06860000000000001 6377.2928022436 1.00007438131541 1.514790180320702 216.4967854166006 0.02534287565580995
0.0687 6377.328588481327 1.000074037464152 1.514696302353518 216.2641748713762 0.02463157661395304
0.0688 6377.364434978108 1.000073694344533 1.514602401134191 216.0311726422982 0.02393744961283917
0.0689 6377.400341750466 1.000073351957504 1.514508476720915 215.7977786219684 0.02326015637875896
0.06900000000000001 6377.436308814893 1.00007301030403 1.514414529171423 215.5639927031956 0.02259936347659677
0.06910000000000001 6377.472336187843 1.000072669385084 1.514320558543032 215.3298147790191 0.02195474227837909
0.0692 6377.508423885741 1.000072329201651 1.514226564892625 215.0952447426852 0.02132596893118909
0.0693 6377.544571924977 1.000071989754722 1.51413254827668 214.8602824876529 0.02071272432468212
0.0694 6377.580780321909 1.000071651045301 1.514038508751248 214.624927907594 0.0201146940581124
0.06950000000000001 6377.617049092863 1.0000713130744 1.513944446371973 214.3891808963934 0.01953156840690136
0.06960000000000001 6377.653378254133 1.00007097584304 1.513850361194091 214.1530413481368 0.01896304228873398
0.0697 6377.689767821982 1.000070639352251 1.513756253272445 213.9165091571166 0.01840881522926949
0.0698 6377.72621781264 1.000070303603075 1.51366212266147 213.6795842178384 0.01786859132743282
0.0699 6377.762728242306 1.000069968596559 1.513567969415204 213.4422664250086 0.01734207922026118
0.07000000000000001 6377.79929912715 1.000069634333761 1.513473793587339 213.2045556735228 0.01682899204736554
0.07010000000000001 6377.835930483309 1.000069300815747 1.513379595231129 212.9664518584895 0.0163290474150928
0.0702 6377.872622326891 1.000068968043592 1.513285374399491 212.7279548752121 0.01584196736023361
0.0703 6377.909374673971 1.000068636018379 1.513191131144958 212.4890646191892 0.01536747831342211
0.0704 6377.946187540598 1.000068304741198 1.513096865519686 212.2497809861146 0.0149053110621995
0.07050000000000001 6377.983060942789 1.00006797421315 1.513002577575476 212.0101038718711 0.01445520071374469
0.07060000000000001 6378.019994896532 1.00006764443534 1.51290826736379 211.7700331725426 0.01401688665732988
0.0707 6378.056989417785 1.000067315408884 1.512813934935704 211.5295687843963 0.01359011252642539
0.0708 6378.094044522477 1.000066987134904 1.512719580341978 211.2887106039001 0.01317462616058839
0.07090000000000001 6378.131160226509 1.00006665961453 1.512625203633006 211.0474585276937 0.01277017956699969
0.07100000000000001 6378.168336545753 1.000066332848898 1.512530804858854 210.8058124526059 0.01237652888182948
0.0711 6378.205573496052 1.000066006839152 1.512436384069251 210.5637722756604 0.01199343433133777
0.0712 6378.242871093223 1.000065681586443 1.512341941313608 210.3213378940526 0.0116206601926994
0.0713 6378.280229353051 1.000065357091929 1.512247476641 210.0785092051668 0.01125797475468063
0.07140000000000001 6378.317648291297 1.000065033356772 1.512152990100201 209.8352861065708 0.01090515027807455
0.07150000000000001 6378.355127923693 1.000064710382144 1.512058481739656 209.5916684959979 0.01056196295593186
0.0716 6378.392668265942 1.00006438816922 1.511963951607504 209.3476562713762 0.01022819287368304
0.0717 6378.430269333723 1.000064066719183 1.51186939975159 209.1032493307997 0.009903623969011777
0.0718 6378.467931142686 1.000063746033219 1.511774826219457 208.8584475725396 0.009588043991636935
0.07190000000000001 6378.505653708456 1.000063426112524 1.511680231058358 208.6132508950385 0.009281244462931005
0.07200000000000001 6378.543437046626 1.000063106958296 1.511585614315241 208.3676591969282 0.008983020635442313
0.0721 6378.581281172771 1.000062788571737 1.511490976036797 208.1216723769884 0.008693171452230964
0.0722 6378.619186102434 1.000062470954058 1.511396316269427 207.8752903341818 0.008411499506199039
0.0723 6378.657151851132 1.000062154106472 1.511301635059241 207.6285129676429 0.008137810999272558
0.07240000000000001 6378.695178434359 1.000061838030197 1.51120693245211 207.3813401766655 0.007871915701509006
0.07250000000000001 6378.733265867581 1.000061522726456 1.511112208493627 207.1337718607209 0.007613626910172814
0.0726 6378.771414166239 1.000061208196475 1.511017463229126 206.8858079194459 0.007362761408725041
0.0727 6378.809623345749 1.000060894441485 1.51092269670369 206.6374482526311 0.007119139425774111
0.0728 6378.847893421502 1.00006058146272 1.510827908962158 206.3886927602383 0.006882584594027004
0.07290000000000001 6378.886224408863 1.000060269261418 1.51073310004911 206.1395413423892 0.006652923909192513
0.07300000000000001 6378.924616323173 1.000059957838821 1.510638270008904 205.8899938993767 0.006429987688900916
0.0731 6378.963069179747 1.000059647196171 1.510543418885654 205.6400503316417 0.006213609531596301
0.0732 6379.001582993878 1.000059337334717 1.510448546723253 205.3897105397904 0.006003626275482951
0.0733 6379.040157780832 1.000059028255709 1.510353653565361 205.1389744245947 0.005799877957481677
0.07340000000000001 6379.078793555851 1.000058719960397 1.510258739455415 204.8878418869684 0.005602207772205763
0.07350000000000001 6379.117490334154 1.000058412450038 1.510163804436649 204.6363128279967 0.005410462031029134
0.0736 6379.156248130937 1.000058105725887 1.510068848552087 204.3843871489124 0.005224490121170563
0.0737 6379.195066961367 1.000057799789203 1.50997387184453 204.1320647511142 0.005044144464880266
0.0738 6379.233946840594 1.000057494641245 1.509878874356602 203.8793455361423 0.004869280478675703
0.07390000000000001 6379.272887783739 1.000057190283275 1.509783856130713 203.6262294056968 0.004699756532698031
0.07400000000000001 6379.311889805903 1.000056886716555 1.509688817209089 203.3727162616314 0.004535433910151123
0.0741 6379.350952922162 1.000056583942348 1.509593757633769 203.1188060059475 0.004376176766851387
0.0742 6379.390077147569 1.000056281961918 1.509498677446614 202.8644985408004 0.004221852090904841
0.07430000000000001 6379.429262497154 1.00005598077653 1.50940357668929 202.6097937684989 0.004072329662509143
0.07440000000000001 6379.468508985923 1.000055680387447 1.509308455403327 202.3546915914998 0.00392748201389075
0.0745 6379.507816628861 1.000055380795936 1.509213313630036 202.0991919124016 0.003787184389390294
0.0746 6379.54718544093 1.00005508200326 1.509118151410611 201.8432946339566 0.003651314705714364
0.0747 6379.586615437066 1.000054784010682 1.509022968786063 201.5869996590708 0.003519753512345406
0.07480000000000001 6379.626106632187 1.000054486819468 1.508927765797249 201.3303068907861 0.003392383952117016
0.07490000000000001 6379.665659041186 1.000054190430878 1.508832542484875 201.0732162322923 0.003269091721987377
0.075 6379.705272678934 1.000053894846175 1.508737298889515 200.815727586927 0.003149765033996928
0.0751 6379.744947560281 1.000053600066618 1.508642035051588 200.5578408581754 0.003034294576424849
0.0752 6379.784683700052 1.000053306093465 1.508546751011381 200.2995559496648 0.002922573475149872
0.07530000000000001 6379.824481113051 1.000053012927974 1.508451446809048 200.0408727651701 0.002814497255231007
0.07540000000000001 6379.864339814062 1.000052720571399 1.508356122484612 199.7817912085965 0.002709963802700488
0.0755 6379.904259817844 1.000052429024992 1.508260778077975 199.5223111840145 0.002608873326608061
0.0756 6379.944241139137 1.000052138290003 1.508165413628914 199.262432595607 0.002511128321266262
0.0757 6379.984283792657 1.000051848367679 1.5080700291771 199.0021553477285 0.002416633528783709
0.07580000000000001 6380.0243877931 1.000051559259265 1.507974624762082 198.7414793448514 0.002325295901805633
0.07590000000000001 6380.064553155137 1.000051270966001 1.507879200423308 198.4804044916081 0.002237024566547005
0.076 6380.104779893423 1.000050983489127 1.507783756200116 198.2189306927488 0.002151730786059704
0.0761 6380.145068022587 1.000050696829874 1.507688292131752 197.9570578531838 0.002069327923798027
0.0762 6380.185417557237 1.000050410989475 1.507592808257364 197.6947858779589 0.001989731407437871
0.07630000000000001 6380.225828511962 1.000050125969154 1.507497304616007 197.4321146722444 0.001912858692982738
0.07640000000000001 6380.266300901329 1.000049841770135 1.507401781246648 197.1690441413642 0.001838629229169387
0.0765 6380.30683473988 1.000049558393635 1.507306238188172 196.9055741907781 0.001766964422151975
0.0766 6380.347430042142 1.000049275840866 1.507210675479382 196.641704726076 0.001697787600488625
0.0767 6380.388086822616 1.000048994113036 1.507115093159009 196.3774356529956 0.001631023980437557
0.07680000000000001 6380.428805095784 1.000048713211349 1.507019491265714 196.1127668774046 0.001566600631552083
0.07690000000000001 6380.469584876107 1.000048433137001 1.506923869838089 195.8476983053068 0.00150444644259502
0.077 6380.510426178023 1.000048153891184 1.506828228914642 195.5822298428478 0.001444492087770399
0.0771 6380.551329015952 1.000047875475084 1.506732568533844 195.3163613963092 0.001386669993274273
0.07720000000000001 6380.592293404291 1.000047597889882 1.506636888734102 195.0500928721084 0.001330914304173135
0.07730000000000001 6380.633319357416 1.00004732113675 1.506541189553774 194.7834241767931 0.001277160851611259
0.07740000000000001 6380.674406889683 1.000047045216856 1.50644547103115 194.5163552170587 0.001225347120356638
0.0775 6380.715556015429 1.000046770131361 1.50634973320449 194.248885899713 0.001175412216673868
0.0776 6380.756766748966 1.000046495881418 1.506253976112 193.9810161317231 0.001127296836553991
0.07770000000000001 6380.798039104588 1.000046222468174 1.506158199791857 193.7127458201807 0.001080943234272404
0.07780000000000001 6380.839373096567 1.000045949892768 1.506062404282189 193.4440748723131 0.001036295191303116
0.0779 6380.880768739157 1.000045678156332 1.505966589621106 193.1750031954779 0.0009932979855796643
0.078 6380.922226046589 1.000045407259989 1.50587075584667 192.9055306971744 0.0009518983611116398
0.0781 6380.963745033072 1.000045137204857 1.505774902996925 192.6356572850322 0.0009120444979524705
0.07820000000000001 6381.005325712798 1.000044867992043 1.505679031109897 192.3653828668165 0.0008736859825275787
0.07830000000000001 6381.046968099933 1.000044599622647 1.505583140223588 192.0947073504348 0.0008367737783219174
0.0784 6381.088672208628 1.000044332097759 1.505487230375972 191.8236306439184 0.0008012601969258375
0.0785 6381.130438053012 1.000044065418463 1.505391301605021 191.5521526554229 0.0007670988694470402
0.0786 6381.172265647191 1.000043799585832 1.505295353948695 191.2802732932577 0.0007342447182909262
0.07870000000000001 6381.214155005253 1.00004353460093 1.505199387444931 191.0079924658561 0.0007026539292997337
0.07880000000000001 6381.256106141263 1.000043270464812 1.505103402131686 190.7353100817876 0.0006722839242646803
0.0789 6381.298119069269 1.000043007178523 1.505007398046887 190.4622260497516 0.0006430933338046302
0.079 6381.340193803294 1.0000427447431 1.504911375228483 190.1887402785895 0.0006150419706163531
0.0791 6381.382330357344 1.000042483159569 1.504815333714417 189.9148526772668 0.0005880908030920383
0.07920000000000001 6381.424528745401 1.000042222428944 1.504719273542633 189.6405631548909 0.00056220192931154
0.07930000000000001 6381.466788981432 1.000041962552232 1.504623194751092 189.3658716206932 0.0005373385514025021
0.0794 6381.509111079377 1.000041703530428 1.504527097377754 189.090777984053 0.000513464950276125
0.0795 6381.551495053159 1.000041445364515 1.504430981460616 188.815282154468 0.0004905464607299361
0.0796 6381.59394091668 1.000041188055469 1.504334847037658 188.5393840415835 0.0004685494469276221
0.07970000000000001 6381.636448683819 1.000040931604251 1.504238694146913 188.2630835551748 0.0004474412782463477
0.07980000000000001 6381.67901836844 1.000040676011813 1.50414252282641 187.9863806051416 0.0004271903054965939
0.0799 6381.72164998438 1.000040421279094 1.504046333114208 187.709275101531 0.000407765837514947
0.08 6381.76434354546 1.000040167407024 1.503950125048397 187.4317669545088 0.0003891381181231723
0.08010000000000001 6381.807099065478 1.000039914396518 1.503853898667092 187.1538560743942 0.0003712783034613359
0.08020000000000001 6381.849916558212 1.000039662248482 1.503757654008438 186.8755423716247 0.0003541584396845987
0.08030000000000001 6381.892796037418 1.000039410963809 1.503661391110618 186.5968257567855 0.0003377514410318375
0.0804 6381.935737516833 1.000039160543379 1.503565110011842 186.3177061405862 0.0003220310682572019
0.0805 6381.978741010173 1.000038910988061 1.50346881075036 186.0381834338781 0.0003069719074292304
0.08060000000000001 6382.021806531132 1.000038662298709 1.50337249336446 185.7582575476425 0.000292549349091818
0.08070000000000001 6382.064934093385 1.000038414476168 1.503276157892474 185.4779283929969 0.0002787395677882453
0.08080000000000001 6382.108123710586 1.000038167521268 1.503179804372775 185.1971958811945 0.0002655195019452125
0.0809 6382.151375396365 1.000037921434824 1.503083432843785 184.9160599236246 0.0002528668341154404
0.081 6382.194689164337 1.000037676217642 1.50298704334396 184.6345204318126 0.0002407599715769296
0.08110000000000001 6382.238065028088 1.000037431870513 1.502890635911828 184.3525773174255 0.0002291780272870783
0.08120000000000001 6382.281503001192 1.000037188394211 1.502794210585954 184.0702304922546 0.0002181008011883198
0.0813 6382.325003097196 1.000036945789503 1.502697767404946 183.7874798682273 0.0002075087618652789
0.0814 6382.368565329627 1.000036704057137 1.502601306407483 183.5043253574244 0.0001973830285499005
0.0815 6382.412189711994 1.000036463197849 1.50250482763229 183.2207668720392 0.0001877053534698863
0.08160000000000001 6382.455876257782 1.000036223212361 1.502408331118159 182.9368043244189 0.0001784581045430587
0.08170000000000001 6382.499624980454 1.00003598410138 1.502311816903931 182.6524376270521 0.0001696242484099831
0.0818 6382.543435893454 1.0000357458656 1.502215285028508 182.367666692552 0.0001611873338040557
0.0819 6382.587309010205 1.000035508505699 1.502118735530866 182.0824914336675 0.0001531314752572623
0.082 6382.631244344108 1.000035272022342 1.502022168450039 181.7969117633014 0.0001454413371377735
0.08210000000000001 6382.675241908542 1.000035036416177 1.501925583825117 181.5109275944745 0.0001381021180148824
0.08220000000000001 6382.719301716867 1.000034801687841 1.50182898169526 181.2245388403675 0.000131099535351775
0.0823 6382.763423782419 1.000034567837951 1.501732362099716 180.937745414279 0.0001244198105187053
0.0824 6382.807608118514 1.000034334867112 1.501635725077784 180.6505472296616 0.0001180496541274916
0.0825 6382.851854738446 1.000034102775914 1.501539070668821 180.3629442001037 0.0001119762516807563
0.08260000000000001 6382.896163655488 1.00003387156493 1.501442398912288 180.0749362393298 0.0001061872495343604
0.08270000000000001 6382.940534882891 1.00003364123472 1.50134570984769 179.7865232612061 0.0001006707411692466
0.0828 6382.984968433886 1.000033411785824 1.501249003514628 179.4977051797408 9.54152537689729e-005
0.0829 6383.02946432168 1.000033183218771 1.501152279952766 179.2084819090782 9.040973509943886e-005
0.083 6383.074022559461 1.000032955534072 1.501055539201851 178.9188533635041 8.564354068753296e-005
0.08310000000000001 6383.118643160393 1.000032728732222 1.500958781301698 178.6288194574466 8.11064212947185e-005
0.08320000000000001 6383.163326137618 1.000032502813701 1.500862006292203 178.3383801054814 7.678851068207539e-005
0.0833 6383.208071504258 1.00003227777897 1.500765214213362 178.0475352223201 7.268031366271042e-005
0.0834 6383.252879273414 1.000032053628478 1.500668405105217 177.7562847228104 6.877269443823328e-005
0.08350000000000001 6383.297749458161 1.000031830362654 1.500571579007919 177.4646285219536 6.505686521549443e-005
0.08360000000000001 6383.342682071555 1.000031607981914 1.50047473596169 177.172566534893 6.15243750991009e-005
0.08370000000000001 6383.387677126631 1.000031386486653 1.500377876006832 176.8800986769019 5.81670992562878e-005
0.0838 6383.432734636399 1.000031165877254 1.500280999183743 176.5872248634072 5.497722835060457e-005
0.0839 6383.477854613849 1.00003094615408 1.500184105532887 176.2939450099838 5.194725823967564e-005
0.08400000000000001 6383.523037071946 1.000030727317479 1.500087195094836 176.0002590323483 4.906997993347374e-005
0.08410000000000001 6383.568282023638 1.000030509367781 1.499990267910225 175.7061668463533 4.633846980911609e-005
0.08420000000000001 6383.613589481846 1.000030292305298 1.499893324019798 175.4116683679994 4.37460800783252e-005
0.0843 6383.658959459471 1.000030076130329 1.499796363464369 175.1167635134406 4.128642950328575e-005
0.0844 6383.70439196939 1.000029860843152 1.499699386284842 174.821452198967 3.895339435674444e-005
0.08450000000000001 6383.749887024458 1.000029646444028 1.499602392522222 174.5257343410225 3.674109962281245e-005
0.08460000000000001 6383.795444637511 1.000029432933202 1.499505382217589 174.2296098561809 3.464391043378287e-005
0.0847 6383.841064821356 1.000029220310902 1.499408355412121 173.9330786611876 3.265642373971067e-005
0.0848 6383.886747588782 1.000029008577337 1.49931131214708 173.6361406729178 3.077346020561498e-005
0.0849 6383.932492952554 1.000028797732699 1.499214252463819 173.3387958084007 2.899005633331307e-005
0.08500000000000001 6383.978300925414 1.000028587777163 1.499117176403793 173.0410439848073 2.730145680311167e-005
0.08510000000000001 6384.024171520083 1.000028378710885 1.499020084008532 172.7428851194621 2.570310703169283e-005
0.0852 6384.070104749255 1.000028170534005 1.49892297531967 172.4443191298436 2.419064594191965e-005
0.0853 6384.116100625605 1.000027963246643 1.49882585037892 172.1453459335661 2.27598989405213e-005
0.0854 6384.162159161785 1.000027756848904 1.498728709228099 171.8459654483976 2.14068710998961e-005
0.08550000000000001 6384.208280370422 1.000027551340872 1.49863155190911 171.5461775922598 2.012774053973073e-005
0.08560000000000001 6384.25446426412 1.000027346722615 1.498534378463951 171.2459822832224 1.891885200451866e-005
0.0857 6384.300710855461 1.000027142994182 1.498437188934717 170.9453794395025 1.777671063304773e-005
0.0858 6384.347020157003 1.000026940155604 1.498339983363588 170.6443689794832 1.669797591592897e-005
0.0859 6384.39339218128 1.000026738206895 1.498242761792834 170.3429508216772 1.567945583696802e-005
0.08600000000000001 6384.439826940808 1.000026537148048 1.498145524264835 170.0411248847512 1.471810119488652e-005
0.08610000000000001 6384.486324448071 1.000026336979041 1.498048270822046 169.7388910875374 1.381100010121319e-005
0.0862 6384.532884715535 1.000026137699833 1.497951001507025 169.4362493490215 1.295537265046985e-005
0.0863 6384.579507755642 1.000025939310361 1.497853716362425 169.1331995883255 1.214856575889127e-005
0.08640000000000001 6384.62619358081 1.000025741810549 1.497756415430985 168.8297417247367 1.138804816800976e-005
0.08650000000000001 6384.672942203431 1.000025545200298 1.497659098755544 168.525875677696 1.067140560907911e-005
0.08660000000000001 6384.719753635879 1.000025349479494 1.497561766379033 168.2216013667866 9.996336124733692e-006
0.0867 6384.766627890498 1.000025154648002 1.497464418344471 167.9169187117626 9.360645544262351e-006
0.0868 6384.813564979612 1.00002496070567 1.497367054694976 167.6118276325204 8.762243108603212e-006
0.08690000000000001 6384.86056491552 1.000024767652325 1.497269675473762 167.3063280491218 8.199137241684067e-006
0.08700000000000001 6384.907627710497 1.000024575487779 1.497172280724127 167.0004198817704 7.669431464306805e-006
0.08710000000000001 6384.954753376795 1.000024384211822 1.497074870489469 166.6941030508355 7.171320447213728e-006
