0 6365.5 1.000349732308344 1.56896128761935 293.15 18.47288582975515
0.0001 6365.501199923223 1.000349667311685 1.568895161653156 293.1422004990512 18.46396364463801
0.0002 6365.502441939326 1.000349600051022 1.568829047508478 293.1341273943825 18.45473244617585
0.0003 6365.50372604082 1.000349530528416 1.568762943599739 293.1257807346709 18.44519269940103
0.0004 6365.505052221227 1.000349458745927 1.568696848466158 293.1171605620256 18.43534487534954
0.0005 6365.506420474999 1.000349384705623 1.56863076075568 293.1082669125079 18.42518945163831
0.0006000000000000001 6365.507830797448 1.000349308409579 1.568564679212008 293.099099816587 18.41472691296744
0.0007 6365.509283184691 1.000349229859878 1.568498602664033 293.0896592995117 18.40395775152708
0.0008 6365.510777633588 1.000349149058623 1.568432530015872 293.0799453816775 18.3928824673969
0.0009000000000000001 6365.5123141417 1.00034906600793 1.568366460238717 293.0699580789513 18.3815015688974
0.001 6365.513892707243 1.000348980709935 1.568300392364084 293.0596974029203 18.36981557285292
0.0011 6365.515513329051 1.000348893166797 1.568234325476932 293.049163361169 18.35782500488768
0.0012 6365.517176006541 1.000348803380695 1.568168258711137 293.038355957481 18.34553039963344
0.0013 6365.518880739685 1.000348711353835 1.568102191243741 293.0272751920455 18.33293230094325
0.0014 6365.520627528978 1.000348617088448 1.568036122291675 293.0159210616465 18.32003126208436
0.0015 6365.522416375413 1.000348520586792 1.567970051107496 293.0042935598166 18.30682784589006
0.0016 6365.524247280463 1.000348421851156 1.567903976976471 292.9923926769906 18.29332262491084
0.0017 6365.526120246057 1.000348320883855 1.567837899213644 292.9802184006297 18.27951618153139
0.0018 6365.528035274559 1.000348217687237 1.567771817161071 292.9677707153695 18.26540910811373
0.0019 6365.529992368754 1.000348112263681 1.567705730185404 292.9550496030964 18.2510020070592
0.002 6365.531991531834 1.000348004615598 1.567639637676383 292.9420550430781 18.23629549093023
0.0021 6365.534032767377 1.000347894745433 1.567573539044616 292.9287870120519 18.22129018252445
0.0022 6365.536116079338 1.000347782655662 1.56750743371983 292.9152454843019 18.20598671493491
0.0023 6365.538241472039 1.000347668348797 1.567441321149858 292.9014304317474 18.19038573162294
0.0024 6365.540408950151 1.000347551827386 1.56737520079858 292.8873418240199 18.17448788647718
0.0025 6365.54261851869 1.00034743309401 1.56730907214514 292.8729796285164 18.15829384384508
0.0026 6365.544870183004 1.000347312151288 1.56724293468323 292.858343810476 18.14180427859063
0.0027 6365.547163948763 1.000347189001872 1.567176787919188 292.843434333039 18.12501987613145
0.0028 6365.549499821957 1.000347063648453 1.567110631371657 292.8282511572769 18.10794133244192
0.0029 6365.551877808879 1.000346936093759 1.567044464570782 292.8127942422865 18.09056935412897
0.003 6365.554297916124 1.000346806340553 1.566978287057169 292.797063545196 18.07290465840747
0.0031 6365.556760150579 1.000346674391639 1.56691209838154 292.7810590212361 18.05494797314812
0.0032 6365.559264519422 1.000346540249854 1.566845898103575 292.7647806237573 18.03670003686505
0.0033 6365.561811030109 1.000346403918078 1.566779685792032 292.7482283042895 18.01816159874922
0.0034 6365.564399690375 1.000346265399225 1.566713461023537 292.7314020125654 17.99933341866142
0.0035 6365.567030508221 1.00034612469625 1.566647223382561 292.7143016965619 17.98021626714467
0.0036 6365.569703491919 1.000345981812145 1.566580972460732 292.6969273025237 17.960810925416
0.0037 6365.572418649999 1.000345836749943 1.566514707856661 292.679278775005 17.94111818537766
0.0038 6365.575175991248 1.000345689512713 1.566448429175037 292.6613560568866 17.92113884960119
0.0039 6365.577975524707 1.000345540103565 1.566382136026889 292.6431590894061 17.90087373132422
0.004 6365.580817259664 1.000345388525647 1.566315828029027 292.6246878121814 17.88032365443998
0.0041 6365.583701205655 1.000345234782148 1.566249504803515 292.6059421632398 17.85948945349296
0.004200000000000001 6365.586627372456 1.000345078876294 1.566183165977594 292.5869220790363 17.83837197366065
0.0043 6365.589595770081 1.000344920811352 1.566116811183513 292.5676274944771 17.81697207074147
0.0044 6365.59260640878 1.000344760590628 1.566050440058243 292.5480583429311 17.79529061112885
0.004500000000000001 6365.595659299035 1.000344598217469 1.565984052242884 292.5282145562718 17.77332847181762
0.0046 6365.59875445156 1.000344433695259 1.565917647383056 292.5080960648592 17.75108654034423
0.0047 6365.601891877293 1.000344267027423 1.565851225128229 292.4877027975989 17.72856571481158
0.0048 6365.605071587397 1.000344098217427 1.565784785131719 292.4670346819188 17.70576690382166
0.0049 6365.608293593258 1.000343927268774 1.565718327050715 292.4460916438219 17.68269102649258
0.005 6365.611557906481 1.000343754185009 1.565651850545585 292.4248736078747 17.65933901240324
0.0051 6365.614864538888 1.000343578969717 1.565585355280283 292.4033804972308 17.63571180157652
0.005200000000000001 6365.618213502517 1.00034340162652 1.565518840922009 292.3816122336428 17.61181034444898
0.0053 6365.621604809618 1.000343222159084 1.565452307140933 292.3595687374858 17.58763560185284
0.0054 6365.625038472653 1.000343040571111 1.565385753610214 292.3372499277574 17.56318854497156
0.005500000000000001 6365.628514504293 1.000342856866346 1.565319180006006 292.3146557220956 17.53847015531425
0.0056 6365.632032917418 1.00034267104857 1.565252586007115 292.2917860367846 17.51348142467656
0.0057 6365.63559372511 1.000342483121608 1.565185971294892 292.2686407867844 17.48822335512693
0.005800000000000001 6365.63919694066 1.000342293089322 1.565119335553462 292.245219885713 17.46269695894054
0.0059 6365.642842577557 1.000342100955615 1.56505267846933 292.2215232458819 17.43690325859083
0.006 6365.646530649493 1.000341906724429 1.56498599973131 292.1975507782962 17.41084328670172
0.0061 6365.65026117036 1.000341710399745 1.564919299030726 292.1733023926603 17.38451808600582
0.006200000000000001 6365.654034154246 1.000341511985586 1.564852576060871 292.1487779974017 17.35792870932121
0.0063 6365.657849615437 1.000341311486013 1.564785830517431 292.1239774996592 17.33107621948934
0.0064 6365.661707568414 1.000341108905125 1.564719062098138 292.0989008053124 17.30396168935706
0.006500000000000001 6365.665608027849 1.000340904247065 1.56465227050266 292.0735478189816 17.27658620172625
0.0066 6365.669551008611 1.000340697516011 1.564585455432842 292.0479184440281 17.24895084930276
0.0067 6365.673536525756 1.000340488716183 1.564518616592354 292.0220125825834 17.22105673467682
0.006800000000000001 6365.677564594534 1.000340277851838 1.564451753686681 291.9958301355317 17.19290497025183
0.006900000000000001 6365.68163523038 1.000340064927275 1.564384866423222 291.9693710025334 17.16449667821726
0.007 6365.685748448917 1.000339849946831 1.564317954511261 291.9426350820371 17.13583299050816
0.0071 6365.689904265959 1.000339632914881 1.564251017661589 291.9156222712676 17.10691504873878
0.007200000000000001 6365.694102697498 1.000339413835842 1.564184055586859 291.8883324662614 17.07774400418642
0.0073 6365.698343759716 1.000339192714166 1.564117068001487 291.8607655618433 17.04832101771125
0.0074 6365.702627468977 1.000338969554347 1.564050054621328 291.8329214516497 17.01864725972645
0.007500000000000001 6365.706953841825 1.000338744360918 1.563983015163943 291.8048000281405 16.98872391015488
0.0076 6365.711322894987 1.000338517138448 1.563915949348366 291.7764011825874 16.95855215836019
0.0077 6365.71573464537 1.000338287891547 1.563848856895263 291.7477248050976 16.92813320311506
0.007800000000000001 6365.72018911006 1.000338056624863 1.563781737526758 291.7187707846077 16.89746825253757
0.007900000000000001 6365.724686306322 1.000337823343082 1.563714590966576 291.6895390089075 16.86655852405822
0.008 6365.729226251597 1.000337588050929 1.563647416939606 291.6600293646219 16.83540524434278
0.0081 6365.733808963502 1.000337350753167 1.563580215172552 291.6302417372352 16.80400964925819
0.008200000000000001 6365.738434459831 1.000337111454598 1.563512985393214 291.6001760110966 16.77237298381933
0.0083 6365.743102758553 1.00033687016006 1.563445727330922 291.5698320694081 16.74049650211648
0.008400000000000001 6365.747813877807 1.000336626874432 1.56337844071634 291.5392097942548 16.70838146728583
0.008500000000000001 6365.75256783591 1.000336381602628 1.563311125281532 291.5083090665866 16.67602915142978
0.0086 6365.757364651347 1.000336134349603 1.563243780759768 291.4771297662477 16.64344083558626
0.008700000000000001 6365.762204342775 1.000335885120345 1.563176406885799 291.4456717719653 16.61061780965423
0.008800000000000001 6365.767086929022 1.000335633919885 1.563109003395541 291.413934961355 16.57756137233718
0.0089 6365.772012429086 1.000335380753287 1.563041570026194 291.3819192109389 16.54427283109841
0.009000000000000001 6365.776980862132 1.000335125625655 1.562974106516338 291.3496243961394 16.51075350209122
0.0091 6365.781992247496 1.00033486854213 1.562906612605699 291.3170503912792 16.47700471009466
0.0092 6365.787046604675 1.000334609507888 1.562839088035308 291.2841970696112 16.44302778847947
0.009300000000000001 6365.792143953338 1.000334348528145 1.562771532547415 291.2510643033005 16.40882407912444
0.0094 6365.797284313318 1.000334085608152 1.562703945885445 291.2176519634303 16.37439493235672
0.0095 6365.802467704611 1.000333820753196 1.562636327794043 291.1839599200256 16.33974170691003
0.009600000000000001 6365.80769414738 1.000333553968603 1.562568678019142 291.1499880420296 16.30486576983346
0.0097 6365.812963661948 1.000333285259734 1.56250099630773 291.1157361973391 16.26976849646068
0.0098 6365.818276268801 1.000333014631986 1.562433282408071 291.0812042527927 16.23445127032993
0.009900000000000001 6365.823631988588 1.000332742090794 1.56236553606956 291.0463920741767 16.1989154831218
0.01 6365.829030842119 1.000332467641627 1.562297757042788 291.0112995262251 16.16316253459043
0.0101 6365.834472850364 1.000332191289991 1.562229945079467 290.9759264726316 16.12719383250631
0.0102 6365.839958034452 1.000331913041428 1.562162099932447 290.9402727760611 16.09101079259844
0.0103 6365.845486415671 1.000331632901515 1.562094221355796 290.904338298138 16.05461483847203
0.0104 6365.851058015465 1.000331350875865 1.562026309104675 290.8681228994759 16.01800740156759
0.0105 6365.856672855439 1.000331066970127 1.561958362935363 290.831626439648 15.98118992105974
0.0106 6365.862330957352 1.000330781189983 1.561890382605244 290.7948487772104 15.94416384380937
0.0107 6365.868032343121 1.000330493541153 1.561822367872951 290.7577897697146 15.90693062430324
0.0108 6365.873777034814 1.000330204029391 1.561754318498127 290.7204492737068 15.86949172458111
0.0109 6365.879565054659 1.000329912660484 1.561686234241514 290.6828271447165 15.83184861415065
0.011 6365.885396425034 1.000329619440256 1.561618114865032 290.6449232372801 15.7940027699374
0.0111 6365.891271168471 1.000329324374564 1.561549960131706 290.6067374049407 15.75595567621053
0.0112 6365.897189307653 1.000329027469301 1.561481769805616 290.5682695002541 15.71770882451395
0.0113 6365.903150865419 1.000328728730392 1.561413543651991 290.5295193747774 15.67926371357938
0.0114 6365.909155864753 1.000328428163798 1.561345281437147 290.4904868791035 15.64062184928591
0.0115 6365.915204328794 1.000328125775513 1.561276982928523 290.4511718628386 15.60178474456034
0.0116 6365.921296280828 1.000327821571564 1.561208647894546 290.411574174619 15.56275391931814
0.0117 6365.927431744291 1.000327515558012 1.561140276104897 290.3716936621116 15.52353090038636
0.0118 6365.933610742765 1.000327207740954 1.561071867330238 290.3315301720257 15.48411722143761
0.0119 6365.939833299984 1.000326898126515 1.561003421342344 290.2910835501069 15.4445144229063
0.012 6365.946099439824 1.000326586720858 1.560934937914144 290.2503536411431 15.40472405191589
0.0121 6365.95240918631 1.000326273530175 1.560866416819547 290.2093402889881 15.36474766222304
0.0122 6365.95876256361 1.000325958560694 1.560797857833676 290.1680433365322 15.3245868141093
0.0123 6365.96515959604 1.000325641818674 1.560729260732596 290.1264626257374 15.28424307433583
0.0124 6365.971600308059 1.000325323310406 1.560660625293571 290.0845979976142 15.24371801604008
0.0125 6365.978084724266 1.000325003042213 1.560591951294941 290.0424492922683 15.20301321870077
0.0126 6365.984612869407 1.000324681020452 1.560523238516096 290.0000163488538 15.16213026801087
0.0127 6365.991184768368 1.000324357251509 1.560454486737548 289.9572990056084 15.12107075583026
0.0128 6365.997800446176 1.000324031741803 1.560385695740832 289.9142970998595 15.0798362801092
0.0129 6366.004459927998 1.000323704497786 1.560316865308678 289.8710104680121 15.03842844479433
0.013 6366.011163239145 1.000323375525938 1.560247995224798 289.8274389455609 14.99684885975711
0.0131 6366.01791040506 1.000323044832773 1.560179085274102 289.7835823671079 14.95509914072718
0.0132 6366.024701451332 1.000322712424835 1.560110135242431 289.7394405663448 14.91318090919159
0.0133 6366.031536403682 1.000322378308697 1.560041144916923 289.6950133760646 14.87109579232175
0.0134 6366.038415287974 1.000322042490966 1.559972114085597 289.6503006281677 14.82884542289434
0.0135 6366.045338130202 1.000321704978275 1.559903042537743 289.6053021536853 14.78643143922839
0.0136 6366.052304956501 1.000321365777291 1.559833930063611 289.5600177827445 14.74385548506623
0.0137 6366.059315793137 1.000321024894708 1.559764776454639 289.5144473446088 14.70111920952648
0.0138 6366.066370666513 1.000320682337253 1.559695581503322 289.4685906676672 14.65822426700644
0.0139 6366.073469603165 1.000320338111679 1.559626345003212 289.4224475794275 14.61517231708974
0.014 6366.080612629763 1.00031999222477 1.559557066749074 289.3760179065406 14.57196502448125
0.0141 6366.087799773108 1.00031964468334 1.559487746536615 289.3293014748 14.52860405891934
0.0142 6366.095031060131 1.000319295494231 1.559418384162785 289.282298109148 14.48509109509329
0.0143 6366.102306517897 1.000318944664313 1.559348979425589 289.2350076336696 14.44142781254933
0.0144 6366.1096261736 1.000318592200485 1.559279532124132 289.1874298715987 14.39761589560731
0.0145 6366.116990054565 1.000318238109676 1.559210042058585 289.1395646453296 14.3536570332824
0.0146 6366.124398188242 1.00031788239884 1.559140509030311 289.091411776429 14.30955291920624
0.0147 6366.131850602212 1.000317525074962 1.559070932841693 289.0429710856241 14.26530525152604
0.0148 6366.139347324182 1.000317166145051 1.559001313296361 288.9942423928145 14.22091573282502
0.0149 6366.14688838199 1.000316805616148 1.558931650198878 288.9452255170662 14.17638607002632
0.015 6366.154473803594 1.000316443495319 1.558861943355065 288.8959202766413 14.13171797432869
0.0151 6366.162103617078 1.000316079789655 1.558792192571805 288.8463264889919 14.0869131611095
0.0152 6366.169777850656 1.000315714506276 1.558722397657159 288.7964439707365 14.04197334981151
0.0153 6366.17749653266 1.00031534765233 1.558652558420216 288.7462725377076 13.99690026389339
0.0154 6366.185259691549 1.000314979234988 1.558582674671248 288.6958120049334 13.951695630721
0.0155 6366.193067355901 1.00031460926145 1.558512746221681 288.6450621866442 13.9063611814798
0.0156 6366.20091955442 1.00031423773894 1.558442772883987 288.5940228962721 13.86089865108154
0.0157 6366.208816315926 1.000313864674708 1.55837275447187 288.5426939464809 13.81530977809697
0.0158 6366.216757669364 1.00031349007603 1.558302690800103 288.491075149136 13.76959630463547
0.0159 6366.224743643796 1.000313113950208 1.558232581684617 288.4391663153286 13.72375997627175
0.016 6366.232774268403 1.000312736304568 1.558162426942448 288.3869672553814 13.67780254195644
0.0161 6366.240849572485 1.00031235714646 1.558092226391862 288.3344777788483 13.63172575392098
0.0162 6366.248969585459 1.00031197648326 1.558021979852183 288.281697694515 13.58553136758239
0.0163 6366.257134336859 1.000311594322367 1.557951687143913 288.2286268104161 13.53922114146311
0.0164 6366.265343856335 1.000311210671205 1.557881348088682 288.175264933824 13.49279683708476
0.0165 6366.273598173651 1.000310825537222 1.557810962509298 288.1216118712658 13.44626021888728
0.0166 6366.281897318688 1.000310438927888 1.557740530229759 288.0676674285299 13.39961305413753
0.0167 6366.290241321438 1.000310050850698 1.557670051075132 288.0134314106539 13.35285711282208
0.0168 6366.298630212008 1.00030966131317 1.557599524871709 287.958903621948 13.30599416757062
0.0169 6366.307064020616 1.000309270322843 1.557528951446953 287.9040838659956 13.25902599355828
0.017 6366.315542777593 1.000308877887282 1.557458330629411 287.8489719456469 13.21195436840295
0.0171 6366.32406651338 1.000308484014071 1.557387662248859 287.7935676630308 13.16478107207736
0.0172 6366.332635258528 1.000308088710817 1.557316946136266 287.7378708195669 13.11750788682081
0.0173 6366.341249043699 1.00030769198515 1.557246182123689 287.6818812159594 13.0701365970356
0.0174 6366.349907899661 1.00030729384472 1.557175370044476 287.6255986522032 13.02266898919319
0.0175 6366.358611857291 1.000306894297201 1.557104509733022 287.5690229276073 12.97510685175502
0.0176 6366.367360947575 1.000306493350284 1.557033601024991 287.5121538407597 12.92745197504331
0.0177 6366.376155201604 1.000306091011685 1.55696264375722 287.4549911895741 12.87970615118122
0.0178 6366.384994650573 1.000305687289137 1.556891637767698 287.3975347712729 12.83187117397808
0.0179 6366.393879325785 1.000305282190396 1.556820582895641 287.3397843823985 12.78394883883911
0.018 6366.402809258644 1.000304875723237 1.556749478981387 287.2817398188134 12.73594094266513
0.0181 6366.41178448066 1.000304467895455 1.556678325866547 287.2234008757122 12.68784928376183
0.0182 6366.420805023444 1.000304058714864 1.556607123393903 287.1647673476153 12.63967566173401
0.0183 6366.429870918711 1.000303648189298 1.55653587140741 287.1058390283814 12.59142187739446
0.0184 6366.438982198275 1.000303236326609 1.556464569752239 287.0466157112127 12.54308973266754
0.0185 6366.44813889405 1.000302823134669 1.556393218274748 286.9870971886729 12.49468103050219
0.0186 6366.457341038054 1.000302408621368 1.556321816822526 286.9272832526521 12.44619757474141
0.0187 6366.466588662398 1.000301992794614 1.556250365244366 286.8671736944133 12.39764117005903
0.0188 6366.475881799294 1.000301575662331 1.556178863390297 286.8067683045873 12.34901362185273
0.0189 6366.485220481052 1.000301157232466 1.556107311111444 286.7460668731604 12.30031673613237
0.019 6366.494604740078 1.000300737512977 1.556035708260299 286.6850691894923 12.25155231943193
0.0191 6366.504034608873 1.000300316511845 1.55596405469047 286.6237750423278 12.20272217871646
0.0192 6366.513510120034 1.000299894237062 1.555892350256822 286.5621842197792 12.15382812126522
0.0193 6366.523031306251 1.000299470696641 1.555820594815462 286.5002965093676 12.10487195460175
0.0194 6366.53259820031 1.00029904589861 1.555748788223687 286.4381116979874 12.05585548636267
0.0195 6366.542210835086 1.000298619851012 1.555676930340024 286.3756295719421 12.00678052422268
0.0196 6366.551869243549 1.000298192561907 1.55560502102424 286.3128499169319 11.95764887578187
0.0197 6366.56157345876 1.00029776403937 1.555533060137338 286.24977251806 11.90846234846702
0.0198 6366.571323513868 1.00029733429149 1.555461047541567 286.1863971598563 11.85922274944651
0.0199 6366.581119442115 1.000296903326372 1.55538898310037 286.1227236262533 11.80993188550822
0.02 6366.590961276829 1.000296471152137 1.555316866678448 286.0587517006105 11.76059156297416
0.0201 6366.600849051428 1.000296037776918 1.555244698141775 285.9944811657196 11.71120358760116
0.0202 6366.610782799415 1.000295603208862 1.555172477357547 285.9299118038047 11.66176976447682
0.0203 6366.620762554381 1.000295167456131 1.555100204194167 285.8650433965225 11.61229189791549
0.0204 6366.630788350004 1.000294730526899 1.555027878521364 285.7998757249742 11.56277179136319
0.0205 6366.640860220045 1.000294292429355 1.554955500210026 285.7344085697108 11.51321124729787
0.0206 6366.650978198349 1.0002938531717 1.554883069132356 285.6686417107338 11.46361206712511
0.0207 6366.661142318845 1.000293412762147 1.554810585161819 285.6025749275067 11.41397605108268
0.0208 6366.671352615545 1.000292971208921 1.554738048173068 285.5362079989549 11.36430499813612
0.0209 6366.681609122542 1.00029252852026 1.554665458042107 285.4695407034777 11.31460070588311
0.021 6366.69191187401 1.000292084704414 1.554592814646103 285.4025728189366 11.26486497044015
0.0211 6366.702260904202 1.000291639769642 1.55452011786359 285.3353041226845 11.21509958636006
0.0212 6366.712656247454 1.000291193724216 1.554447367574276 285.2677343915483 11.16530634651418
0.0213 6366.723097938177 1.000290746576419 1.55437456365917 285.1998634018522 11.11548704200529
0.0214 6366.73358601086 1.000290298334543 1.554301706000565 285.1316909294122 11.06564346205862
0.0215 6366.744120500071 1.000289849006892 1.554228794481987 285.0632167495418 11.01577739392157
0.0216 6366.754701440453 1.000289398601778 1.554155828988247 284.9944406370577 10.96589062276349
0.0217 6366.765328866723 1.000288947127522 1.554082809405486 284.9253623662979 10.91598493158388
0.0218 6366.776002813676 1.000288494592458 1.554009735621027 284.8559817111039 10.86606210109497
0.0219 6366.786723316178 1.000288041004924 1.553936607523519 284.7862984448442 10.81612390963426
0.022 6366.797490409168 1.000287586373271 1.553863425002898 284.7163123404083 10.76617213305574
0.0221 6366.808304127658 1.000287130705855 1.553790187950379 284.6460231702248 10.71620854463804
0.0222 6366.81916450673 1.000286674011043 1.553716896258402 284.5754307062551 10.66623491497581
0.0223 6366.830071581539 1.000286216297206 1.553643549820813 284.5045347199997 10.61625301187951
0.0224 6366.841025387306 1.000285757572726 1.553570148532582 284.4333349825096 10.56626460027949
0.0225 6366.852025959325 1.000285297845989 1.553496692290122 284.3618312643865 10.51627144212169
0.0226 6366.863073332956 1.00028483712539 1.553423180991033 284.290023335789 10.46627529626766
0.0227 6366.874167543625 1.00028437541933 1.553349614534237 284.2179109664379 10.41627791839462
0.0228 6366.885308626826 1.000283912736215 1.553275992819957 284.1454939256286 10.36628106089961
0.0229 6366.89649661812 1.000283449084459 1.553202315749686 284.0727719822188 10.31628647278751
0.023 6366.90773155313 1.000282984472478 1.553128583226223 283.9997449046585 10.26629589958762
0.0231 6366.919013467543 1.000282518908697 1.553054795153677 283.9264124609721 10.21631108323778
0.0232 6366.930342397111 1.000282052401543 1.552980951437442 283.8527744187758 10.16633376199306
0.0233 6366.94171837765 1.00028158495945 1.552907051984172 283.7788305452781 10.11636567032237
0.0234 6366.953141445031 1.000281116590852 1.552833096701912 283.7045806072973 10.06640853881718
0.0235 6366.964611635193 1.000280647304193 1.552759085499899 283.6300243712439 10.01646409407653
0.0236 6366.976128984131 1.000280177107916 1.552685018288754 283.5551616031497 9.966534058623928
0.0237 6366.987693527899 1.000279706010468 1.552610894980368 283.4799920686568 9.916620150796719
0.0238 6366.999305302611 1.000279234020299 1.552536715487937 283.4045155330285 9.866724084651397
0.0239 6367.010964344438 1.000278761145865 1.552462479725921 283.3287317611561 9.816847569865155
0.024 6367.022670689605 1.000278287395618 1.552388187610192 283.2526405175698 9.766992311641452
0.0241 6367.034424374396 1.000277812778018 1.552313839057824 283.1762415664279 9.717160010600257
0.0242 6367.046225435148 1.000277337301523 1.552239433987264 283.0995346715394 9.667352362691792
0.0243 6367.058073908253 1.000276860974593 1.552164972318194 283.0225195963529 9.617571059087279
0.0244 6367.069969830156 1.000276383805689 1.552090453971728 282.9451961039862 9.567817786096766
0.0245 6367.081913237355 1.000275905803275 1.552015878870122 282.867563957196 9.518094225048976
0.0246 6367.093904166399 1.000275426975811 1.551941246937114 282.7896229184083 9.468402052209607
0.0247 6367.105942653888 1.000274947331761 1.551866558097615 282.7113727497298 9.418742938688233
0.0248 6367.118028736472 1.000274466879586 1.551791812277919 282.6328132129301 9.369118550326686
0.0249 6367.130162450851 1.000273985627748 1.551717009405644 282.5539440694714 9.3195305476178
0.025 6367.142343833769 1.000273503584707 1.551642149409684 282.4747650805028 9.269980585601838
0.0251 6367.154572922023 1.000273020758922 1.551567232220224 282.3952760068481 9.220470313759716
0.0252 6367.166849752455 1.000272537158852 1.551492257768851 282.3154766090414 9.17100137593609
0.0253 6367.179174361952 1.000272052792951 1.551417225988365 282.2353666473094 9.121575410229431
0.0254 6367.191546787446 1.000271567669673 1.551342136812929 282.1549458816011 9.072194048911797
0.0255 6367.203967065913 1.000271081797468 1.551266990178057 282.0742140715637 9.022858918316064
0.0256 6367.216435234374 1.000270595184784 1.551191786020482 281.9931709765668 8.973571638752679
0.0257 6367.228951329891 1.000270107840066 1.551116524278331 281.9118163557081 8.924333824415697
0.0258 6367.241515389566 1.000269619771755 1.551041204891045 281.830149967819 8.87514708328918
0.0259 6367.254127450547 1.000269130988287 1.550965827799326 281.7481715714474 8.826013017039786
0.026 6367.266787550016 1.000268641498096 1.550890392945233 281.6658809248987 8.77693322094529
0.0261 6367.279495725198 1.000268151309609 1.55081490027213 281.5832777862123 8.727909283784346
0.0262 6367.292252013355 1.00026766043125 1.550739349724676 281.5003619131911 8.678942787758491
0.0263 6367.305056451788 1.000267168871435 1.550663741248906 281.417133063378 8.630035308382904
0.0264 6367.317909077832 1.000266676638579 1.550588074792098 281.333590994091 8.581188414412571
0.0265 6367.330809928859 1.000266183741087 1.550512350302896 281.2497354624178 8.532403667744299
0.0266 6367.343759042277 1.000265690187359 1.5504365677312 281.1655662251977 8.483682623312522
0.0267 6367.356756455529 1.00026519598579 1.550360727028282 281.0810830390632 8.435026829019892
0.0268 6367.369802206088 1.000264701144765 1.550284828146699 280.9962856604278 8.38643782563728
0.0269 6367.382896331462 1.000264205672665 1.550208871040352 280.9111738454984 8.33791714671794
0.027 6367.396038869189 1.000263709577861 1.550132855664414 280.8257473502689 8.289466318501997
0.0271 6367.40922985684 1.000263212868717 1.550056781975375 280.7400059305381 8.241086859834908
0.0272 6367.422469332015 1.000262715553589 1.549980649931079 280.653949341904 8.192780282072917
0.0273 6367.435757332342 1.000262217640825 1.549904459490596 280.5675773397751 8.144548088999084
0.0274 6367.449093895481 1.000261719138763 1.549828210614409 280.480889679371 8.09639177673313
0.0275 6367.462479059115 1.000261220055732 1.549751903264244 280.3938861157516 8.048312833658166
0.0276 6367.475912860957 1.000260720400051 1.549675537403156 280.3065664037816 8.000312740311859
0.0277 6367.489395338743 1.000260220180031 1.549599112995517 280.2189302981723 7.952392969320739
0.0278 6367.502926530237 1.00025971940397 1.549522630006964 280.1309775534572 7.904554985299122
0.0279 6367.516506473226 1.000259218080159 1.549446088404499 280.0427079240284 7.856800244780981
0.028 6367.530135205521 1.000258716216875 1.549369488156359 279.9541211641121 7.809130196120102
0.0281 6367.543812764955 1.000258213822385 1.549292829232183 279.8652170277927 7.76154627941655
0.0282 6367.557539189382 1.000257710904945 1.5492161116028 279.7759952690188 7.714049926433964
0.0283 6367.571314516677 1.000257207472799 1.549139335240432 279.686455641603 7.666642560514287
0.0284 6367.585138784737 1.000256703534177 1.549062500118531 279.5965978992098 7.619325596486976
0.0285 6367.599012031477 1.0002561990973 1.548985606211906 279.5064217953976 7.572100440606863
0.0286 6367.612934294831 1.000255694170372 1.548908653496661 279.4159270836007 7.524968490461318
0.0287 6367.626905612749 1.000255188761588 1.548831641950115 279.3251135171289 7.477931134887556
0.0288 6367.640926023201 1.000254682879127 1.548754571550989 279.2339808491919 7.430989753902816
0.0289 6367.65499556417 1.000254176531155 1.548677442279224 279.1425288328927 7.384145718619743
0.029 6367.669114273655 1.000253669725824 1.548600254116081 279.0507572212399 7.337400391171619
0.0291 6367.683282189671 1.00025316247127 1.548523007044128 278.9586657671415 7.290755124629161
0.0292 6367.697499350243 1.000252654775617 1.548445701047176 278.8662542234227 7.244211262930053
0.0293 6367.711765793412 1.000252146646972 1.548368336110364 278.7735223428202 7.197770140797105
0.0294 6367.726081557232 1.000251638093427 1.548290912220093 278.6804698779937 7.151433083666105
0.0295 6367.740446679763 1.000251129123059 1.548213429364045 278.5870965815437 7.105201407617142
0.0296 6367.75486119908 1.000250619743927 1.548135887531212 278.4934022059823 7.059076419283197
0.0297 6367.769325153266 1.000250109964077 1.548058286711828 278.3993865037741 7.013059415794657
0.0298 6367.783838580412 1.000249599791536 1.547980626897435 278.3050492273245 6.967151684698098
0.0299 6367.798401518618 1.000249089234313 1.547902908080814 278.210390128986 6.921354503884643
0.03 6367.81301400599 1.000248578300403 1.547825130256042 278.1154089610635 6.875669141519023
0.0301 6367.827676080643 1.000248066997781 1.547747293418485 278.0201054758207 6.830096855969372
0.0302 6367.842387780694 1.000247555334404 1.547669397564735 277.9244794254918 6.784638895740552
0.0303 6367.857149144265 1.000247043318212 1.547591442692677 277.8285305622752 6.739296499399769
0.0304 6367.871960209484 1.000246530957125 1.547513428801468 277.7322586383519 6.69407089551421
0.0305 6367.886821014481 1.000246018259047 1.54743535589151 277.6356634058733 6.64896330257548
0.0306 6367.901731597387 1.000245505231859 1.547357223964473 277.5387446169847 6.603974928941515
0.0307 6367.916691996336 1.000244991883426 1.547279033023256 277.4415020238138 6.55910697276267
0.0308 6367.931702249463 1.000244478221592 1.547200783072039 277.3439353784883 6.51436062192239
0.0309 6367.946762394903 1.000243964254179 1.547122474116243 277.2460444331299 6.469737053967728
0.031 6367.961872470789 1.000243449988991 1.547044106162555 277.1478289398723 6.42523743605156
0.0311 6367.977032515251 1.000242935433811 1.546965679218876 277.0492886508667 6.380862924870085
0.0312 6367.99224256642 1.0002424205964 1.546887193294388 276.9504233182705 6.336614666593238
0.0313 6368.007502662421 1.0002419054845 1.546808648399456 276.8512326942645 6.292493796809328
0.0314 6368.022812841376 1.000241390105829 1.546730044545746 276.7517165310532 6.248501440462506
0.0315 6368.038173141404 1.000240874468083 1.54665138174613 276.6518745808766 6.204638711796332
0.0316 6368.053583600615 1.000240358578938 1.546572660014656 276.5517065960042 6.160906714290398
0.0317 6368.069044257113 1.000239842446047 1.546493879366723 276.4512123287649 6.117306540613319
0.0318 6368.084555148997 1.000239326077038 1.546415039818844 276.3503915315167 6.073839272550814
0.03190000000000001 6368.100116314357 1.000238809479519 1.546336141388793 276.2492439566771 6.030505980960485
0.032 6368.115727791275 1.000238292661072 1.546257184095582 276.1477693567107 5.987307725709512
0.0321 6368.131389617823 1.000237775629259 1.546178167959374 276.045967484153 5.944245555628505
0.0322 6368.14710183206 1.000237258391615 1.546099093001609 275.9438380916107 5.901320508456031
0.0323 6368.16286447204 1.000236740955651 1.546019959244913 275.8413809317434 5.858533610776788
0.0324 6368.178677575799 1.000236223328854 1.545940766713114 275.7385957573055 5.815885877985487
0.0325 6368.194541181365 1.000235705518688 1.545861515431206 275.6354823211281 5.773378314226815
0.0326 6368.21045532675 1.000235187532589 1.545782205425455 275.5320403761251 5.731011912346344
0.0327 6368.226420049954 1.000234669377971 1.545702836723228 275.4282696752993 5.688787653842374
0.0328 6368.24243538896 1.000234151062219 1.545623409353177 275.3241699717595 5.646706508823479
0.0329 6368.258501381737 1.000233632592696 1.545543923345057 275.2197410187094 5.604769435954974
0.033 6368.274618066237 1.000233113976734 1.545464378729857 275.1149825694591 5.562977382416033
0.0331 6368.290785480395 1.000232595221644 1.545384775539708 275.0098943774309 5.52133128385532
0.0332 6368.30700366213 1.000232076334707 1.545305113807924 274.9044761961535 5.479832064342959
0.0333 6368.32327264934 1.000231557323177 1.545225393569004 274.7987277792917 5.438480636337483
0.0334 6368.339592479903 1.000231038194283 1.545145614858615 274.6926488806283 5.397277900635075
0.0335 6368.355963191681 1.000230518955225 1.545065777713543 274.5862392540706 5.356224746329276
0.03360000000000001 6368.372384822512 1.000229999613175 1.544985882171771 274.4794986536734 5.315322050778439
0.0337 6368.388857410212 1.000229480175279 1.544905928272431 274.3724268336217 5.274570679558218
0.0338 6368.405380992577 1.000228960648652 1.544825916055779 274.2650235482482 5.233971486428782
0.0339 6368.42195560738 1.000228441040384 1.544745845563219 274.1572885520335 5.193525313296235
0.034 6368.438581292367 1.000227921357533 1.544665716837316 274.0492215996118 5.153232990177324
0.0341 6368.455258085266 1.00022740160713 1.544585529921742 273.940822445771 5.113095335162997
0.0342 6368.471986023774 1.000226881796176 1.54450528486133 273.8320908454706 5.073113154389575
0.0343 6368.488765145564 1.000226361931644 1.544424981701993 273.7230265538354 5.033287242002166
0.0344 6368.505595488283 1.000225842020474 1.544344620490818 273.6136293261619 4.993618380123579
0.0345 6368.52247708955 1.000225322069581 1.544264201275965 273.5038989179237 4.954107338824273
0.0346 6368.539409986958 1.000224802085846 1.544183724106693 273.3938350847719 4.91475487609126
0.0347 6368.55639421807 1.000224282076121 1.544103189033436 273.2834375825468 4.875561737802316
0.03480000000000001 6368.573429820418 1.000223762047227 1.544022596107653 273.1727061672835 4.8365286576991
0.0349 6368.590516831506 1.000223242005955 1.543941945381952 273.0616405952127 4.797656357359268
0.035 6368.607655288807 1.000222721959064 1.543861236909989 272.9502406227538 4.758945546167706
0.0351 6368.624845229763 1.000222201913283 1.543780470746517 272.8385060065392 4.720396921299153
0.0352 6368.642086691783 1.000221681875307 1.543699646947403 272.7264365034083 4.68201116769158
0.03530000000000001 6368.659379712244 1.000221161851802 1.543618765569541 272.6140318704132 4.643788958024799
0.0354 6368.676724328488 1.0002206418494 1.543537826670932 272.5012918648307 4.605730952702174
0.0355 6368.694120577824 1.000220121874704 1.543456830310603 272.3882162441445 4.567837799823447
0.0356 6368.711568497527 1.000219601934281 1.543375776548672 272.2748047660747 4.530110135174693
0.0357 6368.729068124835 1.000219082034667 1.543294665446317 272.161057188572 4.492548582207349
0.0358 6368.746619496951 1.000218562182366 1.543213497065718 272.0469732698178 4.455153752020451
0.0359 6368.764222651041 1.000218042383847 1.543132271470125 271.9325527682357 4.417926243347893
0.036 6368.781877624232 1.000217522645549 1.543050988723846 271.8177954424917 4.380866642542908
0.0361 6368.799584453614 1.000217002973874 1.542969648892177 271.7027010515061 4.343975523567516
0.0362 6368.81734317624 1.000216483375193 1.542888252041465 271.5872693544415 4.307253447975519
0.0363 6368.83515382912 1.000215963855843 1.542806798239075 271.4715001107205 4.270700964906151
0.0364 6368.853016449227 1.000215444422126 1.542725287553379 271.3553930800262 4.234318611073157
0.03650000000000001 6368.870931073492 1.000214925080311 1.542643720053745 271.2389480223013 4.198106910755069
0.0366 6368.888897738805 1.000214405836631 1.542562095810563 271.1221646977668 4.162066375792155
0.0367 6368.906916482013 1.000213886697287 1.542480414895217 271.0050428669155 4.126197505577108
0.0368 6368.924987339921 1.000213367668444 1.542398677380059 270.8875822905119 4.090500787048824
0.0369 6368.943110349293 1.000212848756232 1.542316883338435 270.7697827295987 4.054976694689174
0.03700000000000001 6368.961285546844 1.000212329966746 1.542235032844695 270.6516439455139 4.019625690524437
0.0371 6368.979512969249 1.000211811306048 1.5421531259741 270.5331656998795 3.984448224118957
0.0372 6368.997792653137 1.00021129278016 1.542071162802947 270.4143477546071 3.949444732575398
0.0373 6369.016124635091 1.000210774395074 1.541989143408435 270.2951898719097 3.91461564053785
0.0374 6369.034508951645 1.000210256156743 1.541907067868728 270.1756918143077 3.879961360194301
0.0375 6369.052945639292 1.000209738071085 1.541824936262959 270.0558533446055 3.845482291271769
0.0376 6369.071434734471 1.000209220143982 1.541742748671163 269.9356742259382 3.811178821053161
0.0377 6369.089976273579 1.000208702381281 1.54166050517432 269.8151542217369 3.777051324371361
0.0378 6369.108570292959 1.000208184788791 1.541578205854365 269.6942930957692 3.743100163626535
0.0379 6369.127216828908 1.000207667372287 1.541495850794112 269.5730906120988 3.709325688781133
0.038 6369.145915917672 1.000207150137504 1.541413440077303 269.4515465351318 3.675728237381083
0.0381 6369.164667595447 1.000206633090144 1.541330973788585 269.3296606295938 3.642308134558206
0.03820000000000001 6369.183471898376 1.000206116235869 1.541248452013528 269.2074326605533 3.609065693046988
0.0383 6369.202328862555 1.000205599580309 1.541165874838518 269.084862393392 3.576001213187962
0.0384 6369.221238524023 1.000205083129051 1.541083242350924 268.9619495938522 3.543114982953195
0.0385 6369.240200918768 1.00020456688765 1.541000554638921 268.8386940280074 3.510407277952059
0.0386 6369.259216082726 1.00020405086162 1.540917811791589 268.7150954622797 3.477878361451005
0.03870000000000001 6369.278284051778 1.00020353505644 1.540835013898872 268.5911536634461 3.445528484391275
0.0388 6369.297404861751 1.000203019477551 1.540752161051535 268.4668683986205 3.413357885401636
0.0389 6369.316578548416 1.000202504130356 1.540669253341247 268.342239435295 3.381366790827699
0.039 6369.335805147492 1.000201989020221 1.540586290860472 268.2172665413049 3.349555414742429
0.0391 6369.355084694637 1.000201474152473 1.540503273702533 268.0919494848575 3.31792395897468
0.0392 6369.374417225457 1.000200959532403 1.54042020196159 267.966288034533 3.286472613131197
0.0393 6369.393802775498 1.000200445165263 1.540337075732587 267.840281959266 3.255201554615449
0.0394 6369.41324138025 1.000199931056266 1.540253895111335 267.7139310283754 3.224110948659489
0.0395 6369.432733075144 1.00019941721059 1.540170660194397 267.5872350115645 3.193200948349465
0.0396 6369.452277895554 1.000198903633372 1.540087371079157 267.4601936788971 3.162471694646647
0.0397 6369.471875876793 1.000198390329711 1.540004027863821 267.3328068008449 3.131923316426888
0.0398 6369.491527054116 1.000197877304669 1.539920630647333 267.2050741482461 3.101555930499706
0.03990000000000001 6369.511231462717 1.000197364563269 1.539837179529423 267.0769954923411 3.071369641647116
0.04 6369.530989137729 1.000196852110495 1.5397536746106 266.9485706047602 3.041364542652214
0.0401 6369.550800114225 1.000196339951293 1.53967011599214 266.8197992575359 3.011540714334548
0.0402 6369.570664427217 1.000195828090571 1.539586503776071 266.6906812230908 2.98189822558113
0.0403 6369.590582111652 1.000195316533197 1.539502838065133 266.5612162742613 2.952437133386813
0.04040000000000001 6369.610553202419 1.000194805284002 1.539419118962836 266.4314041842739 2.923157482884939
0.0405 6369.630577734342 1.000194294347776 1.539335346573423 266.3012447267751 2.894059307391284
0.0406 6369.65065574218 1.000193783729273 1.539251521001846 266.1707376758308 2.865142628442315
0.0407 6369.670787260629 1.000193273433205 1.539167642353776 266.0398828059091 2.836407455830718
0.0408 6369.690972324323 1.000192763464249 1.539083710735598 265.9086798919037 2.807853787651279
0.0409 6369.711210967827 1.000192253827041 1.53899972625436 265.7771287091222 2.779481610340022
0.041 6369.731503225646 1.000191744526176 1.538915689017861 265.6452290333035 2.751290898720923
0.04110000000000001 6369.751849132215 1.000191235566215 1.538831599134526 265.5129806406006 2.723281616046096
0.0412 6369.772248721905 1.000190726951675 1.53874745671349 265.3803833076157 2.695453714048434
0.0413 6369.79270202902 1.000190218687039 1.538663261864535 265.2474368113707 2.667807132981514
0.0414 6369.813209087797 1.000189710776746 1.53857901469813 265.114140929319 2.640341801669468
0.0415 6369.833769932406 1.000189203225199 1.538494715325357 264.9804954393634 2.613057637559042
0.04160000000000001 6369.854384596948 1.000188696036763 1.538410363857947 264.8465001198382 2.585954546765422
0.0417 6369.875053115459 1.000188189215762 1.538325960408285 264.7121547495152 2.559032424124105
0.0418 6369.895775521904 1.000187682766481 1.538241505089378 264.5774591076214 2.53229115324613
0.0419 6369.91655185018 1.000187176693167 1.53815699801484 264.442412973833 2.505730606569592
0.042 6369.937382134111 1.000186671000027 1.538072439298905 264.3070161282757 2.479350645413457
0.04210000000000001 6369.958266407458 1.000186165691231 1.537987829056402 264.1712683515242 2.453151120032464
0.0422 6369.979204703906 1.000185660770909 1.537903167402738 264.0351694246086 2.427131869674224
0.0423 6370.000197057074 1.00018515624315 1.537818454453925 263.8987191290202 2.401292722637338
0.0424 6370.021243500506 1.000184652112009 1.537733690326557 263.7619172467111 2.3756334963294
0.0425 6370.042344067678 1.000184148381497 1.537648875137777 263.6247635600947 2.350153997326058
0.0426 6370.063498791993 1.000183645055589 1.537564009005295 263.4872578520457 2.324854021431129
0.0427 6370.084707706782 1.000183142138222 1.537479092047377 263.3493999059173 2.299733353740963
0.04280000000000001 6370.105970845304 1.000182639633292 1.537394124382812 263.211189505524 2.274791768703285
0.0429 6370.127288240746 1.000182137544657 1.537309106130953 263.0726264351532 2.250029030182507
0.043 6370.148659926221 1.000181635876139 1.537224037411647 262.9337104795653 2.225444891523843
0.0431 6370.170085934769 1.000181134631517 1.537138918345285 262.7944414239995 2.201039095619464
0.0432 6370.191566299358 1.000180633814535 1.537053749052755 262.6548190541738 2.176811374974573
0.04330000000000001 6370.21310105288 1.000180133428897 1.536968529655431 262.5148431562792 2.152761451773449
0.0434 6370.234690228152 1.000179633478269 1.536883260275208 262.3745135170092 2.128889037952544
0.0435 6370.25633385792 1.00017913396628 1.536797941034428 262.2338299235183 2.10519383526236
0.0436 6370.278031974852 1.000178634896518 1.536712572055933 262.0927921634637 2.081675535344426
0.0437 6370.299784611542 1.000178136272534 1.536627153463042 261.9514000249754 2.058333819797175
0.0438 6370.321591800509 1.000177638097843 1.536541685379488 261.8096532966919 2.035168360253617
0.0439 6370.343453574194 1.00017714037592 1.536456167929481 261.6675517677362 2.012178818450083
0.044 6370.365369964967 1.000176643110202 1.536370601237668 261.5250952277164 1.989364846299891
0.0441 6370.387341005116 1.000176146304089 1.536284985429125 261.3822834667489 1.966726085971644
0.0442 6370.409366726854 1.000175649960942 1.536199320629348 261.2391162754465 1.944262169962676
0.0443 6370.43144716232 1.000175154084088 1.536113606964248 261.0955934449188 1.921972721175312
0.0444 6370.453582343573 1.000174658676812 1.536027844560143 260.9517147667779 1.899857352994927
0.04450000000000001 6370.475772302595 1.000174163742364 1.535942033543733 260.8074800331323 1.877915669367014
0.0446 6370.498017071293 1.000173669283957 1.535856174042124 260.662889036599 1.856147264877827
0.0447 6370.520316681492 1.000173175304766 1.535770266182795 260.5179415703036 1.834551724834009
0.0448 6370.542671164941 1.00017268180793 1.535684310093584 260.3726374278857 1.813128625343912
0.0449 6370.565080553311 1.000172188796549 1.535598305902698 260.2269764034758 1.791877533395406
0.04500000000000001 6370.587544878194 1.000171696273688 1.535512253738704 260.0809582917362 1.770798006944048
0.0451 6370.610064171106 1.000171204242376 1.535426153730487 259.9345828878144 1.749889594989076
0.0452 6370.632638463477 1.000170712705604 1.535340006007292 259.7878499874013 1.729151837665573
0.0453 6370.655267786664 1.000170221666326 1.535253810698701 259.6407593866846 1.70858426632208
0.0454 6370.677952171944 1.000169731127464 1.535167567934562 259.4933108823665 1.68818640360834
0.0455 6370.700691650512 1.000169241091898 1.535081277845076 259.3455042716749 1.667957763562831
0.0456 6370.723486253483 1.000168751562476 1.534994940560722 259.1973393523584 1.647897851698542
0.04570000000000001 6370.746336011895 1.000168262542009 1.5349085562123 259.0488159226796 1.628006165089527
0.0458 6370.769240956705 1.000167774033274 1.534822124930833 258.8999337814156 1.608282192459007
0.0459 6370.792201118788 1.000167286039011 1.534735646847682 258.7506927278813 1.588725414271244
0.046 6370.815216528938 1.000166798561923 1.534649122094433 258.6010925619061 1.569335302817812
0.0461 6370.83828721787 1.000166311604682 1.534562550802942 258.4511330838453 1.550111322309257
0.04620000000000001 6370.861413216219 1.000165825169922 1.534475933105286 258.3008140945748 1.531052928965086
0.0463 6370.884594554537 1.000165339260243 1.534389269133836 258.1501353955081 1.512159571107399
0.0464 6370.907831263296 1.000164853878212 1.534302559021129 257.9990967885732 1.493430689249902
0.0465 6370.931123372887 1.000164369026358 1.534215802899962 257.847698076236 1.474865716193507
0.0466 6370.954470913617 1.000163884707181 1.534129000903338 257.6959390614887 1.45646407711806
0.04670000000000001 6370.977873915715 1.000163400923142 1.534042153164447 257.5438195478554 1.438225189676876
0.0468 6371.001332409324 1.00016291767667 1.533955259816695 257.3913393393922 1.420148464091106
0.0469 6371.024846424512 1.000162434970162 1.533868320993645 257.2384982406755 1.402233303243291
0.047 6371.048415991258 1.000161952805979 1.53378133682907 257.0852960568258 1.384479102775643
0.0471 6371.072041139462 1.000161471186451 1.533694307456881 256.9317325934952 1.366885251184639
0.0472 6371.095721898942 1.000160990113872 1.533607233011185 256.7778076568742 1.349451129918219
0.0473 6371.119458299434 1.000160509590508 1.533520113626194 256.6235210536792 1.332176113471477
0.04740000000000001 6371.14325037059 1.000160029618588 1.533432949436304 256.4688725911645 1.315059569485533
0.0475 6371.167098141982 1.00015955020031 1.533345740576 256.3138620771168 1.298100858844864
0.0476 6371.191001643097 1.00015907133784 1.533258487179943 256.1584893198723 1.281299335777681
0.0477 6371.21496090334 1.000158593033312 1.533171189382879 256.0027541282933 1.264654347952226
0.0478 6371.238975952035 1.000158115288829 1.53308384731967 255.8466563117744 1.248165236576784
0.04790000000000001 6371.263046818422 1.000157638106461 1.532996461125261 255.6901956802598 1.231831336501287
0.048 6371.287173531658 1.000157161488249 1.532909030934712 255.5333720442258 1.215651976315563
0.0481 6371.311356120817 1.0001566854362 1.532821556883151 255.3761852146866 1.199626478450489
0.0482 6371.335594614892 1.000156209952293 1.532734039105782 255.2186350032006 1.183754159279474
0.0483 6371.35988904279 1.000155735038474 1.532646477737891 255.0607212218637 1.168034329219093
0.04840000000000001 6371.384239433338 1.000155260696661 1.53255887291478 254.9024436833041 1.152466292830095
0.0485 6371.408645815278 1.000154786928741 1.532471224771834 254.743802200694 1.137049348920498
0.0486 6371.433108217269 1.00015431373657 1.532383533444476 254.584796587755 1.121782790648339
0.0487 6371.457626667888 1.000153841121976 1.532295799068135 254.4254266587294 1.106665905621346
0.0488 6371.482201195628 1.000153369086758 1.532208021778299 254.2656922284208 1.091697976003681
0.0489 6371.5068318289 1.000152897632684 1.532120201710436 254.1055931121531 1.076878278615068
0.049 6371.53151859603 1.000152426761495 1.532032339000046 253.9451291258059 1.062206085037418
0.04910000000000001 6371.556261525263 1.000151956474903 1.531944433782614 253.784300085791 1.047680661716148
0.0492 6371.581060644759 1.000151486774591 1.531856486193612 253.6231058090638 1.033301270065012
0.0493 6371.605915982597 1.000151017662215 1.531768496368513 253.4615461131178 1.01906716656951
0.0494 6371.630827566772 1.000150549139403 1.53168046444274 253.2996208159847 1.004977602891016
0.0495 6371.655795425192 1.000150081207754 1.531592390551702 253.1373297362514 0.9910318259726045
0.04960000000000001 6371.680819585689 1.000149613868843 1.531504274830753 252.9746726930197 0.9772290781399134
0.0497 6371.705900076008 1.000149147124215 1.531416117415195 252.8116495059466 0.9635685972093117
0.0498 6371.731036923811 1.00014868097539 1.531327918440264 252.6482599952273 0.9500496165910536
0.0499 6371.756230156678 1.000148215423862 1.53123967804117 252.4845039815949 0.9366713653940927
0.05 6371.781479802105 1.000147750471097 1.531151396352985 252.3203812863206 0.9234330685309821
0.05010000000000001 6371.806785887506 1.000147286118537 1.531063073510755 252.1558917312135 0.9103339468228444
0.0502 6371.832148440211 1.000146822367599 1.530974709649395 251.9910351386264 0.897373217104861
0.0503 6371.857567487471 1.000146359219671 1.530886304903754 251.8258113314386 0.8845500923299364
0.0504 6371.883043056449 1.000145896676122 1.530797859408549 251.6602201330787 0.8718637816756489
0.0505 6371.90857517423 1.00014543473829 1.530709373298408 251.4942613675079 0.859313490647947
0.0506 6371.934163867812 1.000144973407494 1.530620846707813 251.3279348592249 0.8468984211867063
0.0507 6371.959809164113 1.000144512685026 1.530532279771121 251.1612404332667 0.8346177717707847
0.05080000000000001 6371.98551108997 1.000144052572155 1.530443672622571 250.9941779151963 0.8224707375221848
0.0509 6372.011269672135 1.000143593070127 1.530355025396241 250.8267471311204 0.8104565103123348
0.051 6372.037084937281 1.000143134180164 1.530266338226045 250.6589479076723 0.7985742788656947
0.0511 6372.062956911997 1.000142675903465 1.530177611245782 250.4907800720229 0.7868232288654261
0.0512 6372.088885622787 1.000142218241209 1.530088844589028 250.322243451887 0.7752025430584864
0.05130000000000001 6372.114871096077 1.000141761194548 1.530000038389228 250.1533378754997 0.7637114013585672
0.0514 6372.140913358212 1.000141304764618 1.529911192779623 249.9840631716223 0.7523489809509976
0.0515 6372.167012435452 1.000140848952528 1.529822307893269 249.81441916956 0.7411144563982368
0.0516 6372.193168353977 1.000140393759369 1.529733383863033 249.6444056991498 0.7300069997431823
0.0517 6372.219381139887 1.000139939186209 1.52964442082158 249.4740225907375 0.7190257806116001
0.05180000000000001 6372.245650819197 1.000139485234097 1.529555418901343 249.3032696752183 0.7081699663185804
0.0519 6372.271977417846 1.000139031904062 1.529466378234561 249.132146784002 0.6974387219697769
0.05200000000000001 6372.298360961687 1.00013857919711 1.529377298953236 248.9606537490362 0.6868312105662209
0.0521 6372.324801476495 1.00013812711423 1.52928818118914 248.7887904027829 0.676346593105907
0.0522 6372.351298987964 1.000137675656391 1.529199025073824 248.6165565782361 0.6659840286876996
0.0523 6372.377853521706 1.000137224824543 1.529109830738561 248.4439521089101 0.655742674613132
0.0524 6372.404465103255 1.000136774619615 1.529020598314394 248.2709768288454 0.6456216864889955
0.05250000000000001 6372.431133758061 1.000136325042522 1.528931327932107 248.0976305726025 0.6356202183289129
0.0526 6372.457859511499 1.000135876094156 1.528842019722198 247.9239131752564 0.6257374226546111
0.0527 6372.48464238886 1.000135427775395 1.528752673814929 247.7498244724083 0.6159724505978695
0.0528 6372.511482415357 1.000134980087097 1.528663290340244 247.5753643001793 0.6063244520010765
0.0529 6372.538379616123 1.000134533030104 1.528573869427837 247.4005324951994 0.5967925755171271
0.05300000000000001 6372.565334016212 1.000134086605241 1.528484411207085 247.2253288946243 0.5873759687105583
0.0531 6372.592345640597 1.000133640813316 1.528394915807073 247.0497533361184 0.5780737781563391
0.0532 6372.619414514175 1.000133195655122 1.528305383356583 246.8738056578603 0.5688851495395448
0.0533 6372.646540661763 1.000132751131435 1.52821581398409 246.6974856985429 0.5598092277542746
0.0534 6372.673724108096 1.000132307243016 1.528126207817754 246.5207932973734 0.5508451570021167
0.05350000000000001 6372.700964877838 1.000131863990609 1.528036564985398 246.3437282940557 0.5419920808892763
0.0536 6372.728262995567 1.000131421374946 1.527946885614536 246.1662905288139 0.5332491425253229
0.05370000000000001 6372.75561848579 1.000130979396744 1.527857169832317 245.9884798423685 0.5246154846190693
0.0538 6372.783031372928 1.000130538056703 1.527767417765579 245.8102960759665 0.5160902495765696
0.0539 6372.810501681334 1.000130097355511 1.527677629540806 245.6317390713274 0.5076725795946032
0.054 6372.838029435276 1.000129657293843 1.527587805284123 245.4528086707031 0.4993616167590255
0.0541 6372.865614658949 1.00012921787236 1.527497945121294 245.2735047168302 0.4911565031374888
0.05420000000000001 6372.89325737647 1.000128779091709 1.527408049177724 245.0938270529476 0.483056380874714
0.0543 6372.920957611878 1.000128340952527 1.527318117578446 244.9137755227911 0.4750603922860633
0.0544 6372.948715389138 1.000127903455436 1.527228150448131 244.7333499706045 0.467167679951326
0.0545 6372.976530732137 1.000127466601048 1.527138147911037 244.5525502411109 0.4593773868060812
0.0546 6373.004403664687 1.000127030389961 1.527048110091084 244.3713761795356 0.4516886562348046
0.05470000000000001 6373.032334210524 1.000126594822765 1.526958037111754 244.1898276315945 0.4441006321617813
0.0548 6373.060322393309 1.000126159900035 1.52686792909617 244.0079044434946 0.4366124591419088
0.0549 6373.088368236626 1.00012572562234 1.526777786167008 243.825606461933 0.4292232824508434
0.055 6373.116471763987 1.000125291990234 1.52668760844659 243.6429335340862 0.4219322481740129
0.0551 6373.144632998829 1.000124859004264 1.526597396056789 243.459885507615 0.4147385032956837
0.05520000000000001 6373.17285196451 1.000124426664967 1.526507149119082 243.276462230683 0.4076411957877696
0.0553 6373.201128684321 1.000123994972868 1.526416867754517 243.0926635519148 0.4006394746956383
0.05540000000000001 6373.229463181473 1.000123563928487 1.526326552083702 242.9084893204257 0.3937324902259876
0.0555 6373.257855479107 1.000123133532333 1.526236202226835 242.7239393858039 0.3869193938321604
0.0556 6373.28630560029 1.000122703784905 1.526145818303671 242.5390135981164 0.3801993382996303
0.0557 6373.314813568015 1.000122274686696 1.526055400433523 242.3537118079033 0.373571477830299
0.0558 6373.343379405204 1.000121846238192 1.525964948735259 242.1680338661776 0.3670349681262567
0.05590000000000001 6373.372003134703 1.00012141843987 1.525874463327296 241.9819796244309 0.360588966472972
0.056 6373.400684779291 1.000120991292198 1.525783944327608 241.7955489346103 0.3542326318206777
0.0561 6373.429424361671 1.000120564795642 1.525693391853704 241.6087416491417 0.347965124866612
0.0562 6373.458221904475 1.000120138950657 1.525602806022624 241.421557620912 0.341785608135023
0.0563 6373.487077430266 1.000119713757693 1.52551218695096 241.2339967032693 0.3356932460569843
0.05640000000000001 6373.515990961533 1.000119289217196 1.525421534754811 241.0460587500346 0.3296872050497569
0.0565 6373.544962520698 1.000118865329604 1.525330849549828 240.8577436154664 0.3237666535938042
0.0566 6373.573992130107 1.00011844209535 1.525240131451166 240.6690511543019 0.3179307623114268
0.0567 6373.603079812042 1.000118019514863 1.525149380573512 240.4799812217278 0.3121787040422715
0.0568 6373.632225588712 1.000117597588566 1.525058597031044 240.2905336733742 0.3065096539187691
0.05690000000000001 6373.661429482256 1.000117176316879 1.524967780937486 240.1007083653379 0.3009227894415739
0.057 6373.690691514746 1.000116755700216 1.524876932406035 239.9105051541536 0.295417290552523
0.05710000000000001 6373.720011708182 1.000116335738989 1.524786051549431 239.7199238968168 0.2899923397082897
0.0572 6373.7493900845 1.000115916433606 1.524695138479873 239.5289644507487 0.2846471219514276
0.0573 6373.778826665564 1.000115497784471 1.524604193309082 239.3376266738318 0.2793808249825382
0.0574 6373.808321473171 1.000115079791985 1.524513216148286 239.1459104243858 0.2741926392298367
0.0575 6373.837874529052 1.000114662456547 1.524422207108177 238.9538155611621 0.2690817579183228
0.05760000000000001 6373.867485854868 1.000114245778555 1.524331166298935 238.7613419433554 0.2640473771384939
0.0577 6373.897155472216 1.000113829758401 1.524240093830264 238.5684894305981 0.2590886959136308
0.0578 6373.926883402623 1.000113414396478 1.524148989811309 238.375257882948 0.2542049162660041
0.0579 6373.956669667554 1.000112999693177 1.524057854350718 238.1816471609003 0.2493952432827342
0.058 6373.986514288405 1.000112585648887 1.523966687556607 237.9876571253702 0.2446588851799445
0.05810000000000001 6374.016417286506 1.000112172263998 1.523875489536571 237.7932876377103 0.2399950533668306
0.0582 6374.046378683126 1.000111759538897 1.523784260397673 237.5985385596808 0.2354029625076061
0.05830000000000001 6374.076398499464 1.000111347473971 1.52369300024645 237.4034097534858 0.230881830584028
0.0584 6374.106476756657 1.000110936069608 1.523601709188899 237.2079010817309 0.2264308789551161
0.0585 6374.136613475776 1.000110525326194 1.523510387330503 237.0120124074537 0.222049332417549
0.05860000000000001 6374.166808677832 1.000110115244118 1.523419034776184 236.8157435940933 0.2177364192637007
0.0587 6374.197062383768 1.000109705823767 1.523327651630336 236.619094505509 0.2134913713397545
0.05880000000000001 6374.227374614466 1.00010929706553 1.523236237996816 236.4220650059737 0.2093134241022679
0.0589 6374.257745390743 1.000108888969798 1.523144793978927 236.2246549601681 0.2052018166737345
0.059 6374.288174733359 1.000108481536962 1.523053319679433 236.0268642331693 0.2011557918970214
0.0591 6374.318662663004 1.000108074767414 1.522961815200561 235.8286926904738 0.1971745963895122
0.0592 6374.349209200314 1.000107668661549 1.522870280643981 235.6301401979625 0.1932574805950163
0.05930000000000001 6374.379814365856 1.000107263219766 1.522778716110798 235.4312066219362 0.1894036988360817
0.0594 6374.410478180143 1.000106858442461 1.522687121701603 235.2318918290738 0.1856125093637501
0.0595 6374.441200663621 1.000106454330038 1.522595497516403 235.0321956864622 0.1818831744076711
0.0596 6374.47198183668 1.000106050882901 1.522503843654655 234.8321180615784 0.1782149602242533
0.0597 6374.50282171965 1.000105648101457 1.522412160215275 234.6316588222779 0.1746071371439118
0.05980000000000001 6374.533720332796 1.000105245986116 1.522320447296617 234.4308178368241 0.1710589796180163
0.0599 6374.56467769633 1.000104844537294 1.522228704996471 234.2295949738526 0.1675697662636113
0.06000000000000001 6374.595693830402 1.000104443755408 1.522136933412079 234.0279901023895 0.1641387799080524
0.0601 6374.626768755102 1.00010404364088 1.522045132640116 233.826003091839 0.1607653076320617
0.0602 6374.657902490466 1.000103644194135 1.521953302776692 233.6236338119719 0.1574486408117529
0.0603 6374.689095056468 1.000103245415604 1.521861443917375 233.4208821329611 0.1541880751603703
0.0604 6374.720346473026 1.000102847305721 1.521769556157156 233.217747925334 0.150982910767613
0.06050000000000001 6374.751656760001 1.000102449864926 1.521677639590473 233.0142310599966 0.1478324521390712
0.0606 6374.783025937197 1.000102053093663 1.521585694311188 232.8103314082213 0.1447360082340267
0.0607 6374.814454024361 1.000101656992381 1.521493720412617 232.6060488416528 0.1416928925024746
0.0608 6374.845941041186 1.000101261561536 1.521401717987501 232.4013832322906 0.1387024229207314
0.0609 6374.877487007306 1.000100866801586 1.521309687128033 232.1963344525128 0.1357639220265995
0.06100000000000001 6374.9090919423 1.000100472712998 1.521217627925823 231.9909023750519 0.1328767169527729
0.0611 6374.940755865695 1.000100079296244 1.52112554047193 231.7850868729832 0.1300401394593826
0.0612 6374.972478796961 1.000099686551802 1.521033424856842 231.5788878197549 0.1272535259660569
0.0613 6375.004260755514 1.000099294480155 1.520941281170484 231.3723050891575 0.1245162175820971
0.0614 6375.036101760717 1.000098903081793 1.52084910950224 231.1653385553426 0.1218275601362535
0.06150000000000001 6375.068001831876 1.000098512357214 1.520756909940885 230.9579880928044 0.1191869042049694
0.0616 6375.099960988248 1.000098122306921 1.520664682574695 230.7502535763859 0.1165936051398915
0.06170000000000001 6375.131979249036 1.000097732931424 1.520572427491319 230.5421348812673 0.114047023094103
0.0618 6375.164056633389 1.000097344231241 1.520480144777872 230.3336318829714 0.1115465230475356
0.0619 6375.196193160405 1.000096956206896 1.520387834520927 230.12474445737 0.1090914748313257
0.062 6375.22838884913 1.000096568858921 1.520295496806463 229.9154724806539 0.1066812531507117
0.0621 6375.260643718558 1.000096182187855 1.52020313171993 229.7058158293747 0.1043152376077251
0.06220000000000001 6375.292957787632 1.000095796194246 1.520110739346192 229.4957743803915 0.101992812721749
0.0623 6375.325331075247 1.000095410878648 1.52001831976956 229.2853480108942 0.09971336794993937
0.0624 6375.357763600243 1.000095026241623 1.519925873073817 229.0745365984216 0.09747629770651892
0.0625 6375.390255381412 1.000094642283741 1.519833399342156 228.8633400208199 0.09528100138041272
0.0626 6375.422806437498 1.000094259005582 1.519740898657222 228.6517581562606 0.09312688335250936
0.06270000000000001 6375.455416787195 1.000093876407732 1.519648371101122 228.4397908832342 0.09101335301164673
0.06280000000000001 6375.488086449144 1.000093494490787 1.519555816755374 228.2274380805624 0.08893982476976091
0.0629 6375.520815441944 1.000093113255348 1.519463235701013 228.0146996273624 0.0869057180755636
0.063 6375.553603784141 1.000092732702029 1.519370628018447 227.8015754030824 0.08491045742791445
0.0631 6375.586451494236 1.000092352831451 1.519277993787585 227.5880652874665 0.08295347238750729
0.06320000000000001 6375.619358590679 1.000091973644242 1.519185333087768 227.3741691605836 0.08103419758818084
0.06330000000000001 6375.652325091876 1.000091595141042 1.519092645997804 227.1598869028043 0.07915207274674427
0.0634 6375.685351016186 1.000091217322497 1.518999932595954 226.9452183947946 0.07730654267199717
0.0635 6375.718436381918 1.000090840189263 1.518907192959934 226.7301635175339 0.07549705727297562
0.0636 6375.75158120734 1.000090463742006 1.518814427166917 226.5147221522915 0.0737230715658712
0.06370000000000001 6375.78478551067 1.000090087981401 1.518721635293548 226.2988941806437 0.07198404568034073
0.06380000000000001 6375.818049310083 1.000089712908131 1.518628817415926 226.0826794844628 0.07027944486460896
0.0639 6375.851372623707 1.000089338522889 1.518535973609636 225.8660779459045 0.06860873948963331
0.064 6375.884755469628 1.000088964826378 1.5184431039497 225.6490894474204 0.06697140505251231
0.0641 6375.918197865883 1.000088591819309 1.518350208510638 225.4317138717632 0.06536692217890396
0.06420000000000001 6375.951699830469 1.000088219502405 1.518257287366428 225.2139511019522 0.06379477662421247
0.06430000000000001 6375.985261381339 1.000087847876396 1.518164340590522 224.9958010212957 0.06225445927430153
0.0644 6376.018882536401 1.000087476942021 1.518071368255867 224.7772635133923 0.06074546614510961
0.0645 6376.05256331352 1.000087106700033 1.51797837043486 224.5583384621181 0.05926729838128057
0.06460000000000001 6376.086303730519 1.00008673715119 1.517885347199421 224.339025751627 0.05781946225398597
0.06470000000000001 6376.120103805178 1.000086368296262 1.517792298620904 224.1193252663451 0.05640146915781962
0.0648 6376.153963555235 1.000086000136029 1.517699224770191 223.8992368909702 0.05501283560685435
0.0649 6376.187882998388 1.000085632671279 1.517606125717642 223.6787605104781 0.05365308322986286
0.065 6376.22186215229 1.000085265902811 1.517513001533109 223.4578960101165 0.05232173876460065
0.06510000000000001 6376.255901034555 1.000084899831434 1.517419852285935 223.2366432753933 0.05101833405120507
0.06520000000000001 6376.289999662757 1.000084534457968 1.517326678044969 223.0150021920821 0.04974240602486191
0.0653 6376.324158054428 1.000084169783239 1.517233478878553 222.792972646217 0.04849349670756444
0.0654 6376.358376227061 1.000083805808086 1.517140254854549 222.5705545241038 0.04727115319914928
0.0655 6376.392654198108 1.000083442533358 1.5170470060403 222.3477477122968 0.04607492766731854
0.06560000000000001 6376.426991984982 1.000083079959911 1.516953732502698 222.1245520976162 0.04490437733708854
0.06570000000000001 6376.461389605058 1.000082718088616 1.516860434308099 221.9009675671244 0.04375906447921957
0.0658 6376.49584707567 1.000082356920347 1.516767111522426 221.6769940081443 0.04263855639808171
0.0659 6376.530364414115 1.000081996455993 1.516673764211086 221.4526313082528 0.04154242541861821
0.066 6376.56494163765 1.000081636696452 1.516580392439022 221.2278793552749 0.04047024887254751
0.06610000000000001 6376.599578763497 1.00008127764263 1.516486996270713 221.0027380372725 0.0394216090837879
0.06620000000000001 6376.634275808836 1.000080919295443 1.516393575770157 220.7772072425672 0.03839609335330513
0.0663 6376.669032790815 1.00008056165582 1.516300131000872 220.5512868597056 0.03739329394295194
0.0664 6376.703849726539 1.000080204724695 1.516206662025943 220.324976777494 0.03641280805891164
0.0665 6376.738726633083 1.000079848503014 1.516113168907983 220.0982768849639 0.03545423783411213
0.06660000000000001 6376.773663527479 1.000079492991733 1.516019651709132 219.8711870713886 0.03451719031017802
0.06670000000000001 6376.808660426726 1.000079138191817 1.515926110491107 219.6437072262783 0.03360127741858913
0.0668 6376.843717347789 1.00007878410424 1.515832545315146 219.4158372393735 0.03270611596116523
0.0669 6376.878834307592 1.000078430729987 1.51573895624207 219.1875770006512 0.03183132758993226
0.067 6376.914011323029 1.000078078070051 1.515645343332241 218.9589264003133 0.0309765387862656
0.06710000000000001 6376.949248410955 1.000077726125434 1.515551706645587 218.729885328792 0.03014138083946058
0.06720000000000001 6376.984545588194 1.000077374897148 1.515458046241604 218.5004536767382 0.02932548982460633
0.0673 6377.019902871533 1.000077024386215 1.515364362179355 218.2706313350335 0.02852850657992706
0.0674 6377.055320277726 1.000076674593666 1.515270654517486 218.0404181947841 0.02775007668345086
0.0675 6377.09079782349 1.000076325520538 1.515176923314216 217.809814147315 0.02698985042908557
0.06760000000000001 6377.126335525514 1.000075977167882 1.515083168627331 217.578819084158 0.02624748280209548
0.06770000000000001 6377.161933400449 1.000075629536754 1.514989390514228 217.3474328970814 0.02552263345414009
0.0678 6377.197591464913 1.00007528262822 1.514895589031878 217.1156554780663 0.02481496667757908
0.0679 6377.233309735494 1.000074936443356 1.514801764236851 216.883486719289 0.02412415137925878
0.06800000000000001 6377.269088228746 1.000074590983245 1.514707916185311 216.6509265131502 0.02344986105390698
0.06810000000000001 6377.30492696119 1.000074246248978 1.514614044933038 216.4179747522638 0.02279177375687674
0.0682 6377.340825949315 1.000073902241657 1.514520150535389 216.1846313294503 0.02214957207640091
0.0683 6377.376785209581 1.000073558962391 1.514426233047365 215.9508961377254 0.02152294310533641
0.0684 6377.41280475841 1.000073216412295 1.514332292523566 215.7167690703353 0.02091157841254929
0.06850000000000001 6377.448884612199 1.000072874592497 1.514238329018206 215.4822500207096 0.02031517401360525
0.06860000000000001 6377.485024787311 1.000072533504129 1.514144342585127 215.2473388824786 0.0197334303411775
0.0687 6377.521225300079 1.000072193148331 1.514050333277809 215.0120355494859 0.01916605221498567
0.0688 6377.557486166806 1.000071853526253 1.51395630114934 214.7763399157637 0.0186127488112126
0.0689 6377.593807403762 1.000071514639052 1.513862246252473 214.5402518755458 0.01807323363158777
0.06900000000000001 6377.63018902719 1.000071176487891 1.513768168639579 214.3037713232665 0.01754722447202956
0.06910000000000001 6377.6666310533 1.000070839073943 1.513674068362677 214.0668981535495 0.01703444339086547
0.0692 6377.703133498276 1.000070502398385 1.513579945473449 213.8296322612076 0.01653461667669538
0.0693 6377.739696378269 1.000070166462404 1.513485800023217 213.5919735412489 0.01604747481589491
0.0694 6377.776319709405 1.000069831267192 1.513391632062965 213.3539218888703 0.01557275245973317
0.06950000000000001 6377.813003507775 1.00006949681395 1.513297441643344 213.1154771994642 0.0151101883911681
0.06960000000000001 6377.849747789446 1.000069163103884 1.513203228814661 212.8766393686 0.01465952549126114
0.0697 6377.886552570455 1.000068830138207 1.513108993626902 212.6374082920423 0.01422051070533946
0.0698 6377.92341786681 1.000068497918138 1.513014736129731 212.3977838657332 0.01379289500878048
0.0699 6377.960343694492 1.000068166444903 1.512920456372485 212.1577659858039 0.0133764333725554
0.07000000000000001 6377.997330069453 1.000067835719734 1.512826154404204 211.9173545485568 0.01297088472843497
0.07010000000000001 6378.034377007618 1.00006750574387 1.512731830273587 211.6765494504838 0.0125760119339854
0.0702 6378.071484524884 1.000067176518552 1.512637484029046 211.435350588254 0.0121915817372531
0.0703 6378.10865263712 1.000066848045031 1.512543115718704 211.1937578587198 0.01181736474123179
0.0704 6378.14588136017 1.000066520324562 1.512448725390351 210.9517711588932 0.01145313536804899
0.07050000000000001 6378.183170709849 1.000066193358405 1.512354313091518 210.7093903859812 0.01109867182302072
0.07060000000000001 6378.220520701946 1.000065867147824 1.512259878869429 210.4666154373507 0.01075375605838682
0.0707 6378.257931352223 1.000065541694091 1.512165422771027 210.2234462105515 0.01041817373693659
0.0708 6378.295402676416 1.000065216998479 1.512070944842995 209.9798826032933 0.01009171419537966
0.07090000000000001 6378.332934690235 1.00006489306227 1.511976445131708 209.7359245134747 0.009774170407615562
0.07100000000000001 6378.370527409363 1.000064569886746 1.511881923683299 209.4915718391425 0.009465338947745546
0.0711 6378.408180849458 1.000064247473196 1.511787380543627 209.2468244785263 0.009165019953035406
0.0712 6378.445895026151 1.000063925822914 1.511692815758285 209.0016823300156 0.008873017086661869
0.0713 6378.48366995505 1.000063604937195 1.511598229372617 208.7561452921772 0.008589137500383605
0.07140000000000001 6378.521505651735 1.000063284817339 1.511503621431708 208.5102132637256 0.008313191797040308
0.07150000000000001 6378.55940213176 1.000062965464651 1.511408991980412 208.2638861435588 0.008044993993022876
0.0716 6378.597359410659 1.000062646880436 1.511314341063319 208.0171638307164 0.007784361480563736
0.0717 6378.635377503936 1.000062329066006 1.511219668724796 207.7700462244155 0.0075311149900307
0.0718 6378.673456427073 1.000062012022674 1.511124975008965 207.5225332240269 0.007285078552085825
0.07190000000000001 6378.711596195526 1.000061695751755 1.511030259959727 207.274624729081 0.007046079459817276
0.07200000000000001 6378.749796824727 1.000061380254569 1.510935523620764 207.0263206392737 0.006813948230821601
0.0721 6378.788058330084 1.000061065532437 1.510840766035519 206.7776208544545 0.006588518569231734
0.0722 6378.826380726981 1.00006075158668 1.510745987247246 206.528525274627 0.006369627327730394
0.0723 6378.864764030775 1.000060438418626 1.510651187298957 206.2790337999658 0.006157114469562346
0.07240000000000001 6378.903208256804 1.000060126029601 1.51055636623349 206.0291463307757 0.005950823030490251
0.07250000000000001 6378.941713420379 1.000059814420933 1.510461524093453 205.778862767539 0.0057505990808317
0.0726 6378.980279536788 1.000059503593953 1.510366660921272 205.5281830108796 0.005556291687441112
0.0727 6379.018906621296 1.000059193549992 1.510271776759168 205.2771069615754 0.005367752875757303
0.0728 6379.057594689145 1.000058884290382 1.510176871649193 205.0256345205579 0.005184837591876241
0.07290000000000001 6379.096343755552 1.000058575816457 1.510081945633194 204.7737655889122 0.005007403664669286
0.07300000000000001 6379.135153835713 1.000058268129549 1.509986998752853 204.5215000678653 0.004835311767948498
0.0731 6379.174024944799 1.000057961230993 1.509892031049659 204.2688378588099 0.004668425382721505
0.0732 6379.212957097959 1.000057655122124 1.509797042564943 204.0157788632686 0.004506610759480351
0.0733 6379.251950310319 1.000057349804276 1.509702033339871 203.7623229829236 0.004349736880618048
0.07340000000000001 6379.291004596984 1.000057045278781 1.509607003415441 203.508470119605 0.004197675422909992
0.07350000000000001 6379.330119973033 1.000056741546975 1.50951195283248 203.2542201752848 0.004050300720102149
0.0736 6379.369296453527 1.00005643861019 1.509416881631676 202.9995730520767 0.003907489725614007
0.0737 6379.408534053499 1.000056136469757 1.509321789853575 202.7445286522542 0.003769121975370591
0.0738 6379.447832787965 1.000055835127009 1.509226677538555 202.4890868782267 0.003635079550739438
0.07390000000000001 6379.487192671917 1.000055534583274 1.509131544726859 202.2332476325395 0.00350524704161863
0.07400000000000001 6379.526613720323 1.00005523483988 1.509036391458607 201.9770108179035 0.003379511509684
0.0741 6379.56609594813 1.000054935898155 1.50894121777377 201.7203763371539 0.003257762451753488
0.0742 6379.605639370266 1.000054637759422 1.508846023712198 201.4633440932734 0.003139891763345955
0.07430000000000001 6379.645244001633 1.000054340425004 1.508750809313595 201.2059139893867 0.00302579370239377
0.07440000000000001 6379.684909857113 1.000054043896221 1.508655574617585 200.9480859287663 0.002915364853137536
0.0745 6379.724636951567 1.000053748174391 1.508560319663631 200.6898598148149 0.002808504090194784
0.0746 6379.764425299833 1.000053453260828 1.508465044491108 200.4312355510828 0.002705112542835462
0.0747 6379.80427491673 1.000053159156843 1.508369749139281 200.1722130412562 0.002605093559443346
0.07480000000000001 6379.844185817052 1.000052865863746 1.508274433647299 199.9127921891635 0.002508352672190384
0.07490000000000001 6379.884158015573 1.000052573382842 1.508179098054211 199.6529728987747 0.002414797561920889
0.075 6379.924191527048 1.000052281715431 1.50808374239898 199.39275507419 0.002324338023250677
0.0751 6379.964286366208 1.000051990862813 1.507988366720459 199.1321386196513 0.002236885929900327
0.0752 6380.004442547763 1.000051700826279 1.507892971057423 198.8711234395427 0.002152355200255612
0.07530000000000001 6380.044660086403 1.00005141160712 1.507797555448558 198.6097094383839 0.002070661763164003
0.07540000000000001 6380.084938996795 1.00005112320662 1.507702119932474 198.3478965208309 0.001991723523977192
0.0755 6380.125279293588 1.00005083562606 1.507606664547678 198.0856845916754 0.001915460330843214
0.0756 6380.165680991408 1.000050548866715 1.507511189332628 197.8230735558453 0.001841793941253815
0.0757 6380.206144104861 1.000050262929855 1.507415694325703 197.5600633184043 0.001770647988852427
0.07580000000000001 6380.24666864853 1.000049977816745 1.507320179565208 197.2966537845522 0.001701947950508075
0.07590000000000001 6380.28725463698 1.000049693528645 1.507224645089385 197.0328448596305 0.001635621113661711
0.076 6380.327902084753 1.000049410066808 1.507129090936423 196.768636449105 0.001571596543942445
0.0761 6380.368611006372 1.000049127432481 1.507033517144455 196.5040284585833 0.001509805053073495
0.0762 6380.409381416337 1.000048845626907 1.506937923751532 196.2390207938091 0.001450179167057087
0.07630000000000001 6380.45021332913 1.00004856465132 1.506842310795704 195.973613360656 0.001392653094649171
0.07640000000000001 6380.491106759211 1.00004828450695 1.506746678314925 195.7078060651278 0.001337162696129361
0.0765 6380.53206172102 1.000048005195018 1.506651026347137 195.44159881337 0.001283645452370876
0.0766 6380.573078228976 1.000047726716739 1.506555354930226 195.1749915116583 0.001232040434207049
0.0767 6380.614156297475 1.000047449073322 1.506459664102042 194.9079840664102 0.001182288272107893
0.07680000000000001 6380.655295940897 1.000047172265965 1.506363953900415 194.6405763841675 0.001134331126159716
0.07690000000000001 6380.6964971736 1.000046896295863 1.506268224363125 194.3727683716019 0.001088112656361499
0.077 6380.737760009919 1.000046621164201 1.506172475527943 194.1045599355269 0.001043577993237201
0.0771 6380.779084464171 1.000046346872155 1.50607670743259 193.8359509828864 0.001000673708762061
0.07720000000000001 6380.820470550652 1.000046073420895 1.505980920114795 193.5669414207599 0.0009593477876130085
0.07730000000000001 6380.861918283638 1.000045800811581 1.505885113612251 193.2975311563513 0.0009195495987399307
0.07740000000000001 6380.903427677384 1.000045529045366 1.505789287962636 193.0277200970062 0.000881229867267511
0.0775 6380.944998746123 1.000045258123393 1.505693443203619 192.7575081502004 0.0008443406467209336
0.0776 6380.986631504071 1.000044988046797 1.505597579372855 192.4868952235396 0.0008088352915839946
0.07770000000000001 6381.028325965422 1.000044718816702 1.505501696508002 192.2158812247598 0.0007746684301897221
0.07780000000000001 6381.070082144346 1.000044450434225 1.505405794646717 191.9444660617504 0.0007417959379480683
0.0779 6381.111900055 1.000044182900472 1.505309873826629 191.6726496425016 0.0007101749109001188
0.078 6381.153779711514 1.000043916216541 1.505213934085395 191.4004318751571 0.0006797636396228691
0.0781 6381.195721128003 1.000043650383518 1.505117975460666 191.1278126679789 0.000650521583461941
0.07820000000000001 6381.237724318557 1.00004338540248 1.505021997990105 190.8547919293827 0.0006224093451123251
0.07830000000000001 6381.279789297247 1.000043121274494 1.504926001711369 190.5813695678966 0.0005953886455316855
0.0784 6381.321916078125 1.000042858000616 1.50482998666216 190.3075454921903 0.00056942229920306
0.0785 6381.364104675221 1.000042595581892 1.504733952880156 190.033319611064 0.0005444741897356324
0.0786 6381.406355102546 1.000042334019357 1.504637900403075 189.7586918334536 0.0005205092458103167
0.07870000000000001 6381.448667374089 1.000042073314035 1.504541829268648 189.4836620684249 0.0004974934174676867
0.07880000000000001 6381.491041503819 1.000041813466939 1.50444573951463 189.2082302251741 0.000475393652740182
0.0789 6381.533477505686 1.00004155447907 1.504349631178793 188.9323962130392 0.0004541778746289973
0.079 6381.575975393617 1.000041296351419 1.504253504298958 188.656159941488 0.0004338149584228172
0.0791 6381.618535181521 1.000041039084964 1.504157358912943 188.3795213201128 0.0004142747093608024
0.07920000000000001 6381.661156883286 1.000040782680671 1.504061195058617 188.1024802586416 0.0003955278406401297
0.07930000000000001 6381.703840512777 1.000040527139496 1.503965012773881 187.8250366669503 0.0003775459517662001
0.0794 6381.746586083842 1.000040272462382 1.503868812096661 187.5471904550271 0.0003603015072420492
0.0795 6381.789393610306 1.000040018650258 1.503772593064928 187.2689415330141 0.0003437678156043935
0.0796 6381.832263105974 1.000039765704042 1.503676355716701 186.9902898111712 0.0003279190087954837
0.07970000000000001 6381.875194584632 1.000039513624639 1.503580100090027 186.7112351998948 0.0003127300218781165
0.07980000000000001 6381.918188060042 1.000039262412944 1.503483826222996 186.4317776097286 0.0002981765730887797
0.0799 6381.961243545949 1.000039012069834 1.503387534153752 186.1519169513289 0.0002842351442258377
0.08 6382.004361056075 1.000038762596176 1.503291223920481 185.8716531355116 0.0002708829613782158
0.08010000000000001 6382.047540604122 1.000038513992824 1.503194895561423 185.5909860732048 0.0002580979759840015
0.08020000000000001 6382.090782203771 1.000038266260618 1.503098549114868 185.3099156754905 0.0002458588462266034
0.08030000000000001 6382.134085868682 1.000038019400384 1.503002184619156 185.0284418535688 0.0002341449187588095
0.0804 6382.177451612494 1.000037773412935 1.502905802112675 184.7465645187875 0.0002229362107595429
0.0805 6382.220879448827 1.000037528299071 1.502809401633882 184.4642835826247 0.0002122133923164231
0.08060000000000001 6382.264369391278 1.000037284059575 1.502712983221288 184.1815989566943 0.0002019577691352705
0.08070000000000001 6382.307921453424 1.000037040695219 1.502616546913461 183.8985105527462 0.0001921512655731892
0.08080000000000001 6382.351535648822 1.00003679820676 1.502520092749026 183.6150182826603 0.0001827764079931276
0.0809 6382.395211991005 1.000036556594941 1.502423620766683 183.3311220584704 0.0001738163084388129
0.081 6382.438950493488 1.000036315860488 1.502327131005179 183.0468217923284 0.0001652546486247956
0.08110000000000001 6382.482751169763 1.000036076004117 1.502230623503343 182.7621173965398 0.0001570756642433986
0.08120000000000001 6382.526614033302 1.000035837026524 1.502134098300062 182.4770087835344 0.0001492641295817252
0.0813 6382.570539097556 1.000035598928394 1.502037555434293 182.1914958658839 0.0001418053424495847
0.0814 6382.614526375955 1.000035361710395 1.501940994945059 181.9055785562958 0.0001346851094134973
0.0815 6382.658575881905 1.000035125373182 1.501844416871457 181.6192567676197 0.000127889731335049
0.08160000000000001 6382.702687628795 1.000034889917392 1.501747821252659 181.3325304128351 0.0001214059892100051
0.08170000000000001 6382.746861629988 1.000034655343648 1.501651208127914 181.0453994050753 0.0001152211303065332
0.0818 6382.79109789883 1.000034421652558 1.501554577536523 180.7578636576035 0.0001093228545976463
0.0819 6382.835396448642 1.000034188844714 1.501457929517897 180.4699230838249 0.0001036993014867353
0.082 6382.879757292726 1.000033956920692 1.501361264111496 180.1815775972808 9.833903682188848e-005
0.08210000000000001 6382.924180444361 1.000033725881053 1.501264581356866 179.8928271116541 9.323104019646005e-005
0.08220000000000001 6382.968665916806 1.000033495726341 1.501167881293633 179.6036715407639 8.83646925322118e-005
0.0823 6383.013213723295 1.000033266457084 1.501071163961511 179.3141107985829 8.372976394238656e-005
0.0824 6383.057823877046 1.000033038073794 1.500974429400282 179.024144799202 7.931640187012349e-005
0.0825 6383.10249639125 1.000032810576968 1.500877677649813 178.7337734568777 7.5115119501053e-005
0.08260000000000001 6383.147231279078 1.000032583967086 1.500780908750058 178.4429966859965 7.111678444401272e-005
0.08270000000000001 6383.192028553679 1.000032358244611 1.500684122741045 178.1518144010869 6.731260767851124e-005
0.0828 6383.236888228182 1.000032133409989 1.500587319662898 177.8602265168191 6.369413276449774e-005
0.0829 6383.281810315691 1.000031909463651 1.500490499555827 177.5682329480113 6.02532253111742e-005
0.083 6383.32679482929 1.00003168640601 1.500393662460109 177.2758336096175 5.698206270101116e-005
0.08310000000000001 6383.37184178204 1.000031464237464 1.500296808416127 176.9830284167396 5.387312406587593e-005
0.08320000000000001 6383.416951186981 1.00003124295839 1.500199937464346 176.6898172846212 5.091918051115705e-005
0.0833 6383.462123057131 1.000031022569152 1.500103049645314 176.3962001286481 4.811328558453128e-005
0.0834 6383.507357405482 1.000030803070097 1.500006144999674 176.1021768643653 4.544876598579001e-005
0.08350000000000001 6383.55265424501 1.000030584461551 1.49990922356815 175.8077474074365 4.291921251334014e-005
0.08360000000000001 6383.598013588662 1.000030366743828 1.499812285391565 175.5129116736965 4.05184712450865e-005
0.08370000000000001 6383.643435449369 1.000030149917219 1.499715330510826 175.2176695791044 3.824063494821667e-005
0.0838 6383.688919840033 1.000029933982003 1.499618358966935 174.9220210397847 3.60800347158108e-005
0.0839 6383.734466773541 1.000029718938438 1.499521370800979 174.6259659719862 3.403123182512533e-005
0.08400000000000001 6383.78007626275 1.000029504786766 1.499424366054135 174.329504292123 3.208900981508647e-005
0.08410000000000001 6383.8257483205 1.00002929152721 1.499327344767688 174.0326359167515 3.024836677813612e-005
0.08420000000000001 6383.871482959605 1.000029079159976 1.499230306982999 173.7353607625695 2.850450786334591e-005
0.0843 6383.917280192856 1.000028867685254 1.499133252741536 173.4376787464347 2.685283798695298e-005
0.0844 6383.963140033025 1.000028657103214 1.499036182084832 173.1395897853407 2.528895474622801e-005
0.08450000000000001 6384.009062492857 1.000028447414008 1.498939095054549 172.8410937964289 2.380864153338416e-005
0.08460000000000001 6384.055047585077 1.000028238617773 1.498841991692414 172.5421906970004 2.240786084554968e-005
0.0847 6384.101095322385 1.000028030714623 1.498744872040272 172.2428804044979 2.108274778694769e-005
0.0848 6384.147205717459 1.000027823704658 1.49864773614004 171.9431628365181 1.982960375985288e-005
0.0849 6384.193378782953 1.000027617587959 1.498550584033744 171.6430379108055 1.864489034038067e-005
0.08500000000000001 6384.239614531499 1.000027412364589 1.498453415763497 171.342505545258 1.752522333555014e-005
0.08510000000000001 6384.285912975705 1.000027208034591 1.498356231371508 171.0415656579156 1.646736701782092e-005
0.0852 6384.332274128157 1.000027004597991 1.498259030900086 170.740218166978 1.546822853362061e-005
0.0853 6384.378698001416 1.000026802054798 1.498161814391624 170.4384629907985 1.452485248201799e-005
0.0854 6384.425184608019 1.000026600404999 1.498064581888622 170.1363000478781 1.363441566002346e-005
0.08550000000000001 6384.471733960481 1.000026399648567 1.497967333433667 169.8337292568716 1.279422197094948e-005
0.08560000000000001 6384.518346071295 1.000026199785453 1.497870069069439 169.5307505365817 1.20016974921871e-005
0.0857 6384.565020952928 1.000026000815592 1.497772788838717 169.2273638059704 1.125438569893603e-005
0.0858 6384.611758617823 1.000025802738898 1.497675492784385 168.9235689841538 1.054994284027515e-005
0.0859 6384.6585590784 1.000025605555268 1.4975781809494 168.6193659904014 9.886133464154201e-006
0.08600000000000001 6384.705422347057 1.00002540926458 1.497480853376824 168.3147547441307 9.260826087821969e-006
0.08610000000000001 6384.752348436165 1.000025213866695 1.49738351010982 168.0097351649246 8.67198901032734e-006
0.0862 6384.799337358075 1.000025019361452 1.497286151191635 167.7043071725137 8.117686263581239e-006
0.0863 6384.84638912511 1.000024825748673 1.497188776665612 167.3984706867826 7.596073698751224e-006
0.08640000000000001 6384.893503749571 1.000024633028161 1.497091386575205 167.0922256277871 7.105395204633779e-006
0.08650000000000001 6384.940681243736 1.000024441199702 1.496993980963935 166.7855719157191 6.643979054621516e-006
0.08660000000000001 6384.987921619856 1.000024250263059 1.496896559875437 166.4785094709358 6.210234379220958e-006
0.0867 6385.03522489016 1.000024060217981 1.496799123353424 166.1710382139603 5.802647760753683e-006
0.0868 6385.082591066853 1.000023871064194 1.496701671441719 165.8631580654572 5.419779947106864e-006
0.08690000000000001 6385.130020162113 1.000023682801409 1.496604204184226 165.5548689462629 5.060262681510299e-006
0.08700000000000001 6385.177512188097 1.000023495429314 1.496506721624947 165.2461707773672 4.722795645127905e-006
0.08710000000000001 6385.225067156936 1.000023308947581 1.496409223807975 164.9370634799137 4.406143509517095e-006
