0 6365.5 1.000317223300422 1.56896128761935 293.15 10.99019789871509
0.0001 6365.501199923223 1.000317172272335 1.568887831857709 293.1422004990512 10.98488976326565
0.0002 6365.502446605127 1.000317119266524 1.568814389853308 293.1340970666728 10.97937715760533
0.0003 6365.503740036997 1.000317064284585 1.56874096002315 293.1256897595225 10.97366039193165
0.0004 6365.505080211125 1.000317007328122 1.568667540926971 293.1169786276904 10.96773978191809
0.0005 6365.506467120723 1.000316948398742 1.568594131248776 293.1079637153015 10.96161564910869
0.0006000000000000001 6365.507900759842 1.000316887498061 1.56852072978034 293.0986450610302 10.95528832125161
0.0007 6365.509381123301 1.00031682462771 1.568447335407873 293.0890226985438 10.94875813258374
0.0008 6365.510908206633 1.000316759789333 1.568373947100377 293.0790966568865 10.94202542407452
0.0009000000000000001 6365.512482006027 1.000316692984592 1.568300563900517 293.0688669608225 10.935090543641
0.001 6365.514102518284 1.000316624215166 1.568227184915201 293.0583336311551 10.92795384634617
0.0011 6365.515769740772 1.000316553482759 1.568153809309123 293.047496684981 10.92061569455248
0.0012 6365.517483671398 1.000316480789092 1.568080436298171 293.0363561359148 10.91307645805479
0.0013 6365.519244308564 1.000316406135912 1.568007065144557 293.0249119943318 10.90533651422467
0.0014 6365.521051651146 1.000316329524993 1.567933695151261 293.0131642675505 10.89739624811397
0.0015 6365.522905698465 1.000316250958131 1.567860325658711 293.001112959981 10.88925605253388
0.0016 6365.524806450262 1.000316170437151 1.567786956040952 292.9887580732965 10.88091632814933
0.0017 6365.52675390668 1.000316087963903 1.567713585702046 292.9760996065805 10.87237748355681
0.0018 6365.528748068242 1.00031600354027 1.567640214073704 292.963137556428 10.86363993532963
0.0019 6365.530788935834 1.000315917168159 1.567566840612805 292.9498719170809 10.85470410808658
0.002 6365.532876510688 1.00031582884951 1.567493464799103 292.9363026805289 10.845570434536
0.0021 6365.535010794371 1.000315738586292 1.567420086132878 292.9224298365861 10.83623935550345
0.0022 6365.53719178877 1.000315646380505 1.567346704134079 292.9082533729974 10.82671131997856
0.0023 6365.539419496076 1.00031555223418 1.567273318339737 292.8937732755038 10.81698678513361
0.0024 6365.54169391878 1.00031545614938 1.567199928303223 292.8789895279309 10.80706621635734
0.0025 6365.544015059656 1.000315358128199 1.567126533592825 292.8639021122361 10.7969500872604
0.0026 6365.546382921755 1.000315258172763 1.56705313379044 292.8485110085916 10.78663887970407
0.0027 6365.548797508397 1.000315156285232 1.566979728490798 292.8328161954195 10.7761330837967
0.0028 6365.55125882316 1.000315052467798 1.56690631730028 292.8168176494631 10.76543319791337
0.0029 6365.553766869874 1.000314946722687 1.56683289983613 292.8005153458224 10.75453972869116
0.003 6365.556321652615 1.000314839052156 1.566759475725909 292.783909258001 10.74345319103192
0.0031 6365.558923175699 1.000314729458499 1.566686044606338 292.7669993579597 10.73217410810835
0.0032 6365.561571443672 1.00031461794404 1.566612606123295 292.7497856161339 10.72070301134584
0.0033 6365.564266461308 1.000314504511139 1.566539159930592 292.7322680014989 10.70904044043536
0.0034 6365.567008233604 1.00031438916219 1.566465705689918 292.7144464815759 10.69718694330639
0.0035 6365.569796765773 1.00031427189962 1.566392243070065 292.6963210224789 10.68514307612684
0.0036 6365.572632063239 1.00031415272589 1.566318771746477 292.6778915889444 10.67290940329069
0.0037 6365.575514131638 1.000314031643498 1.566245291401104 292.6591581443553 10.6604864974011
0.0038 6365.578442976806 1.000313908654972 1.566171801721754 292.6401206507643 10.64787493925304
0.0039 6365.581418604781 1.000313783762879 1.566098302402038 292.6207790689235 10.6350753178193
0.004 6365.584441021799 1.000313656969817 1.56602479314049 292.6011333583082 10.62208823023205
0.0041 6365.587510234286 1.00031352827842 1.565951273640837 292.5811834771401 10.60891428176383
0.004200000000000001 6365.590626248862 1.000313397691358 1.565877743611579 292.5609293823999 10.59555408580028
0.0043 6365.59378907233 1.000313265211332 1.565804202765768 292.5403710298559 10.582008263824
0.0044 6365.596998711681 1.000313130841081 1.565730650820386 292.5195083740708 10.56827744538231
0.004500000000000001 6365.600255174088 1.000312994583378 1.565657087496494 292.4983413684307 10.55436226807013
0.0046 6365.603558466899 1.000312856441029 1.565583512519254 292.4768699651571 10.54026337750055
0.0047 6365.606908597641 1.000312716416877 1.565509925617143 292.4550941153306 10.52598142728277
0.0048 6365.610305574016 1.000312574513798 1.565436326522269 292.4330137688966 10.51151707898778
0.0049 6365.613749403898 1.000312430734703 1.565362714969849 292.4106288746656 10.49687100210977
0.005 6365.617240095329 1.000312285082539 1.565289090698324 292.3879393803603 10.48204387405799
0.0051 6365.620777656523 1.000312137560286 1.565215453449179 292.3649452326039 10.4670363801093
0.005200000000000001 6365.624362095855 1.000311988170959 1.565141802966684 292.3416463769435 10.45184921338357
0.0053 6365.627993421869 1.000311836917608 1.565068138998 292.3180427578503 10.43648307480303
0.0054 6365.631671643269 1.000311683803318 1.564994461292594 292.2941343187493 10.42093867307041
0.005500000000000001 6365.635396768922 1.000311528831208 1.564920769602761 292.2699210020072 10.40521672461971
0.0056 6365.639168807852 1.00031137200443 1.564847063683088 292.245402748962 10.38931795359328
0.0057 6365.642987769242 1.000311213326173 1.564773343290441 292.2205794999289 10.37324309180314
0.005800000000000001 6365.646853662431 1.000311052799659 1.564699608184019 292.1954511942007 10.3569928786879
0.0059 6365.650766496914 1.000310890428144 1.564625858125059 292.170017770059 10.34056806127692
0.006 6365.654726282339 1.00031072621492 1.564552092876949 292.1442791647982 10.32396939416161
0.0061 6365.658733028505 1.00031056016331 1.564478312205095 292.1182353147195 10.30719763944709
0.006200000000000001 6365.662786745362 1.000310392276676 1.564404515876805 292.0918861551489 10.29025356671871
0.0063 6365.666887443013 1.000310222558409 1.56433070366119 292.065231620419 10.2731379529852
0.0064 6365.671035131705 1.000310051011937 1.56425687532922 292.0382716439166 10.25585158266319
0.006500000000000001 6365.675229821836 1.000309877640721 1.564183030653726 292.0110061580648 10.23839524751948
0.0066 6365.679471523949 1.000309702448256 1.564109169409019 291.9834350943291 10.22076974662798
0.0067 6365.683760248732 1.000309525438071 1.564035291371228 291.9555583832411 10.20297588633756
0.006800000000000001 6365.688096007017 1.000309346613729 1.563961396318058 291.927375954392 10.18501448022055
0.006900000000000001 6365.692478809779 1.000309165978824 1.563887484028683 291.8988877364394 10.16688634902826
0.007 6365.696908668136 1.000308983536988 1.563813554283877 291.8700936571185 10.1485923206499
0.0071 6365.701385593347 1.000308799291882 1.563739606865825 291.840993643248 10.13013323006717
0.007200000000000001 6365.705909596811 1.000308613247203 1.563665641558214 291.8115876207306 10.11150991930474
0.0073 6365.710480690066 1.000308425406682 1.563591658146037 291.7818755145703 10.09272323739144
0.0074 6365.71509888479 1.000308235774079 1.563517656415817 291.7518572488665 10.07377404030604
0.007500000000000001 6365.719764192796 1.000308044353192 1.563443636155228 291.721532746826 10.05466319093384
0.0076 6365.724476626036 1.000307851147849 1.563369597153407 291.690901930769 10.03539155901898
0.0077 6365.729236196597 1.00030765616191 1.563295539200611 291.6599647221227 10.01596002110901
0.007800000000000001 6365.734042916701 1.000307459399271 1.563221462088516 291.6287210414456 9.99636946051746
0.007900000000000001 6365.738896798704 1.000307260863858 1.563147365609941 291.5971708084211 9.976620767267463
0.008 6365.743797855099 1.000307060559631 1.563073249558865 291.5653139418577 9.956714838038657
0.0081 6365.748746098506 1.000306858490581 1.562999113730521 291.5331503597125 9.936652576128461
0.008200000000000001 6365.753741541681 1.000306654660731 1.562924957921329 291.5006799790739 9.916434891387006
0.0083 6365.758784197509 1.000306449074139 1.56285078192876 291.4679027161905 9.89606270018116
0.008400000000000001 6365.763874079009 1.000306241734893 1.562776585551433 291.4348184864419 9.875536925321347
0.008500000000000001 6365.769011199325 1.000306032647112 1.562702368589107 291.4014272043863 9.854858496035698
0.0086 6365.774195571736 1.000305821814948 1.562628130842649 291.3677287837185 9.834028347888719
0.008700000000000001 6365.779427209642 1.000305609242585 1.562553872113947 291.3337231373292 9.813047422761807
0.008800000000000001 6365.784706126578 1.000305394934238 1.562479592205939 291.2994101772464 9.791916668760244
0.0089 6365.790032336202 1.000305178894154 1.562405290922607 291.2647898146878 9.770637040189177
0.009000000000000001 6365.7954058523 1.00030496112661 1.562330968069031 291.2298619600496 9.749209497488991
0.0091 6365.800826688783 1.000304741635916 1.562256623451256 291.194626522912 9.727635007181226
0.0092 6365.806294859687 1.000304520426411 1.562182256876329 291.1590834120337 9.705914541806887
0.009300000000000001 6365.811810379174 1.000304297502466 1.562107868152328 291.1232325353693 9.684049079878793
0.0094 6365.817373261528 1.000304072868484 1.562033457088181 291.0870738000693 9.662039605822674
0.0095 6365.822983521158 1.000303846528897 1.561959023494002 291.0506071124745 9.639887109914293
0.009600000000000001 6365.828641172593 1.000303618488166 1.561884567180758 291.0138323781451 9.617592588237736
0.0097 6365.834346230487 1.000303388750786 1.561810087960339 290.9767495018317 9.595157042607408
0.0098 6365.840098709616 1.00030315732128 1.561735585645571 290.9393583874984 9.57258148052194
0.009900000000000001 6365.845898624873 1.000302924204201 1.56166106005033 290.901658938329 9.549866915106936
0.01 6365.851745991273 1.000302689404133 1.561586510989337 290.863651056727 9.527014365053731
0.0101 6365.857640823951 1.000302452925689 1.561511938278268 290.8253346443156 9.504024854557844
0.0102 6365.863583138163 1.000302214773511 1.561437341733667 290.7867096019376 9.480899413257028
0.0103 6365.86957294928 1.000301974952273 1.561362721173087 290.747775829679 9.457639076183147
0.0104 6365.875610272792 1.000301733466675 1.561288076414873 290.7085332268515 9.434244883688848
0.0105 6365.881695124308 1.000301490321449 1.561213407278386 290.6689816919983 9.410717881388095
0.0106 6365.887827519551 1.000301245521354 1.561138713583812 290.6291211229176 9.38705912010685
0.0107 6365.894007474363 1.000300999071179 1.561063995152178 290.5889514166391 9.363269655805249
0.0108 6365.900235004699 1.000300750975741 1.560989251805515 290.5484724694537 9.339350549531043
0.0109 6365.906510126632 1.000300501239887 1.56091448336665 290.5076841768895 9.315302867341154
0.011 6365.912832856347 1.00030024986849 1.56083968965931 290.4665864337416 9.291127680254348
0.0111 6365.919203210145 1.000299996866454 1.560764870508137 290.4251791340602 9.266826064179112
0.0112 6365.925621204437 1.000299742238709 1.560690025738584 290.3834621711625 9.242399099855147
0.0113 6365.93208685575 1.000299485990213 1.56061515517701 290.3414354376267 9.217847872784072
0.0114 6365.938600180723 1.000299228125954 1.560540258650572 290.299098825304 9.193173473170246
0.0115 6365.945161196106 1.000298968650945 1.560465335987418 290.2564522253123 9.168376995850846
0.0116 6365.95176991876 1.000298707570227 1.560390387016442 290.2134955280602 9.143459540242855
0.0117 6365.958426365657 1.00029844488887 1.56031541156743 290.1702286232293 9.118422210265608
0.0118 6365.965130553879 1.000298180611968 1.560240409471055 290.1266513997856 9.093266114280281
0.0119 6365.971882500618 1.000297914744646 1.560165380558775 290.0827637459801 9.067992365022143
0.012 6365.978682223175 1.000297647292051 1.560090324662989 290.03856554936 9.042602079539353
0.0121 6365.98552973896 1.000297378259361 1.560015241616829 289.9940566967574 9.017096379117817
0.0122 6365.992425065489 1.000297107651777 1.559940131254409 289.9492370743186 8.991476389229499
0.0123 6365.999368220388 1.000296835474528 1.559864993410559 289.9041065674804 8.965743239449925
0.0124 6366.006359221386 1.000296561732869 1.559789827921079 289.8586650609881 8.939898063399108
0.0125 6366.013398086325 1.000296286432081 1.559714634622527 289.8129124388892 8.913941998668676
0.0126 6366.020484833146 1.000296009577469 1.55963941335236 289.7668485845514 8.887876186762133
0.0127 6366.027619479899 1.000295731174365 1.559564163948837 289.7204733806569 8.861701773021411
0.0128 6366.034802044737 1.000295451228128 1.559488886251094 289.6737867092078 8.835419906559848
0.0129 6366.04203254592 1.000295169744138 1.559413580099043 289.6267884515204 8.809031740188241
0.013 6366.049311001808 1.000294886727803 1.559338245333542 289.579478488249 8.782538430357246
0.0131 6366.056637430866 1.000294602184555 1.559262881796214 289.5318566993741 8.755941137079528
0.0132 6366.064011851661 1.000294316119851 1.559187489329593 289.483922964202 8.729241023858402
0.0133 6366.071434282864 1.000294028539171 1.559112067776957 289.4356771613828 8.70243925762602
0.0134 6366.078904743246 1.000293739448022 1.559036616982489 289.387119168899 8.675537008664868
0.0135 6366.08642325168 1.000293448851931 1.55896113679123 289.3382488640822 8.648535450545451
0.0136 6366.093989827137 1.000293156756453 1.558885627049004 289.2890661236082 8.621435760050554
0.0137 6366.101604488691 1.000292863167164 1.55881008760256 289.2395708235084 8.594239117109131
0.0138 6366.109267255513 1.000292568089665 1.558734518299381 289.1897628391638 8.566946704720133
0.0139 6366.116978146875 1.000292271529578 1.558658918987873 289.139642045311 8.539559708882639
0.014 6366.124737182146 1.000291973492551 1.558583289517291 289.0892083160483 8.512079318525762
0.0141 6366.132544380796 1.000291673984253 1.558507629737678 289.0384615248294 8.484506725431865
0.0142 6366.140399762385 1.000291373010376 1.558431939499954 288.9874015444992 8.456843124182043
0.0143 6366.148303346577 1.000291070576635 1.558356218655918 288.9360282472525 8.429089712059628
0.0144 6366.156255153129 1.000290766688767 1.558280467058138 288.884341504663 8.401247688992058
0.0145 6366.164255201895 1.00029046135253 1.558204684560096 288.8323411876839 8.373318257476431
0.0146 6366.172303512823 1.000290154573705 1.558128871016083 288.7800271666537 8.345302622508083
0.0147 6366.180400105955 1.000289846358096 1.558053026281266 288.7273993112957 8.317201991505744
0.0148 6366.18854500143 1.000289536711526 1.557977150211637 288.6744574907069 8.289017574230293
0.0149 6366.196738219476 1.00028922563984 1.557901242664066 288.6212015734049 8.260750582734762
0.015 6366.20497978042 1.000288913148905 1.557825303496215 288.5676314272686 8.232402231257547
0.0151 6366.213269704677 1.000288599244609 1.557749332566665 288.5137469195978 8.203973736178282
0.0152 6366.221608012755 1.000288283932858 1.557673329734849 288.4595479170952 8.175466315932694
0.0153 6366.229994725253 1.000287967219582 1.557597294860981 288.4050342858544 8.146881190930529
0.0154 6366.238429862863 1.000287649110729 1.557521227806231 288.3502058913899 8.118219583495113
0.0155 6366.246913446365 1.000287329612267 1.557445128432532 288.2950625986308 8.089482717784007
0.0156 6366.255445496629 1.000287008730186 1.557368996602721 288.239604271915 8.060671819709622
0.0157 6366.264026034615 1.000286686470493 1.557292832180498 288.1838307750012 8.031788116868917
0.0158 6366.272655081373 1.000286362839216 1.557216635030408 288.1277419710744 8.002832838469868
0.0159 6366.281332658038 1.000286037842401 1.557140405017868 288.0713377227525 7.973807215257719
0.016 6366.290058785836 1.000285711486114 1.557064142009144 288.0146178920676 7.944712479429012
0.0161 6366.298833486077 1.000285383776439 1.556987845871384 287.9575823405024 7.915549864572832
0.0162 6366.307656780158 1.00028505471948 1.556911516472582 287.9002309289721 7.886320605584526
0.0163 6366.316528689566 1.000284724321357 1.556835153681574 287.842563517824 7.857025938588543
0.0164 6366.325449235867 1.00028439258821 1.556758757368154 287.784579966862 7.827667100873127
0.0165 6366.334418440718 1.000284059526196 1.556682327402872 287.7262801353339 7.798245330806818
0.0166 6366.343436325856 1.00028372514149 1.556605863657246 287.667663881938 7.768761867763936
0.0167 6366.352502913103 1.000283389440285 1.556529366003557 287.6087310648285 7.739217952049916
0.0168 6366.361618224366 1.000283052428789 1.556452834315066 287.5494815416217 7.709614824826546
0.0169 6366.370782281632 1.00028271411323 1.556376268465844 287.4899151693902 7.679953728031197
0.017 6366.379995106973 1.000282374499851 1.556299668330859 287.4300318046743 7.65023590430487
0.0171 6366.389256722539 1.000282033594911 1.556223033785959 287.3698313034942 7.620462596920066
0.0172 6366.398567150564 1.000281691404688 1.556146364707857 287.309313521332 7.590635049693969
0.0173 6366.407926413362 1.000281347935473 1.556069660974103 287.2484783131498 7.560754506919158
0.0174 6366.417334533325 1.000281003193575 1.555992922463256 287.1873255333893 7.530822213285464
0.0175 6366.426791532927 1.000280657185317 1.555916149054603 287.1258550359779 7.500839413804672
0.0176 6366.436297434719 1.000280309917039 1.555839340628392 287.0640666743287 7.470807353732282
0.0177 6366.445852261331 1.000279961395095 1.555762497065777 287.0019603013465 7.440727278492142
0.0178 6366.455456035472 1.000279611625855 1.555685618248729 286.9395357694333 7.410600433600973
0.0179 6366.465108779924 1.000279260615703 1.555608704060179 286.8767929304948 7.38042806459289
0.018 6366.47481051755 1.000278908371038 1.555531754383875 286.8137316359283 7.35021141693535
0.0181 6366.484561271286 1.000278554898273 1.555454769104498 286.7503517366403 7.319951735959344
0.0182 6366.494361064147 1.000278200203834 1.555377748107624 286.6866530830465 7.289650266780984
0.0183 6366.504209919218 1.000277844294163 1.55530069127971 286.6226355250841 7.259308254228748
0.0184 6366.514107859662 1.000277487175715 1.555223598508049 286.5582989121994 7.228926942759446
0.0185 6366.524054908715 1.000277128854956 1.555146469680924 286.4936430933539 7.198507576382702
0.0186 6366.534051089685 1.000276769338368 1.555069304687486 286.4286679170481 7.168051398593717
0.0187 6366.544096425955 1.000276408632445 1.554992103417713 286.3633732312918 7.137559652281023
0.0188 6366.554190940979 1.000276046743692 1.554914865762577 286.2977588836396 7.107033579664804
0.0189 6366.564334658279 1.00027568367863 1.554837591613881 286.231824721185 7.07647442221577
0.019 6366.574527601454 1.000275319443789 1.554760280864353 286.1655705905486 7.045883420571429
0.0191 6366.584769794169 1.000274954045712 1.55468293340764 286.0989963379014 7.015261814468851
0.0192 6366.595061260161 1.000274587490953 1.554605549138262 286.0321018089538 6.984610842661037
0.0193 6366.605402023234 1.000274219786079 1.554528127951658 285.9648868489784 6.953931742849644
0.0194 6366.615792107264 1.000273850937667 1.554450669744139 285.8973513027867 6.923225751596121
0.0195 6366.626231536191 1.000273480952305 1.554373174412992 285.8294950147587 6.892494104257224
0.0196 6366.636720334026 1.000273109836593 1.55429564185631 285.761317828831 6.861738034901687
0.0197 6366.647258524847 1.000272737597139 1.554218071973231 285.692819588497 6.830958776232444
0.0198 6366.657846132794 1.000272364240565 1.554140464663654 285.6240001368418 6.800157559524808
0.0199 6366.668483182077 1.000271989773499 1.554062819828487 285.5548593165016 6.769335614530206
0.02 6366.67916969697 1.000271614202581 1.55398513736954 285.4853969696927 6.738494169411904
0.0201 6366.689905701813 1.00027123753446 1.553907417189435 285.4156129382176 6.707634450670147
0.0202 6366.700691221007 1.000270859775795 1.553829659191862 285.3455070634531 6.676757683059551
0.0203 6366.71152627902 1.000270480933253 1.5537518632813 285.2750791863681 6.645865089519721
0.0204 6366.722410900379 1.00027010101351 1.553674029363245 285.2043291475355 6.614957891103277
0.0205 6366.733345109677 1.000269720023252 1.553596157343995 285.1332567871026 6.584037306885896
0.0206 6366.744328931565 1.000269337969171 1.553518247130843 285.0618619448263 6.553104553905017
0.0207 6366.75536239076 1.000268954857969 1.553440298631986 284.9901444600617 6.522160847077924
0.0208 6366.766445512035 1.000268570696355 1.55336231175653 284.9181041717737 6.491207399130302
0.0209 6366.777578320226 1.000268185491044 1.553284286414504 284.8457409185311 6.460245420517275
0.021 6366.788760840228 1.000267799248762 1.553206222516838 284.7730545385183 6.429276119352229
0.0211 6366.799993096994 1.000267411976239 1.55312811997543 284.7000448695416 6.398300701333221
0.0212 6366.811275115535 1.000267023680214 1.553049978703037 284.6267117490228 6.367320369664526
0.0213 6366.82260692092 1.00026663436743 1.552971798613394 284.5530550140173 6.336336324988406
0.0214 6366.833988538277 1.000266244044639 1.552893579621125 284.4790745012023 6.305349765304523
0.0215 6366.845419992786 1.000265852718597 1.55281532164177 284.4047700468881 6.274361885899574
0.0216 6366.856901309689 1.000265460396067 1.552737024591849 284.3301414870188 6.243373879272112
0.0217 6366.868432514279 1.000265067083818 1.552658688388714 284.2551886571836 6.212386935062482
0.0218 6366.880013631906 1.000264672788623 1.552580312950748 284.1799113926112 6.181402239975592
0.0219 6366.891644687971 1.000264277517262 1.552501898197163 284.1043095281874 6.15042097771367
0.022 6366.903325707933 1.000263881276518 1.552423444048155 284.0283828984374 6.119444328894634
0.0221 6366.915056717299 1.000263484073179 1.552344950424842 283.9521313375552 6.088473470990095
0.0222 6366.926837741635 1.000263085914038 1.55226641724926 283.8755546793744 6.057509578239448
0.0223 6366.938668806552 1.000262686805892 1.552187844444356 283.7986527574093 6.026553821593062
0.0224 6366.950549937717 1.000262286755542 1.552109231934036 283.7214254048371 5.995607368631653
0.0225 6366.962481160846 1.000261885769792 1.552030579643102 283.6438724544981 5.964671383493204
0.0226 6366.974462501706 1.00026148385545 1.551951887497324 283.5659937389136 5.933747026807208
0.0227 6366.986493986111 1.000261081019326 1.551873155423333 283.4877890902793 5.902835455619685
0.0228 6366.998575639927 1.000260677268235 1.55179438334878 283.4092583404721 5.871937823323217
0.0229 6367.010707489068 1.000260272608992 1.551715571202181 283.3304013210612 5.841055279589546
0.023 6367.022889559491 1.000259867048416 1.551636718913019 283.2512178633086 5.810188970297763
0.0231 6367.035121877208 1.000259460593329 1.55155782641167 283.171707798151 5.779340037455943
0.0232 6367.047404468271 1.000259053250553 1.551478893629439 283.0918709562415 5.74850961914611
0.0233 6367.059737358781 1.000258645026912 1.551399920498638 283.0117071679255 5.717698849444134
0.0234 6367.072120574884 1.000258235929232 1.551320906952389 282.9312162632531 5.686908858353777
0.0235 6367.084554142772 1.00025782596434 1.551241852924863 282.8503980719846 5.656140771738716
0.0236 6367.097038088677 1.000257415139064 1.551162758351068 282.7692524235966 5.625395711254853
0.0237 6367.109572438882 1.000257003460231 1.551083623167 282.6877791472701 5.594674794276269
0.0238 6367.122157219704 1.000256590934672 1.551004447309544 282.605978071926 5.563979133839365
0.0239 6367.134792457509 1.000256177569215 1.550925230716562 282.5238490261894 5.533309838560584
0.024 6367.147478178704 1.000255763370688 1.550845973326801 282.4413918384256 5.502668012581186
0.0241 6367.160214409735 1.00025534834592 1.550766675079979 282.3586063367219 5.472054755492414
0.0242 6367.173001177091 1.00025493250174 1.55068733591669 282.2754923489114 5.44147116227643
0.0243 6367.185838507298 1.000254515844973 1.550607955778522 282.1920497025611 5.410918323234444
0.0244 6367.198726426926 1.000254098382447 1.550528534607955 282.1082782249781 5.380397323921832
0.0245 6367.211664962581 1.000253680120985 1.550449072348398 282.0241777432269 5.349909245087872
0.0246 6367.224654140907 1.000253261067411 1.550369568944197 281.9397480841061 5.319455162600829
0.0247 6367.237693988587 1.000252841228545 1.550290024340628 281.8549890741837 5.289036147394881
0.0248 6367.250784532342 1.000252420611208 1.550210438483887 281.7699005397793 5.258653265398148
0.0249 6367.263925798927 1.000251999222215 1.550130811321104 281.6844823069763 5.228307577471828
0.025 6367.277117815135 1.00025157706838 1.550051142800335 281.5987342016214 5.198000139345483
0.0251 6367.290360607794 1.000251154156516 1.549971432870576 281.5126560493367 5.167732001556928
0.0252 6367.303654203767 1.00025073049343 1.549891681481728 281.4262476755138 5.13750420938626
0.0253 6367.31699862995 1.000250306085928 1.549811888584606 281.3395089053255 5.107317802796568
0.0254 6367.330393913275 1.000249880940811 1.549732054130993 281.2524395637141 5.077173816366838
0.0255 6367.343840080705 1.000249455064876 1.549652178073572 281.1650394754209 5.047073279239657
0.0256 6367.357337159236 1.000249028464917 1.549572260365943 281.0773084649685 5.017017215052942
0.0257 6367.370885175897 1.000248601147724 1.549492300962654 280.9892463566724 4.987006641882379
0.0258 6367.384484157747 1.000248173120081 1.549412299819146 280.9008529746474 4.957042572182249
0.0259 6367.398134131876 1.000247744388768 1.549332256891803 280.812128142807 4.927126012724688
0.026 6367.411835125406 1.00024731496056 1.549252172137898 280.7230716848638 4.897257964539473
0.0261 6367.425587165485 1.000246884842228 1.549172045515681 280.6336834243474 4.867439422860206
0.0262 6367.439390279294 1.000246454040535 1.549091876984269 280.5439631845919 4.837671377061057
0.0263 6367.453244494038 1.000246022562241 1.54901166650373 280.4539107887543 4.807954810603885
0.0264 6367.467149836954 1.000245590414096 1.548931414035047 280.3635260598024 4.778290700976027
0.0265 6367.481106335304 1.000245157602849 1.548851119540073 280.2728088205266 4.748680019636445
0.0266 6367.495114016378 1.000244724135239 1.548770782981639 280.1817588935459 4.719123731960386
0.0267 6367.50917290749 1.000244290017999 1.548690404323444 280.0903761013136 4.689622797184517
0.0268 6367.523283035983 1.000243855257856 1.548609983530144 279.9986602661119 4.660178168348773
0.0269 6367.537444429221 1.000243419861529 1.548529520567275 279.906611210063 4.630790792244479
0.027 6367.551657114595 1.00024298383573 1.548449015401269 279.8142287551358 4.601461609361028
0.0271 6367.565921119517 1.000242547187163 1.548368467999528 279.7215127231392 4.572191553829367
0.0272 6367.580236471427 1.000242109922525 1.5482878783303 279.6284629357227 4.542981553367953
0.0273 6367.594603197785 1.000241672048503 1.548207246362762 279.5350792143998 4.513832529236672
0.0274 6367.60902132607 1.000241233571779 1.548126572067013 279.4413613805422 4.484745396181936
0.0275 6367.62349088379 1.000240794499022 1.548045855414028 279.3473092553676 4.455721062380616
0.0276 6367.638011898465 1.000240354836897 1.547965096375719 279.2529226599758 4.42676042939919
0.0277 6367.652584397642 1.000239914592056 1.547884294924866 279.1582014153245 4.397864392135115
0.0278 6367.667208408887 1.000239473771145 1.54780345103516 279.0631453422355 4.369033838768011
0.0279 6367.681883959781 1.000239032380798 1.547722564681215 278.9677542614244 4.340269650718515
0.028 6367.696611077929 1.00023859042764 1.547641635838488 278.8720279934586 4.311572702586224
0.0281 6367.711389790951 1.000238147918287 1.547560664483379 278.7759663588171 4.282943862118581
0.0282 6367.726220126485 1.000237704859345 1.547479650593175 278.6795691778488 4.254383990150076
0.0283 6367.741102112184 1.000237261257407 1.547398594146055 278.582836270802 4.225893940563351
0.0284 6367.756035775723 1.000236817119059 1.547317495121056 278.485767457801 4.197474560235111
0.0285 6367.771021144788 1.000236372450875 1.547236353498134 278.3883625588813 4.16912668900008
0.0286 6367.78605824708 1.000235927259416 1.547155169258123 278.2906213939781 4.140851159601603
0.0287 6367.801147110319 1.000235481551233 1.547073942382767 278.1925437829258 4.11264879764641
0.0288 6367.816287762234 1.000235035332868 1.546992672854663 278.0941295454762 4.084520421565114
0.0289 6367.831480230573 1.000234588610847 1.546911360657277 277.9953785012748 4.056466842561447
0.029 6367.846724543093 1.000234141391687 1.546830005774989 277.8962904698959 4.028488864579081
0.0291 6367.862020727564 1.000233693681892 1.546748608193037 277.7968652708313 4.000587284255507
0.0292 6367.877368811769 1.000233245487955 1.546667167897542 277.6971027235016 3.972762890883306
0.0293 6367.892768823502 1.000232796816354 1.54658568487549 277.597002647239 3.945016466363814
0.0294 6367.908220790568 1.000232347673556 1.546504159114744 277.4965648613105 3.917348785173019
0.0295 6367.923724740783 1.000231898066013 1.546422590604047 277.3957891849121 3.88976061431985
0.0296 6367.939280701971 1.000231448000168 1.546340979332977 277.2946754371868 3.862252713311643
0.0297 6367.954888701966 1.000230997482448 1.546259325291989 277.1932234372183 3.834825834113746
0.0298 6367.970548768612 1.000230546519264 1.546177628472446 277.0914330040254 3.807480721109908
0.0299 6367.986260929757 1.000230095117017 1.546095888866493 276.9893039565794 3.780218111069717
0.03 6368.002025213263 1.000229643282094 1.546014106467177 276.8868361137928 3.75303873310878
0.0301 6368.017841646992 1.000229191020864 1.54593228126841 276.7840292945542 3.725943308662155
0.0302 6368.033710258817 1.000228738339686 1.54585041326494 276.6808833176873 3.698932551438089
0.0303 6368.049631076617 1.000228285244902 1.54576850245235 276.577398001992 3.672007167394375
0.0304 6368.065604128274 1.00022783174284 1.545686548827105 276.4735731662212 3.645167854698272
0.0305 6368.081629441676 1.000227377839812 1.545604552386483 276.3694086291038 3.618415303699499
0.0306 6368.097707044716 1.000226923542116 1.545522513128626 276.2649042093452 3.591750196897721
0.0307 6368.11383696529 1.000226468856034 1.545440431052527 276.1600597256155 3.565173208907798
0.0308 6368.130019231297 1.000226013787834 1.545358306157967 276.0548749965727 3.538685006434808
0.0309 6368.146253870639 1.000225558343764 1.545276138445611 275.9493498408455 3.51228624823925
0.031 6368.162540911222 1.000225102530062 1.545193927916936 275.8434840770564 3.485977585113451
0.0311 6368.17888038095 1.000224646352944 1.545111674574249 275.7372775238222 3.459759659852671
0.0312 6368.195272307732 1.000224189818615 1.545029378420688 275.6307299997419 3.433633107224078
0.0313 6368.211716719476 1.000223732933259 1.544947039460193 275.5238413234087 3.407598553942353
0.0314 6368.228213644087 1.000223275703046 1.544864657697589 275.4166113134332 3.381656618648795
0.0315 6368.244763109476 1.000222818134128 1.544782233138434 275.3090397884088 3.355807911876815
0.0316 6368.261365143548 1.000222360232641 1.544699765789152 275.2011265669402 3.330053036034011
0.0317 6368.278019774208 1.000221902004703 1.544617255656973 275.0928714676501 3.304392585379159
0.0318 6368.29472702936 1.000221443456414 1.544534702749926 274.9842743091612 3.278827145994368
0.03190000000000001 6368.311486936905 1.000220984593858 1.544452107076836 274.8753349101197 3.253357295767849
0.032 6368.32829952474 1.000220525423099 1.54436946864737 274.7660530891898 3.227983604370387
0.0321 6368.34516482076 1.000220065950185 1.544286787471942 274.656428665059 3.20270663323539
0.0322 6368.362082852856 1.000219606181146 1.544204063561805 274.5464614564388 3.17752693553832
0.0323 6368.379053648912 1.000219146121992 1.544121296928985 274.43615128207 3.152445056178259
0.0324 6368.396077236812 1.000218685778716 1.544038487586304 274.3254979607231 3.127461531758883
0.0325 6368.413153644428 1.000218225157292 1.543955635547379 274.2145013112157 3.102576890574211
0.0326 6368.430282899632 1.000217764263675 1.543872740826589 274.1031611523894 3.077791652585788
0.0327 6368.447465030286 1.000217303103802 1.543789803439087 273.9914773031386 3.053106329412637
0.0328 6368.464700064246 1.000216841683589 1.543706823400846 273.8794495823994 3.028521424312677
0.0329 6368.481988029362 1.000216380008934 1.543623800728575 273.7670778091491 3.004037432167624
0.033 6368.499328953473 1.000215918085717 1.543540735439763 273.6543618024242 2.979654839472542
0.0331 6368.516722864412 1.000215455919796 1.543457627552653 273.5413013813203 2.955374124322228
0.0332 6368.534169790002 1.00021499351701 1.543374477086294 273.4278963649862 2.931195756397165
0.0333 6368.551669758057 1.000214530883179 1.543291284060431 273.3141465726297 2.907120196952842
0.0334 6368.569222796381 1.000214068024101 1.543208048495612 273.200051823524 2.883147898809826
0.0335 6368.586828932767 1.000213604945558 1.543124770413106 273.0856119370127 2.859279306344611
0.03360000000000001 6368.604488195 1.000213141653307 1.543041449834948 272.970826732499 2.835514855477563
0.0337 6368.62220061085 1.000212678153087 1.542958086783929 272.8556960294744 2.811854973670282
0.0338 6368.639966208079 1.000212214450615 1.542874681283531 272.7402196474899 2.788300079911483
0.0339 6368.657785014431 1.00021175055159 1.542791233358043 272.6243974061966 2.764850584718302
0.034 6368.675657057644 1.000211286461688 1.542707743032418 272.5082291253169 2.74150689012383
0.0341 6368.693582365438 1.000210822186563 1.542624210332397 272.3917146246557 2.718269389673979
0.0342 6368.711560965521 1.000210357731851 1.5425406352844 272.2748537241126 2.695138468425051
0.0343 6368.729592885588 1.000209893103164 1.542457017915587 272.1576462436759 2.672114502938574
0.0344 6368.747678153319 1.000209428306095 1.542373358253839 272.0400920034284 2.649197861279305
0.0345 6368.765816796377 1.000208963346212 1.542289656327752 271.9221908235476 2.62638890301287
0.0346 6368.784008842412 1.000208498229065 1.54220591216662 271.8039425243231 2.603687979207632
0.0347 6368.802254319056 1.000208032960181 1.54212212580044 271.6853469261336 2.581095432429367
0.03480000000000001 6368.820553253928 1.000207567545064 1.542038297259933 271.5664038494696 2.558611596745896
0.0349 6368.838905674626 1.000207101989198 1.541954426576486 271.4471131149284 2.536236797726804
0.035 6368.857311608735 1.000206636298044 1.541870513782185 271.3274745432253 2.513971352447336
0.0351 6368.875771083817 1.000206170477039 1.541786558909833 271.2074879551882 2.491815569489757
0.0352 6368.894284127422 1.0002057045316 1.541702561992899 271.087153171757 2.469769748946666
0.03530000000000001 6368.912850767078 1.000205238467122 1.541618523065516 270.966470013996 2.447834182427284
0.0354 6368.931471030293 1.000204772288975 1.541534442162496 270.8454383030934 2.426009153062347
0.0355 6368.95014494456 1.000204306002509 1.541450319319354 270.7240578603618 2.404294935509818
0.0356 6368.968872537348 1.000203839613049 1.54136615457224 270.6023285072378 2.38269179596144
0.0357 6368.987653836108 1.000203373125898 1.541281947957976 270.4802500652999 2.361199992153209
0.0358 6369.006488868268 1.000202906546337 1.541197699514054 270.3578223562566 2.339819773371396
0.0359 6369.025377661238 1.000202439879623 1.541113409278591 270.2350452019526 2.318551380462546
0.036 6369.044320242406 1.00020197313099 1.541029077290375 270.1119184243624 2.29739504584223
0.0361 6369.063316639134 1.000201506305648 1.540944703588849 269.9884418456262 2.276350993511689
0.0362 6369.082366878769 1.000201039408786 1.540860288214073 269.8646152880023 2.255419439061078
0.0363 6369.101470988629 1.000200572445568 1.540775831206736 269.7404385739145 2.234600589689708
0.0364 6369.12062899601 1.000200105421133 1.540691332608201 269.6159115259346 2.213894644215955
0.03650000000000001 6369.139840928188 1.000199638340599 1.540606792460413 269.4910339667762 2.193301793090064
0.0366 6369.159106812414 1.000199171209061 1.54052221080595 269.3658057193123 2.172822218411679
0.0367 6369.17842667591 1.000198704031587 1.540437587688014 269.2402266065877 2.152456093947076
0.0368 6369.197800545878 1.000198236813223 1.540352923150444 269.1142964517948 2.13220358514144
0.0369 6369.217228449494 1.000197769558991 1.540268217237637 268.9880150782914 2.112064849138707
0.03700000000000001 6369.236710413909 1.000197302273891 1.540183469994607 268.8613823095892 2.092040034797425
0.0371 6369.256246466248 1.000196834962896 1.540098681466993 268.7343979693891 2.072129282714888
0.0372 6369.275836633608 1.000196367630956 1.540013851700999 268.6070618815455 2.052332725240818
0.0373 6369.295480943062 1.000195900282997 1.53992898074344 268.4793738700963 2.032650486502102
0.0374 6369.315179421654 1.000195432923921 1.539844068641682 268.3513337592507 2.0130826824218
0.0375 6369.334932096403 1.000194965558606 1.539759115443708 268.2229413733834 1.993629420739937
0.0376 6369.354738994297 1.000194498191906 1.539674121198047 268.0941965370702 1.974290801041311
0.0377 6369.374600142299 1.000194030828648 1.539589085953818 267.9650990750582 1.955066914774183
0.0378 6369.394515567341 1.000193563473639 1.539504009760677 267.8356488122839 1.935957845276931
0.0379 6369.414485296329 1.000193096131657 1.539418892668874 267.705845573861 1.916963667801043
0.038 6369.434509356139 1.00019262880746 1.539333734729168 267.5756891850982 1.898084449539246
0.0381 6369.454587773616 1.000192161505777 1.539248535992912 267.4451794714936 1.8793202496509
0.03820000000000001 6369.474720575579 1.000191694231317 1.539163296511964 267.3143162587343 1.860671119289041
0.0383 6369.494907788812 1.000191226988759 1.539078016338744 267.1830993727202 1.842137101631518
0.0384 6369.515149440072 1.000190759782764 1.538992695526208 267.0515286395347 1.823718231905313
0.0385 6369.535445556081 1.000190292617961 1.538907334127835 266.9196038854738 1.805414537419997
0.0386 6369.555796163537 1.000189825498961 1.53882193219762 266.7873249370108 1.787226037592832
0.03870000000000001 6369.576201289099 1.000189358430346 1.538736489790073 266.6546916208557 1.769152743987719
0.0388 6369.5966609594 1.000188891416675 1.538651006960239 266.5217037639017 1.751194660339356
0.0389 6369.617175201037 1.000188424462481 1.538565483763652 266.3883611932605 1.733351782590353
0.039 6369.637744040576 1.000187957572274 1.538479920256355 266.2546637362569 1.715624098923358
0.0391 6369.65836750455 1.000187490750538 1.53839431649488 266.1206112204285 1.698011589794746
0.0392 6369.679045619459 1.000187024001732 1.538308672536267 265.9862034735196 1.680514227968266
0.0393 6369.699778411769 1.000186557330291 1.538222988438035 265.8514403234993 1.663131978552501
0.0394 6369.720565907915 1.000186090740625 1.538137264258165 265.7163215985496 1.64586479903516
0.0395 6369.741408134296 1.000185624237117 1.538051500055149 265.5808471270769 1.628712639321154
0.0396 6369.762305117275 1.000185157824129 1.537965695887927 265.4450167377125 1.611675441769824
0.0397 6369.783256883183 1.000184691505996 1.537879851815919 265.3088302593122 1.594753141232881
0.0398 6369.804263458315 1.000184225287027 1.537793967898972 265.1722875209506 1.577945665092321
0.03990000000000001 6369.825324868931 1.000183759171509 1.537708044197442 265.0353883519505 1.561252933303383
0.04 6369.846441141255 1.000183293163701 1.537622080772085 264.8981325818417 1.544674858429474
0.0401 6369.867612301477 1.00018282726784 1.537536077684123 264.7605200404022 1.528211345687908
0.0402 6369.888838375749 1.000182361488136 1.537450034995231 264.6225505576348 1.511862292988386
0.0403 6369.910119390187 1.000181895828776 1.537363952767475 264.4842239637845 1.495627590977136
0.04040000000000001 6369.931455370873 1.00018143029392 1.537277831063385 264.3455400893271 1.479507123078192
0.0405 6369.952846343846 1.000180964887706 1.537191669945895 264.2064987649982 1.46350076554015
0.0406 6369.974292335116 1.000180499614244 1.537105469478365 264.0670998217464 1.447608387474666
0.0407 6369.995793370649 1.000180034477623 1.537019229724567 263.9273430907805 1.431829850906553
0.0408 6370.017349476377 1.000179569481904 1.536932950748671 263.7872284035515 1.416165010816969
0.0409 6370.038960678192 1.000179104631124 1.536846632615256 263.6467555917528 1.400613715189313
0.041 6370.06062700195 1.000178639929297 1.536760275389276 263.5059244873263 1.385175805056407
0.04110000000000001 6370.082348473467 1.000178175380411 1.536673879136109 263.3647349224679 1.369851114548258
0.0412 6370.10412511852 1.00017771098843 1.53658744392148 263.2231867296217 1.354639470939135
0.0413 6370.125956962849 1.000177246757293 1.536500969811503 263.0812797414804 1.339540694695933
0.0414 6370.147844032153 1.000176782690914 1.536414456872683 262.9390137910026 1.324554599528989
0.0415 6370.169786352094 1.000176318793184 1.536327905171867 262.7963887113891 1.309680992439099
0.04160000000000001 6370.191783948291 1.000175855067967 1.536241314776296 262.653404336107 1.29491967377013
0.0417 6370.213836846326 1.000175391519107 1.536154685753506 262.5100604988833 1.280270437259063
0.0418 6370.235945071739 1.000174928150419 1.536068018171457 262.3663570336993 1.26573307008665
0.0419 6370.258108650031 1.000174464965697 1.535981312098401 262.2222937747964 1.25130735292986
0.042 6370.280327606664 1.000174001968708 1.535894567602948 262.0778705566821 1.236993060014844
0.04210000000000001 6370.302601967056 1.000173539163198 1.535807784754033 261.9330872141358 1.222789959170423
0.0422 6370.324931756586 1.000173076552886 1.535720963620937 261.7879435821909 1.208697811879804
0.0423 6370.347317000591 1.000172614141469 1.535634104273252 261.642439496159 1.194716373336899
0.0424 6370.369757724367 1.000172151932619 1.535547206780868 261.4965747916116 1.180845392499115
0.0425 6370.392253953171 1.000171689929984 1.535460271214021 261.3503493043862 1.167084612142998
0.0426 6370.414805712215 1.000171228137188 1.535373297643216 261.2037628706042 1.153433768921437
0.0427 6370.437413026669 1.000170766557833 1.535286286139293 261.056815326653 1.13989259341804
0.04280000000000001 6370.460075921663 1.000170305195495 1.535199236773361 260.9095065091918 1.126460810204243
0.0429 6370.482794422283 1.000169844053728 1.535112149616814 260.7618362551638 1.113138137897416
0.043 6370.505568553574 1.000169383136061 1.535025024741354 260.6138044017661 1.099924289215706
0.0431 6370.528398340538 1.000168922446002 1.534937862218935 260.4654107865034 1.0868189710408
0.0432 6370.551283808134 1.000168461987031 1.534850662121804 260.3166552471288 1.073821884471084
0.04330000000000001 6370.574224981277 1.000168001762611 1.534763424522435 260.1675376216966 1.060932724885258
0.0434 6370.597221884841 1.000167541776176 1.534676149493614 260.0180577485334 1.048151181999056
0.0435 6370.620274543655 1.000167082031141 1.534588837108349 259.8682154662432 1.035476939925567
0.0436 6370.643382982506 1.000166622530895 1.534501487439901 259.7180106137142 1.022909677235943
0.0437 6370.666547226134 1.000166163278806 1.534414100561774 259.56744303013 1.010449067020996
0.0438 6370.68976729924 1.000165704278217 1.53432667654773 259.4165125549401 0.9980947769497659
0.0439 6370.713043226479 1.000165245532453 1.53423921547171 259.2652190278899 0.9858464693334273
0.044 6370.736375032459 1.00016478704481 1.53415171740795 259.1135622890141 0.9737038011865966
0.0441 6370.75976274175 1.000164328818567 1.534064182430854 258.9615421786256 0.9616664242886012
0.0442 6370.783206378872 1.000163870856976 1.533976610615065 258.8091585373326 0.94973398524749
0.0443 6370.806705968304 1.000163413163271 1.533889002035426 258.6564112060272 0.9379061255620417
0.0444 6370.830261534477 1.00016295574066 1.533801356767001 258.5033000258972 0.9261824816859986
0.04450000000000001 6370.853873101782 1.000162498592331 1.533713674885015 258.3498248384198 0.9145626850912538
0.0446 6370.87754069456 1.000162041721449 1.533625956464943 258.195985485362 0.903046362331848
0.0447 6370.901264337111 1.000161585131159 1.53353820158239 258.0417818087807 0.8916331351083033
0.0448 6370.925044053687 1.000161128824582 1.533450410313163 257.8872136510339 0.8803226203331346
0.0449 6370.948879868499 1.000160672804817 1.533362582733269 257.7322808547577 0.8691144301940667
0.04500000000000001 6370.972771805708 1.000160217074945 1.533274718918848 257.5769832629015 0.8580081722218728
0.0451 6370.99671988943 1.000159761638022 1.533186818946224 257.4213207187044 0.8470034493541804
0.0452 6371.020724143739 1.000159306497084 1.533098882891885 257.2652930656949 0.8360998600013166
0.0453 6371.044784592661 1.000158851655146 1.533010910832471 257.1089001477034 0.8252969981132415
0.0454 6371.068901260177 1.000158397115202 1.532922902844745 256.9521418088497 0.8145944532450813
0.0455 6371.093074170221 1.000157942880225 1.532834859005643 256.795017893567 0.8039918106253559
0.0456 6371.117303346682 1.000157488953167 1.532746779392225 256.6375282465664 0.7934886512204147
0.04570000000000001 6371.141588813403 1.000157035336959 1.532658664081706 256.4796727128781 0.7830845518043149
0.0458 6371.165930594181 1.000156582034513 1.532570513151384 256.3214511378222 0.772779085024132
0.0459 6371.190328712766 1.000156129048719 1.532482326678716 256.1628633670201 0.7625718194682742
0.046 6371.214783192863 1.000155676382448 1.532394104741248 256.0039092463888 0.7524623197338258
0.0461 6371.239294058129 1.00015522403855 1.532305847416666 255.8445886221588 0.7424501464955844
0.04620000000000001 6371.263861332178 1.000154772019856 1.532217554782734 255.684901340844 0.7325348565722891
0.0463 6371.288485038573 1.000154320329177 1.532129226917321 255.524847249278 0.7227160029971179
0.0464 6371.313165200833 1.000153868969303 1.532040863898395 255.3644261945836 0.7129931350842738
0.0465 6371.337901842432 1.000153417943006 1.531952465804028 255.2036380241915 0.7033657984986701
0.0466 6371.362694986795 1.000152967253039 1.531864032712337 255.0424825858335 0.6938335353242927
0.04670000000000001 6371.387544657299 1.000152516902133 1.531775564701569 254.8809597275548 0.6843958841337501
0.0468 6371.412450877279 1.000152066893004 1.531687061849984 254.7190692976845 0.6750523800555198
0.0469 6371.437413670019 1.000151617228347 1.53159852423596 254.5568111448769 0.6658025548454589
0.047 6371.462433058759 1.000151167910837 1.531509951937919 254.3941851180638 0.6566459369532737
0.0471 6371.48750906669 1.000150718943133 1.531421345034339 254.2311910665143 0.6475820515951637
0.0472 6371.512641716958 1.000150270327873 1.531332703603733 254.0678288397752 0.6386104208198473
0.0473 6371.537831032659 1.00014982206768 1.5312440277247 253.9040982877185 0.6297305635806393
0.04740000000000001 6371.563077036846 1.000149374165155 1.531155317475859 253.7399992605 0.620941995802676
0.0475 6371.588379752523 1.000148926622885 1.531066572935858 253.5755316086005 0.6122442304547076
0.0476 6371.613739202648 1.000148479443436 1.530977794183378 253.4106951827906 0.6036367776167768
0.0477 6371.639155410129 1.000148032629358 1.530888981297152 253.2454898341601 0.595119144551402
0.0478 6371.664628397832 1.000147586183183 1.530800134355909 253.0799154140944 0.5866908357719691
0.04790000000000001 6371.690158188571 1.000147140107427 1.530711253438399 252.9139717742863 0.5783513531129997
0.048 6371.715744805118 1.000146694404587 1.530622338623381 252.747658766736 0.5701001957997853
0.0481 6371.741388270192 1.000146249077143 1.530533389989646 252.580976243751 0.5619368605180147
0.0482 6371.767088606472 1.000145804127561 1.530444407615937 252.4139240579347 0.5538608414828071
0.0483 6371.792845836583 1.000145359558287 1.53035539158105 252.2465020622093 0.5458716305094417
0.04840000000000001 6371.818659983108 1.000144915371753 1.530266341963733 252.0787101097989 0.5379687170820181
0.0485 6371.84453106858 1.000144471570374 1.530177258842734 251.9105480542288 0.5301515884229511
0.0486 6371.870459115487 1.000144028156548 1.530088142296781 251.7420157493319 0.5224197295626694
0.0487 6371.89644414627 1.000143585132658 1.529998992404588 251.5731130492485 0.5147726234089521
0.0488 6371.92248618332 1.000143142501072 1.529909809244832 251.4038398084202 0.5072097508159236
0.0489 6371.948585248984 1.00014270026414 1.529820592896164 251.2341958816022 0.4997305906537463
0.049 6371.974741365561 1.0001422584242 1.529731343437195 251.064181123851 0.49233461987715
0.04910000000000001 6372.000954555305 1.000141816983572 1.529642060946492 250.8937953905187 0.4850213135941371
0.0492 6372.027224840419 1.000141375944562 1.529552745502572 250.7230385372767 0.4777901451358286
0.0493 6372.053552243064 1.000140935309462 1.529463397183922 250.5519104200861 0.4706405861238851
0.0494 6372.07993678535 1.000140495080548 1.529374016068951 250.3804108952271 0.4635721065403029
0.0495 6372.106378489343 1.000140055260081 1.529284602236015 250.2085398192697 0.456584174794569
0.04960000000000001 6372.132877377062 1.00013961585031 1.529195155763416 250.0362970490972 0.4496762577928687
0.0497 6372.159433470478 1.000139176853469 1.529105676729369 249.8636824418944 0.4428478210056454
0.0498 6372.186046791515 1.000138738271777 1.529016165212031 249.6906958551534 0.436098328535701
0.0499 6372.212717362051 1.00013830010744 1.528926621289474 249.517337146668 0.4294272431856328
0.05 6372.23944520392 1.000137862362651 1.528837045039687 249.3436061745214 0.4228340265248575
0.05010000000000001 6372.266230338905 1.000137425039589 1.52874743654059 249.1695027971163 0.4163181389579993
0.0502 6372.293072788746 1.000136988140419 1.528657795869981 248.9950268731508 0.4098790397910079
0.0503 6372.319972575135 1.000136551667294 1.528568123105589 248.8201782616246 0.4035161872981857
0.0504 6372.346929719719 1.000136115622356 1.52847841832503 248.6449568218271 0.3972290387883198
0.0505 6372.373944244097 1.00013568000773 1.528388681605827 248.4693624133728 0.3910170506722574
0.0506 6372.401016169823 1.000135244825532 1.528298913025394 248.2933948961539 0.3848796785272446
0.0507 6372.428145518404 1.000134810077865 1.528209112661024 248.1170541303762 0.3788163771639621
0.05080000000000001 6372.455332311301 1.00013437576682 1.528119280589893 247.9403399765409 0.3728266006913772
0.0509 6372.482576569932 1.000133941894476 1.528029416889082 247.7632522954449 0.3669098025819508
0.051 6372.509878315664 1.000133508462898 1.52793952163553 247.5857909481864 0.3610654357367332
0.0511 6372.537237569822 1.000133075474145 1.527849594906041 247.4079557961594 0.3552929525497513
0.0512 6372.564654353683 1.000132642930258 1.527759636777304 247.2297467010593 0.3495918049724707
0.05130000000000001 6372.592128688481 1.000132210833273 1.52766964732586 247.0511635248712 0.3439614445773565
0.0514 6372.619660595403 1.000131779185211 1.527579626628129 246.8722061298817 0.3384013226218581
0.0515 6372.647250095589 1.000131347988083 1.527489574760369 246.6928743786729 0.332910890111478
0.0516 6372.674897210136 1.000130917243891 1.527399491798696 246.5131681341167 0.3274895978624978
0.0517 6372.702601960094 1.000130486954625 1.527309377819091 246.3330872593923 0.322136896565058
0.05180000000000001 6372.730364366468 1.000130057122266 1.527219232897354 246.1526316179569 0.3168522368444395
0.0519 6372.75818445022 1.000129627748783 1.52712905710916 245.9718010735691 0.3116350693235662
0.05200000000000001 6372.786062232265 1.000129198836139 1.527038850529995 245.790595490277 0.3064848446840555
0.0521 6372.813997733473 1.000128770386283 1.526948613235204 245.6090147324247 0.3014010137273933
0.0522 6372.841990974671 1.000128342401157 1.526858345299931 245.4270586646397 0.2963830274352006
0.0523 6372.87004197664 1.000127914882693 1.526768046799198 245.2447271518394 0.2914303370295952
0.0524 6372.898150760117 1.000127487832815 1.526677717807794 245.0620200592424 0.2865423940332686
0.05250000000000001 6372.926317345792 1.000127061253438 1.52658735840038 244.8789372523514 0.2817186503283327
0.0526 6372.954541754315 1.000126635146465 1.526496968651423 244.6954785969527 0.2769585582152252
0.0527 6372.982824006289 1.000126209513796 1.526406548635185 244.5116439591224 0.2722615704713183
0.0528 6373.011164122272 1.000125784357318 1.526316098425765 244.3274332052318 0.2676271404090574
0.0529 6373.039562122783 1.000125359678912 1.526225618097046 244.1428462019129 0.2630547219326063
0.05300000000000001 6373.06801802829 1.000124935480452 1.526135107722751 243.9578828161165 0.2585437695963935
0.0531 6373.096531859223 1.000124511763801 1.526044567376379 243.7725429150477 0.2540937386600858
0.0532 6373.125103635967 1.000124088530817 1.525953997131239 243.5868263662131 0.2497040851458607
0.0533 6373.153733378862 1.00012366578335 1.525863397060441 243.4007330373973 0.2453742658934406
0.0534 6373.182421108206 1.000123243523242 1.525772767236875 243.2142627966626 0.2411037386152177
0.05350000000000001 6373.211166844253 1.00012282175233 1.525682107733238 243.0274155123551 0.2368919619510042
0.0536 6373.239970607215 1.000122400472443 1.525591418622005 242.8401910531046 0.2327383955221263
0.05370000000000001 6373.26883241726 1.0001219796854 1.525500699975458 242.6525892878129 0.2286424999847408
0.0538 6373.297752294514 1.00012155939302 1.525409951865621 242.4646100856597 0.2246037370830286
0.0539 6373.326730259059 1.00012113959711 1.525319174364344 242.2762533161143 0.2206215697019654
0.054 6373.355766330938 1.000120720299473 1.525228367543236 242.0875188489061 0.2166954619186735
0.0541 6373.384860530146 1.000120301501907 1.525137531473662 241.8984065540484 0.2128248790543684
0.05420000000000001 6373.414012876641 1.000119883206202 1.52504666622681 241.7089163018321 0.2090092877251151
0.0543 6373.443223390336 1.000119465414145 1.524955771873576 241.5190479628144 0.205248155891919
0.0544 6373.472492091104 1.000119048127514 1.524864848484675 241.3288014078242 0.2015409529106209
0.0545 6373.501818998774 1.000118631348085 1.524773896130556 241.1381765079685 0.1978871495812078
0.0546 6373.531204133135 1.000118215077626 1.524682914881463 240.9471731346201 0.1942862181962058
0.05470000000000001 6373.560647513934 1.000117799317904 1.524591904807368 240.7557911594298 0.1907376325889477
0.0548 6373.590149160876 1.000117384070676 1.524500865978026 240.5640304543084 0.1872408681806972
0.0549 6373.619709093626 1.000116969337699 1.524409798462934 240.3718908914328 0.1837954020276341
0.055 6373.649327331807 1.000116555120723 1.524318702331351 240.1793723432519 0.1804007128672302
0.0551 6373.679003895003 1.000116141421493 1.5242275776523 239.9864746824804 0.1770562811638095
0.05520000000000001 6373.708738802755 1.000115728241753 1.524136424494531 239.7931977820934 0.1737615891535108
0.0553 6373.738532074564 1.000115315583239 1.524045242926561 239.5995415153319 0.1705161208888446
0.05540000000000001 6373.768383729893 1.000114903447687 1.523954033016651 239.4055057556969 0.1673193622824309
0.0555 6373.798293788161 1.000114491836826 1.5238627948328 239.2110903769557 0.1641708011503139
0.0556 6373.828262268748 1.000114080752384 1.52377152844276 239.0162952531354 0.1610699272544565
0.0557 6373.858289190997 1.000113670196084 1.523680233914023 238.8211202585175 0.1580162323446124
0.0558 6373.888374574209 1.000113260169646 1.523588911313823 238.6255652676435 0.1550092101997567
0.05590000000000001 6373.918518437644 1.000112850674787 1.52349756070912 238.4296301553153 0.1520483566687783
0.056 6373.948720800527 1.000112441713222 1.523406182166625 238.2333147965768 0.1491331697102718
0.0561 6373.978981682038 1.000112033286662 1.523314775752784 238.0366190667559 0.1462631494325649
0.0562 6374.009301101322 1.000111625396816 1.523223341533778 237.839542841405 0.143437798131607
0.0563 6374.039679077486 1.00011121804539 1.523131879575507 237.6420859963426 0.1406566203296993
0.05640000000000001 6374.070115629595 1.000110811234089 1.523040389943611 237.4442484076357 0.1379191228126944
0.0565 6374.100610776676 1.000110404964613 1.522948872703466 237.246029951605 0.1352248146668849
0.0566 6374.131164537721 1.000109999238662 1.522857327920172 237.0474305048141 0.1325732073149883
0.0567 6374.161776931679 1.000109594057934 1.522765755658555 236.8484499440864 0.1299638145518668
0.0568 6374.192447977464 1.000109189424125 1.522674155983181 236.6490881464819 0.1273961525790304
0.05690000000000001 6374.223177693953 1.000108785338929 1.522582528958311 236.4493449893029 0.1248697400388734
0.057 6374.253966099984 1.000108381804038 1.522490874647972 236.2492203501059 0.1223840980483054
0.05710000000000001 6374.284813214355 1.000107978821144 1.522399193115881 236.0487141066959 0.1199387502314784
0.0572 6374.31571905583 1.000107576391936 1.522307484425492 235.8478261371023 0.1175332227516371
0.0573 6374.346683643136 1.000107174518102 1.522215748639983 235.6465563196147 0.1151670443430125
0.0574 6374.377706994962 1.000106773201332 1.522123985822237 235.4449045327473 0.1128397463411789
0.0575 6374.408789129961 1.00010637244331 1.522032196034881 235.2428706552568 0.1105508627133756
0.05760000000000001 6374.439930066747 1.000105972245723 1.521940379340245 235.040454566148 0.1082999300879929
0.0577 6374.4711298239 1.000105572610257 1.521848535800382 234.8376561446506 0.1060864877830493
0.0578 6374.502388419963 1.000105173538594 1.521756665477068 234.6344752702424 0.1039100778345181
0.0579 6374.533705873444 1.00010477503242 1.521664768431802 234.4309118226141 0.101770245023323
0.058 6374.565082202814 1.000104377093418 1.521572844725768 234.2269656817106 0.09966653690247825
0.05810000000000001 6374.596517426508 1.000103979723272 1.521480894419903 234.0226367276954 0.09759850382272327
0.0582 6374.628011562927 1.000103582923664 1.521388917574859 233.8179248409746 0.09556569895809455
0.05830000000000001 6374.659564630435 1.000103186696278 1.521296914250983 233.6128299021729 0.0935676783303276
0.0584 6374.691176647361 1.000102791042796 1.521204884508345 233.4073517921514 0.09160400083299181
0.0585 6374.722847632002 1.000102395964904 1.521112828406736 233.2014903919902 0.08967422825458911
0.05860000000000001 6374.754577602615 1.000102001464283 1.521020746005666 232.9952455829997 0.08777792530125612
0.0587 6374.786366577429 1.000101607542617 1.520928637364357 232.788617246715 0.08591465961860938
0.05880000000000001 6374.818214574631 1.000101214201591 1.52083650254174 232.581605264896 0.08408400181296295
0.0589 6374.850121612381 1.000100821442891 1.520744341596455 232.374209519527 0.08228552547186283
0.059 6374.882087708799 1.0001004292682 1.520652154586888 232.1664298928052 0.08051880718383715
0.0591 6374.914112881977 1.000100037679205 1.520559941571111 231.9582662671527 0.07878342655767172
0.0592 6374.946197149968 1.000099646677594 1.52046770260692 231.7497185252099 0.07707896624084824
0.05930000000000001 6374.978340530794 1.000099256265053 1.520375437751828 231.5407865498422 0.07540501193740204
0.0594 6375.010543042444 1.000098866443271 1.520283147063073 231.3314702241158 0.07376115242486619
0.0595 6375.042804702874 1.000098477213939 1.520190830597582 231.1217694313217 0.07214697957092016
0.0596 6375.075125530005 1.000098088578745 1.520098488412031 230.9116840549694 0.07056208834912094
0.0597 6375.107505541728 1.000097700539383 1.520006120562798 230.7012139787697 0.06900607685387944
0.05980000000000001 6375.139944755899 1.000097313097545 1.519913727105972 230.4903590866578 0.06747854631507753
0.0599 6375.172443190343 1.000096926254925 1.519821308097368 230.27911926277 0.06597910111166334
0.06000000000000001 6375.205000862853 1.000096540013219 1.519728863592524 230.0674943914554 0.06450734878484336
0.0601 6375.237617791189 1.000096154374124 1.519636393646687 229.85548435727 0.06306290005048086
0.0602 6375.270293993081 1.000095769339338 1.519543898314828 229.6430890449768 0.06164536881087551
0.0603 6375.303029486224 1.000095384910561 1.519451377651631 229.4303083395456 0.06025437216588468
0.0604 6375.335824288285 1.000095001089493 1.519358831711521 229.2171421261472 0.05888953042334993
0.06050000000000001 6375.368678416898 1.00009461787784 1.519266260548621 229.0035902901653 0.05755046710898573
0.0606 6375.401591889665 1.000094235277303 1.519173664216796 228.7896527171787 0.0562368089754283
0.0607 6375.43456472416 1.000093853289591 1.519081042769611 228.5753292929611 0.05494818601075746
0.0608 6375.467596937923 1.000093471916411 1.518988396260375 228.3606199034992 0.05368423144647787
0.0609 6375.500688548466 1.000093091159473 1.518895724742126 228.1455244349689 0.05244458176461105
0.06100000000000001 6375.533839573269 1.000092711020488 1.518803028267598 227.9300427737529 0.05122887670440009
0.0611 6375.567050029781 1.000092331501169 1.518710306889297 227.7141748064231 0.05003675926817477
0.0612 6375.600319935424 1.000091952603233 1.518617560659419 227.4979204197465 0.04886787572672807
0.0613 6375.633649307586 1.000091574328395 1.5185247896299 227.2812795006911 0.04772187562406336
0.0614 6375.66703816363 1.000091196678376 1.518431993852414 227.0642519364081 0.04659841178139745
0.06150000000000001 6375.700486520884 1.000090819654895 1.518339173378357 226.8468376142558 0.04549714030076628
0.0616 6375.733994396653 1.000090443259677 1.518246328258873 226.6290364217579 0.04441772056768559
0.06170000000000001 6375.767561808207 1.000090067494445 1.518153458544823 226.4108482466567 0.04335981525368538
0.0618 6375.801188772791 1.000089692360927 1.518060564286815 226.1922729768602 0.04232309031770913
0.0619 6375.834875307618 1.000089317860851 1.51796764553518 225.9733105004833 0.0413072150073835
0.062 6375.868621429876 1.000088943995949 1.517874702340003 225.7539607058064 0.04031186185929924
0.0621 6375.902427156721 1.000088570767954 1.517781734751095 225.534223481311 0.0393367066990675
0.06220000000000001 6375.936292505283 1.000088198178599 1.51768874281803 225.3140987156615 0.0383814286405445
0.0623 6375.970217492662 1.000087826229623 1.517595726590094 225.0935862977002 0.03744571008454015
0.0624 6376.00420213593 1.000087454922764 1.517502686116342 224.8726861164522 0.03652923671700773
0.0625 6376.038246452134 1.000087084259762 1.517409621445568 224.6513980611261 0.03563169750664052
0.0626 6376.072350458291 1.000086714242362 1.517316532626303 224.4297220211078 0.034752784701886
0.06270000000000001 6376.10651417139 1.000086344872308 1.517223419706845 224.2076578859663 0.03389219382745375
0.06280000000000001 6376.140737608394 1.000085976151347 1.517130282735226 223.9852055454425 0.03304962368020648
0.0629 6376.175020786237 1.000085608081229 1.517037121759233 223.76236488946 0.03222477632460088
0.063 6376.20936372183 1.000085240663703 1.516943936826427 223.5391358081082 0.03141735708748039
0.0631 6376.243766432051 1.000084873900523 1.516850727984102 223.3155181916658 0.03062707455249212
0.06320000000000001 6376.278228933757 1.000084507793444 1.516757495279319 223.0915119305768 0.02985364055380602
0.06330000000000001 6376.312751243776 1.000084142344222 1.516664238758898 222.8671169154567 0.02909677016942725
0.0634 6376.347333378909 1.000083777554615 1.516570958469422 222.6423330370925 0.02835618171397503
0.0635 6376.381975355932 1.000083413426385 1.516477654457232 222.4171601864426 0.02763159673095718
0.0636 6376.416677191593 1.000083049961294 1.516384326768442 222.1915982546428 0.0269227399845649
0.06370000000000001 6376.451438902617 1.000082687161105 1.516290975448939 221.9656471329885 0.02622933945090217
0.06380000000000001 6376.486260505701 1.000082325027584 1.516197600544359 221.7393067129464 0.02555112630882598
0.0639 6376.521142017517 1.000081963562498 1.516104202100129 221.512576886137 0.02488783493021832
0.064 6376.556083454712 1.000081602767617 1.516010780161443 221.2854575443702 0.02423920286994502
0.0641 6376.591084833906 1.000081242644711 1.515917334773265 221.0579485796092 0.02360497085514096
0.06420000000000001 6376.626146171696 1.000080883195553 1.51582386598036 220.830049883977 0.02298488277416459
0.06430000000000001 6376.66126748465 1.000080524421916 1.515730373827243 220.6017613497742 0.02237868566513102
0.0644 6376.696448789317 1.000080166325576 1.515636858358226 220.3730828694369 0.02178612970384533
0.0645 6376.731690102217 1.000079808908308 1.515543319617416 220.1440143355907 0.02120696819155239
0.06460000000000001 6376.766991439845 1.000079452171892 1.515449757648678 219.9145556410089 0.02064095754200887
0.06470000000000001 6376.802352818675 1.000079096118106 1.515356172495706 219.6847066786125 0.02008785726824861
0.0648 6376.837774255154 1.000078740748731 1.515262564201953 219.4544673415002 0.01954742996900348
0.0649 6376.873255765704 1.000078386065549 1.515168932810671 219.2238375229239 0.01901944131458852
0.065 6376.908797366726 1.000078032070342 1.515075278364926 218.9928171162836 0.01850366003243641
0.06510000000000001 6376.944399074593 1.000077678764894 1.514981600907569 218.7614060151449 0.01799985789229486
0.06520000000000001 6376.980060905658 1.00007732615099 1.514887900481254 218.5296041132209 0.01750780969096108
0.0653 6377.015782876249 1.000076974230416 1.514794177128433 218.2974113043846 0.0170272932367079
0.0654 6377.051565002669 1.000076623004959 1.514700430891376 218.0648274826507 0.01655808933327993
0.0655 6377.087407301199 1.000076272476404 1.514606661812155 217.8318525422054 0.01609998176362807
0.06560000000000001 6377.123309788097 1.000075922646542 1.514512869932653 217.5984863773709 0.0156527572731603
0.06570000000000001 6377.159272479595 1.000075573517159 1.514419055294565 217.364728882635 0.01521620555277971
0.0658 6377.195295391904 1.000075225090046 1.514325217939404 217.1305799526211 0.0147901192214717
0.0659 6377.231378541215 1.00007487736699 1.514231357908507 216.896039482101 0.01437429380864439
0.066 6377.26752194369 1.000074530349783 1.514137475243023 216.6611073660173 0.01396852773616595
0.06610000000000001 6377.303725615472 1.000074184040215 1.514043569983923 216.4257834994313 0.01357262229995597
0.06620000000000001 6377.339989572681 1.000073838440075 1.513949642172015 216.1900677775756 0.01318638165145918
0.0663 6377.376313831414 1.000073493551153 1.513855691847924 215.9539600958068 0.01280961277865121
0.0664 6377.412698407747 1.00007314937524 1.513761719052126 215.7174603496472 0.01244212548690418
0.0665 6377.449143317731 1.000072805914127 1.513667723824902 215.4805684347492 0.01208373237944752
0.06660000000000001 6377.485648577396 1.000072463169601 1.513573706206398 215.2432842469247 0.01173424883765999
0.06670000000000001 6377.522214202752 1.000072121143455 1.513479666236572 215.0056076821155 0.01139349300100727
0.0668 6377.558840209783 1.000071779837475 1.513385603955253 214.7675386364116 0.01106128574679557
0.0669 6377.595526614454 1.00007143925345 1.513291519402093 214.5290770060504 0.01073745066964979
0.067 6377.632273432709 1.00007109939317 1.513197412616603 214.2902226873938 0.01042181406072112
0.06710000000000001 6377.669080680466 1.00007076025842 1.513103283638138 214.0509755769689 0.01011420488675043
0.06720000000000001 6377.705948373628 1.000070421850986 1.513009132505911 213.8113355714212 0.009814454768789841
0.0673 6377.742876528068 1.000070084172655 1.512914959258988 213.5713025675558 0.009522397960824944
0.0674 6377.779865159647 1.00006974722521 1.51282076393629 213.330876462296 0.009237871328084239
0.0675 6377.816914284197 1.000069411010434 1.5127265465766 213.0900571527189 0.008960714325244455
0.06760000000000001 6377.854023917534 1.000069075530108 1.51263230721857 212.8488445360316 0.008690768974371948
0.06770000000000001 6377.891194075449 1.000068740786013 1.512538045900714 212.607238509583 0.00842787984272292
0.0678 6377.928424773714 1.000068406779928 1.512443762661417 212.3652389708581 0.008171894020347197
0.0679 6377.96571602808 1.000068073513629 1.512349457538944 212.1228458174777 0.007922661097531028
0.06800000000000001 6378.003067854278 1.000067740988891 1.512255130571416 211.8800589471929 0.007680033142074196
0.06810000000000001 6378.040480268016 1.000067409207488 1.51216078179684 211.6368782578965 0.00744386467643281
0.0682 6378.077953284983 1.00006707817119 1.512066411253115 211.3933036476113 0.007214012654693684
0.0683 6378.115486920846 1.000066747881767 1.511972018978005 211.1493350145023 0.006990336439435601
0.0684 6378.153081191253 1.000066418340985 1.511877605009175 210.9049722568583 0.006772697778433696
0.06850000000000001 6378.190736111829 1.000066089550608 1.511783169384167 210.6602152731101 0.006560960781275877
0.06860000000000001 6378.228451698184 1.000065761512398 1.511688712140423 210.4150639618068 0.00635499189582864
0.0687 6378.2662279659 1.000065434228114 1.511594233315274 210.1695182216512 0.006154659884648093
0.0688 6378.304064930544 1.000065107699512 1.511499732945955 209.9235779514642 0.005959835801232093
0.0689 6378.341962607662 1.000064781928344 1.511405211069591 209.6772430501968 0.005770392966222573
0.06900000000000001 6378.37992101278 1.000064456916362 1.511310667723208 209.4305134169302 0.005586206943514047
0.06910000000000001 6378.417940161402 1.000064132665311 1.511216102943759 209.1833889508874 0.005407155516294651
0.0692 6378.456020069013 1.000063809176935 1.511121516768079 208.9358695514155 0.005233118662996638
0.0693 6378.49416075108 1.000063486452973 1.511026909232928 208.6879551179799 0.005063978533195788
0.0694 6378.532362223048 1.000063164495163 1.510932280374972 208.4396455501877 0.004899619423476737
0.06950000000000001 6378.570624500343 1.000062843305235 1.510837630230799 208.1909407477705 0.004739927753222388
0.06960000000000001 6378.60894759837 1.000062522884919 1.510742958836913 207.9418406105955 0.004584792040383755
0.0697 6378.647331532516 1.000062203235939 1.510648266229748 207.6923450386483 0.004434102877198247
0.0698 6378.685776318145 1.000061884360015 1.510553552445647 207.4424539320565 0.004287752905907901
0.0699 6378.724281970607 1.000061566258863 1.510458817520893 207.192167191054 0.004145636794423229
0.07000000000000001 6378.762848505227 1.000061248934193 1.510364061491702 206.9414847160223 0.004007651212020351
0.07010000000000001 6378.801475937315 1.000060932387713 1.510269284394206 206.6904064074555 0.003873694804988232
0.0702 6378.840164282157 1.000060616621124 1.510174486264486 206.4389321659777 0.00374366817230791
0.0703 6378.878913555023 1.000060301636123 1.510079667138558 206.1870618923489 0.003617473841332148
0.0704 6378.917723771163 1.000059987434401 1.509984827052372 205.9347954874414 0.003495016243464897
0.07050000000000001 6378.956594945807 1.000059674017645 1.509889966041841 205.6821328522577 0.00337620168988301
0.07060000000000001 6378.995527094164 1.000059361387536 1.509795084142798 205.4290738879362 0.003260938347278277
0.0707 6379.034520231426 1.00005904954575 1.509700181391043 205.1756184957334 0.003149136213622283
0.0708 6379.073574372766 1.000058738493955 1.509605257822322 204.9217665770242 0.003040707093979866
0.07090000000000001 6379.112689533336 1.000058428233817 1.509510313472332 204.6675180333135 0.00293556457637321
0.07100000000000001 6379.151865728271 1.000058118766992 1.509415348376736 204.4128727662363 0.002833624007692034
0.0711 6379.191102972685 1.000057810095133 1.50932036257114 204.1578306775458 0.002734802469656995
0.0712 6379.230401281674 1.000057502219885 1.509225356091132 203.9023916691193 0.002639018754854031
0.0713 6379.269760670313 1.000057195142887 1.509130328972247 203.6465556429642 0.002546193342837436
0.07140000000000001 6379.309181153661 1.000056888865771 1.509035281249997 203.3903225012062 0.002456248376301194
0.07150000000000001 6379.348662746755 1.000056583390163 1.508940212959861 203.1336921460951 0.002369107637337454
0.0716 6379.388205464615 1.000056278717682 1.508845124137284 202.8766644800047 0.00228469652377838
0.0717 6379.42780932224 1.000055974849939 1.5087500148177 202.6192394054391 0.002202942025630972
0.0718 6379.467474334612 1.000055671788539 1.508654885036498 202.3614168250205 0.002123772701602438
0.07190000000000001 6379.507200516692 1.000055369535078 1.508559734829075 202.1031966415011 0.002047118655734652
0.07200000000000001 6379.546987883425 1.000055068091147 1.508464564230785 201.8445787577397 0.001972911514134312
0.0721 6379.586836449734 1.000054767458326 1.508369373276974 201.5855630767309 0.001901084401830332
0.0722 6379.626746230525 1.000054467638191 1.508274162002977 201.3261495015876 0.001831571919733241
0.0723 6379.666717240684 1.000054168632307 1.508178930444124 201.0663379355527 0.00176431012172393
0.07240000000000001 6379.706749495079 1.000053870442232 1.508083678635724 200.8061282819875 0.001699236491861448
0.07250000000000001 6379.746843008557 1.000053573069516 1.507988406613085 200.5455204443773 0.001636289921725541
0.0726 6379.786997795949 1.0000532765157 1.507893114411514 200.2845143263315 0.001575410687891871
0.0727 6379.827213872065 1.000052980782316 1.507797802066316 200.0231098315779 0.001516540429544506
0.0728 6379.867491251695 1.000052685870888 1.507702469612797 199.7613068639802 0.001459622126236493
0.07290000000000001 6379.907829949615 1.000052391782931 1.507607117086261 199.4991053275024 0.001404600075785477
0.07300000000000001 6379.948229980578 1.000052098519952 1.507511744522017 199.2365051262449 0.001351419872335751
0.0731 6379.988691359316 1.000051806083447 1.507416351955395 198.9735061644436 0.001300028384566498
0.0732 6380.029214100549 1.000051514474903 1.507320939421718 198.7101083464294 0.001250373734050743
0.0733 6380.069798218972 1.000051223695799 1.507225506956326 198.4463115766806 0.001202405273794763
0.07340000000000001 6380.110443729264 1.000050933747602 1.507130054594585 198.1821157597823 0.001156073566924491
0.07350000000000001 6380.151150646084 1.000050644631771 1.50703458237186 197.9175208004552 0.001111330365554109
0.0736 6380.191918984072 1.000050356349754 1.506939090323544 197.6525266035327 0.001068128589817077
0.0737 6380.23274875785 1.000050068902991 1.506843578485045 197.3871330739779 0.001026422307079629
0.0738 6380.273639982019 1.000049782292908 1.506748046891803 197.1213401168783 0.0009861667113284188
0.07390000000000001 6380.314592671164 1.000049496520925 1.506652495579271 196.8551476374336 0.0009473181027387302
0.07400000000000001 6380.355606839848 1.000049211588447 1.506556924582941 196.5885555409853 0.0009098338674328215
0.0741 6380.396682502618 1.000048927496873 1.506461333938317 196.3215637329816 0.0008736724574154626
0.0742 6380.437819673999 1.000048644247588 1.50636572368095 196.0541721190065 0.0008387933707082299
0.07430000000000001 6380.479018368499 1.000048361841966 1.506270093846419 195.7863806047561 0.0008051571316682207
0.07440000000000001 6380.520278600606 1.000048080281371 1.506174444470331 195.5181890960629 0.0007727252715072907
0.0745 6380.561600384788 1.000047799567156 1.506078775588338 195.2495974988773 0.0007414603090023992
0.0746 6380.602983735497 1.000047519700662 1.505983087236118 194.9806057192681 0.0007113257314070513
0.0747 6380.644428667162 1.000047240683218 1.505887379449405 194.7112136634459 0.0006822859755659405
0.07480000000000001 6380.685935194196 1.000046962516142 1.505791652263958 194.4414212377277 0.0006543064092256307
0.07490000000000001 6380.727503330991 1.00004668520074 1.505695905715604 194.1712283485607 0.0006273533125563696
0.075 6380.76913309192 1.000046408738307 1.505600139840184 193.900634902522 0.0006013938598773063
0.0751 6380.810824491337 1.000046133130125 1.505504354673607 193.629640806313 0.0005763961015890037
0.0752 6380.852577543576 1.000045858377462 1.505408550251836 193.3582459667531 0.0005523289463153986
0.07530000000000001 6380.894392262955 1.000045584481578 1.50531272661086 193.086450290792 0.0005291621432580964
0.07540000000000001 6380.936268663768 1.000045311443716 1.50521688378674 192.8142536855092 0.0005068662647614877
0.0755 6380.978206760292 1.000045039265108 1.505121021815592 192.5416560581028 0.0004854126890901763
0.0756 6381.020206566785 1.000044767946975 1.505025140733569 192.2686573158948 0.000464773583422245
0.0757 6381.062268097486 1.000044497490523 1.504929240576901 191.995257366343 0.0004449218870581132
0.07580000000000001 6381.104391366611 1.000044227896945 1.50483332138187 191.7214561170298 0.0004258312948437422
0.07590000000000001 6381.14657638836 1.000043959167423 1.504737383184816 191.4472534756613 0.0004074762408117854
0.076 6381.188823176912 1.000043691303122 1.504641426022137 191.172649350074 0.0003898318820407357
0.0761 6381.231131746427 1.000043424305198 1.504545449930304 190.8976436482225 0.0003728740827311391
0.0762 6381.273502111046 1.000043158174789 1.504449454945842 190.6222362782031 0.0003565793985027426
0.07630000000000001 6381.315934284889 1.000042892913024 1.504353441105345 190.3464271482247 0.0003409250609074481
0.07640000000000001 6381.358428282057 1.000042628521013 1.504257408445485 190.0702161666321 0.0003258889621649113
0.0765 6381.40098411663 1.000042364999856 1.504161357002988 189.793603241906 0.0003114496401162162
0.0766 6381.443601802671 1.000042102350639 1.50406528681466 189.5165882826394 0.0002975862633960956
0.0767 6381.48628135422 1.000041840574431 1.503969197917364 189.2391711975673 0.0002842786168276921
0.07680000000000001 6381.529022785299 1.000041579672289 1.503873090348056 188.9613518955547 0.00027150708703474
0.07690000000000001 6381.57182610991 1.000041319645254 1.503776964143755 188.6831302855848 0.0002592526482734033
0.077 6381.614691342034 1.000041060494355 1.503680819341548 188.4045062767767 0.000247496848484714
0.0771 6381.657618495634 1.000040802220604 1.503584655978609 188.1254797783798 0.0002362217955648084
0.07720000000000001 6381.70060758465 1.000040544824999 1.503488474092193 187.8460506997734 0.0002254101438539549
0.07730000000000001 6381.743658623004 1.000040288308524 1.503392273719611 187.5662189504727 0.0002150450808438171
0.07740000000000001 6381.786771624597 1.000040032672145 1.503296054898284 187.2859844401172 0.0002051103141014744
0.0775 6381.829946603311 1.000039777916818 1.503199817665691 187.0053470784764 0.0001955900584109226
0.0776 6381.873183573007 1.000039524043479 1.503103562059402 186.7243067754556 0.0001864690231305629
0.07770000000000001 6381.916482547523 1.000039271053052 1.503007288117068 186.4428634411023 0.0001777323997658665
0.07780000000000001 6381.959843540682 1.000039018946443 1.502910995876426 186.1610169855702 0.0001693658497551503
0.0779 6382.003266566282 1.000038767724544 1.502814685375294 185.8787673191667 0.0001613554924713105
0.078 6382.046751638102 1.000038517388232 1.502718356651579 185.5961143523354 0.000153687893433834
0.0781 6382.090298769903 1.000038267938367 1.502622009743266 185.3130579956318 0.0001463500527320573
0.07820000000000001 6382.133907975421 1.000038019375793 1.502525644688445 185.0295981597654 0.0001393293936602677
0.07830000000000001 6382.177579268374 1.00003777170134 1.502429261525273 184.74573475557 0.0001326137515597427
0.0784 6382.221312662459 1.00003752491582 1.502332860292013 184.4614676940149 0.0001261913628694823
0.0785 6382.265108171352 1.000037279020029 1.502236441027013 184.1767968862117 0.0001200508543829485
0.0786 6382.308965808708 1.000037034014748 1.502140003768704 183.891722243396 0.0001141812327091037
0.07870000000000001 6382.352885588161 1.000036789900742 1.502043548555622 183.6062436769511 0.0001085718739376634
0.07880000000000001 6382.396867523326 1.000036546678757 1.501947075426382 183.3203610983845 0.0001032125135051488
0.0789 6382.440911627793 1.000036304349525 1.501850584419709 183.0340744193458 9.80932362619906e-005
0.079 6382.485017915134 1.00003606291376 1.501754075574396 182.7473835516261 9.320446673780919e-005
0.0791 6382.529186398901 1.000035822372162 1.501657548929356 182.4602884071409 8.853695960329244e-005
0.07920000000000001 6382.573417092623 1.00003558272541 1.501561004523581 182.1727888979534 8.408179032791074e-005
0.07930000000000001 6382.617710009805 1.000035343974169 1.501464442396162 181.8848849362688 7.983034603044205e-005
0.0794 6382.662065163936 1.000035106119087 1.501367862586299 181.5965764344163 7.577431652087593e-005
0.0795 6382.70648256848 1.000034869160794 1.501271265133263 181.3078633048789 7.190568553263662e-005
0.0796 6382.750962236883 1.000034633099904 1.501174650076444 181.0187454602636 6.821672214166678e-005
0.07970000000000001 6382.795504182564 1.000034397937013 1.501078017455321 180.7292228133314 6.46999723720735e-005
0.07980000000000001 6382.840108418928 1.0000341636727 1.500981367309464 180.4392952769671 6.13482509847577e-005
0.0799 6382.884774959352 1.000033930307526 1.500884699678557 180.1489627642153 5.815463344855792e-005
0.08 6382.929503817192 1.000033697842037 1.500788014602382 179.8582251882507 5.511244809026578e-005
0.08010000000000001 6382.974295005786 1.000033466276758 1.500691312120807 179.5670824623898 5.221526842268502e-005
0.08020000000000001 6383.019148538448 1.000033235612199 1.500594592273806 179.2755345000909 4.945690564795611e-005
0.08030000000000001 6383.06406442847 1.000033005848852 1.500497855101454 178.9835812149485 4.683140133408375e-005
0.0804 6383.109042689122 1.000032776987191 1.500401100643924 178.6912225207105 4.433302026273644e-005
0.0805 6383.154083333652 1.000032549027673 1.5003043289415 178.3984583312612 4.195624344556641e-005
0.08060000000000001 6383.199186375287 1.000032321970735 1.500207540034558 178.1052885606322 3.969576130740537e-005
0.08070000000000001 6383.244351827232 1.000032095816798 1.500110733963572 177.8117131229914 3.754646703360729e-005
0.08080000000000001 6383.289579702668 1.000031870566265 1.500013910769127 177.5177319326602 3.550345007968531e-005
0.0809 6383.334870014754 1.000031646219521 1.499917070491905 177.2233449041022 3.356198984048209e-005
0.081 6383.380222776628 1.000031422776933 1.499820213172684 176.9285519519166 3.171754947685101e-005
0.08110000000000001 6383.425638001407 1.000031200238847 1.499723338852365 176.6333529908565 2.996576989759982e-005
0.08120000000000001 6383.471115702182 1.000030978605597 1.499626447571918 176.3377479358168 2.830246389400704e-005
0.0813 6383.516655892024 1.000030757877493 1.499529539372442 176.0417367018462 2.672361042489679e-005
0.0814 6383.562258583979 1.000030538054828 1.499432614295141 175.7453192041352 2.522534904962037e-005
0.0815 6383.607923791075 1.000030319137879 1.499335672381295 175.4484953580103 2.380397450675346e-005
0.08160000000000001 6383.653651526312 1.000030101126903 1.499238713672316 175.1512650789695 2.245593143626769e-005
0.08170000000000001 6383.699441802671 1.000029884022137 1.499141738209701 174.8536282826407 2.117780924222455e-005
0.0818 6383.745294633108 1.000029667823804 1.499044746035055 174.5555848847997 1.996633709426441e-005
0.0819 6383.791210030557 1.000029452532102 1.498947737190094 174.257134801382 1.881837906515481e-005
0.082 6383.837188007929 1.000029238147217 1.498850711716617 173.9582779484648 1.773092940192929e-005
0.08210000000000001 6383.883228578111 1.000029024669313 1.498753669656543 173.6590142422791 1.670110792846154e-005
0.08220000000000001 6383.929331753969 1.000028812098534 1.498656611051895 173.3593435992037 1.572615557688897e-005
0.0823 6383.975497548344 1.000028600435008 1.498559535944782 173.0592659357652 1.480343004558943e-005
0.0824 6384.021725974056 1.000028389678843 1.498462444377436 172.7587811686379 1.393040158130056e-005
0.0825 6384.068017043898 1.000028179830128 1.498365336392172 172.4578892146618 1.310464888304757e-005
0.08260000000000001 6384.114370770643 1.000027970888935 1.498268212031426 172.1565899908186 1.232385512534027e-005
0.08270000000000001 6384.16078716704 1.000027762855314 1.498171071337725 171.8548834142379 1.158580409848613e-005
0.0828 6384.207266245814 1.000027555729298 1.498073914353703 171.5527694022088 1.088837646358087e-005
0.0829 6384.253808019666 1.000027349510902 1.497976741122084 171.2502478721743 1.022954611977726e-005
0.083 6384.300412501273 1.00002714420012 1.497879551685712 170.9473187417251 9.60737668155365e-006
0.08310000000000001 6384.347079703289 1.000026939796928 1.497782346087528 170.6439819286233 9.020018063717441e-006
0.08320000000000001 6384.393809638345 1.000026736301282 1.497685124370565 170.340237350761 8.465703171649383e-006
0.0833 6384.440602319048 1.000026533713121 1.497587886577962 170.03608492619 7.942744694775983e-006
0.0834 6384.48745775798 1.000026332032362 1.497490632752965 169.7315245731278 7.449532000796472e-006
0.08350000000000001 6384.534375967701 1.000026131258906 1.497393362938913 169.4265562099453 6.984528128436801e-006
0.08360000000000001 6384.581356960744 1.000025931392633 1.497296077179245 169.1211797551613 6.546266876538727e-006
0.08370000000000001 6384.628400749622 1.000025732433403 1.497198775517509 168.8153951274602 6.133349987285591e-006
0.0838 6384.675507346818 1.000025534381058 1.49710145799735 168.5092022456801 5.744444421289361e-006
0.0839 6384.722676764798 1.000025337235422 1.497004124662498 168.2026010288126 5.378279722427856e-006
0.08400000000000001 6384.769909015999 1.000025140996298 1.496906775556802 167.8955913960093 5.03364547026561e-006
0.08410000000000001 6384.817204112833 1.00002494566347 1.496809410724203 167.588173266587 4.709388817918436e-006
0.08420000000000001 6384.864562067691 1.000024751236703 1.49671203020873 167.2803465600103 4.404412113232272e-006
0.0843 6384.911982892938 1.000024557715742 1.496614634054531 166.9721111959037 4.117670601250883e-006
0.0844 6384.959466600914 1.000024365100313 1.496517222305831 166.663467094057 3.848170205871482e-006
0.08450000000000001 6385.007013203936 1.000024173390125 1.496419795006962 166.3544141744195 3.594965388653577e-006
0.08460000000000001 6385.054622714293 1.000023982584863 1.496322352202355 166.0449523570945 3.357157082787411e-006
0.0847 6385.102295144254 1.000023792684197 1.496224893936534 165.7350815623507 3.133890700253891e-006
0.0848 6385.150030506059 1.000023603687775 1.496127420254119 165.4248017106164 2.924354210194193e-006
0.0849 6385.197828811926 1.000023415595226 1.496029931199823 165.1141127224795 2.727776286583865e-006
0.08500000000000001 6385.245690074046 1.000023228406162 1.495932426818455 164.8030145186993 2.543424523315988e-006
0.08510000000000001 6385.293614304587 1.000023042120172 1.49583490715493 164.4915070201831 2.37060371479643e-006
0.0852 6385.341601515692 1.000022856736828 1.495737372254236 164.1795901480035 2.208654200259468e-006
0.0853 6385.389651719476 1.000022672255681 1.495639822161476 163.8672638234046 2.056950269958166e-006
0.0854 6385.437764928032 1.000022488676264 1.495542256921826 163.5545279677903 1.914898631449852e-006
0.08550000000000001 6385.485941153427 1.000022305998091 1.495444676580571 163.2413825027237 1.781936934242103e-006
0.08560000000000001 6385.534180407702 1.000022124220654 1.495347081183084 162.9278273499398 1.657532351076402e-006
0.0857 6385.582482702874 1.000021943343428 1.495249470774819 162.6138624313211 1.541180214140707e-006
0.0858 6385.630848050932 1.000021763365867 1.495151845401335 162.2994876689453 1.43240270459383e-006
0.0859 6385.679276463843 1.000021584287408 1.495054205108268 161.9847029850201 1.330747593704371e-006
0.08600000000000001 6385.727767953546 1.000021406107465 1.494956549941361 161.6695083019544 1.235787034097264e-006
0.08610000000000001 6385.776322531956 1.000021228825436 1.494858879946429 161.3539035422867 1.147116399445772e-006
0.0862 6385.82494021096 1.000021052440697 1.494761195169389 161.0378886287571 1.064353171166168e-006
0.0863 6385.873621002424 1.000020876952606 1.49466349565623 160.7214634842411 9.871358705268379e-007
0.08640000000000001 6385.922364918184 1.000020702360502 1.494565781453046 160.4046280318038 9.151230347723796e-007
0.08650000000000001 6385.971171970051 1.000020528663703 1.494468052606005 160.0873821946697 8.479922357664284e-007
0.08660000000000001 6386.020042169811 1.000020355861508 1.494370309161368 159.7697258962288 7.854391397750631e-007
0.0867 6386.068975529225 1.000020183953198 1.494272551165475 159.4516590600368 7.271766070008047e-007
0.0868 6386.117972060027 1.000020012938033 1.49417477866476 159.1331816098267 6.729338295230743e-007
0.08690000000000001 6386.167031773923 1.000019842815256 1.494076991705734 158.8142934695028 6.224555063228196e-007
0.08700000000000001 6386.216154682596 1.000019673584087 1.493979190334995 158.4949945631232 5.755010541078951e-007
0.08710000000000001 6386.265340797702 1.000019505243729 1.49388137459922 158.1752848149353 5.318438526932054e-007
