0 6365.5 1.000328398271895 1.561987039194843 293.15 13.56237187501011
0.0001 6365.505639529569 1.000328135980405 1.561916517757686 293.1133430578033 13.53160936376218
0.0002 6365.511323958186 1.00032787186632 1.561845967610677 293.0763942717907 13.50066377409084
0.0003 6365.517053304306 1.000327605934795 1.561775388537906 293.0391535220136 13.46953637052116
0.0004 6365.522827586519 1.000327338191015 1.561704780324425 293.0016206876247 13.43822842436899
0.0005 6365.528646823559 1.000327068640201 1.561634142756263 292.9637956468663 13.40674121366331
0.0006000000000000001 6365.534511034293 1.000326797287605 1.561563475620494 292.9256782770939 13.37507602309789
0.0007 6365.540420237729 1.00032652413851 1.561492778705228 292.8872684547645 13.34323414395281
0.0008 6365.546374453005 1.000326249198233 1.561422051799532 292.848566055466 13.31121687404998
0.0009000000000000001 6365.552373699403 1.000325972472122 1.561351294693445 292.8095709538819 13.2790255176543
0.001 6365.558417996334 1.000325693965557 1.56128050717806 292.7702830238267 13.24666138543321
0.0011 6365.564507363347 1.000325413683949 1.561209689045376 292.7307021382457 13.21412579438638
0.0012 6365.570641820124 1.00032513163274 1.561138840088413 292.6908281691975 13.1814200677604
0.0013 6365.576821386479 1.000324847817406 1.561067960101166 292.6506609878896 13.14854553500685
0.0014 6365.583046082361 1.000324562243451 1.560997048878578 292.6102004646544 13.11550353169141
0.0015 6365.589315927849 1.000324274916412 1.560926106216624 292.569446468979 13.08229539944609
0.0016 6365.595630943156 1.000323985841855 1.560855131912193 292.5283988694872 13.04892248588242
0.0017 6365.601991148623 1.000323695025378 1.560784125763171 292.4870575339518 13.01538614452836
0.0018 6365.608396564723 1.00032340247261 1.560713087568403 292.4454223293 12.98168773476004
0.0019 6365.614847212059 1.000323108189209 1.560642017127663 292.4034931216196 12.94782862173293
0.002 6365.62134311136 1.000322812180863 1.56057091424175 292.361269776159 12.91381017630796
0.0021 6365.627884283489 1.000322514453292 1.560499778712384 292.3187521573212 12.8796337749725
0.0022 6365.634470749431 1.000322215012244 1.560428610342242 292.2759401286993 12.84530079979413
0.0023 6365.641102530301 1.000321913863496 1.560357408935007 292.2328335530409 12.81081263831709
0.0024 6365.647779647342 1.000321611012857 1.560286174295248 292.189432292278 12.77617068351056
0.0025 6365.654502121919 1.000321306466164 1.560214906228547 292.1457362075265 12.74137633369277
0.0026 6365.661269975527 1.000321000229282 1.560143604541449 292.101745159075 12.70643099244538
0.0027 6365.668083229783 1.000320692308107 1.560072269041395 292.0574590064138 12.67133606856043
0.0028 6365.674941906427 1.000320382708562 1.560000899536842 292.0128776082232 12.63609297595396
0.0029 6365.681846027327 1.000320071436599 1.559929495837166 291.9680008223739 12.60070313358869
0.003 6365.68879561447 1.0003197584982 1.559858057752735 291.9228285059443 12.56516796541042
0.0031 6365.695790689967 1.000319443899373 1.559786585094797 291.8773605152145 12.52948890026522
0.0032 6365.70283127605 1.000319127646156 1.559715077675684 291.8315967056727 12.49366737182578
0.0033 6365.709917395075 1.000318809744613 1.559643535308569 291.7855369320149 12.45770481851262
0.0034 6365.717049069513 1.000318490200837 1.559571957807673 291.7391810481685 12.42160268343351
0.0035 6365.724226321959 1.000318169020948 1.559500344988065 291.6925289072686 12.38536241428548
0.0036 6365.731449175127 1.000317846211094 1.559428696665831 291.6455803616763 12.34898546328899
0.0037 6365.738717651849 1.000317521777449 1.559357012658089 291.5983352629836 12.31247328711229
0.0038 6365.746031775076 1.000317195726215 1.559285292782788 291.5507934620085 12.27582734678647
0.0039 6365.753391567875 1.000316868063619 1.559213536858893 291.5029548088122 12.23904910763835
0.004 6365.760797053432 1.000316538795917 1.559141744706382 291.4548191526932 12.20214003920478
0.0041 6365.768248255047 1.000316207929389 1.559069916146139 291.4063863421933 12.1651016151558
0.004200000000000001 6365.775745196138 1.000315875470343 1.558998050999997 291.3576562251036 12.12793531321736
0.0043 6365.783287900236 1.000315541425112 1.558926149090762 291.3086286484644 12.09064261508933
0.0044 6365.790876390989 1.000315205800055 1.558854210242225 291.259303458571 12.05322500636762
0.004500000000000001 6365.798510692156 1.000314868601556 1.558782234279156 291.2096805009859 12.0156839764704
0.0046 6365.80619082761 1.000314529836025 1.558710221027276 291.1597596205323 11.97802101855073
0.0047 6365.813916821339 1.000314189509898 1.558638170313245 291.1095406612948 11.94023762941318
0.0048 6365.821688697442 1.000313847629633 1.558566081964763 291.0590234666305 11.90233530943931
0.0049 6365.829506480126 1.000313504201716 1.558493955810443 291.0082078791814 11.86431556251259
0.005 6365.837370193714 1.000313159232656 1.55842179167988 290.9570937408624 11.82617989592536
0.0051 6365.845279862636 1.000312812728986 1.558349589403656 290.9056808928671 11.78792982029888
0.005200000000000001 6365.853235511432 1.000312464697264 1.55827734881335 290.8539691756913 11.74956684951622
0.0053 6365.861237164751 1.000312115144072 1.558205069741471 290.8019584291159 11.71109250062402
0.0054 6365.869284847353 1.000311764076014 1.558132752021568 290.7496484922061 11.67250829374731
0.005500000000000001 6365.877378584101 1.000311411499719 1.558060395488127 290.6970392033417 11.63381575202586
0.0056 6365.885518399969 1.00031105742184 1.557987999976612 290.6441304001986 11.59501640151525
0.0057 6365.893704320036 1.000310701849051 1.557915565323474 290.5909219197673 11.5561117711139
0.005800000000000001 6365.901936369487 1.000310344788049 1.557843091366216 290.5374135983346 11.51710339246378
0.0059 6365.910214573612 1.000309986245556 1.557770577943249 290.4836052715253 11.47799279989415
0.006 6365.918538957805 1.000309626228315 1.557698024893997 290.4294967742666 11.43878153030883
0.0061 6365.926909547567 1.000309264743089 1.557625432058905 290.3750879408175 11.39947112312077
0.006200000000000001 6365.935326368498 1.000308901796667 1.557552799279372 290.3203786047633 11.36006312016045
0.0063 6365.943789446304 1.000308537395856 1.557480126397816 290.2653685990211 11.3205590655927
0.0064 6365.952298806793 1.000308171547488 1.557407413257619 290.2100577558462 11.28096050583324
0.006500000000000001 6365.960854475872 1.000307804258412 1.557334659703257 290.1544459068313 11.24126898946073
0.0066 6365.969456479551 1.000307435535503 1.557261865580067 290.0985328829191 11.20148606713717
0.0067 6365.978104843939 1.000307065385653 1.557189030734528 290.0423185143962 11.16161329151522
0.006800000000000001 6365.986799595245 1.000306693815776 1.557116155014017 289.9858026309047 11.12165221715815
0.006900000000000001 6365.995540759779 1.000306320832807 1.557043238266958 289.9289850614363 11.08160440044693
0.007 6366.004328363947 1.000305946443699 1.556970280342795 289.8718656343443 11.04147139949962
0.0071 6366.013162434253 1.000305570655428 1.556897281091977 289.8144441773555 11.00125477409058
0.007200000000000001 6366.022042997298 1.000305193474987 1.556824240365978 289.7567205175641 10.96095608555695
0.0073 6366.030970079779 1.00030481490939 1.556751158017245 289.6986944814374 10.92057689671331
0.0074 6366.03994370849 1.000304434965669 1.556678033899281 289.6403658948165 10.88011877176203
0.007500000000000001 6366.048963910319 1.000304053650876 1.556604867866588 289.5817345829272 10.8395832762117
0.0076 6366.05803071225 1.000303670972082 1.556531659774684 289.522800370375 10.798971976783
0.0077 6366.06714414136 1.000303286936374 1.556458409480134 289.4635630811621 10.75828644133087
0.007800000000000001 6366.076304224817 1.000302901550862 1.556385116840474 289.4040225386879 10.71752823875412
0.007900000000000001 6366.085510989887 1.000302514822668 1.556311781714399 289.3441785657368 10.67669893889689
0.008 6366.094764463921 1.000302126758937 1.556238403961431 289.2840309845141 10.6358001124824
0.0081 6366.104064674367 1.000301737366828 1.556164983442329 289.2235796166159 10.59483333100196
0.008200000000000001 6366.113411648759 1.000301346653519 1.556091520018689 289.1628242830651 10.55380016664828
0.0083 6366.122805414725 1.000300954626206 1.55601801355333 289.1017648042874 10.51270219220843
0.008400000000000001 6366.13224599998 1.000300561292099 1.555944463909935 289.0404010001292 10.47154098098481
0.008500000000000001 6366.141733432329 1.000300166658427 1.555870870953342 288.9787326898635 10.4303181067079
0.0086 6366.151267739662 1.000299770732434 1.555797234549403 288.9167596921956 10.38903514344882
0.008700000000000001 6366.16084894996 1.00029937352138 1.55572355456497 288.8544818252575 10.34769366552402
0.008800000000000001 6366.170477091289 1.000298975032542 1.555649830867995 288.7918989066196 10.30629524741167
0.0089 6366.180152191801 1.000298575273211 1.555576063327404 288.7290107532907 10.26484146366001
0.009000000000000001 6366.189874279733 1.000298174250695 1.555502251813277 288.6658171817356 10.2233338888074
0.0091 6366.199643383407 1.000297771972315 1.555428396196656 288.6023180078577 10.18177409727886
0.0092 6366.209459531229 1.000297368445408 1.555354496349653 288.5385130470103 10.14016366330205
0.009300000000000001 6366.219322751689 1.000296963677326 1.555280552145403 288.4744021140208 10.09850416083083
0.0094 6366.22923307336 1.000296557675435 1.555206563458184 288.4099850231609 10.056797163434
0.0095 6366.239190524894 1.000296150447113 1.555132530163267 288.3452615881878 10.0150442442302
0.009600000000000001 6366.249195135029 1.000295741999756 1.555058452136978 288.280231622315 9.973246975776659
0.0097 6366.259246932579 1.000295332340769 1.554984329256681 288.2148949382357 9.931406929992429
0.0098 6366.269345946442 1.000294921477573 1.554910161400915 288.1492513481288 9.889525678070008
0.009900000000000001 6366.279492205593 1.0002945094176 1.554835948449161 288.083300663647 9.847604790375595
0.01 6366.289685739085 1.000294096168298 1.554761690281994 288.0170426959465 9.80564583637576
0.0101 6366.299926576053 1.000293681737124 1.554687386781069 287.9504772556574 9.763650384526475
0.0102 6366.310214745705 1.00029326613155 1.554613037829145 287.8836041529188 9.721620002203396
0.0103 6366.320550277327 1.000292849359056 1.554538643309993 287.8164231973736 9.679556255605855
0.0104 6366.330933200281 1.000292431427139 1.554464203108486 287.748934198174 9.637460709668318
0.0105 6366.341363544006 1.000292012343303 1.554389717110541 287.6811369639635 9.595334927957184
0.0106 6366.351841338013 1.000291592115065 1.554315185203191 287.6130313029188 9.553180472604419
0.0107 6366.362366611887 1.000291170749953 1.554240607274528 287.5446170227318 9.510998904204275
0.0108 6366.37293939529 1.000290748255506 1.5541659832137 287.4758939306156 9.468791781724878
0.0109 6366.383559717951 1.000290324639271 1.554091312910965 287.4068618333162 9.426560662423404
0.011 6366.394227609677 1.000289899908808 1.554016596257627 287.3375205371007 9.384307101746794
0.0111 6366.404943100341 1.000289474071684 1.553941833146126 287.2678698477811 9.342032653254247
0.0112 6366.41570621989 1.000289047135478 1.553867023469931 287.1979095707142 9.299738868525216
0.0113 6366.426516998338 1.000288619107778 1.553792167123645 287.1276395108015 9.257427297067505
0.0114 6366.43737546577 1.000288189996179 1.553717264002902 287.0570594724953 9.215099486229029
0.0115 6366.448281652341 1.000287759808287 1.553642314004445 286.9861692597868 9.172756981099065
0.0116 6366.459235588269 1.000287328551715 1.553567317026163 286.9149686762534 9.130401324444888
0.0117 6366.470237303843 1.000286896234084 1.553492272966945 286.8434575250229 9.088034056598957
0.0118 6366.481286829418 1.000286462863025 1.553417181726828 286.7716356087861 9.045656715374573
0.0119 6366.492384195413 1.000286028446174 1.553342043206909 286.6995027298138 9.003270835985042
0.012 6366.503529432315 1.000285592991175 1.553266857309426 286.6270586899512 8.960877950948898
0.0121 6366.514722570673 1.000285156505681 1.553191623937643 286.5543032906238 8.918479590002281
0.0122 6366.5259636411 1.000284718997349 1.553116342995984 286.4812363328491 8.87607728001483
0.0123 6366.537252674273 1.000284280473845 1.553041014389965 286.407857617225 8.833672544891938
0.0124 6366.548589700929 1.00028384094284 1.552965638026129 286.334166943965 8.791266905504568
0.0125 6366.559974751868 1.00028340041201 1.552890213812234 286.2601641128571 8.748861879574765
0.0126 6366.571407857951 1.000282958889039 1.552814741657026 286.1858489233167 8.706458981615878
0.0127 6366.582889050101 1.000282516381614 1.552739221470395 286.1112211743456 8.664059722818561
0.0128 6366.594418359297 1.000282072897429 1.552663653163391 286.036280664567 8.621665610981015
0.0129 6366.605995816579 1.000281628444183 1.552588036648079 285.9610271922378 8.579278150425628
0.013 6366.617621453043 1.000281183029577 1.552512371837679 285.8854605552186 8.536898841892544
0.0131 6366.629295299846 1.000280736661319 1.552436658646497 285.8095805510037 8.494529182466833
0.0132 6366.641017388198 1.000280289347119 1.552360896989967 285.7333869767148 8.4521706654858
0.0133 6366.652787749367 1.000279841094693 1.552285086784566 285.656879629113 8.409824780456479
0.0134 6366.664606414676 1.000279391911759 1.552209227948 285.5800583046047 8.367493012969897
0.0135 6366.676473415503 1.000278941806037 1.552133320398961 285.5029227992299 8.325176844605895
0.0136 6366.688388783279 1.000278490785253 1.55205736405729 285.4254729086855 8.282877752857685
0.0137 6366.700352549488 1.000278038857132 1.551981358843988 285.3477084283258 8.240597211043548
0.0138 6366.712364745668 1.000277586029404 1.551905304681092 285.269629153156 8.198336688215616
0.0139 6366.724425403408 1.000277132309801 1.551829201491798 285.1912348778504 8.156097649081785
0.014 6366.736534554347 1.000276677706054 1.551753049200385 285.1125253967465 8.113881553915007
0.0141 6366.748692230175 1.000276222225898 1.551676847732266 285.0335005038622 8.071689858475592
0.0142 6366.760898462633 1.000275765877069 1.551600597013954 284.9541599928847 8.029524013917904
0.0143 6366.773153283511 1.000275308667302 1.551524296973081 284.8745036571817 7.987385466710052
0.0144 6366.785456724644 1.000274850604336 1.551447947538393 284.7945312898136 7.945275658553744
0.0145 6366.79780881792 1.000274391695906 1.551371548639729 284.7142426835216 7.903196026291957
0.0146 6366.810209595268 1.000273931949751 1.551295100208052 284.6336376307571 7.86114800183868
0.0147 6366.822659088668 1.000273471373607 1.551218602175498 284.5527159236584 7.819133012081013
0.0148 6366.835157330143 1.000273009975212 1.551142054475178 284.471477354074 7.777152478806404
0.0149 6366.847704351761 1.000272547762299 1.551065457041474 284.3899217135567 7.735207818614711
0.015 6366.860300185635 1.000272084742605 1.550988809809776 284.3080487933756 7.693300442839825
0.0151 6366.87294486392 1.000271620923862 1.550912112716661 284.2258583845222 7.651431757468506
0.0152 6366.885638418814 1.000271156313802 1.550835365699747 284.1433502777098 7.609603163056546
0.0153 6366.898380882558 1.000270690920154 1.550758568697809 284.0605242633741 7.567816054645339
0.0154 6366.911172287433 1.000270224750645 1.550681721650765 283.9773801316845 7.526071821684795
0.0155 6366.924012665763 1.000269757813001 1.550604824499582 283.8939176725388 7.484371847947684
0.0156 6366.936902049908 1.000269290114942 1.550527877186394 283.8101366755981 7.442717511464997
0.0157 6366.94984047227 1.000268821664188 1.550450879654428 283.7260369302456 7.401110184423328
0.0158 6366.962827965288 1.000268352468455 1.550373831848022 283.6416182256284 7.359551233103942
0.0159 6366.975864561438 1.000267882535453 1.550296733712654 283.5568803506507 7.318042017798589
0.016 6366.988950293237 1.000267411872891 1.550219585194887 283.4718230939569 7.276583892720125
0.0161 6367.002085193235 1.000266940488471 1.550142386242397 283.3864462439727 7.235178205942457
0.0162 6367.015269294016 1.000266468389894 1.550065136804011 283.3007495888932 7.193826299314771
0.0163 6367.028502628205 1.000265995584852 1.549987836829605 283.2147329166709 7.152529508376392
0.0164 6367.041785228454 1.000265522081036 1.549910486270237 283.1283960150516 7.111289162294883
0.0165 6367.055117127453 1.000265047886127 1.549833085078042 283.0417386715566 7.070106583778876
0.0166 6367.068498357923 1.000264573007805 1.549755633206257 282.9547606734999 7.028983089008432
0.0167 6367.081928952619 1.000264097453741 1.549678130609276 282.8674618079771 6.987919987551759
0.0168 6367.095408944326 1.000263621231602 1.549600577242524 282.7798418618826 6.94691858229646
0.0169 6367.108938365858 1.000263144349045 1.549522973062632 282.6919006219217 6.905980169378283
0.017 6367.122517250064 1.000262666813724 1.549445318027255 282.6036378745811 6.865106038091156
0.0171 6367.136145629817 1.000262188633283 1.549367612095223 282.5150534061876 6.824297470838909
0.0172 6367.149823538022 1.000261709815362 1.549289855226409 282.4261470028554 6.783555743035391
0.0173 6367.16355100761 1.000261230367588 1.549212047381867 282.3369184505331 6.7428821230516
0.0174 6367.17732807154 1.000260750297586 1.549134188523716 282.2473675349919 6.702277872135954
0.0175 6367.191154762797 1.000260269612969 1.549056278615164 282.1574940418199 6.661744244337997
0.0176 6367.205031114391 1.000259788321342 1.548978317620544 282.0672977564572 6.621282486451266
0.0177 6367.218957159361 1.000259306430303 1.548900305505313 281.9767784641548 6.580893837922059
0.0178 6367.232932930766 1.000258823947439 1.548822242235984 281.8859359500219 6.540579530798646
0.0179 6367.24695846169 1.000258340880328 1.548744127780224 281.794769999014 6.50034078965437
0.018 6367.261033785242 1.000257857236539 1.548665962106749 281.7032803959268 6.460178831514146
0.0181 6367.275158934551 1.000257373023631 1.548587745185394 281.6114669254201 6.42009486579452
0.0182 6367.289333942767 1.000256888249153 1.548509476987119 281.5193293720121 6.380090094231228
0.0183 6367.303558843064 1.000256402920642 1.548431157483949 281.4268675200846 6.340165710812568
0.0184 6367.317833668634 1.000255917045627 1.548352786649012 281.3340811538777 6.300322901708274
0.0185 6367.332158452689 1.000255430631623 1.548274364456538 281.2409700575194 6.260562845214224
0.0186 6367.34653322846 1.000254943686135 1.548195890881823 281.1475340150072 6.220886711677365
0.0187 6367.360958029197 1.000254456216659 1.548117365901284 281.0537728102207 6.181295663434005
0.0188 6367.375432888164 1.000253968230674 1.548038789492419 280.9596862269331 6.141790854748606
0.0189 6367.389957838646 1.000253479735651 1.547960161633825 280.8652740487991 6.102373431743246
0.019 6367.404532913942 1.000252990739048 1.54788148230517 280.770536059379 6.063044532342633
0.0191 6367.419158147366 1.000252501248308 1.547802751487193 280.6754720421208 6.023805286202427
0.0192 6367.433833572249 1.000252011270864 1.547723969161744 280.5800817803837 5.984656814655457
0.0193 6367.448559221934 1.000251520814135 1.547645135311738 280.4843650574325 5.945600230646305
0.0194 6367.463335129777 1.000251029885524 1.547566249921198 280.388321656449 5.906636638673829
0.0195 6367.47816132915 1.000250538492425 1.547487312975178 280.2919513605265 5.867767134727147
0.0196 6367.493037853432 1.000250046642214 1.547408324459838 280.1952539526932 5.828992806234221
0.0197 6367.507964736016 1.000249554342254 1.547329284362431 280.0982292158946 5.790314731994416
0.0198 6367.522942010308 1.000249061599895 1.547250192671216 280.0008769329992 5.751733982121392
0.0199 6367.53796970972 1.000248568422469 1.547171049375596 279.9031968868225 5.713251617993625
0.02 6367.553047867675 1.000248074817296 1.547091854466015 279.8051888601148 5.674868692191507
0.0201 6367.568176517603 1.00024758079168 1.547012607933967 279.7068526355791 5.636586248446845
0.0202 6367.583355692946 1.000247086352909 1.54693330977203 279.6081879958537 5.598405321579207
0.0203 6367.598585427148 1.000246591508254 1.54685395997382 279.5091947235409 5.560326937451411
0.0204 6367.613865753663 1.000246096264972 1.54677455853405 279.4098726011902 5.522352112907375
0.0205 6367.629196705952 1.000245600630303 1.546695105448456 279.3102214113154 5.484481855724438
0.0206 6367.644578317477 1.000245104611469 1.546615600713854 279.210240936401 5.446717164561764
0.0207 6367.660010621707 1.000244608215678 1.546536044328098 279.1099309589075 5.40905902890949
0.0208 6367.675493652116 1.000244111450118 1.54645643629008 279.0092912612485 5.371508429027585
0.0209 6367.691027442178 1.000243614321962 1.546376776599787 278.9083216258431 5.334066335914273
0.021 6367.706612025374 1.000243116838363 1.546297065258196 278.8070218350694 5.296733711237613
0.0211 6367.722247435184 1.000242619006459 1.54621730226734 278.7053916713052 5.259511507300938
0.0212 6367.737933705089 1.000242120833367 1.546137487630333 278.6034309169226 5.222400666991395
0.0213 6367.753670868572 1.000241622326188 1.546057621351269 278.5011393542817 5.185402123729408
0.0214 6367.769458959117 1.000241123492003 1.545977703435328 278.3985167657428 5.148516801425414
0.0215 6367.785298010203 1.000240624337875 1.54589773388867 278.2955629336838 5.111745614439401
0.0216 6367.801188055311 1.000240124870847 1.545817712718515 278.1922776404766 5.075089467526412
0.0217 6367.817129127921 1.000239625097944 1.545737639933121 278.0886606685111 5.038549255799862
0.0218 6367.833121261509 1.000239125026169 1.545657515541753 277.9847118001948 5.002125864687143
0.0219 6367.849164489545 1.00023862466251 1.545577339554684 277.8804308179587 4.965820169888144
0.022 6367.865258845499 1.000238124013929 1.545497111983215 277.7758175042576 4.929633037332541
0.0221 6367.881404362835 1.000237623087372 1.545416832839672 277.6708716415759 4.893565323139992
0.0222 6367.897601075011 1.000237121889763 1.545336502137386 277.5655930124275 4.857617873579124
0.0223 6367.913849015481 1.000236620428005 1.545256119890686 277.4599813993735 4.821791525033415
0.0224 6367.930148217691 1.000236118708982 1.545175686114908 277.3540365850107 4.786087103957811
0.0225 6367.94649871508 1.000235616739553 1.545095200826406 277.247758351983 4.750505426844285
0.0226 6367.962900541079 1.00023511452656 1.545014664042516 277.1411464829874 4.715047300186202
0.0227 6367.979353729112 1.000234612076819 1.544934075781578 277.0342007607745 4.67971352044156
0.0228 6367.995858312593 1.000234109397129 1.544853436062915 276.9269209681478 4.644504873997153
0.0229 6368.012414324926 1.000233606494262 1.544772744906849 276.8193068879817 4.609422137139425
0.023 6368.029021799505 1.000233103374972 1.544692002334676 276.7113583032159 4.574466076018373
0.0231 6368.045680769714 1.000232600045987 1.544611208368669 276.6030749968608 4.539637446616267
0.0232 6368.062391268923 1.000232096514015 1.544530363032102 276.4944567519978 4.504936994715332
0.0233 6368.079153330494 1.000231592785739 1.5444494663492 276.385503351791 4.470365455870119
0.0234 6368.095966987772 1.00023108886782 1.544368518345165 276.2762145794817 4.435923555375088
0.0235 6368.112832274092 1.000230584766895 1.544287519046164 276.1665902184053 4.401612008240607
0.0236 6368.129749222772 1.000230080489579 1.544206468479335 276.0566300519803 4.3674315191605
0.0237 6368.146717867117 1.000229576042461 1.544125366672778 275.9463338637373 4.333382782493448
0.0238 6368.163738240418 1.000229071432107 1.544044213655521 275.835701437284 4.299466482225103
0.0239 6368.180810375948 1.00022856666506 1.543963009457567 275.7247325563402 4.26568329195314
0.024 6368.197934306964 1.000228061747836 1.543881754109874 275.6134270047322 4.232033874860354
0.0241 6368.215110066708 1.000227556686929 1.543800447644304 275.5017845663987 4.198518883692353
0.0242 6368.232337688402 1.000227051488806 1.543719090093717 275.3898050253846 4.165138960732627
0.0243 6368.249617205252 1.000226546159911 1.543637681491843 275.2774881658592 4.131894737785649
0.0244 6368.266948650443 1.000226040706662 1.543556221873391 275.1648337721216 4.098786836157276
0.0245 6368.284332057141 1.000225535135452 1.54347471127398 275.0518416285835 4.065815866629182
0.0246 6368.301767458494 1.000225029452647 1.543393149730155 274.9385115197923 4.032982429446445
0.0247 6368.319254887626 1.00022452366459 1.54331153727938 274.8248432304316 4.000287114299057
0.0248 6368.336794377644 1.000224017777595 1.543229873960012 274.7108365453149 3.967730500302744
0.0249 6368.354385961631 1.000223511797952 1.543148159811344 274.5964912493977 3.935313155985869
0.025 6368.372029672648 1.000223005731925 1.543066394873577 274.481807127789 3.903035639277178
0.0251 6368.389725543733 1.000222499585749 1.542984579187795 274.366783965734 3.870898497486188
0.0252 6368.407473607902 1.000221993365636 1.542902712795981 274.2514215486375 3.838902267296226
0.0253 6368.425273898144 1.000221487077768 1.542820795741009 274.1357196620637 3.807047474751692
0.0254 6368.443126447426 1.000220980728301 1.542738828066662 274.0196780917307 3.775334635244731
0.0255 6368.461031288689 1.000220474323367 1.542656809817564 273.9032966235221 3.743764253507781
0.0256 6368.47898845485 1.000219967869064 1.542574741039256 273.7865750434752 3.71233682360064
0.0257 6368.496997978798 1.00021946137147 1.54249262177813 273.6695131378164 3.681052828911288
0.0258 6368.515059893393 1.000218954836631 1.542410452081472 273.5521106929435 3.649912742143232
0.0259 6368.533174231473 1.000218448270565 1.542328231997383 273.4343674954261 3.618917025308749
0.026 6368.551341025845 1.000217941679265 1.542245961574855 273.3162833320106 3.588066129724663
0.0261 6368.569560309288 1.000217435068692 1.542163640863752 273.1978579896271 3.557360496009099
0.0262 6368.587832114552 1.000216928444784 1.542081269914749 273.0790912554124 3.526800554083712
0.0263 6368.606156474357 1.000216421813445 1.541998848779389 272.9599829166808 3.496386723163139
0.0264 6368.624533421395 1.000215915180554 1.541916377510045 272.8405327609356 3.466119411756267
0.0265 6368.642962988325 1.000215408551962 1.541833856159915 272.7207405758871 3.435999017669868
0.0266 6368.661445207777 1.000214901933488 1.541751284783045 272.6006061494526 3.406025928008637
0.0267 6368.679980112346 1.000214395330924 1.541668663434306 272.4801292697501 3.376200519174815
0.0268 6368.6985677346 1.000213888750033 1.541585992169364 272.359309725099 3.346523156870336
0.0269 6368.717208107071 1.000213382196548 1.541503271044703 272.2381473040372 3.31699419610432
0.027 6368.735901262258 1.000212875676175 1.541420500117635 272.1166417953212 3.287613981197113
0.0271 6368.754647232628 1.000212369194587 1.54133767944626 271.9947929879207 3.258382845783938
0.0272 6368.773446050611 1.00021186275743 1.54125480908947 271.8726006710298 3.229301112823858
0.0273 6368.792297748605 1.00021135637032 1.541171889106962 271.7500646340671 3.200369094606834
0.0274 6368.811202358973 1.000210850038843 1.541088919559212 271.6271846666763 3.171587092761828
0.0275 6368.830159914041 1.000210343768553 1.541005900507481 271.5039605587371 3.142955398268654
0.0276 6368.849170446097 1.000209837564977 1.540922832013798 271.3803921003718 3.114474291469378
0.0277 6368.868233987396 1.000209331433611 1.540839714140973 271.2564790819273 3.086144042075282
0.0278 6368.887350570155 1.000208825379921 1.540756546952563 271.132221293993 3.057964909183074
0.0279 6368.906520226552 1.000208319409341 1.540673330512899 271.0076185274123 3.029937141290588
0.028 6368.925742988728 1.000207813527276 1.540590064887067 270.8826705732653 3.002060976306817
0.0281 6368.945018888785 1.0002073077391 1.540506750140895 270.7573772228978 2.974336641573584
0.0282 6368.964347958785 1.000206802050157 1.540423386340923 270.6317382678984 2.946764353876274
0.0283 6368.983730230753 1.000206296465759 1.540339973554503 270.5057535001037 2.919344319462267
0.0284 6369.003165736673 1.000205790991189 1.540256511849632 270.3794227116281 2.892076734065382
0.0285 6369.022654508486 1.000205285631697 1.540173001295081 270.2527456948404 2.864961782919697
0.0286 6369.042196578095 1.000204780392505 1.54008944196033 270.1257222423814 2.837999640783376
0.0287 6369.061791977362 1.000204275278799 1.540005833915555 269.9983521471457 2.811190471955881
0.0288 6369.081440738105 1.00020377029574 1.539922177231665 269.8706352023181 2.784534430307443
0.0289 6369.101142892101 1.000203265448452 1.539838471980265 269.7425712013431 2.758031659295766
0.029 6369.120898471084 1.000202760742032 1.53975471823362 269.6141599379552 2.731682291996118
0.0291 6369.140707506745 1.000202256181544 1.539670916064727 269.4854012061604 2.705486451122543
0.0292 6369.160570030732 1.00020175177202 1.539587065547239 269.3562948002431 2.679444249055001
0.0293 6369.180486074648 1.000201247518461 1.53950316675551 269.2268405147887 2.653555787870975
0.0294 6369.200455670052 1.000200743425837 1.539419219764521 269.0970381446608 2.62782115936849
0.0295 6369.22047884846 1.000200239499085 1.539335224649969 268.9668874850125 2.602240445097311
0.0296 6369.240555641338 1.000199735743113 1.539251181488167 268.8363883313044 2.57681371639215
0.0297 6369.260686080112 1.000199232162795 1.53916709035611 268.7055404792749 2.551541034397582
0.0298 6369.280870196158 1.000198728762973 1.539082951331415 268.5743437249756 2.52642245010664
0.0299 6369.301108020805 1.000198225548458 1.538998764492353 268.4427978647658 2.501458004392199
0.03 6369.32139958534 1.00019772252403 1.538914529917811 268.3109026952883 2.476647728036085
0.0301 6369.341744920998 1.000197219694437 1.538830247687326 268.1786580135112 2.451991641771448
0.0302 6369.362144058969 1.000196717064393 1.538745917881034 268.0460636167039 2.42748975631373
0.0303 6369.382597030392 1.000196214638583 1.538661540579697 267.9131193024554 2.403142072400369
0.0304 6369.403103866359 1.000195712421657 1.538577115864694 267.7798248686676 2.378948580827015
0.0305 6369.423664597915 1.000195210418235 1.538492643817967 267.6461801135559 2.354909262485808
0.0306 6369.444279256052 1.000194708632905 1.538408124522074 267.5121848356611 2.331024088406706
0.0307 6369.464947871717 1.000194207070222 1.538323558060203 267.3778388338368 2.307293019795483
0.0308 6369.485670475804 1.00019370573471 1.538238944516028 267.243141907274 2.283716008078945
0.0309 6369.506447099157 1.00019320463086 1.538154283973888 267.1080938554827 2.260292994943725
0.031 6369.527277772569 1.000192703763132 1.538069576518634 266.9726944783041 2.237023912381213
0.0311 6369.548162526782 1.000192203135952 1.537984822235722 266.8369435759163 2.213908682732307
0.0312 6369.569101392488 1.000191702753716 1.537900021211119 266.7008409488284 2.190947218731025
0.0313 6369.590094400325 1.000191202620787 1.537815173531363 266.5643863978866 2.168139423551056
0.0314 6369.611141580882 1.000190702741496 1.537730279283547 266.427579724268 2.145485190851212
0.0315 6369.632242964693 1.000190203120142 1.537645338555262 266.2904207294986 2.122984404825691
0.0316 6369.653398582239 1.000189703760992 1.537560351434647 266.1529092154473 2.100636940251243
0.0317 6369.674608463949 1.000189204668279 1.537475318010382 266.0150449843317 2.078442662537166
0.0318 6369.695872640198 1.000188705846209 1.537390238371619 265.8768278387123 2.056401427774262
0.03190000000000001 6369.717191141309 1.00018820729895 1.537305112608044 265.7382575814926 2.034513082785638
0.032 6369.738563997547 1.000187709030643 1.537219940809857 265.5993340159424 2.012777465182061
0.0321 6369.759991239127 1.000187211045393 1.537134723067713 265.4600569456746 1.99119440341066
0.0322 6369.781472896206 1.000186713347275 1.537049459472799 265.3204261746627 1.969763716811015
0.0323 6369.803008998887 1.000186215940333 1.536964150116736 265.1804415072346 1.948485215668366
0.0324 6369.824599577218 1.000185718828578 1.536878795091659 265.0401027480851 1.927358701270348
0.0325 6369.84624466119 1.000185222015989 1.536793394490149 264.8994097022636 1.906383965960965
0.0326 6369.867944280742 1.000184725506513 1.536707948405236 264.75836217518 1.885560793198086
0.0327 6369.889698465751 1.000184229304066 1.53662245693043 264.6169599726167 1.864888957612567
0.0328 6369.911507246043 1.000183733412531 1.536536920159669 264.4752029007226 1.84436822506552
0.0329 6369.933370651383 1.000183237835763 1.53645133818733 264.3330907660132 1.823998352707287
0.033 6369.955288711481 1.00018274257758 1.536365711108229 264.1906233753765 1.803779089038025
0.0331 6369.977261455989 1.000182247641773 1.536280039017611 264.0478005360727 1.783710173968217
0.0332 6369.999288914501 1.000181753032098 1.536194322011124 263.9046220557406 1.763791338880756
0.0333 6370.021371116555 1.000181258752284 1.536108560184829 263.7610877423912 1.744022306692145
0.0334 6370.04350809163 1.000180764806023 1.536022753635195 263.6171974044081 1.724402791915296
0.0335 6370.065699869144 1.000180271196981 1.535936902459097 263.4729508505651 1.704932500725467
0.03360000000000001 6370.08794647846 1.000179777928789 1.535851006753786 263.3283478900083 1.685611131022069
0.0337 6370.110247948881 1.000179285005048 1.535765066616898 263.1833883322742 1.666438372496034
0.0338 6370.13260430965 1.00017879242933 1.535679082146458 263.0380719872773 1.647413906693897
0.0339 6370.15501558995 1.000178300205173 1.535593053440833 262.8923986653284 1.628537407086509
0.034 6370.177481818907 1.000177808336086 1.535506980598786 262.746368177105 1.609808539132272
0.0341 6370.200003025585 1.000177316825546 1.535420863719398 262.599980333698 1.591226960351014
0.0342 6370.222579238989 1.000176825677 1.535334702902127 262.4532349465711 1.572792320387092
0.0343 6370.245210488064 1.000176334893865 1.535248498246748 262.306131827584 1.554504261081542
0.0344 6370.267896801693 1.000175844479525 1.535162249853387 262.1586707889982 1.536362416542533
0.0345 6370.290638208699 1.000175354437337 1.535075957822496 262.0108516434597 1.518366413213582
0.0346 6370.313434737845 1.000174864770626 1.534989622254829 261.8626742040104 1.500515869946083
0.0347 6370.336286417832 1.000174375482686 1.534903243251447 261.7141382840945 1.482810398071684
0.03480000000000001 6370.3591932773 1.000173886576781 1.534816820913759 261.5652436975519 1.465249601473869
0.0349 6370.382155344826 1.000173398056148 1.53473035534343 261.4159902586306 1.44783307666224
0.035 6370.405172648929 1.000172909923989 1.534643846642427 261.2663777819629 1.430560412843269
0.0351 6370.428245218062 1.000172422183481 1.534557294913009 261.1164060825948 1.41343119199784
0.0352 6370.451373080619 1.000171934837769 1.534470700257689 260.9660749759745 1.396444988954532
0.03530000000000001 6370.474556264931 1.000171447889968 1.53438406277927 260.815384277946 1.379601371464199
0.0354 6370.497794799266 1.000170961343165 1.534297382580822 260.6643338047733 1.36289990027842
0.0355 6370.521088711829 1.000170475200417 1.534210659765636 260.5129233731103 1.346340129222543
0.0356 6370.544438030763 1.000169989464753 1.534123894437298 260.3611528000428 1.329921605277109
0.0357 6370.567842784149 1.000169504139171 1.534037086699598 260.2090219030346 1.313643868649454
0.0358 6370.591303000003 1.000169019226641 1.53395023665657 260.0565304999813 1.2975064528574
0.0359 6370.614818706279 1.000168534730106 1.533863344412477 259.9036784091862 1.281508884805088
0.036 6370.638389930869 1.000168050652478 1.533776410071795 259.750465449349 1.265650684860682
0.0361 6370.662016701601 1.000167566996641 1.533689433739222 259.5968914395947 1.249931366938864
0.0362 6370.685699046236 1.000167083765451 1.533602415519665 259.4429561994683 1.234350438580015
0.0363 6370.709436992475 1.000166600961737 1.533515355518207 259.2886595489107 1.218907401028144
0.0364 6370.733230567955 1.000166118588299 1.533428253840141 259.1340013082944 1.203601749315248
0.03650000000000001 6370.757079800247 1.000165636647909 1.53334111059094 258.9789812983939 1.188432972339536
0.0366 6370.780984716859 1.000165155143311 1.53325392587626 258.8235993404154 1.173400552949965
0.0367 6370.804945345236 1.000164674077223 1.533166699801896 258.6678552559669 1.158503968025386
0.0368 6370.828961712757 1.000164193452334 1.533079432473866 258.511748867082 1.143742688559274
0.0369 6370.853033846737 1.000163713271307 1.532992123998272 258.3552799962084 1.129116179741405
0.03700000000000001 6370.877161774429 1.000163233536778 1.532904774481414 258.1984484662133 1.11462390104162
0.0371 6370.901345523016 1.000162754251355 1.532817384029727 258.0412541003956 1.10026530629445
0.0372 6370.925585119622 1.000162275417619 1.532729952749772 257.883696722456 1.086039843780307
0.0373 6370.949880591304 1.000161797038127 1.532642480748235 257.7257761565269 1.071946956312451
0.0374 6370.974231965051 1.000161319115409 1.532554968131926 257.5674922271663 1.057986081320985
0.0375 6370.998639267794 1.000160841651967 1.532467415007772 257.4088447593402 1.04415665093619
0.0376 6371.023102526393 1.000160364650278 1.532379821482818 257.2498335784461 1.030458092075806
0.0377 6371.047621767645 1.000159888112793 1.532292187664185 257.090458510307 1.016889826529964
0.0378 6371.072197018282 1.00015941204194 1.532204513659109 256.9307193811659 1.003451271046435
0.0379 6371.096828304972 1.000158936440117 1.532116799574904 256.7706160176793 0.9901418374161798
0.038 6371.121515654317 1.000158461309701 1.53202904551896 256.6101482469416 0.9769609325615986
0.0381 6371.146259092852 1.000157986653042 1.53194125159873 256.4493158964605 0.9639079586210684
0.03820000000000001 6371.171058647048 1.000157512472465 1.53185341792178 256.2881187941874 0.9509823130380882
0.0383 6371.195914343312 1.000157038770272 1.531765544595678 256.1265567684699 0.9381833886444176
0.0384 6371.220826207984 1.000156565548738 1.531677631728075 255.9646296481045 0.9255105737515025
0.0385 6371.245794267338 1.000156092810117 1.531589679426658 255.8023372623019 0.912963252234979
0.0386 6371.270818547585 1.000155620556636 1.531501687799172 255.6396794406982 0.9005408036231385
0.03870000000000001 6371.295899074868 1.0001551487905 1.531413656953365 255.4766560133611 0.888242603185052
0.0388 6371.321035875265 1.000154677513891 1.531325586997024 255.3132668107782 0.8760680220174911
0.0389 6371.346228974791 1.000154206728965 1.531237478037967 255.1495116638565 0.8640164271329247
0.039 6371.371478399394 1.000153736437858 1.531149330184018 254.9853904039409 0.8520871815489127
0.0391 6371.396784174953 1.00015326664268 1.531061143542999 254.8209028628074 0.8402796443758334
0.0392 6371.422146327287 1.000152797345523 1.530972918222722 254.6560488726344 0.8285931709030709
0.0393 6371.447564882146 1.00015232854845 1.53088465433103 254.4908282660493 0.8170271126907936
0.0394 6371.473039865216 1.000151860253506 1.530796351975723 254.3252408760935 0.8055808176558668
0.0395 6371.498571302118 1.000151392462715 1.530708011264574 254.1592865362339 0.7942536301612166
0.0396 6371.524159218405 1.000150925178074 1.530619632305365 253.9929650803691 0.7830448911047856
0.0397 6371.549803639567 1.000150458401565 1.530531215205802 253.8262763428173 0.7719539380073102
0.0398 6371.575504591026 1.000149992135143 1.530442760073585 253.6592201583343 0.7609801051021121
0.03990000000000001 6371.601262098142 1.000149526380745 1.530354267016348 253.4917963620777 0.750122723421375
0.04 6371.627076186207 1.000149061140286 1.530265736141709 253.3240047896546 0.7393811208878547
0.0401 6371.652946880448 1.000148596415661 1.530177167557174 253.1558452770859 0.728754622401137
0.0402 6371.67887420603 1.000148132208744 1.530088561370204 252.9873176608061 0.7182425499262335
0.0403 6371.704858188047 1.000147668521387 1.529999917688236 252.8184217776933 0.7078442225839404
0.04040000000000001 6371.730898851532 1.000147205355427 1.52991123661856 252.6491574650453 0.6975589567377757
0.0405 6371.75699622145 1.000146742712676 1.529822518268426 252.4795245605736 0.687386066082019
0.0406 6371.783150322704 1.000146280594928 1.529733762744994 252.3095229024215 0.6773248617310785
0.0407 6371.80936118013 1.000145819003961 1.529644970155305 252.1391523291576 0.6673746523073024
0.0408 6371.8356288185 1.000145357941529 1.529556140606316 251.9684126797528 0.6575347440276903
0.0409 6371.861953262518 1.000144897409371 1.529467274204886 251.797303793633 0.6478044407949278
0.041 6371.888334536828 1.000144437409205 1.529378371057751 251.6258255106203 0.6381830442817772
0.04110000000000001 6371.914772666005 1.000143977942732 1.529289431271516 251.4539776709684 0.6286698540207851
0.0412 6371.941267674563 1.000143519011635 1.529200454952689 251.2817601153387 0.6192641674904591
0.0413 6371.967819586947 1.000143060617578 1.529111442207631 251.1091726848421 0.6099652802048479
0.0414 6371.994428427542 1.00014260276221 1.529022393142557 250.9362152209795 0.6007724857974459
0.0415 6372.021094220664 1.000142145447158 1.528933307863568 250.7628875656836 0.5916850761103818
0.04160000000000001 6372.047816990569 1.000141688674038 1.528844186476583 250.5891895613007 0.5827023412801764
0.0417 6372.074596761448 1.000141232444444 1.528755029087408 250.415121050591 0.5738235698242415
0.0418 6372.101433557423 1.000140776759957 1.528665835801653 250.2406818767521 0.5650480487283213
0.0419 6372.128327402557 1.000140321622139 1.528576606724792 250.0658718833778 0.5563750635303704
0.042 6372.155278320849 1.000139867032537 1.528487341962108 249.8906909144815 0.5478038984075012
0.04210000000000001 6372.18228633623 1.000139412992684 1.528398041618728 249.7151388145024 0.5393338362616968
0.0422 6372.209351472572 1.000138959504094 1.52830870579959 249.5392154282816 0.5309641588038158
0.0423 6372.236473753681 1.000138506568268 1.528219334609439 249.3629206010741 0.5226941466390335
0.0424 6372.263653203299 1.000138054186692 1.528129928152838 249.1862541785544 0.514523079351651
0.0425 6372.290889845106 1.000137602360836 1.528040486534157 249.009216006811 0.5064502355890115
0.0426 6372.318183702717 1.000137151092156 1.527951009857549 248.8318059323404 0.4984748931451
0.0427 6372.345534799685 1.000136700382095 1.527861498226973 248.6540238020469 0.4905963290440683
0.04280000000000001 6372.372943159502 1.000136250232079 1.527771951746185 248.4758694632368 0.4828138196231388
0.0429 6372.400408805593 1.000135800643523 1.527682370518697 248.2973427636479 0.4751266406166671
0.043 6372.427931761324 1.000135351617826 1.527592754647826 248.1184435513964 0.4675340672362143
0.0431 6372.455512049995 1.000134903156378 1.527503104236645 247.9391716750359 0.4600353742550806
0.0432 6372.483149694846 1.000134455260551 1.527413419387996 247.7595269835045 0.452629836087609
0.04330000000000001 6372.510844719055 1.000134007931707 1.527323700204502 247.5795093261421 0.4453167268711183
0.0434 6372.538597145736 1.000133561171194 1.527233946788524 247.3991185527142 0.4380953205475675
0.0435 6372.566406997943 1.000133114980351 1.527144159242184 247.2183545133706 0.4309648909421425
0.0436 6372.594274298666 1.0001326693605 1.527054337667358 247.0372170586692 0.4239247118440359
0.0437 6372.622199070835 1.000132224312957 1.526964482165662 246.8557060395696 0.4169740570855491
0.0438 6372.650181337319 1.00013177983902 1.526874592838456 246.6738213074276 0.4101122006207312
0.0439 6372.678221120923 1.000131335939982 1.526784669786831 246.4915627140011 0.4033384166039817
0.044 6372.706318444393 1.000130892617121 1.526694713111606 246.3089301114441 0.3966519794676966
0.0441 6372.734473330414 1.000130449871706 1.52660472291333 246.1259233523064 0.3900521639996307
0.0442 6372.762685801609 1.000130007704995 1.526514699292289 245.94254228954 0.3835382454199431
0.0443 6372.790955880542 1.000129566118236 1.526424642348463 245.7587867764754 0.3771094994566576
0.0444 6372.819283589715 1.000129125112667 1.526334552181564 245.5746566668507 0.3707652024224731
0.04450000000000001 6372.847668951571 1.000128684689517 1.526244428890997 245.3901518147885 0.3645046312891281
0.0446 6372.876111988492 1.000128244850004 1.526154272575889 245.2052720748014 0.3583270637622533
0.0447 6372.9046127228 1.000127805595337 1.526064083335057 245.0200173017983 0.3522317783556265
0.0448 6372.933171176758 1.000127366926718 1.525973861267026 244.834387351072 0.3462180544642509
0.0449 6372.961787372568 1.000126928845338 1.525883606470007 244.6483820783059 0.3402851724374338
0.04500000000000001 6372.990461332376 1.000126491352382 1.525793319041899 244.4620013395555 0.3344324136505006
0.0451 6373.019193078266 1.000126054449025 1.525702999080286 244.2752449912726 0.3286590605772157
0.0452 6373.047982632264 1.000125618136433 1.525612646682442 244.0881128902873 0.3229643968602549
0.0453 6373.076830016335 1.000125182415767 1.525522261945325 243.9006048938198 0.3173477073819739
0.0454 6373.105735252391 1.000124747288179 1.52543184496555 243.7127208594569 0.3118082783334596
0.0455 6373.13469836228 1.000124312754815 1.525341395839406 243.5244606451814 0.3063453972845244
0.0456 6373.163719367795 1.000123878816811 1.525250914662871 243.3358241093309 0.3009583532509459
0.04570000000000001 6373.19279829067 1.000123445475301 1.525160401531569 243.146811110645 0.2956464367636222
0.0458 6373.221935152583 1.000123012731408 1.52506985654078 242.957421508212 0.2904089399341587
0.0459 6373.251129975152 1.000122580586252 1.524979279785443 242.7676551615103 0.285245156522463
0.046 6373.28038277994 1.000122149040944 1.524888671360182 242.5775119303911 0.2801543820019634
0.0461 6373.309693588451 1.000121718096593 1.524798031359236 242.3869916750717 0.2751359136244777
0.04620000000000001 6373.339062422134 1.000121287754299 1.524707359876502 242.1960942561303 0.2701890504843835
0.0463 6373.368489302381 1.00012085801516 1.524616657005525 242.0048195345233 0.2653130935826819
0.0464 6373.397974250528 1.000120428880264 1.5245259228395 241.8131673715678 0.2605073458894035
0.0465 6373.427517287853 1.0001200003507 1.524435157471249 241.6211376289533 0.2557711124060478
0.0466 6373.457118435581 1.000119572427548 1.524344360993242 241.428730168724 0.2511037002265385
0.04670000000000001 6373.486777714878 1.000119145111887 1.524253533497568 241.2359448532906 0.2465044185981722
0.0468 6373.516495146858 1.000118718404789 1.524162675075954 241.0427815454244 0.2419725789813663
0.0469 6373.546270752577 1.000118292307323 1.524071785819761 240.8492401082516 0.2375074951086592
0.047 6373.576104553038 1.000117866820555 1.523980865819974 240.6553204052528 0.2331084830430866
0.0471 6373.605996569189 1.000117441945548 1.523889915167192 240.4610223002695 0.2287748612359105
0.0472 6373.635946821924 1.000117017683359 1.523798933951637 240.2663456574918 0.2245059505831659
0.0473 6373.665955332082 1.000116594035046 1.523707922263158 240.0712903414704 0.2203010744819515
0.04740000000000001 6373.696022120447 1.000116171001661 1.523616880191216 239.8758562170932 0.2161595588851533
0.0475 6373.726147207752 1.000115748584255 1.523525807824884 239.6800431496143 0.2120807323565172
0.0476 6373.756330614674 1.000115326783875 1.523434705252841 239.4838510046192 0.208063926123533
0.0477 6373.786572361837 1.000114905601569 1.523343572563394 239.2872796480596 0.2041084741309963
0.0478 6373.816872469815 1.000114485038379 1.52325240984444 239.0903289462007 0.2002137130919406
0.04790000000000001 6373.847230959125 1.000114065095348 1.523161217183481 238.892998765686 0.1963789825401384
0.048 6373.877647850235 1.000113645773517 1.523069994667639 238.6952889734724 0.1926036248791762
0.0481 6373.908123163559 1.000113227073925 1.52297874238362 238.4971994368656 0.1888869854327033
0.0482 6373.938656919461 1.000112808997611 1.522887460417739 238.2987300235021 0.1852284124927999
0.0483 6373.96924913825 1.000112391545612 1.522796148855907 238.0998806013735 0.1816272573682835
0.04840000000000001 6373.999899840186 1.000111974718964 1.522704807783633 237.9006510387902 0.1780828744310839
0.0485 6374.030609045478 1.000111558518704 1.522613437286023 237.7010412043941 0.1745946211626583
0.0486 6374.061376774282 1.000111142945867 1.522522037447769 237.5010509671696 0.1711618581995318
0.0487 6374.092203046705 1.000110728001489 1.522430608353161 237.3006801964147 0.1677839493772708
0.0488 6374.123087882806 1.000110313686606 1.522339150086081 237.0999287617641 0.1644602617745259
0.0489 6374.154031302587 1.000109900002252 1.522247662729995 236.8987965331838 0.1611901657556942
0.049 6374.185033326007 1.000109486949466 1.522156146367963 236.6972833809531 0.1579730350125432
0.04910000000000001 6374.216093972973 1.000109074529282 1.522064601082616 236.4953891756762 0.1548082466054569
0.0492 6374.247213263341 1.00010866274274 1.521973026956205 236.2931137882828 0.1516951810036142
0.0493 6374.27839121692 1.000108251590876 1.521881424070537 236.0904570900215 0.1486332221242065
0.0494 6374.30962785347 1.000107841074731 1.521789792507001 235.8874189524425 0.1456217573706193
0.0495 6374.340923192702 1.000107431195346 1.521698132346597 235.6839992474392 0.1426601776706212
0.04960000000000001 6374.372277254277 1.000107021953762 1.521606443669879 235.4801978472 0.139747877512353
0.0497 6374.403690057811 1.000106613351025 1.521514726556996 235.2760146242271 0.1368842549804193
0.0498 6374.435161622871 1.000106205388178 1.521422981087677 235.0714494513358 0.1340687117908304
0.0499 6374.466691968977 1.00010579806627 1.521331207341221 234.8665022016488 0.1313006533249853
0.05 6374.498281115601 1.000105391386351 1.521239405396522 234.6611727485964 0.12857948866286
0.05010000000000001 6374.529929082168 1.000104985349471 1.521147575332046 234.4554609659102 0.1259046306152383
0.0502 6374.561635888057 1.000104579956686 1.521055717225831 234.2493667276293 0.123275495755219
0.0503 6374.593401552601 1.000104175209052 1.520963831155513 234.0428899080943 0.1206915044486841
0.0504 6374.625226095085 1.000103771107628 1.520871917198277 233.8360303819471 0.118152080883967
0.0505 6374.65710953475 1.000103367653477 1.520779975430916 233.6287880241256 0.1156566531005668
0.0506 6374.689051890791 1.000102964847664 1.520688005929785 233.421162709857 0.1132046530169887
0.0507 6374.721053182358 1.000102562691257 1.520596008770811 233.213154314676 0.1107955164579833
0.05080000000000001 6374.753113428554 1.000102161185327 1.520503984029508 233.0047627144012 0.1084286831804151
0.0509 6374.78523264844 1.000101760330949 1.520411931780977 232.7959877851407 0.1061035968986087
0.051 6374.81741086103 1.000101360129202 1.520319852099873 232.5868294033043 0.1038197053088735
0.0511 6374.849648085296 1.000100960581167 1.520227745060455 232.3772874455734 0.101576460112696
0.0512 6374.881944340165 1.00010056168793 1.520135610736536 232.1673617889254 0.09937331703964755
0.05130000000000001 6374.914299644521 1.00010016345058 1.52004344920152 231.9570523106153 0.09720973586896752
0.0514 6374.946714017202 1.000099765870211 1.519951260528391 231.7463588881877 0.09508518045058977
0.0515 6374.979187477006 1.00009936894792 1.519859044789705 231.5352813994595 0.09299911872499735
0.0516 6375.011720042688 1.000098972684808 1.51976680205761 231.3238197225309 0.09095102274251296
0.0517 6375.044311732957 1.000098577081982 1.519674532403824 231.1119737357802 0.08894036868154388
0.05180000000000001 6375.076962566483 1.000098182140551 1.519582235899638 230.8997433178578 0.08696663686597152
0.0519 6375.109672561895 1.00009778786163 1.519489912615958 230.6871283476856 0.08502931178174157
0.05200000000000001 6375.142441737774 1.000097394246339 1.519397562623227 230.4741287044698 0.08312788209270115
0.0521 6375.175270112667 1.000097001295801 1.519305185991506 230.2607442676643 0.08126184065516127
0.0522 6375.208157705076 1.000096609011144 1.519212782790421 230.0469749170073 0.0794306845322484
0.0523 6375.241104533461 1.000096217393503 1.519120353089199 229.8328205325028 0.07763391500693076
0.0524 6375.274110616243 1.000095826444016 1.519027896956639 229.6182809944206 0.07587103759436439
0.05250000000000001 6375.307175971802 1.000095436163825 1.518935414461132 229.4033561832852 0.07414156205330715
0.0526 6375.340300618479 1.00009504655408 1.518842905670649 229.1880459798866 0.07244500239689442
0.0527 6375.373484574573 1.000094657615934 1.518750370652771 228.9723502652754 0.07078087690243728
0.0528 6375.406727858344 1.000094269350545 1.518657809474642 228.756268920762 0.06914870812044571
0.0529 6375.440030488015 1.000093881759077 1.518565222203029 228.5398018279051 0.06754802288274388
0.05300000000000001 6375.473392481766 1.000093494842701 1.518472608904259 228.3229488685237 0.0659783523099504
0.0531 6375.50681385774 1.000093108602589 1.518379969644281 228.1057099246908 0.0644392318180123
0.0532 6375.540294634042 1.000092723039923 1.518287304488623 227.8880848787279 0.06293020112393805
0.0533 6375.573834828737 1.000092338155889 1.518194613502408 227.6700736132106 0.06145080425081602
0.0534 6375.607434459853 1.000091953951676 1.518101896750388 227.4516760109567 0.06000058953191554
0.05350000000000001 6375.641093545381 1.000091570428482 1.51800915429687 227.2328919550267 0.0585791096140852
0.0536 6375.674812103272 1.00009118758751 1.517916386205795 227.0137213287352 0.0571859214604423
0.05370000000000001 6375.708590151441 1.000090805429967 1.517823592540699 226.7941640156331 0.05582058635209346
0.0538 6375.742427707767 1.000090423957067 1.517730773364726 226.5742198995139 0.05448266988924046
0.0539 6375.77632479009 1.000090043170029 1.517637928740621 226.3538888644133 0.05317174199148269
0.054 6375.810281416215 1.000089663070078 1.517545058730745 226.1331707946036 0.05188737689732628
0.0541 6375.844297603911 1.000089283658446 1.517452163397072 225.9120655745818 0.0506291531629138
0.05420000000000001 6375.878373370908 1.000088904936369 1.517359242801172 225.6905730890989 0.04939665366024525
0.0543 6375.912508734904 1.00008852690509 1.51726629700425 225.4686932231247 0.04818946557428918
0.0544 6375.94670371356 1.000088149565857 1.517173326067125 225.2464258618596 0.04700718039963826
0.0545 6375.9809583245 1.000087772919924 1.517080330050233 225.0237708907524 0.04584939393646244
0.0546 6376.015272585314 1.000087396968551 1.516987309013622 224.8007281954587 0.04471570628543667
0.05470000000000001 6376.049646513559 1.000087021713005 1.516894263016974 224.5772976618645 0.04360572184230789
0.0548 6376.084080126756 1.000086647154556 1.516801192119599 224.3534791760866 0.04251904929163102
0.0549 6376.11857344239 1.000086273294483 1.516708096380427 224.1292726244664 0.04145530159978392
0.055 6376.153126477913 1.000085900134069 1.516614975858033 223.9046778935639 0.04041409600730055
0.0551 6376.187739250745 1.000085527674604 1.516521830610599 223.679694870158 0.03939505402055725
0.05520000000000001 6376.222411778269 1.000085155917381 1.516428660695979 223.4543234412521 0.03839780140281536
0.0553 6376.257144077837 1.000084784863703 1.516335466171634 223.2285634940566 0.03742196816449749
0.05540000000000001 6376.291936166768 1.000084414514876 1.516242247094674 223.0024149160066 0.03646718855297045
0.0555 6376.326788062346 1.000084044872213 1.516149003521858 222.7758775947499 0.03553310104155229
0.0556 6376.361699781824 1.000083675937031 1.516055735509584 222.5489514181471 0.03461934831793793
0.0557 6376.396671342421 1.000083307710654 1.515962443113911 222.3216362742659 0.03372557727197471
0.0558 6376.431702761324 1.000082940194413 1.515869126390538 222.0939320513925 0.03285143898289004
0.05590000000000001 6376.466794055692 1.000082573389642 1.515775785394805 221.8658386380024 0.03199658870575018
0.056 6376.501945242645 1.000082207297681 1.515682420181745 221.6373559228076 0.03116068585761239
0.0561 6376.537156339276 1.000081841919879 1.515589030806007 221.4084837947033 0.03034339400270591
0.0562 6376.572427362647 1.000081477257586 1.515495617321937 221.1792221427917 0.02954438083732389
0.0563 6376.607758329788 1.000081113312159 1.515402179783528 220.9495708563758 0.02876331817403014
0.05640000000000001 6376.643149257697 1.000080750084962 1.515308718244448 220.7195298249716 0.02799988192536406
0.0565 6376.67860016334 1.000080387577362 1.515215232758028 220.4890989382901 0.02725375208689115
0.0566 6376.714111063656 1.000080025790733 1.515121723377288 220.2582780862375 0.02652461271977303
0.0567 6376.749681975551 1.000079664726454 1.515028190154912 220.0270671589209 0.02581215193282039
0.0568 6376.785312915902 1.000079304385908 1.514934633143254 219.7954660466365 0.02511606186396541
0.05690000000000001 6376.821003901557 1.000078944770485 1.514841052394383 219.5634746398818 0.02443603866129228
0.057 6376.856754949332 1.000078585881578 1.514747447960028 219.331092829343 0.02377178246349042
0.05710000000000001 6376.892566076015 1.000078227720586 1.514653819891611 219.0983205059018 0.02312299737986532
0.0572 6376.928437298365 1.000077870288914 1.514560168240256 218.865157560629 0.02248939146982974
0.0573 6376.964368633111 1.000077513587969 1.514466493056771 218.6316038847784 0.02187067672192102
0.0574 6377.000360096953 1.000077157619166 1.514372794391663 218.3976593698052 0.02126656903241542
0.0575 6377.036411706563 1.000076802383922 1.514279072295161 218.1633239073416 0.02067678818337679
0.05760000000000001 6377.072523478584 1.000076447883661 1.514185326817176 217.9285973892032 0.02010105782034007
0.0577 6377.108695429632 1.000076094119808 1.514091558007331 217.6934797073949 0.01953910542955738
0.0578 6377.144927576292 1.000075741093796 1.513997765914977 217.4579707541046 0.01899066231478908
0.0579 6377.181219935123 1.00007538880706 1.513903950589158 217.2220704217037 0.01845546357369517
0.058 6377.217572522655 1.000075037261041 1.513810112078656 216.9857786027409 0.01793324807380934
0.05810000000000001 6377.253985355394 1.000074686457182 1.513716250431959 216.7490951899421 0.01742375842813273
0.0582 6377.290458449813 1.000074336396931 1.513622365697292 216.5120200762166 0.01692674097035585
0.05830000000000001 6377.326991822362 1.000073987081741 1.513528457922608 216.2745531546451 0.01644194572966911
0.0584 6377.363585489463 1.000073638513067 1.513434527155582 216.0366943184916 0.01596912640525972
0.0585 6377.40023946751 1.000073290692368 1.513340573443641 215.7984434611857 0.0155080403403957
0.05860000000000001 6377.436953772871 1.000072943621108 1.513246596833926 215.55980047634 0.01505844849623833
0.0587 6377.473728421887 1.000072597300752 1.513152597373349 215.3207652577329 0.0146201154252527
0.05880000000000001 6377.510563430873 1.000072251732771 1.513058575108554 215.0813376993259 0.01419280924436429
0.0589 6377.547458816118 1.000071906918637 1.51296453008593 214.8415176952343 0.0137763016077175
0.059 6377.584414593885 1.000071562859826 1.512870462351636 214.6013051397507 0.01337036767923045
0.0591 6377.621430780409 1.000071219557817 1.512776371951565 214.3606999273392 0.0129747861048041
0.0592 6377.658507391904 1.000070877014092 1.512682258931387 214.1197019526234 0.01258933898424355
0.05930000000000001 6377.695644444553 1.000070535230135 1.512588123336533 213.8783111104043 0.01221381184295766
0.0594 6377.732841954517 1.000070194207433 1.512493965212196 213.6365272956426 0.01184799360334147
0.0595 6377.770099937929 1.000069853947475 1.512399784603346 213.3943504034586 0.01149167655593946
0.0596 6377.807418410901 1.000069514451754 1.512305581554722 213.1517803291439 0.0111446563303865
0.0597 6377.844797389516 1.000069175721763 1.512211356110849 212.9088169681439 0.01080673186607637
0.05980000000000001 6377.882236889834 1.000068837758997 1.512117108316023 212.6654602160814 0.01047770538267123
0.0599 6377.919736927889 1.000068500564955 1.512022838214338 212.4217099687211 0.0101573823503206
0.06000000000000001 6377.957297519693 1.000068164141136 1.511928545849671 212.1775661219989 0.009845571459772102
0.0601 6377.99491868123 1.000067828489042 1.511834231265676 211.9330285720047 0.009542084592229563
0.0602 6378.032600428463 1.000067493610173 1.51173989450584 211.6880972149937 0.009246736789072261
0.0603 6378.070342777328 1.000067159506035 1.511645535613418 211.4427719473691 0.008959346221369468
0.0604 6378.10814574374 1.000066826178132 1.51155115463148 211.1970526656877 0.008679734159267261
0.06050000000000001 6378.146009343588 1.00006649362797 1.511456751602899 210.9509392666777 0.008407724941238832
0.0606 6378.183933592737 1.000066161857056 1.511362326570374 210.7044316472092 0.008143145943143276
0.0607 6378.221918507029 1.000065830866897 1.511267879576393 210.4575297043119 0.007885827547210206
0.0608 6378.259964102283 1.000065500659001 1.511173410663282 210.2102333351635 0.007635603110872977
0.0609 6378.298070394292 1.000065171234876 1.511078919873194 209.962542437101 0.007392308935517949
0.06100000000000001 6378.33623739883 1.00006484259603 1.51098440724808 209.7144569076035 0.007155784235104733
0.0611 6378.374465131645 1.000064514743973 1.510889872829738 209.4659766443095 0.006925871104731891
0.0612 6378.412753608461 1.000064187680212 1.510795316659811 209.2171015450057 0.006702414489093381
0.0613 6378.451102844981 1.000063861406256 1.510700738779751 208.9678315076261 0.006485262150876068
0.0614 6378.489512856883 1.000063535923612 1.510606139230875 208.7181664302588 0.006274264639100704
0.06150000000000001 6378.527983659827 1.000063211233787 1.51051151805432 208.4681062111275 0.006069275257390438
0.0616 6378.566515269443 1.000062887338287 1.510416875291087 208.2176507486219 0.005870150032235883
0.06170000000000001 6378.605107701345 1.000062564238617 1.510322210982031 207.9667999412553 0.005676747681167785
0.0618 6378.643760971122 1.000062241936282 1.510227525167841 207.715553687707 0.005488929580971424
0.0619 6378.682475094339 1.000061920432784 1.510132817889092 207.463911886798 0.005306559735832397
0.062 6378.72125008654 1.000061599729625 1.510038089186187 207.211874437491 0.005129504745494609
0.0621 6378.760085963248 1.000061279828304 1.509943339099422 206.9594412388909 0.004957633773419329
0.06220000000000001 6378.798982739962 1.000060960730318 1.509848567668957 206.7066121902443 0.004790818514953907
0.0623 6378.83794043216 1.000060642437165 1.509753774934813 206.4533871909574 0.004628933165529906
0.0624 6378.876959055298 1.000060324950336 1.509658960936893 206.1997661405607 0.004471854388853161
0.0625 6378.916038624811 1.000060008271324 1.509564125714975 205.9457489387263 0.004319461285164313
0.0626 6378.95517915611 1.000059692401617 1.509469269308728 205.6913354852862 0.004171635359540202
0.06270000000000001 6378.994380664585 1.000059377342701 1.509374391757705 205.4365256801965 0.004028260490214841
0.06280000000000001 6379.033643165605 1.000059063096059 1.509279493101349 205.1813194235668 0.003889222896998084
0.0629 6379.072966674518 1.000058749663172 1.509184573378982 204.9257166156311 0.003754411109727154
0.063 6379.11235120665 1.000058437045515 1.509089632629847 204.669717156777 0.003623715936825363
0.0631 6379.151796777304 1.000058125244563 1.508994670893067 204.413320947522 0.003497030433913958
0.06320000000000001 6379.191303401764 1.000057814261785 1.508899688207676 204.1565278885317 0.003374249872535188
0.06330000000000001 6379.23087109529 1.000057504098647 1.508804684612621 203.8993378806134 0.003255271708959683
0.0634 6379.270499873123 1.00005719475661 1.508709660146743 203.6417508246985 0.003139995553093185
0.0635 6379.310189750484 1.000056886237133 1.508614614848813 203.3837666218545 0.003028323137508399
0.0636 6379.349940742569 1.000056578541669 1.508519548757509 203.1253851733026 0.002920158286596188
0.06370000000000001 6379.389752864555 1.000056271671667 1.508424461911437 202.8666063803938 0.00281540688582362
0.06380000000000001 6379.429626131599 1.000055965628571 1.508329354349114 202.6074301446096 0.00271397685113452
0.0639 6379.469560558834 1.00005566041382 1.508234226108993 202.3478563675789 0.002615778098494581
0.064 6379.509556161376 1.000055356028848 1.50813907722946 202.0878849510549 0.002520722513564669
0.0641 6379.549612954318 1.000055052475084 1.508043907748823 201.8275157969327 0.002428723921540949
0.06420000000000001 6379.589730952731 1.000054749753953 1.507948717705333 201.5667488072494 0.002339698057144609
0.06430000000000001 6379.629910171667 1.00005444786687 1.507853507137188 201.3055838841659 0.002253562534768652
0.0644 6379.670150626157 1.00005414681525 1.507758276082505 201.0440209299794 0.002170236818803906
0.0645 6379.710452331212 1.000053846600497 1.507663024579376 200.7820598471229 0.002089642194135035
0.06460000000000001 6379.750815301819 1.000053547224011 1.50756775266582 200.5197005381773 0.002011701736820017
0.06470000000000001 6379.791239552948 1.000053248687186 1.507472460379821 200.2569429058357 0.001936340284941046
0.0648 6379.831725099547 1.000052950991409 1.507377147759311 199.9937868529449 0.001863484409669246
0.0649 6379.872271956543 1.000052654138061 1.507281814842179 199.7302322824702 0.001793062386502639
0.065 6379.912880138843 1.000052358128513 1.507186461666281 199.4662790975184 0.00172500416672209
0.06510000000000001 6379.953549661335 1.000052062964133 1.507091088269431 199.2019272013207 0.001659241349041582
0.06520000000000001 6379.994280538884 1.000051768646279 1.506995694689409 198.937176497256 0.001595707151479748
0.0653 6380.035072786333 1.000051475176303 1.506900280963975 198.6720268888333 0.001534336383435868
0.0654 6380.07592641851 1.000051182555548 1.506804847130857 198.4064782796858 0.001475065417988932
0.0655 6380.116841450218 1.000050890785351 1.506709393227749 198.1405305735824 0.00141783216442456
0.06560000000000001 6380.157817896241 1.000050599867039 1.506613919292329 197.8741836744342 0.001362576040988133
0.06570000000000001 6380.198855771343 1.000050309801934 1.506518425362258 197.6074374862704 0.001309237947863874
0.0658 6380.239955090267 1.000050020591345 1.506422911475184 197.3402919132622 0.001257760240399754
0.0659 6380.281115867737 1.000049732236575 1.50632737766874 197.0727468597105 0.001208086702564485
0.066 6380.322338118454 1.00004944473892 1.506231823980538 196.8048022300467 0.001160162520650216
0.06610000000000001 6380.363621857101 1.000049158099664 1.506136250448188 196.5364579288438 0.00111393425722378
0.06620000000000001 6380.404967098339 1.000048872320084 1.506040657109308 196.2677138607991 0.001069349825322506
0.0663 6380.446373856808 1.000048587401446 1.505945044001494 195.9985699307457 0.001026358462908292
0.0664 6380.487842147131 1.000048303345009 1.50584941116235 195.729026043647 0.0009849107075745487
0.0665 6380.529371983908 1.000048020152021 1.505753758629481 195.4590821045962 0.0009449583715129759
0.06660000000000001 6380.57096338172 1.000047737823719 1.505658086440499 195.1887380188226 0.0009064545167426977
0.06670000000000001 6380.612616355125 1.000047456361332 1.505562394633016 194.9179936916856 0.0008693534306016569
0.0668 6380.654330918665 1.000047175766079 1.505466683244658 194.6468490286746 0.0008336106015054668
0.0669 6380.696107086858 1.000046896039167 1.505370952313072 194.3753039354209 0.0007991826949764878
0.067 6380.737944874203 1.000046617181795 1.505275201875905 194.1033583176799 0.0007660275299399358
0.06710000000000001 6380.779844295177 1.000046339195149 1.505179431970826 193.8310120813488 0.0007341040552974765
0.06720000000000001 6380.82180536424 1.000046062080405 1.50508364263553 193.5582651324374 0.0007033723267698838
0.0673 6380.863828095829 1.000045785838729 1.504987833907718 193.2851173771149 0.000673793484025122
0.0674 6380.905912504361 1.000045510471276 1.504892005825125 193.011568721657 0.000645329728073033
0.0675 6380.948058604232 1.000045235979187 1.504796158425522 192.737619072493 0.0006179442989507593
0.06760000000000001 6380.99026640982 1.000044962363595 1.504700291746681 192.4632683361705 0.000591601453680058
0.06770000000000001 6381.032535935479 1.00004468962562 1.504604405826435 192.1885164193849 0.000566266444513387
0.0678 6381.074867195545 1.00004441776637 1.504508500702619 191.9133632289558 0.0005419054974578011
0.0679 6381.117260204333 1.000044146786942 1.504412576413121 191.6378086718327 0.0005184857910858515
0.06800000000000001 6381.159714976138 1.00004387668842 1.504316632995868 191.3618526551012 0.0004959754356311696
0.06810000000000001 6381.202231525233 1.000043607471876 1.504220670488815 191.0854950859888 0.0004743434523694367
0.0682 6381.24480986587 1.000043339138369 1.504124688929954 190.808735871847 0.0004535597532835284
0.0683 6381.287450012283 1.000043071688949 1.50402868835733 190.5315749201576 0.000433595121017135
0.0684 6381.330151978685 1.000042805124648 1.503932668809029 190.2540121385499 0.0004144211891158118
0.06850000000000001 6381.372915779265 1.000042539446489 1.503836630323181 189.9760474347776 0.0003960104225519793
0.06860000000000001 6381.415741428196 1.000042274655482 1.503740572937956 189.6976807167242 0.000378336098539173
0.0687 6381.458628939627 1.00004201075262 1.503644496691599 189.4189118924272 0.0003613722876341602
0.0688 6381.501578327685 1.000041747738889 1.50354840162237 189.1397408700481 0.0003450938351224422
0.0689 6381.544589606482 1.000041485615257 1.503452287768612 188.8601675578665 0.0003294763426919671
0.06900000000000001 6381.587662790103 1.000041224382679 1.503356155168708 188.5801918643277 0.0003144961503957905
0.06910000000000001 6381.630797892617 1.000040964042098 1.503260003861101 188.2998136979894 0.0003001303188945998
0.0692 6381.673994928069 1.000040704594442 1.503163833884292 188.019032967551 0.0002863566119889008
0.0693 6381.717253910482 1.000040446040625 1.503067645276842 187.7378495818656 0.0002731534794342273
0.0694 6381.760574853863 1.000040188381548 1.502971438077368 187.4562634498928 0.0002605000400370241
0.06950000000000001 6381.803957772193 1.000039931618096 1.502875212324556 187.174274480746 0.0002483760650375588
0.06960000000000001 6381.847402679435 1.000039675751143 1.502778968057154 186.8918825836744 0.0002367619617711139
0.0697 6381.890909589531 1.000039420781544 1.502682705313972 186.6090876680513 0.0002256387576099522
