#theta R n z T P_w
0 6365.5 1.000273639275506 1.560324351282931 288.15 0.1705172836105207
0.0001 6365.506698014227 1.000273461938416 1.560241133654543 288.1064629075221 0.1700398244844957
0.0002 6365.513449013707 1.000273283289938 1.560157907972174 288.0625814109043 0.1695597770071383
0.0003 6365.520253003829 1.000273103332054 1.560074674163312 288.0183554751137 0.1690771663476739
0.0004 6365.52710999003 1.000272922066758 1.559991432155823 287.9737850648042 0.1685920177808206
0.0005 6365.534019977797 1.000272739496061 1.55990818187769 287.9288701443223 0.1681043566849476
0.0006000000000000001 6365.540982972662 1.000272555621987 1.559824923257246 287.8836106776952 0.1676142085400336
0.0007 6365.547998980209 1.000272370446574 1.559741656223048 287.8380066286426 0.1671215989258756
0.0008 6365.555068006065 1.000272183971875 1.55965838070387 287.7920579605769 0.1666265535201625
0.0009000000000000001 6365.562190055908 1.000271996199956 1.559575096628713 287.7457646365973 0.1661290980964777
0.001 6365.56936513546 1.000271807132897 1.559491803926921 287.6991266195072 0.1656292585225506
0.0011 6365.576593250494 1.000271616772794 1.559408502527938 287.6521438717908 0.1651270607580565
0.0012 6365.583874406826 1.000271425121755 1.559325192361483 287.604816355631 0.1646225308528554
0.0013 6365.591208610323 1.000271232181902 1.559241873357538 287.557144032903 0.1641156949449712
0.0014 6365.598595866893 1.000271037955373 1.559158545446285 287.5091268651926 0.1636065792588163
0.0015 6365.606036182498 1.000270842444319 1.55907520855806 287.4607648137661 0.1630952101029083
0.0016 6365.61352956314 1.000270645650904 1.55899186262349 287.4120578395886 0.1625816138680849
0.0017 6365.621076014871 1.000270447577307 1.558908507573385 287.3630059033411 0.1620658170257104
0.0018 6365.628675543787 1.00027024822572 1.55882514333876 287.3136089653857 0.1615478461253167
0.0019 6365.636328156033 1.00027004759835 1.558741769850819 287.2638669857887 0.1610277277928641
0.002 6365.644033857796 1.000269845697417 1.558658387041002 287.2137799243268 0.1605054887288073
0.0021 6365.651792655312 1.000269642525155 1.558574994840936 287.1633477404752 0.1599811557059728
0.0022 6365.65960455486 1.000269438083813 1.558491593182386 287.1125703934075 0.1594547555675562
0.0023 6365.667469562768 1.000269232375652 1.558408181997415 287.0614478420079 0.1589263152252375
0.0024 6365.675387685406 1.000269025402947 1.558324761218225 287.0099800448587 0.1583958616570469
0.0025 6365.683358929191 1.000268817167989 1.558241330777171 286.9581669602588 0.1578634219055327
0.0026 6365.691383300586 1.00026860767308 1.558157890606817 286.9060085461937 0.1573290230754377
0.0027 6365.699460806096 1.000268396920537 1.558074440639965 286.8535047603767 0.1567926923321027
0.0028 6365.707591452275 1.000268184912689 1.557990980809529 286.8006555602141 0.1562544568990759
0.0029 6365.715775245717 1.000267971651882 1.557907511048652 286.7474609028399 0.1557143440564467
0.003 6365.724012193065 1.000267757140473 1.557824031290638 286.6939207450749 0.1551723811383917
0.0031 6365.732302301007 1.000267541380833 1.557740541468919 286.6400350434564 0.1546285955314423
0.0032 6365.74064557627 1.000267324375346 1.557657041517173 286.5858037542433 0.1540830146725048
0.0033 6365.749042025633 1.000267106126412 1.55757353136925 286.5312268333877 0.1535356660465238
0.0034 6365.757491655912 1.000266886636441 1.557490010959118 286.4763042365693 0.1529865771847967
0.0035 6365.765994473973 1.000266665907861 1.55740648022094 286.4210359191783 0.1524357756627511
0.0036 6365.774550486722 1.000266443943107 1.557322939089084 286.3654218363093 0.1518832890978398
0.0037 6365.783159701109 1.000266220744634 1.557239387498029 286.309461942791 0.1513291451477879
0.0038 6365.791822124132 1.000265996314907 1.557155825382443 286.2531561931445 0.1507733715081317
0.0039 6365.800537762829 1.000265770656405 1.557072252677184 286.1965045416131 0.1502159959104628
0.004 6365.809306624283 1.00026554377162 1.556988669317217 286.1395069421623 0.1496570461203746
0.0041 6365.818128715619 1.000265315663057 1.556905075237736 286.0821633484737 0.1490965499353517
0.004200000000000001 6365.827004044009 1.000265086333235 1.556821470374044 286.0244737139395 0.1485345351826583
0.0043 6365.835932616666 1.000264855784688 1.556737854661621 285.9664379916738 0.1479710297174001
0.0044 6365.844914440844 1.000264624019959 1.556654228036105 285.908056134513 0.1474060614204692
0.004500000000000001 6365.853949523845 1.000264391041608 1.556570590433309 285.8493280950096 0.1468396581964315
0.0046 6365.863037873009 1.000264156852205 1.556486941789189 285.7902538254383 0.1462718479715291
0.0047 6365.872179495724 1.000263921454337 1.556403282039836 285.730833277796 0.145702658691625
0.0048 6365.881374399417 1.000263684850601 1.556319611121545 285.67106640379 0.1451321183200358
0.0049 6365.890622591559 1.000263447043608 1.556235928970724 285.6109531548672 0.14456025483576
0.005 6365.899924079664 1.000263208035982 1.556152235523929 285.5504934821851 0.1439870962311414
0.0051 6365.909278871289 1.00026296783036 1.556068530717938 285.4896873366232 0.143412670509931
0.005200000000000001 6365.918686974032 1.000262726429393 1.555984814489576 285.4285346687892 0.1428370056852899
0.0053 6365.928148395536 1.000262483835743 1.555901086775899 285.3670354290188 0.142260129777739
0.0054 6365.937663143482 1.000262240052086 1.555817347514077 285.3051895673697 0.1416820708130536
0.005500000000000001 6365.947231225597 1.000261995081111 1.555733596641471 285.2429970336219 0.1411028568202166
0.0056 6365.956852649648 1.00026174892552 1.555649834095547 285.1804577772895 0.140522515829483
0.0057 6365.966527423444 1.000261501588028 1.555566059813919 285.1175717476143 0.1399410758702797
0.0058 6365.976255554839 1.000261253071361 1.555482273734411 285.0543388935488 0.1393585649690006
0.0059 6365.986037051724 1.00026100337826 1.555398475794902 284.990759163791 0.1387750111472954
0.006 6365.995871922037 1.000260752511477 1.555314665933478 284.9268325067613 0.1381904424198131
0.0061 6366.005760173753 1.000260500473779 1.555230844088385 284.862558870608 0.1376048867922229
0.006200000000000001 6366.015701814889 1.000260247267942 1.555147010197986 284.7979382032194 0.1370183722592898
0.0063 6366.025696853508 1.000259992896759 1.555063164200763 284.7329704521998 0.1364309268026312
0.0064 6366.035745297708 1.000259737363033 1.554979306035394 284.6676555648995 0.1358425783889592
0.006500000000000001 6366.045847155634 1.00025948066958 1.554895435640684 284.6019934883792 0.1352533549677393
0.0066 6366.056002435467 1.000259222819228 1.554811552955583 284.5359841694629 0.1346632844696495
0.0067 6366.066211145434 1.000258963814817 1.554727657919195 284.4696275546793 0.1340723948040354
0.0068 6366.0764732938 1.000258703659203 1.554643750470738 284.4029235903025 0.1334807138572708
0.006900000000000001 6366.086788888871 1.000258442355251 1.554559830549611 284.335872222341 0.1328882694906441
0.007 6366.097157938995 1.000258179905838 1.554475898095334 284.268473396531 0.1322950895383047
0.0071 6366.10758045256 1.000257916313857 1.554391953047565 284.2007270583607 0.1317012018054728
0.007200000000000001 6366.118056437994 1.000257651582209 1.554307995346114 284.1326331530403 0.1311066340661859
0.0073 6366.128585903767 1.000257385713811 1.554224024930969 284.0641916255139 0.1305114140614153
0.0074 6366.139168858389 1.00025711871159 1.554140041742181 283.9954024204716 0.1299155694971854
0.007500000000000001 6366.14980531041 1.000256850578485 1.554056045720021 283.9262654823373 0.129319128042492
0.0076 6366.160495268419 1.00025658131745 1.553972036804884 283.8567807552748 0.1287221173273813
0.0077 6366.171238741049 1.000256310931448 1.553888014937245 283.7869481831821 0.1281245649409312
0.007800000000000001 6366.182035736969 1.000256039423455 1.553803980057809 283.7167677097026 0.1275264984293915
0.007900000000000001 6366.192886264889 1.00025576679646 1.553719932107363 283.6462392782199 0.126927945294177
0.008 6366.203790333562 1.000255493053464 1.553635871026856 283.5753628318456 0.1263289329898181
0.0081 6366.214747951778 1.000255218197479 1.553551796757413 283.5041383134429 0.1257294889222185
0.008200000000000001 6366.225759128366 1.00025494223153 1.553467709240225 283.4325656656209 0.1251296404466665
0.0083 6366.236823872197 1.000254665158653 1.553383608416682 283.3606448307227 0.1245294148658063
0.008400000000000001 6366.24794219218 1.000254386981896 1.553299494228289 283.2883757508311 0.1239288394277644
0.008500000000000001 6366.259114097264 1.00025410770432 1.553215366616708 283.2157583677866 0.1233279413243804
0.0086 6366.270339596437 1.000253827328997 1.553131225523739 283.142792623158 0.1227267476890516
0.008700000000000001 6366.281618698727 1.000253545859011 1.55304707089132 283.0694784582714 0.1221252855950765
0.008800000000000001 6366.292951413202 1.000253263297457 1.552962902661537 282.995815814187 0.1215235820535645
0.0089 6366.304337748967 1.000252979647443 1.552878720776582 282.9218046317168 0.1209216640116952
0.009000000000000001 6366.315777715167 1.000252694912089 1.552794525178828 282.8474448514124 0.1203195583507427
0.0091 6366.327271320987 1.000252409094524 1.552710315810806 282.7727364135834 0.1197172918843483
0.0092 6366.338818575649 1.000252122197891 1.552626092615126 282.697679258279 0.1191148913565136
0.009300000000000001 6366.350419488415 1.000251834225345 1.552541855534575 282.6222733253002 0.1185123834398419
0.0094 6366.362074068586 1.00025154518005 1.552457604512097 282.5465185541938 0.1179097947336442
0.0095 6366.3737823255 1.000251255065184 1.552373339490725 282.4704148842524 0.1173071517621025
0.009600000000000001 6366.385544268534 1.000250963883936 1.552289060413685 282.3939622545262 0.1167044809725352
0.0097 6366.397359907108 1.000250671639505 1.552204767224319 282.3171606037994 0.1161018087333907
0.0098 6366.409229250672 1.000250378335102 1.552120459866119 282.2400098706315 0.115499161332763
0.009900000000000001 6366.421152308722 1.000250083973951 1.552036138282717 282.1625099933102 0.1148965649762192
0.01 6366.433129090787 1.000249788559285 1.55195180241788 282.0846609098866 0.1142940457852866
0.0101 6366.445159606435 1.00024949209435 1.551867452215523 282.0064625581693 0.1136916297956231
0.0102 6366.457243865275 1.000249194582402 1.551783087619699 281.9279148757131 0.1130893429551547
0.0103 6366.46938187695 1.000248896026708 1.551698708574607 281.8490177998241 0.1124872111223594
0.0104 6366.481573651145 1.000248596430549 1.551614315024575 281.7697712675603 0.1118852600645165
0.0105 6366.493819197578 1.000248295797213 1.551529906914086 281.6901752157431 0.1112835154560548
0.0106 6366.506118526008 1.000247994130002 1.551445484187769 281.6102295809459 0.1106820028767317
0.0107 6366.518471646231 1.000247691432228 1.551361046790379 281.5299342994994 0.1100807478099576
0.0108 6366.53087856808 1.000247387707214 1.551276594666806 281.4492893074802 0.1094797756409993
0.0109 6366.543339301425 1.000247082958294 1.551192127762095 281.3682945407344 0.1088791116554578
0.011 6366.555853856175 1.000246777188814 1.551107646021463 281.2869499348598 0.1082787810374491
0.0111 6366.568422242274 1.000246470402129 1.551023149390209 281.2052554252176 0.1076788088680157
0.0112 6366.581044469705 1.000246162601606 1.550938637813826 281.123210946915 0.1070792201233323
0.0113 6366.593720548486 1.000245853790622 1.550854111237932 281.0408164348404 0.1064800396733128
0.0114 6366.606450488674 1.000245543972567 1.550769569608267 280.9580718236219 0.1058812922796666
0.0115 6366.61923430036 1.000245233150838 1.55068501287073 280.8749770476574 0.1052830025944855
0.0116 6366.632071993678 1.000244921328846 1.550600440971409 280.791532041096 0.1046851951584985
0.0117 6366.644963578789 1.000244608510011 1.550515853856431 280.7077367378687 0.1040878943996791
0.0118 6366.657909065901 1.000244294697764 1.550431251472162 280.6235910716458 0.1034911246313565
0.0119 6366.67090846525 1.000243979895546 1.550346633765059 280.5390949758734 0.1028949100508894
0.012 6366.683961787115 1.00024366410681 1.550262000681742 280.4542483837548 0.1022992747379726
0.0121 6366.697069041805 1.000243347335019 1.550177352168994 280.3690512282691 0.1017042426532073
0.0122 6366.710230239671 1.000243029583644 1.550092688173686 280.2835034421408 0.1011098376363526
0.0123 6366.723445391097 1.00024271085617 1.550008008642884 280.1976049578701 0.1005160834050045
0.0124 6366.736714506503 1.00024239115609 1.549923313523791 280.1113557077323 0.09992300355307918
0.0125 6366.750037596346 1.000242070486908 1.549838602763725 280.0247556237485 0.09933062154910761
0.0126 6366.76341467112 1.000241748852139 1.549753876310186 279.9378046377213 0.09873896073499219
0.0127 6366.776845741351 1.000241426255306 1.549669134110784 279.8505026812167 0.09814804432440979
0.0128 6366.790330817606 1.000241102699945 1.549584376113308 279.762849685564 0.09755789540135182
0.0129 6366.803869910481 1.000240778189601 1.549499602265672 279.6748455818741 0.09696853691879675
0.013 6366.817463030614 1.000240452727828 1.549414812515919 279.5864903010096 0.09637999169707896
0.0131 6366.831110188675 1.000240126318191 1.549330006812277 279.4977837736141 0.09579228242266852
0.0132 6366.84481139537 1.000239798964266 1.549245185103111 279.4087259300949 0.0952054316466486
0.0133 6366.858566661439 1.000239470669636 1.549160347336895 279.3193167006465 0.09461946178348157
0.0134 6366.87237599766 1.000239141437898 1.5490754934623 279.2295560152091 0.09403439510936211
0.0135 6366.886239414845 1.000238811272656 1.548990623428095 279.1394438035103 0.09345025376112893
0.0136 6366.900156923838 1.000238480177524 1.548905737183244 279.0489799950527 0.09286705973484061
0.0137 6366.914128535522 1.000238148156127 1.548820834676807 278.9581645191087 0.09228483488440681
0.0138 6366.928154260812 1.000237815212098 1.548735915858039 278.8669973047198 0.09170360092027369
0.0139 6366.94223411066 1.000237481349083 1.548650980676318 278.7754782807091 0.09112337940819908
0.014 6366.956368096052 1.000237146570734 1.548566029081144 278.683607375663 0.09054419176785508
0.0141 6366.970556228006 1.000236810880714 1.548481061022229 278.591384517961 0.08996605927174545
0.0142 6366.984798517577 1.000236474282695 1.548396076449385 278.4988096357464 0.08938900304376506
0.0143 6366.999094975856 1.000236136780362 1.548311075312569 278.4058826569375 0.08881304405803701
0.0144 6367.013445613963 1.000235798377404 1.548226057561922 278.3126035092399 0.08823820313776334
0.0145 6367.027850443057 1.000235459077523 1.548141023147703 278.2189721201288 0.08766450095390857
0.0146 6367.042309474329 1.000235118884429 1.548055972020314 278.1249884168604 0.08709195802408266
0.0147 6367.056822719004 1.000234777801843 1.547970904130333 278.0306523264725 0.08652059471136644
0.0148 6367.071390188341 1.000234435833494 1.547885819428483 277.9359637757838 0.08595043122315323
0.0149 6367.086011893633 1.000234092983119 1.54780071786562 277.8409226913885 0.08538148760997172
0.015 6367.100687846206 1.000233749254467 1.547715599392754 277.7455289996623 0.08481378376439691
0.0151 6367.115418057421 1.000233404651294 1.547630463961059 277.6497826267617 0.08424733941994139
0.0152 6367.130202538672 1.000233059177367 1.547545311521842 277.5536834986309 0.08368217414999836
0.0153 6367.145041301384 1.00023271283646 1.547460142026563 277.4572315410009 0.08311830736676538
0.0154 6367.159934357021 1.000232365632357 1.547374955426852 277.3604266793662 0.08255575832004867
0.0155 6367.174881717073 1.000232017568852 1.547289751674461 277.2632688390266 0.08199454609646337
0.0156 6367.189883393069 1.000231668649746 1.547204530721303 277.165757945051 0.08143468961820273
0.0157 6367.204939396569 1.00023131887885 1.547119292519447 277.0678939223016 0.0808762076421682
0.0158 6367.220049739165 1.000230968259984 1.547034037021121 276.9696766954274 0.08031911875894479
0.0159 6367.235214432483 1.000230616796976 1.546948764178691 276.8711061888592 0.07976344139179514
0.016 6367.250433488181 1.000230264493664 1.546863473944664 276.7721823268206 0.07920919379577131
0.0161 6367.265706917952 1.000229911353893 1.54677816627174 276.6729050333105 0.07865639405667767
0.0162 6367.281034733518 1.000229557381518 1.546692841112727 276.5732742321328 0.07810506009031627
0.0163 6367.296416946636 1.000229202580403 1.546607498420613 276.4732898468668 0.07755520964141935
0.0164 6367.311853569093 1.000228846954418 1.546522138148527 276.3729518008967 0.07700686028292826
0.0165 6367.327344612711 1.000228490507445 1.546436760249746 276.272260017376 0.07646002941493203
0.0166 6367.342890089344 1.000228133243372 1.546351364677726 276.1712144192633 0.07591473426401281
0.0167 6367.358490010876 1.000227775166096 1.546265951386039 276.0698149293042 0.07537099188231777
0.0168 6367.374144389225 1.000227416279523 1.546180520328446 275.9680614700377 0.0748288191467785
0.0169 6367.38985323634 1.000227056587566 1.546095071458839 275.8659539637896 0.07428823275828472
0.017 6367.405616564202 1.000226696094149 1.546009604731259 275.7634923326849 0.07374924924097084
0.0171 6367.421434384823 1.000226334803201 1.545924120099933 275.6606764986476 0.07321188494145661
0.0172 6367.43730671025 1.00022597271866 1.54583861751921 275.557506383377 0.072676156027984
0.0173 6367.453233552555 1.000225609844474 1.545753096943621 275.4539819083951 0.0721420784899419
0.0174 6367.469214923846 1.000225246184597 1.545667558327823 275.3501029949992 0.07160966813691701
0.0175 6367.485250836264 1.000224881742992 1.545582001626661 275.2458695642857 0.07107894059813237
0.0176 6367.501341301977 1.000224516523631 1.545496426795091 275.1412815371499 0.07054991132178104
0.0177 6367.517486333188 1.00022415053049 1.545410833788288 275.0363388342802 0.07002259557434866
0.0178 6367.533685942127 1.000223783767558 1.545325222561513 274.9310413761758 0.06949700844007357
0.0179 6367.549940141057 1.000223416238829 1.545239593070242 274.8253890831292 0.06897316482024717
0.018 6367.566248942274 1.000223047948305 1.545153945270057 274.7193818752197 0.06845107943259435
0.0181 6367.582612358101 1.000222678899996 1.545068279116749 274.6130196723437 0.06793076681084737
0.0182 6367.599030400894 1.00022230909792 1.544982594566231 274.5063023941906 0.06741224130407475
0.0183 6367.615503083039 1.000221938546102 1.54489689157456 274.3992299602486 0.06689551707617643
0.0184 6367.632030416951 1.000221567248576 1.544811170098001 274.2918022898169 0.06638060810542463
0.0185 6367.648612415079 1.000221195209381 1.544725430092941 274.1840193019879 0.06586752818388165
0.0186 6367.665249089899 1.000220822432565 1.544639671515933 274.0758809156586 0.06535629091697914
0.0187 6367.681940453918 1.000220448922185 1.544553894323673 273.9673870495311 0.06484690972305918
0.0188 6367.698686519673 1.000220074682303 1.544468098473039 273.8585376221243 0.06433939783298927
0.0189 6367.715487299733 1.00021969971699 1.544382283921038 273.7493325517383 0.06383376828957618
0.019 6367.732342806693 1.000219324030322 1.544296450624895 273.6397717564959 0.06333003394735791
0.0191 6367.749253053182 1.000218947626384 1.544210598541924 273.5298551543186 0.06282820747211106
0.0192 6367.766218051856 1.000218570509269 1.544124727629633 273.4195826629392 0.06232830134054243
0.0193 6367.783237815401 1.000218192683076 1.544038837845681 273.3089541998951 0.06183032783991783
0.0194 6367.800312356533 1.00021781415191 1.543952929147909 273.1979696825346 0.06133429906776427
0.0195 6367.817441687997 1.000217434919885 1.543867001494279 273.0866290280168 0.06084022693156402
0.0196 6367.834625822568 1.000217054991121 1.543781054842937 272.9749321533058 0.06034812314844219
0.0197 6367.85186477305 1.000216674369746 1.543695089152195 272.8628789751764 0.05985799924492628
0.0198 6367.869158552275 1.000216293059893 1.543609104380515 272.7504694102144 0.05936986655669835
0.0199 6367.886507173104 1.000215911065704 1.543523100486515 272.6377033748221 0.05888373622839211
0.02 6367.90391064843 1.000215528391325 1.543437077428988 272.5245807852069 0.05839961921333241
0.0201 6367.92136899117 1.000215145040913 1.54335103516687 272.411101557393 0.05791752627339674
0.0202 6367.938882214274 1.000214761018627 1.543264973659277 272.297265607221 0.0574374679788439
0.0203 6367.956450330717 1.000214376328635 1.543178892865476 272.1830728503368 0.05695945470811303
0.0204 6367.974073353507 1.000213990975112 1.543092792744912 272.0685232022028 0.05648349664774183
0.0205 6367.991751295676 1.000213604962239 1.543006673257147 271.9536165781041 0.05600960379227798
0.0206 6368.009484170287 1.000213218294203 1.542920534361963 271.8383528931366 0.05553778594413616
0.0207 6368.027271990429 1.000212830975198 1.542834376019274 271.7227320622131 0.0550680527135487
0.0208 6368.04511476922 1.000212443009424 1.542748198189158 271.6067540000689 0.05460041351853422
0.0209 6368.063012519809 1.000212054401087 1.542662000831859 271.4904186212442 0.05413487758479043
0.021 6368.080965255367 1.000211665154401 1.542575783907786 271.3737258401137 0.05367145394579648
0.0211 6368.098972989098 1.000211275273584 1.542489547377501 271.256675570863 0.0532101514427203
0.0212 6368.117035734231 1.000210884762862 1.542403291201763 271.1392677275002 0.05275097872448779
0.0213 6368.135153504023 1.000210493626466 1.542317015341455 271.0215022238502 0.05229394424780044
0.0214 6368.15332631176 1.000210101868632 1.542230719757632 270.9033789735607 0.05183905627721864
0.0215 6368.171554170753 1.000209709493606 1.542144404411538 270.7848978901078 0.05138632288526301
0.0216 6368.189837094341 1.000209316505635 1.542058069264563 270.6660588867843 0.05093575195246695
0.0217 6368.208175095892 1.000208922908975 1.541971714278253 270.5468618766998 0.05048735116749471
0.0218 6368.2265681888 1.000208528707888 1.541885339414333 270.4273067727985 0.05004112802734428
0.0219 6368.245016386485 1.00020813390664 1.541798944634682 270.307393487847 0.04959708983745744
0.022 6368.263519702395 1.000207738509503 1.541712529901371 270.1871219344347 0.04915524371189389
0.0221 6368.282078150004 1.000207342520756 1.541626095176599 270.0664920249736 0.04871559657352449
0.0222 6368.300691742815 1.000206945944683 1.541539640422755 269.9455036717044 0.0482781551542646
0.0223 6368.319360494353 1.000206548785574 1.541453165602387 269.8241567867079 0.04784292599534642
0.0224 6368.338084418173 1.000206151047724 1.541366670678215 269.7024512818761 0.04740991544746137
0.0225 6368.356863527856 1.000205752735433 1.541280155613118 269.580387068935 0.04697912967111344
0.0226 6368.375697837009 1.000205353853007 1.541193620370131 269.4579640594396 0.04655057463688404
0.0227 6368.394587359265 1.000204954404758 1.5411070649125 269.3351821647792 0.04612425612575732
0.0228 6368.413532108282 1.000204554395002 1.541020489203566 269.2120412961657 0.04570017972940241
0.0229 6368.432532097747 1.00020415382806 1.540933893206928 269.0885413646455 0.04527835085055641
0.023 6368.451587341368 1.000203752708262 1.540847276886248 268.9646822811054 0.04485877470340407
0.0231 6368.470697852885 1.000203351039938 1.540760640205449 268.840463956249 0.04444145631387575
0.0232 6368.489863646058 1.000202948827426 1.540673983128565 268.715886300626 0.04402640052014443
0.0233 6368.509084734675 1.000202546075069 1.540587305619816 268.590949224615 0.04361361197298017
0.0234 6368.528361132549 1.000202142787214 1.5405006076436 268.4656526384287 0.04320309513620301
0.0235 6368.54769285352 1.000201738968213 1.540413889164468 268.3399964521203 0.04279485428715293
0.0236 6368.567079911451 1.000201334622424 1.540327150147143 268.2139805755659 0.04238889351710091
0.0237 6368.586522320232 1.000200929754208 1.540240390556527 268.0876049184934 0.04198521673183134
0.0238 6368.606020093775 1.000200524367933 1.540153610357665 267.9608693904596 0.04158382765206962
0.0239 6368.625573246021 1.000200118467971 1.540066809515797 267.8337739008615 0.04118472981404227
0.024 6368.645181790932 1.000199712058697 1.539979987996333 267.7063183589424 0.04078792657003447
0.0241 6368.664845742497 1.000199305144492 1.539893145764825 267.5785026737684 0.04039342108887339
0.0242 6368.684565114731 1.000198897729742 1.539806282787039 267.4503267542517 0.04000121635657685
0.0243 6368.704339921668 1.000198489818836 1.539719399028864 267.3217905091568 0.03961131517696208
0.0244 6368.724170177374 1.00019808141617 1.539632494456381 267.1928938470709 0.03922372017216461
0.0245 6368.744055895932 1.000197672526141 1.539545569035848 267.0636366764451 0.03883843378338953
0.0246 6368.763997091453 1.000197263153153 1.539458622733679 266.9340189055532 0.03845545827142995
0.0247 6368.783993778074 1.000196853301614 1.53937165551647 266.8040404425213 0.03807479571741571
0.0248 6368.80404596995 1.000196442975934 1.539284667350988 266.6737011953277 0.03769644802348893
0.0249 6368.824153681265 1.00019603218053 1.539197658204159 266.543001071779 0.03732041691342863
0.025 6368.844316926225 1.000195620919821 1.53911062804308 266.4119399795344 0.03694670393342993
0.0251 6368.864535719062 1.000195209198231 1.539023576835049 266.2805178260991 0.03657531045281297
0.0252 6368.884810074026 1.000194797020188 1.538936504547492 266.1487345188306 0.03620623766478216
0.0253 6368.905140005396 1.000194384390124 1.538849411148039 266.0165899649268 0.03583948658715181
0.0254 6368.925525527471 1.000193971312475 1.538762296604475 265.8840840714378 0.03547505806315458
0.0255 6368.945966654574 1.00019355779168 1.538675160884763 265.7512167452659 0.03511295276223202
0.0256 6368.966463401054 1.000193143832182 1.538588003957033 265.6179878931479 0.0347531711807935
0.0257 6368.987015781278 1.000192729438429 1.538500825789612 265.4843974216905 0.03439571364313532
0.0258 6369.00762380964 1.000192314614871 1.538413626350968 265.3504452373408 0.03404058030219845
0.0259 6369.028287500554 1.000191899365963 1.538326405609745 265.216131246398 0.03368777114045476
0.026 6369.049006868459 1.000191483696162 1.538239163534777 265.0814553550139 0.033337285970776
0.0261 6369.069781927816 1.000191067609929 1.53815190009507 264.9464174691979 0.03298912443733337
0.0262 6369.090612693107 1.00019065111173 1.538064615259786 264.8110174948059 0.0326432860164664
0.0263 6369.111499178837 1.000190234206032 1.537977308998268 264.675255337558 0.03229977001764285
0.0264 6369.132441399535 1.000189816897308 1.537889981280049 264.5391309030205 0.03195857558434256
0.0265 6369.153439369751 1.00018939919003 1.537802632074803 264.4026440966176 0.03161970169503166
0.0266 6369.174493104057 1.000188981088678 1.537715261352409 264.2657948236318 0.03128314716412062
0.0267 6369.195602617046 1.000188562597732 1.537627869082917 264.1285829892039 0.03094891064293686
0.0268 6369.216767923333 1.000188143721678 1.53754045523652 263.9910084983325 0.03061699062071173
0.0269 6369.237989037558 1.000187724465 1.53745301978362 263.8530712558744 0.03028738542558146
0.027 6369.259265974378 1.000187304832191 1.537365562694779 263.7147711665447 0.02996009322560231
0.0271 6369.280598748474 1.000186884827742 1.537278083940741 263.5761081349164 0.02963511202977945
0.0272 6369.30198737455 1.00018646445615 1.537190583492408 263.4370820654266 0.02931243968912324
0.0273 6369.323431867327 1.000186043721913 1.537103061320891 263.2976928623765 0.02899207389770471
0.0274 6369.34493224155 1.000185622629534 1.537015517397418 263.1579404299254 0.02867401219371104
0.0275 6369.366488511985 1.000185201183515 1.536927951693461 263.0178246720965 0.02835825196054152
0.0276 6369.388100693419 1.000184779388364 1.536840364180632 262.8773454927772 0.02804479042790278
0.0277 6369.409768800658 1.000184357248589 1.536752754830702 262.7365027957247 0.02773362467292971
0.0278 6369.431492848532 1.000183934768704 1.536665123615648 262.5952964845427 0.02742475162125418
0.0279 6369.45327285189 1.000183511953221 1.536577470507617 262.4537264627164 0.02711816804821668
0.028 6369.4751088256 1.000183088806658 1.53648979547893 262.3117926336012 0.02681387057998482
0.0281 6369.497000784553 1.000182665333533 1.536402098502053 262.1694949004044 0.02651185569467325
0.0282 6369.518948743659 1.000182241538368 1.536314379549699 262.0268331662154 0.02621211972357656
0.0283 6369.540952717849 1.000181817425686 1.536226638594689 261.8838073339815 0.02591465885230028
0.0284 6369.563012722073 1.000181393000013 1.536138875610056 261.740417306526 0.02561946912199137
0.0285 6369.5851287713 1.000180968265876 1.536051090569009 261.5966629865478 0.02532654643054189
0.0286 6369.607300880523 1.000180543227806 1.535963283444908 261.4525442765984 0.02503588653375673
0.0287 6369.629529064752 1.000180117890334 1.535875454211314 261.3080610791106 0.02474748504664091
0.0288 6369.651813339016 1.000179692257993 1.535787602841961 261.1632132963936 0.02446133744462459
0.0289 6369.674153718364 1.000179266335319 1.535699729310777 261.0180008306319 0.02417743906481108
0.029 6369.696550217866 1.000178840126849 1.535611833591823 260.8724235838685 0.02389578510720122
0.0291 6369.71900285261 1.000178413637122 1.535523915659386 260.7264814580338 0.02361637063602052
0.0292 6369.741511637704 1.00017798687068 1.535435975487897 260.5801743549226 0.02333919058095258
0.0293 6369.764076588274 1.000177559832064 1.535348013051975 260.4335021762171 0.02306423973847361
0.0294 6369.786697719465 1.000177132525818 1.535260028326431 260.2864648234753 0.02279151277312852
0.0295 6369.809375046443 1.000176704956487 1.535172021286237 260.1390621981194 0.02252100421881801
0.0296 6369.832108584391 1.000176277128619 1.535083991906559 259.9912942014593 0.02225270848016066
0.0297 6369.854898348509 1.000175849046762 1.53499594016272 259.8431607346923 0.02198661983381913
0.0298 6369.877744354019 1.000175420715465 1.53490786603024 259.6946616988743 0.02172273242978327
0.0299 6369.900646616161 1.000174992139278 1.534819769484808 259.5457969949542 0.02146104029277913
0.03 6369.923605150191 1.000174563322755 1.534731650502291 259.3965665237573 0.02120153732359063
0.0301 6369.946619971385 1.000174134270448 1.534643509058751 259.2469701859962 0.02094421730044213
0.0302 6369.969691095038 1.000173704986911 1.534555345130405 259.0970078822537 0.02068907388033805
0.0303 6369.992818536461 1.000173275476699 1.534467158693681 258.946679513006 0.02043610060048171
0.0304 6370.016002310983 1.00017284574437 1.534378949725155 258.795984978611 0.02018529087964066
0.0305 6370.039242433951 1.000172415794479 1.534290718201593 258.6449241793206 0.01993663801955974
0.0306 6370.062538920731 1.000171985631585 1.534202464099945 258.4934970152502 0.01969013520631321
0.0307 6370.085891786706 1.000171555260247 1.534114187397357 258.3417033864092 0.0194457755117621
0.0308 6370.109301047277 1.000171124685023 1.534025888071106 258.1895431927004 0.01920355189496836
0.0309 6370.13276671786 1.000170693910475 1.533937566098697 258.0370163339084 0.01896345720359756
0.031 6370.156288813891 1.000170262941162 1.533849221457795 257.8841227097113 0.01872548417536591
0.0311 6370.179867350821 1.000169831781647 1.533760854126256 257.7308622196632 0.01848962543944727
0.0312 6370.203502344119 1.00016940043649 1.533672464082104 257.5772347632236 0.01825587351795965
0.0313 6370.227193809272 1.000168968910253 1.533584051303552 257.4232402397337 0.01802422082737514
0.0314 6370.250941761781 1.0001685372075 1.533495615768983 257.2688785484223 0.01779465967998169
0.0315 6370.274746217166 1.000168105332794 1.533407157456971 257.1141495884179 0.01756718228535844
0.0316 6370.298607190964 1.000167673290696 1.533318676346279 256.9590532587366 0.01734178075182108
0.0317 6370.322524698726 1.00016724108577 1.533230172415825 256.8035894582821 0.01711844708789032
0.0318 6370.346498756021 1.00016680872258 1.53314164564474 256.6477580858635 0.0168971732037904
0.0319 6370.370529378433 1.000166376205688 1.533053096012296 256.4915590401837 0.01667795091290911
0.032 6370.394616581565 1.000165943539659 1.532964523497997 256.3349922198271 0.01646077193326366
0.0321 6370.418760381033 1.000165510729055 1.532875928081489 256.1780575232837 0.01624562788902011
0.0322 6370.44296079247 1.000165077778439 1.532787309742613 256.0207548489428 0.01603251031197479
0.0323 6370.467217831525 1.000164644692375 1.532698668461389 255.8630840950876 0.01582141064304015
0.0324 6370.491531513862 1.000164211475424 1.53261000421803 255.7050451598947 0.01561232023374243
0.0325 6370.515901855162 1.000163778132149 1.532521316992916 255.546637941446 0.01540523034773818
0.0326 6370.54032887112 1.000163344667113 1.532432606766615 255.387862337723 0.01520013216230999
0.0327 6370.564812577444 1.000162911084876 1.532343873519886 255.2287182466129 0.01499701676988069
0.0328 6370.589352989864 1.000162477389999 1.532255117233654 255.0692055658841 0.01479587517949274
0.0329 6370.613950124119 1.000162043587043 1.532166337889047 254.9093241932286 0.01459669831837277
0.033 6370.638603995964 1.000161609680567 1.532077535467343 254.7490740262318 0.01439947703340779
0.0331 6370.663314621173 1.000161175675131 1.531988709950034 254.5884549623728 0.01420420209266194
0.0332 6370.68808201553 1.000160741575293 1.531899861318788 254.4274668990537 0.01401086418693027
0.0333 6370.712906194835 1.00016030738561 1.531810989555448 254.2661097335703 0.0138194539312219
0.0334 6370.737787174904 1.000159873110638 1.531722094642039 254.1043833631237 0.01362996186629524
0.0335 6370.762724971565 1.000159438754934 1.531633176560775 253.9422876848265 0.01344237846018669
0.0336 6370.787719600663 1.000159004323052 1.531544235294053 253.7798225956907 0.01325669410971952
0.0337 6370.812771078055 1.000158569819545 1.53145527082446 253.6169879926455 0.01307289914204769
0.0338 6370.837879419612 1.000158135248966 1.531366283134748 253.4537837725196 0.01289098381615943
0.0339 6370.863044641223 1.000157700615866 1.53127727220787 253.2902098320532 0.01271093832441488
0.034 6370.888266758784 1.000157265924795 1.531188238026949 253.1262660679034 0.01253275279407637
0.0341 6370.913545788212 1.000156831180301 1.531099180575304 252.9619523766213 0.01235641728880672
0.0342 6370.938881745432 1.000156396386931 1.531010099836422 252.7972686546926 0.01218192181023737
0.0343 6370.964274646385 1.000155961549232 1.530920995794002 252.6322147984969 0.01200925629944667
0.0344 6370.989724507025 1.000155526671747 1.530831868431894 252.4667907043366 0.01183841063851343
0.0345 6371.01523134332 1.000155091759019 1.530742717734151 252.3009962684199 0.01166937465201923
0.0346 6371.04079517125 1.00015465681559 1.53065354368501 252.134831386872 0.01150213810858033
0.0347 6371.06641600681 1.000154221845997 1.530564346268884 251.9682959557352 0.01133669072236568
0.0348 6371.092093866005 1.000153786854779 1.530475125470376 251.8013898709695 0.0111730221546131
0.0349 6371.117828764854 1.000153351846472 1.530385881274279 251.6341130284517 0.01101112201514369
0.035 6371.14362071939 1.000152916825609 1.530296613665553 251.4664653239641 0.01085097986386283
0.0351 6371.169469745659 1.000152481796722 1.53020732262935 251.2984466532183 0.01069258521229301
0.0352 6371.195375859716 1.00015204676434 1.53011800815103 251.1300569118429 0.01053592752506953
0.0353 6371.221339077632 1.000151611732991 1.530028670216101 250.9612959953896 0.01038099622145053
0.0354 6371.247359415489 1.000151176707201 1.529939308810294 250.7921637993217 0.01022778067680765
0.0355 6371.27343688938 1.000150741691494 1.529849923919471 250.6226602190312 0.0100762702241406
0.0356 6371.299571515411 1.000150306690389 1.52976051552974 250.4527851498277 0.009926454155561211
0.0357 6371.325763309701 1.000149871708406 1.529671083627351 250.2825384869437 0.009778321723790034
0.0358 6371.352012288379 1.000149436750061 1.52958162819877 250.111920125535 0.009631862143643637
0.0359 6371.378318467587 1.000149001819868 1.529492149230614 249.9409299606863 0.009487064593522916
0.036 6371.404681863478 1.000148566922337 1.529402646709717 249.7695678873937 0.009343918216877104
0.0361 6371.431102492215 1.000148132061977 1.529313120623091 249.5978338006001 0.009202412123708157
0.0362 6371.457580369976 1.000147697243295 1.529223570957912 249.4257275951539 0.009062535392005999
0.0363 6371.484115512948 1.000147262470793 1.529133997701572 249.2532491658384 0.008924277069238241
0.0364 6371.510707937327 1.000146827748972 1.529044400841626 249.0803984073717 0.008787626173809645
0.0365 6371.537357659325 1.000146393082328 1.528954780365835 248.9071752143894 0.008652571696502631
0.0366 6371.56406469516 1.000145958475358 1.528865136262128 248.733579481462 0.008519102601940561
0.0367 6371.590829061064 1.000145523932552 1.528775468518617 248.5596111030831 0.008387207830021991
0.0368 6371.617650773278 1.000145089458399 1.528685777123628 248.385269973693 0.008256876297376169
0.0369 6371.644529848054 1.000144655057384 1.528596062065652 248.2105559876494 0.008128096898772027
0.03700000000000001 6371.671466301655 1.000144220733989 1.528506323333357 248.035469039245 0.008000858508556977
0.0371 6371.698460150353 1.000143786492693 1.528416560915626 247.8600090227072 0.007875149982075495
0.0372 6371.725511410431 1.000143352337972 1.528326774801505 247.6841758321988 0.007750960157081118
0.0373 6371.752620098182 1.000142918274298 1.528236964980232 247.5079693618171 0.007628277855141646
0.0374 6371.77978622991 1.00014248430614 1.528147131441224 247.3313895055829 0.007507091883029246
0.0375 6371.807009821928 1.000142050437961 1.528057274174125 247.1544361574696 0.007387391034131914
0.0376 6371.834290890557 1.000141616674226 1.527967393168705 246.9771092113796 0.007269164089820533
0.0377 6371.861629452129 1.00014118301939 1.527877488414969 246.7994085611621 0.00715239982083684
0.0378 6371.889025522988 1.00014074947791 1.527787559903073 246.6213341005777 0.00703708698863836
0.0379 6371.916479119483 1.000140316054234 1.527697607623391 246.4428857233573 0.006923214346797379
0.038 6371.943990257975 1.000139882752809 1.527607631566471 246.2640633231612 0.006810770642325752
0.0381 6371.971558954834 1.000139449578079 1.527517631723036 246.0848667935783 0.006699744617019211
0.0382 6371.999185226438 1.000139016534482 1.527427608084026 245.9052960281505 0.006590125008807513
0.0383 6372.026869089175 1.000138583626452 1.527337560640528 245.7253509203605 0.006481900553073536
0.0384 6372.05461055944 1.000138150858419 1.527247489383859 245.5450313636378 0.006375059983974631
0.0385 6372.08240965364 1.000137718234811 1.527157394305495 245.364337251341 0.006269592035740982
0.0386 6372.110266388187 1.000137285760049 1.5270672753971 245.1832684767872 0.006165485443992784
0.03870000000000001 6372.138180779503 1.000136853438551 1.526977132650536 245.0018249332287 0.006062728947016653
0.0388 6372.166152844018 1.00013642127473 1.526886966057856 244.820006513882 0.005961311287063253
0.0389 6372.194182598172 1.000135989272996 1.526796775611289 244.6378131118812 0.005861221211591904
0.039 6372.22227005841 1.000135557437752 1.52670656130326 244.4552446203364 0.00576244747456492
0.0391 6372.250415241187 1.000135125773398 1.526616323126379 244.2723009322871 0.005664978837672798
0.0392 6372.278618162965 1.00013469428433 1.526526061073432 244.0889819407251 0.005568804071588582
0.0393 6372.306878840216 1.000134262974937 1.526435775137417 243.9052875385954 0.005473911957198699
0.0394 6372.335197289417 1.000133831849606 1.526345465311509 243.7212176187894 0.005380291286820431
0.0395 6372.363573527054 1.000133400912717 1.526255131589056 243.5367720741514 0.00528793086541498
0.0396 6372.392007569618 1.000132970168646 1.526164773963617 243.3519507974842 0.005196819511789588
0.0397 6372.420499433611 1.000132539621764 1.526074392428925 243.1667536815315 0.00510694605977715
0.0398 6372.449049135538 1.000132109276437 1.525983986978911 242.9811806190017 0.005018299359425287
0.0399 6372.477656691915 1.000131679137025 1.525893557607685 242.7952315025499 0.004930868278153936
0.04 6372.506322119264 1.000131249207884 1.52580310430955 242.6089062247837 0.004844641701913356
0.0401 6372.535045434111 1.000130819493365 1.525712627078992 242.4222046782755 0.004759608536333121
0.0402 6372.563826652992 1.00013038999781 1.525622125910707 242.2351267555504 0.004675757707848621
0.0403 6372.592665792448 1.000129960725562 1.52553160079955 242.0476723490859 0.004593078164821574
0.04040000000000001 6372.621562869027 1.000129531680953 1.525441051740569 241.8598413513245 0.004511558878653903
0.0405 6372.650517899284 1.000129102868312 1.525350478729029 241.671633654655 0.004431188844876641
0.0406 6372.679530899777 1.000128674291962 1.525259881760346 241.4830491514489 0.004351957084249822
0.0407 6372.708601887075 1.00012824595622 1.525169260830154 241.2940877340124 0.004273852643814782
0.0408 6372.73773087775 1.000127817865397 1.52507861593426 241.104749294628 0.004196864597971958
0.0409 6372.766917888379 1.0001273900238 1.524987947068657 240.9150337255372 0.004120982049521189
0.041 6372.796162935548 1.000126962435728 1.524897254229552 240.7249409189398 0.004046194130697195
0.0411 6372.825466035845 1.000126535105475 1.524806537413312 240.5344707670059 0.003972490004197016
0.0412 6372.854827205867 1.00012610803733 1.524715796616494 240.3436231618647 0.003899858864185396
0.0413 6372.884246462214 1.000125681235573 1.524625031835869 240.1523979956095 0.003828289937294426
0.0414 6372.913723821493 1.00012525470448 1.524534243068374 239.9607951602983 0.003757772483607951
0.0415 6372.943259300313 1.000124828448322 1.524443430311152 239.7688145479655 0.003688295797637206
0.04160000000000001 6372.972852915293 1.00012440247136 1.524352593561515 239.576456050598 0.003619849209270493
0.0417 6373.002504683052 1.000123976777853 1.524261732816987 239.3837195601594 0.003552422084726934
0.0418 6373.032214620219 1.00012355137205 1.524170848075255 239.1906049685775 0.003486003827484054
0.0419 6373.061982743422 1.000123126258195 1.524079939334221 238.9971121677567 0.003420583879200392
0.042 6373.091809069297 1.000122701440526 1.523989006591969 238.8032410495715 0.003356151720618425
0.04210000000000001 6373.121693614484 1.000122276923273 1.523898049846764 238.6089915058554 0.003292696872452346
0.0422 6373.151636395628 1.000121852710661 1.523807069097065 238.4143634284181 0.003230208896272048
0.0423 6373.181637429376 1.000121428806907 1.523716064341515 238.2193567090575 0.003168677395371053
0.0424 6373.211696732381 1.000121005216221 1.523625035578964 238.023971239524 0.003108092015605807
0.0425 6373.241814321301 1.000120581942807 1.523533982808442 237.8282069115447 0.003048442446240247
0.0426 6373.271990212795 1.000120158990862 1.523442906029149 237.6320636168347 0.002989718420772209
0.0427 6373.302224423528 1.000119736364575 1.523351805240503 237.4355412470676 0.002931909717733573
0.0428 6373.332516970167 1.000119314068128 1.523260680442111 237.2386396939172 0.002875006161497658
0.0429 6373.362867869384 1.000118892105697 1.523169531633752 237.041358849004 0.002818997623044752
0.043 6373.393277137855 1.000118470481451 1.523078358815387 236.8436986039427 0.002763874020742969
0.0431 6373.423744792256 1.000118049199548 1.522987161987208 236.645658850336 0.002709625321099144
0.0432 6373.454270849269 1.000117628264144 1.522895941149565 236.4472394797511 0.002656241539491024
0.04330000000000001 6373.484855325578 1.000117207679384 1.522804696302989 236.2484403837437 0.002603712740898378
0.0434 6373.515498237871 1.000116787449406 1.522713427448235 236.0492614538397 0.002552029040608516
0.0435 6373.546199602837 1.000116367578342 1.522622134586215 235.849702581559 0.002501180604918512
0.0436 6373.57695943717 1.000115948070314 1.522530817718053 235.6497636583921 0.002451157651810758
0.0437 6373.607777757567 1.000115528929437 1.522439476845062 235.4494445758177 0.002401950451624896
0.0438 6373.638654580723 1.00011511015982 1.522348111968721 235.2487452253025 0.002353549327710698
0.0439 6373.669589923338 1.000114691765563 1.522256723090724 235.0476654983016 0.002305944657066552
0.044 6373.700583802116 1.000114273750755 1.52216531021296 234.8462052862463 0.002259126870960861
0.0441 6373.731636233761 1.000113856119483 1.522073873337475 234.6443644805503 0.00221308645554332
0.0442 6373.76274723498 1.000113438875822 1.521982412466537 234.442142972627 0.002167813952444245
0.0443 6373.793916822481 1.000113022023838 1.521890927602592 234.2395406538725 0.002123299959351296
0.0444 6373.825145012975 1.000112605567592 1.521799418748276 234.0365574156648 0.002079535130575997
0.0445 6373.856431823172 1.000112189511135 1.521707885906418 233.8331931493821 0.002036510177609502
0.0446 6373.887777269787 1.000111773858509 1.521616329080028 233.6294477463847 0.001994215869656207
0.0447 6373.919181369534 1.000111358613748 1.521524748272329 233.4253210980272 0.001952643034159291
0.0448 6373.95064413913 1.000110943780879 1.521433143486708 233.2208130956582 0.001911782557309203
0.0449 6373.98216559529 1.000110529363919 1.521341514726751 233.0159236306143 0.001871625384536548
0.04500000000000001 6374.013745754735 1.000110115366876 1.52124986199624 232.8106525942206 0.001832162520991829
0.0451 6374.045384634182 1.00010970179375 1.521158185299151 232.6049998778138 0.001793385032015185
0.0452 6374.077082250353 1.000109288648532 1.521066484639639 232.398965372707 0.001755284043580375
0.0453 6374.108838619966 1.000108875935205 1.520974760022055 232.1925489702193 0.001717850742736858
0.0454 6374.140653759745 1.000108463657743 1.520883011450931 231.9857505616577 0.001681076378028555
0.0455 6374.17252768641 1.000108051820109 1.520791238931009 231.7785700383355 0.001644952259904768
0.0456 6374.204460416683 1.000107640426259 1.520699442467206 231.5710072915598 0.001609469761111449
0.0457 6374.236451967287 1.000107229480138 1.520607622064632 231.3630622126319 0.001574620317070419
0.0458 6374.268502354945 1.000106818985685 1.520515777728589 231.1547346928591 0.001540395426246248
0.0459 6374.300611596377 1.000106408946827 1.520423909464581 230.9460246235484 0.001506786650495924
0.046 6374.332779708307 1.000105999367482 1.520332017278271 230.7369318960071 0.00147378561540538
0.0461 6374.365006707456 1.000105590251559 1.520240101175543 230.5274564015366 0.001441384010611041
0.0462 6374.397292610547 1.000105181602958 1.520148161162464 230.3175980314439 0.001409573590110058
0.0463 6374.4296374343 1.000104773425569 1.520056197245282 230.1073566770482 0.001378346172555468
0.0464 6374.462041195436 1.000104365723272 1.51996420943045 229.8967322296684 0.001347693641534726
0.0465 6374.494503910673 1.000103958499938 1.519872197724594 229.6857245806235 0.001317607945836224
0.0466 6374.527025596732 1.000103551759429 1.519780162134544 229.4743336212445 0.00128808109970362
0.04670000000000001 6374.559606270329 1.000103145505594 1.519688102667324 229.262559242862 0.001259105183072953
0.0468 6374.592245948183 1.000102739742275 1.519596019330123 229.050401336813 0.001230672341798622
0.0469 6374.624944647007 1.000102334473305 1.519503912130354 228.8378597944519 0.00120277478786638
0.047 6374.657702383517 1.000101929702502 1.519411781075602 228.6249345071391 0.00117540479958955
0.0471 6374.690519174426 1.00010152543368 1.519319626173637 228.411625366229 0.001148554721791926
0.0472 6374.723395036445 1.000101121670639 1.519227447432433 228.1979322631058 0.001122216965983211
0.0473 6374.756329986284 1.00010071841717 1.519135244860153 227.9838550891535 0.001096384010512781
0.0474 6374.78932404065 1.000100315677052 1.519043018465143 227.7693937357739 0.001071048400716156
0.0475 6374.822377216248 1.000099913454056 1.518950768255942 227.5545480943864 0.001046202749046003
0.0476 6374.855489529783 1.000099511751942 1.518858494241282 227.3393180564107 0.001021839735188047
0.0477 6374.888660997957 1.000099110574459 1.518766196430082 227.123703513278 0.0009979521061674731
0.0478 6374.921891637468 1.000098709925344 1.518673874831455 226.9077043564552 0.0009745326764435
0.04790000000000001 6374.955181465014 1.000098309808326 1.518581529454699 226.691320477409 0.0009515743279845987
0.048 6374.988530497289 1.000097910227123 1.518489160309313 226.4745517676241 0.0009290700103369366
0.0481 6375.021938750985 1.000097511185438 1.518396767404983 226.2573981185968 0.0009070127406775682
0.0482 6375.055406242792 1.00009711268697 1.51830435075156 226.0398594218531 0.0008853956038575077
0.0483 6375.088932989394 1.000096714735401 1.518211910359126 225.8219355689365 0.0008642117524292902
0.04840000000000001 6375.122519007477 1.000096317334405 1.51811944623793 225.6036264514026 0.0008434544066629354
0.0485 6375.156164313719 1.000095920487645 1.518026958398411 225.3849319608247 0.000823116854550851
0.0486 6375.189868924797 1.000095524198771 1.517934446851207 225.1658519888173 0.0008031924518021616
0.0487 6375.223632857386 1.000095128471423 1.517841911607142 224.9463864269891 0.0007836746218185216
0.0488 6375.257456128156 1.00009473330923 1.517749352677223 224.7265351669843 0.000764556855666244
0.0489 6375.291338753772 1.00009433871581 1.517656770072665 224.5062981004825 0.0007458327120327069
0.049 6375.325280750898 1.000093944694768 1.517564163804853 224.2856751191633 0.0007274958171682082
0.0491 6375.359282136192 1.000093551249698 1.517471533885379 224.0646661147538 0.0007095398648233598
0.0492 6375.393342926309 1.000093158384183 1.517378880326009 223.8432709789926 0.0006919586161680602
0.0493 6375.427463137901 1.000092766101794 1.517286203138707 223.6214896036421 0.0006747458997032114
0.0494 6375.461642787614 1.000092374406091 1.517193502335637 223.3993218805061 0.0006578956111616216
0.0495 6375.495881892092 1.000091983300621 1.517100777929129 223.1767677014003 0.0006414017133942412
0.04960000000000001 6375.530180467971 1.00009159278892 1.517008029931731 222.9538269581875 0.0006252582362504736
0.0497 6375.564538531886 1.000091202874511 1.516915258356156 222.7304995427425 0.0006094592764424272
0.0498 6375.598956100464 1.000090813560907 1.51682246321532 222.5067853469812 0.0005939989974033505
0.0499 6375.633433190331 1.000090424851606 1.516729644522334 222.2826842628496 0.0005788716291325337
0.05 6375.667969818106 1.000090036750098 1.516636802290473 222.0581961823108 0.0005640714680299927
0.05010000000000001 6375.702566000402 1.000089649259856 1.516543936533242 221.8333209973874 0.0005495928767244473
0.0502 6375.73722175383 1.000089262384345 1.516451047264294 221.6080586001079 0.0005354302838849916
0.0503 6375.771937094992 1.000088876127015 1.516358134497503 221.3824088825539 0.0005215781840294157
0.0504 6375.806712040488 1.000088490491304 1.516265198246911 221.1563717368307 0.0005080311373178048
0.0505 6375.841546606909 1.000088105480638 1.516172238526758 220.9299470550908 0.000494783769339829
0.0506 6375.876440810845 1.000087721098431 1.516079255351482 220.7031347295105 0.0004818307708897034
0.0507 6375.911394668876 1.000087337348084 1.515986248735694 220.4759346523073 0.0004691668977342891
0.0508 6375.946408197578 1.000086954232984 1.515893218694199 220.2483467157402 0.0004567869703709187
0.0509 6375.981481413522 1.000086571756506 1.515800165242007 220.0203708121038 0.0004446858737758852
0.051 6376.016614333272 1.000086189922014 1.515707088394292 219.7920068337338 0.0004328585571447119
0.0511 6376.051806973383 1.000085808732857 1.51561398816643 219.5632546730075 0.0004213000336233619
0.0512 6376.08705935041 1.00008542819237 1.515520864573995 219.3341142223375 0.0004100053800305883
0.05130000000000001 6376.122371480895 1.000085048303879 1.515427717632725 219.1045853741838 0.0003989697365727696
0.0514 6376.157743381377 1.000084669070693 1.515334547358576 218.8746680210478 0.0003881883065495774
0.0515 6376.193175068389 1.00008429049611 1.515241353767662 218.6443620554722 0.0003776563560518594
0.0516 6376.228666558454 1.000083912583414 1.515148136876314 218.4136673700472 0.0003673692136518545
0.0517 6376.264217868092 1.000083535335875 1.515054896701035 218.182583857404 0.0003573222700850702
0.05180000000000001 6376.299829013811 1.000083158756752 1.514961633258524 217.9511114102273 0.0003475109779253322
0.0519 6376.335500012118 1.000082782849287 1.514868346565664 217.7192499212314 0.0003379308512508562
0.052 6376.371230879508 1.000082407616712 1.514775036639521 217.4869992831954 0.0003285774653055206
0.0521 6376.407021632472 1.000082033062243 1.514681703497361 217.2543593889339 0.0003194464561502705
0.0522 6376.442872287489 1.000081659189083 1.514588347156631 217.021330131321 0.0003105335203097377
0.0523 6376.478782861035 1.000081286000423 1.514494967634968 216.7879114032716 0.0003018344144103992
0.0524 6376.514753369575 1.000080913499438 1.514401564950196 216.55410309776 0.0002933449548134641
0.0525 6376.550783829569 1.000080541689289 1.514308139120323 216.3199051078021 0.0002850610172399406
0.0526 6376.586874257467 1.000080170573125 1.514214690163551 216.0853173264667 0.0002769785363905046
0.0527 6376.623024669711 1.00007980015408 1.514121218098271 215.8503396468758 0.0002690935055587539
0.0528 6376.659235082737 1.000079430435274 1.514027722943057 215.6149719622107 0.0002614019762386753
0.0529 6376.695505512969 1.000079061419812 1.513934204716665 215.3792141656999 0.0002539000577257074
0.05300000000000001 6376.731835976826 1.000078693110787 1.513840663438043 215.1430661506309 0.0002465839167129355
0.0531 6376.768226490716 1.000078325511275 1.513747099126331 214.9065278103448 0.0002394497768812156
0.0532 6376.804677071041 1.00007795862434 1.513653511800849 214.6695990382353 0.0002324939184841732
0.0533 6376.84118773419 1.000077592453031 1.513559901481117 214.4322797277617 0.0002257126779283886
0.0534 6376.877758496548 1.000077227000381 1.513466268186821 214.1945697724362 0.000219102447347886
0.05350000000000001 6376.914389374489 1.000076862269412 1.513372611937843 213.9564690658243 0.0002126596741741701
0.0536 6376.951080384374 1.000076498263127 1.513278932754263 213.7179775015683 0.0002063808607022202
0.0537 6376.987831542561 1.000076134984518 1.513185230656326 213.4790949733518 0.0002002625636503953
0.0538 6377.024642865396 1.00007577243656 1.513091505664476 213.2398213749237 0.0001943013937176165
0.0539 6377.061514369215 1.000075410622214 1.512997757799353 213.0001566001037 0.0001884940151358636
0.054 6377.098446070344 1.000075049544427 1.512903987081753 212.7601005427645 0.0001828371452181
0.0541 6377.135437985101 1.000074689206131 1.51281019353269 212.5196530968441 0.0001773275539031015
0.05420000000000001 6377.172490129793 1.00007432961024 1.512716377173343 212.2788141563454 0.0001719620632963094
0.0543 6377.209602520717 1.000073970759657 1.512622538025083 212.0375836153365 0.0001667375472071718
0.0544 6377.246775174162 1.000073612657268 1.512528676109469 211.7959613679444 0.0001616509306830187
0.0545 6377.284008106404 1.000073255305943 1.512434791448239 211.553947308373 0.0001566991895402506
0.0546 6377.321301333709 1.00007289870854 1.512340884063321 211.3115413308914 0.0001518793498918575
0.05470000000000001 6377.358654872334 1.000072542867898 1.51224695397683 211.0687433298275 0.0001471884876722341
0.0548 6377.396068738524 1.000072187786842 1.512153001211057 210.8255531995923 0.0001426237281598502
0.0549 6377.433542948515 1.000071833468183 1.512059025788483 210.5819708346497 0.0001381822454963464
0.055 6377.471077518532 1.000071479914714 1.511965027731777 210.3379961295408 0.0001338612622042619
0.0551 6377.508672464788 1.000071127129214 1.511871007063787 210.0936289788773 0.0001296580487019553
0.05520000000000001 6377.546327803485 1.000070775114446 1.511776963807547 209.8488692773479 0.000125569922816663
0.0553 6377.584043550814 1.000070423873159 1.511682897986275 209.6037169197065 0.0001215942492953348
0.0554 6377.621819722957 1.000070073408083 1.511588809623365 209.3581718007775 0.0001177284393140124
0.0555 6377.659656336082 1.000069723721934 1.511494698742404 209.1122338154686 0.0001139699499856615
0.0556 6377.697553406345 1.000069374817413 1.511400565367167 208.865902858758 0.0001103162838661652
0.0557 6377.735510949894 1.000069026697203 1.511306409521602 208.6191788256891 0.0001067649884591173
0.0558 6377.773528982862 1.000068679363973 1.511212231229833 208.3720616114 0.0001033136557199533
0.05590000000000001 6377.811607521371 1.000068332820374 1.511118030516194 208.1245511110877 9.995992155812176e-05
0.056 6377.849746581533 1.000067987069043 1.51102380740517 207.8766472200381 9.670146533931415e-05
0.0561 6377.887946179443 1.0000676421126 1.510929561921452 207.6283498336196 9.353600938645049e-05
0.0562 6377.926206331191 1.000067297953648 1.510835294089896 207.37965884726 9.046131847988161e-05
0.0563 6377.964527052849 1.000066954594774 1.510741003935552 207.1305741564814 8.747519935790072e-05
0.05640000000000001 6378.002908360479 1.000066612038549 1.510646691483646 206.881095656889 8.457550021633372e-05
0.0565 6378.04135027013 1.000066270287528 1.51055235675959 206.6312232441527 8.176011020793001e-05
0.0566 6378.07985279784 1.000065929344248 1.510457999788968 206.3809568140431 7.90269589423363e-05
0.0567 6378.11841595963 1.000065589211232 1.510363620597558 206.1302962624076 7.637401598549305e-05
0.0568 6378.157039771512 1.000065249890983 1.510269219211309 205.8792414851704 7.379929035956482e-05
0.05690000000000001 6378.195724249485 1.000064911385991 1.51017479565636 205.6277923783445 7.130083004336192e-05
0.057 6378.234469409534 1.000064573698727 1.510080349959014 205.3759488380314 6.887672147313661e-05
0.0571 6378.273275267628 1.000064236831644 1.509985882145775 205.1237107604155 6.652508904396299e-05
0.0572 6378.312141839729 1.000063900787182 1.509891392243317 204.871078041764 6.42440946119451e-05
0.0573 6378.35106914178 1.000063565567762 1.509796880278482 204.6180505784326 6.203193699736529e-05
0.0574 6378.390057189712 1.000063231175787 1.509702346278314 204.3646282668718 5.988685148883602e-05
0.0575 6378.429105999444 1.000062897613644 1.509607790270025 204.1108110036147 5.780710934843489e-05
0.05760000000000001 6378.468215586881 1.000062564883703 1.509513212281 203.8565986852713 5.57910173181592e-05
0.0577 6378.507385967912 1.000062232988317 1.50941861233882 203.6019912085698 5.383691712811901e-05
0.0578 6378.546617158414 1.000061901929822 1.509323990471218 203.3469884703094 5.194318500550848e-05
0.0579 6378.585909174249 1.000061571710537 1.509229346706139 203.0915903673839 5.010823118575168e-05
0.058 6378.625262031265 1.000061242332761 1.509134681071668 202.8357967967758 4.833049942512544e-05
0.05810000000000001 6378.664675745297 1.00006091379878 1.509039993596101 202.5796076555679 4.660846651533161e-05
0.0582 6378.704150332163 1.000060586110859 1.5089452843079 202.3230228409378 4.494064179987177e-05
0.0583 6378.743685807669 1.000060259271247 1.508850553235695 202.0660422501518 4.3325566692468e-05
0.0584 6378.783282187604 1.000059933282176 1.508755800408306 201.8086657805765 4.17618141977369e-05
0.0585 6378.822939487743 1.000059608145859 1.508661025854724 201.5508933296672 4.024798843395611e-05
0.05860000000000001 6378.862657723848 1.000059283864492 1.508566229604114 201.2927247949859 3.878272415835005e-05
0.0587 6378.902436911664 1.000058960440255 1.508471411685822 201.034160074183 3.736468629460393e-05
0.05880000000000001 6378.942277066922 1.000058637875306 1.50837657212937 200.7751990650094 3.599256946308485e-05
0.0589 6378.982178205336 1.000058316171791 1.50828171096445 200.5158416653165 3.466509751361686e-05
0.059 6379.022140342609 1.000057995331833 1.50818682822093 200.2560877730447 3.338102306091609e-05
0.0591 6379.062163494423 1.000057675357539 1.508091923928857 199.9959372862521 3.213912702303747e-05
0.0592 6379.102247676448 1.000057356251 1.507996998118455 199.7353901030859 3.093821816241527e-05
0.05930000000000001 6379.142392904338 1.000057038014286 1.507902050820112 199.4744461218055 2.977713263014169e-05
0.0594 6379.182599193728 1.00005672064945 1.507807082064403 199.2131052407648 2.865473351310511e-05
0.0595 6379.222866560243 1.000056404158527 1.507712091882066 198.9513673584182 2.756991038437761e-05
0.0596 6379.263195019488 1.000056088543534 1.507617080304018 198.6892323733267 2.652157885681057e-05
0.0597 6379.303584587053 1.000055773806469 1.507522047361349 198.4267001841575 2.550868013989174e-05
0.05980000000000001 6379.344035278511 1.000055459949314 1.507426993085323 198.1637706896785 2.453018059994135e-05
0.0599 6379.384547109419 1.000055146974029 1.507331917507374 197.9004437887755 2.358507132382834e-05
0.06 6379.425120095319 1.000054834882559 1.507236820659095 197.6367193804293 2.267236768603138e-05
0.0601 6379.465754251734 1.000054523676829 1.507141702572283 197.3725973637269 2.179110891939945e-05
0.0602 6379.506449594173 1.000054213358745 1.507046563278878 197.1080776378734 2.094035768953189e-05
0.0603 6379.547206138128 1.000053903930195 1.506951402811004 196.8431601021688 2.011919967273232e-05
0.0604 6379.588023899071 1.00005359539305 1.506856221200951 196.577844656037 1.932674313788324e-05
0.06050000000000001 6379.62890289246 1.000053287749161 1.506761018481177 196.3121311990084 1.856211853197281e-05
0.0606 6379.669843133736 1.000052981000359 1.506665794684323 196.0460196307139 1.782447806952494e-05
0.0607 6379.710844638322 1.000052675148458 1.506570549843184 195.7795098509085 1.711299532602197e-05
0.0608 6379.751907421622 1.000052370195253 1.50647528399074 195.5126017594538 1.642686483516979e-05
0.0609 6379.793031499028 1.000052066142521 1.506379997160118 195.2452952563175 1.576530169022578e-05
0.06100000000000001 6379.834216885908 1.000051762992017 1.506284689384637 194.9775902415976 1.512754114943558e-05
0.0611 6379.875463597616 1.000051460745481 1.506189360697772 194.7094866154983 1.451283824544822e-05
0.0612 6379.916771649488 1.000051159404632 1.506094011133168 194.4409842783306 1.392046739893241e-05
0.0613 6379.958141056842 1.000050858971169 1.505998640724641 194.1720831305291 1.334972203640652e-05
0.0614 6379.999571834978 1.000050559446775 1.50590324950616 193.9027830726412 1.279991421221279e-05
0.06150000000000001 6380.041063999178 1.000050260833111 1.505807837511889 193.6330840053441 1.227037423480132e-05
0.0616 6380.082617564704 1.000049963131821 1.505712404776127 193.3629858294215 1.176045029720791e-05
0.0617 6380.124232546805 1.000049666344527 1.505616951333369 193.0924884457694 1.126950811190397e-05
0.0618 6380.165908960706 1.000049370472836 1.505521477218242 192.8215917554138 1.079693054999972e-05
0.0619 6380.207646821616 1.000049075518331 1.505425982465566 192.5502956594931 1.034211728474324e-05
0.062 6380.249446144727 1.00004878148258 1.505330467110313 192.2786000592758 9.904484439467818e-06
0.0621 6380.291306945208 1.000048488367127 1.505234931187629 192.0065048561486 9.483464239893718e-06
0.06220000000000001 6380.333229238213 1.000048196173502 1.505139374732809 191.7340099516163 9.078504670876917e-06
0.0623 6380.375213038877 1.000047904903212 1.50504379778133 191.461115247302 8.689069137600031e-06
0.0624 6380.417258362314 1.000047614557744 1.504948200368813 191.1878206449591 8.314636131236661e-06
0.0625 6380.459365223621 1.000047325138568 1.50485258253106 190.9141260464647 7.954698899058985e-06
0.0626 6380.501533637875 1.000047036647132 1.50475694430402 190.6400313538146 7.608765119029036e-06
0.06270000000000001 6380.543763620133 1.000046749084867 1.504661285723805 190.3655364691343 7.27635657890317e-06
0.06280000000000001 6380.586055185433 1.000046462453182 1.504565606826713 190.0906412946855 6.957008859823726e-06
0.0629 6380.628408348794 1.000046176753467 1.504469907649168 189.8153457328361 6.650271024373206e-06
0.063 6380.670823125217 1.000045891987094 1.504374188227773 189.5396496860902 6.355705309204479e-06
0.0631 6380.713299529679 1.000045608155412 1.504278448599297 189.2635530570877 6.072886822140503e-06
0.06320000000000001 6380.75583757714 1.000045325259753 1.504182688800651 188.9870557485868 5.801403243764201e-06
0.06330000000000001 6380.798437282542 1.000045043301427 1.504086908868923 188.7101576634758 5.540854533544525e-06
0.0634 6380.841098660803 1.000044762281726 1.503991108841347 188.4328587047788 5.290852640455154e-06
0.0635 6380.883821726824 1.000044482201921 1.503895288755324 188.1551587756443 5.051021218071413e-06
0.0636 6380.926606495484 1.000044203063264 1.503799448648407 187.8770577793565 4.820995344176517e-06
0.06370000000000001 6380.969452981642 1.000043924866985 1.503703588558304 187.5985556193299 4.600421244829286e-06
0.06380000000000001 6381.012361200137 1.000043647614296 1.503607708522898 187.3196521991089 4.388956022904792e-06
0.0639 6381.055331165789 1.000043371306388 1.503511808580203 187.0403474223739 4.186267391093677e-06
0.064 6381.098362893395 1.000043095944432 1.503415888768405 186.7606411929354 3.992033409332761e-06
0.0641 6381.141456397732 1.00004282152958 1.503319949125841 186.4805334147399 3.805942226669192e-06
0.06420000000000001 6381.184611693558 1.000042548062961 1.503223989691006 186.2000239918756 3.627691827531014e-06
0.06430000000000001 6381.227828795606 1.000042275545686 1.503128010502546 185.919112828561 3.456989782375098e-06
0.0644 6381.271107718592 1.000042003978847 1.503032011599261 185.6377998291504 3.293553002715608e-06
0.0645 6381.314448477211 1.000041733363512 1.502935993020109 185.3560848981282 3.137107500492058e-06
0.0646 6381.357851086134 1.000041463700732 1.502839954804197 185.0739679401266 2.987388151774401e-06
0.06470000000000001 6381.401315560012 1.000041194991537 1.502743896990783 184.7914488599198 2.844138464753303e-06
0.0648 6381.444841913477 1.000040927236934 1.502647819619281 184.5085275624 2.707110351996821e-06
0.0649 6381.488430161135 1.000040660437913 1.502551722729258 184.2252039526251 2.576063906989023e-06
0.065 6381.532080317573 1.000040394595442 1.502455606360429 183.941477935777 2.450767184842725e-06
0.06510000000000001 6381.575792397357 1.000040129710469 1.502359470552658 183.6573494171797 2.330995987231e-06
0.06520000000000001 6381.61956641503 1.000039865783921 1.50226331534596 183.3728183023048 2.216533651470102e-06
0.0653 6381.663402385114 1.000039602816705 1.502167140780503 183.08788449676 2.10717084372187e-06
0.0654 6381.707300322108 1.000039340809707 1.502070946896602 182.8025479063007 2.002705356299523e-06
0.0655 6381.75126024049 1.000039079763793 1.501974733734721 182.5168084368182 1.902941909023989e-06
0.06560000000000001 6381.795282154715 1.000038819679807 1.501878501335467 182.2306659943519 1.807691954613806e-06
0.06570000000000001 6381.839366079216 1.000038560558575 1.501782249739595 181.9441204850945 1.716773488060852e-06
0.0658 6381.883512028406 1.0000383024009 1.501685978988019 181.6571718153631 1.630010859946942e-06
0.0659 6381.927720016671 1.000038045207565 1.501589689121784 181.3698198916403 1.5472345936969e-06
0.066 6381.971990058377 1.000037788979332 1.50149338018209 181.0820646205506 1.468281206685969e-06
0.06610000000000001 6382.016322167869 1.000037533716943 1.501397052210278 180.7939059088543 1.392993035189329e-06
0.06620000000000001 6382.060716359467 1.000037279421119 1.501300705247833 180.5053436634656 1.321218063133062e-06
0.0663 6382.105172647469 1.000037026092561 1.50120433933638 180.2163777914524 1.252809754593724e-06
0.0664 6382.149691046151 1.000036773731947 1.501107954517702 179.9270082000183 1.187626890006323e-06
0.0665 6382.194271569765 1.000036522339936 1.501011550833714 179.637234796527 1.125533406051764e-06
0.06660000000000001 6382.238914232539 1.000036271917165 1.500915128326473 179.3470574884954 1.066398239163248e-06
0.06670000000000001 6382.283619048679 1.000036022464253 1.500818687038176 179.0564761835884 1.010095172615661e-06
0.0668 6382.328386032368 1.000035773981792 1.500722227011172 178.765490789607 9.565026871523441e-07
0.0669 6382.373215197766 1.000035526470361 1.500625748287941 178.4741012145236 9.055038151136947e-07
0.067 6382.418106559008 1.000035279930511 1.500529250911101 178.1823073664463 8.56985997999991e-07
0.06710000000000001 6382.463060130207 1.000035034362777 1.500432734923417 177.8901091536549 8.108409474486443e-07
0.06720000000000001 6382.508075925452 1.00003478976767 1.500336200367791 177.5975064845651 7.669645095546338e-07
0.0673 6382.553153958807 1.000034546145682 1.50023964728726 177.3044992677522 7.252565325092544e-07
0.0674 6382.598294244316 1.000034303497282 1.500143075724995 177.0110874119454 6.856207374951819e-07
0.0675 6382.643496795995 1.000034061822921 1.50004648572431 176.7172708260331 6.479645927970667e-07
0.06760000000000001 6382.688761627836 1.000033821123024 1.499949877328664 176.4230494190637 6.121991910771577e-07
0.06770000000000001 6382.734088753812 1.000033581398001 1.49985325058163 176.1284231002213 5.78239129766218e-07
0.0678 6382.779478187867 1.000033342648237 1.499756605526928 175.8333917788676 5.460023945317923e-07
0.0679 6382.82492994392 1.000033104874095 1.499659942208421 175.5379553645179 5.154102457595735e-07
0.068 6382.870444035872 1.000032868075921 1.499563260670089 175.2421137668351 4.863871080097073e-07
0.06810000000000001 6382.916020477592 1.000032632254037 1.499466560956057 174.9458668956539 4.588604623995951e-07
0.0682 6382.961659282931 1.000032397408745 1.499369843110574 174.6492146609506 4.327607418561435e-07
0.0683 6383.00736046571 1.000032163540323 1.499273107178034 174.3521569728849 4.080212292003693e-07
0.0684 6383.05312403973 1.000031930649032 1.499176353202946 174.0546937417524 3.845779580008162e-07
0.06850000000000001 6383.098950018766 1.000031698735111 1.499079581229954 173.7568248780202 3.623696161619238e-07
0.06860000000000001 6383.144838416565 1.000031467798774 1.498982791303844 173.4585502923268 3.413374521877601e-07
0.0687 6383.190789246853 1.000031237840219 1.498885983469512 173.1598698954525 3.214251840735943e-07
0.0688 6383.236802523329 1.000031008859619 1.498789157772002 172.8607835983611 3.025789107833301e-07
0.0689 6383.282878259668 1.000030780857128 1.498692314256476 172.561291312158 2.847470262533077e-07
0.06900000000000001 6383.32901646952 1.000030553832878 1.498595452968216 172.2613929481203 2.678801358842362e-07
0.06910000000000001 6383.375217166508 1.000030327786978 1.498498573952649 171.9610884176963 2.519309754659084e-07
0.0692 6383.421480364232 1.00003010271952 1.498401677255308 171.660377632494 2.368543324879313e-07
0.0693 6383.467806076264 1.000029878630571 1.498304762921868 171.3592605042812 2.226069697896738e-07
0.0694 6383.514194316154 1.000029655520178 1.498207830998116 171.0577369449969 2.091475515012939e-07
0.06950000000000001 6383.560645097425 1.000029433388367 1.498110881529964 170.7558068667398 1.96436571226555e-07
0.06960000000000001 6383.607158433571 1.000029212235143 1.498013914563459 170.453470181786 1.8443628242255e-07
0.0697 6383.653734338067 1.000028992060487 1.497916930144763 170.1507268025651 1.731106309262091e-07
