#theta R n z T P_w
0 6365.5 1.000289742353685 1.560324351282931 288.15 3.751380239431457
0.0001 6365.506698014227 1.000289524791011 1.560244943802931 288.1064629075221 3.740876138658905
0.0002 6365.513446588079 1.000289305764338 1.560165520166612 288.0625971774851 3.730318884022467
0.0003 6365.520245732087 1.000289085277154 1.560086080256809 288.0184027414315 3.719708992811016
0.0004 6365.52709545686 1.00028886333297 1.560006623956797 287.9738795304128 3.709046984362055
0.0005 6365.53399577308 1.000288639935313 1.559927151150556 287.9290274749782 3.698333380022758
0.0006000000000000001 6365.540946691509 1.000288415087735 1.559847661722463 287.8838465051921 3.687568703117966
0.0007 6365.547948222981 1.000288188793803 1.559768155557529 287.8383365506223 3.676753478910969
0.0008 6365.555000378408 1.000287961057108 1.559688632541221 287.7924975403461 3.665888234568397
0.0009000000000000001 6365.562103168776 1.00028773188126 1.559609092559604 287.7463294029557 3.654973499124976
0.001 6365.569256605144 1.000287501269888 1.559529535499234 287.6998320665647 3.644009803448134
0.0011 6365.576460698647 1.000287269226639 1.559449961247241 287.653005458796 3.632997680198302
0.0012 6365.583715460492 1.000287035755183 1.559370369691221 287.6058495067995 3.621937663796071
0.0013 6365.591020901962 1.000286800859208 1.55929076071932 287.5583641372463 3.61083029038364
0.0014 6365.59837703441 1.000286564542419 1.559211134220273 287.5105492763345 3.599676097788936
0.0015 6365.605783869266 1.000286326808545 1.55913149008316 287.4624048497716 3.588475625484102
0.0016 6365.613241418027 1.00028608766133 1.55905182819775 287.4139307828217 3.577229414559026
0.0017 6365.620749692269 1.000285847104537 1.558972148454277 287.3651270002523 3.565938007671361
0.0018 6365.628308703634 1.000285605141952 1.558892450743436 287.3159934263816 3.554601949019803
0.0019 6365.635918463837 1.000285361777374 1.558812734956477 287.2665299850609 3.543221784302153
0.002 6365.643578984666 1.000285117014625 1.558733000985189 287.2167365996683 3.53179806067607
0.0021 6365.65129027798 1.000284870857544 1.558653248721813 287.1666131931328 3.520331326726494
0.0022 6365.659052355704 1.000284623309988 1.558573478059137 287.1161596879223 3.508822132424825
0.0023 6365.66686522984 1.000284374375833 1.558493688890398 287.0653760060376 3.497271029089398
0.0024 6365.674728912455 1.000284124058971 1.558413881109448 287.014262069042 3.485678569353933
0.0025 6365.682643415688 1.000283872363317 1.558334054610523 286.9628177980261 3.474045307121109
0.0026 6365.690608751745 1.000283619292798 1.558254209288445 286.9110431136545 3.462371797534837
0.0027 6365.698624932905 1.000283364851362 1.558174345038481 286.8589379361191 3.450658596931036
0.0028 6365.706691971511 1.000283109042975 1.55809446175647 286.8065021851802 3.438906262808377
0.0029 6365.714809879977 1.000282851871619 1.558014559338662 286.7537357801488 3.4271153537856
0.003 6365.722978670785 1.000282593341295 1.557934637681928 286.7006386398983 3.415286429565422
0.0031 6365.731198356484 1.00028233345602 1.557854696683466 286.6472106828531 3.403420050893085
0.0032 6365.739468949691 1.000282072219828 1.55777473624115 286.5934518270059 3.391516779521429
0.0033 6365.74779046309 1.000281809636771 1.557694756253274 286.5393619899177 3.37957717817194
0.0034 6365.756162909429 1.000281545710919 1.557614756618602 286.4849410887122 3.367601810494428
0.0035 6365.764586301528 1.000281280446355 1.557534737236433 286.4301890400696 3.355591241026706
0.0036 6365.773060652268 1.000281013847183 1.557454698006592 286.3751057602566 3.343546035161967
0.0037 6365.7815859746 1.000280745917522 1.557374638829301 286.319691165102 3.33146675910444
0.0038 6365.790162281536 1.000280476661505 1.557294559605418 286.2639451700151 3.319353979834062
0.0039 6365.798789586158 1.000280206083286 1.557214460236143 286.2078676899736 3.307208265064664
0.004 6365.807467901608 1.000279934187031 1.557134340623326 286.1514586395473 3.295030183209809
0.0041 6365.816197241097 1.000279660976924 1.557054200669219 286.0947179328685 3.28282030333708
0.004200000000000001 6365.824977617897 1.000279386457166 1.556974040276586 286.0376454836677 3.270579195136375
0.0043 6365.833809045346 1.00027911063197 1.556893859348668 285.9802412052494 3.258307428875432
0.0044 6365.842691536845 1.000278833505569 1.556813657789273 285.9225050105046 3.246005575362961
0.004500000000000001 6365.851625105858 1.000278555082209 1.556733435502602 285.864436811922 3.233674205911719
0.0046 6365.860609765913 1.000278275366152 1.556653192393445 285.806036521565 3.221313892294023
0.0047 6365.869645530599 1.000277994361675 1.556572928367049 285.7473040511067 3.208925206709798
0.0048 6365.878732413569 1.000277712073072 1.556492643329142 285.6882393118002 3.196508721740834
0.0049 6365.887870428537 1.000277428504649 1.556412337185958 285.6288422145088 3.184065010317501
0.005 6365.89705958928 1.00027714366073 1.556332009844271 285.5691126696819 3.171594645674277
0.0051 6365.906299909634 1.000276857545651 1.556251661211241 285.5090505873785 3.159098201315184
0.005200000000000001 6365.915591403499 1.000276570163764 1.556171291194685 285.4486558772559 3.146576250971789
0.0053 6365.924934084835 1.000276281519436 1.55609089970275 285.3879284485751 3.134029368564927
0.0054 6365.93432796766 1.000275991617048 1.556010486644197 285.3268682102129 3.121458128167621
0.005500000000000001 6365.943773066057 1.000275700460993 1.555930051928217 285.2654750706323 3.108863103959494
0.0056 6365.953269394164 1.000275408055683 1.555849595464553 285.2037489379358 3.096244870198209
0.0057 6365.962816966182 1.000275114405538 1.555769117163395 285.1416897198177 3.083604001170278
0.0058 6365.972415796369 1.000274819514998 1.555688616935433 285.0792973236001 3.070941071158853
0.0059 6365.982065899045 1.000274523388512 1.555608094691895 285.0165716562091 3.05825665439947
0.006 6365.991767288584 1.000274226030543 1.555527550344509 284.9535126242039 3.045551325046627
0.0061 6366.001519979422 1.000273927445571 1.555446983805413 284.8901201337538 3.032825657129589
0.006200000000000001 6366.011323986053 1.000273627638085 1.555366394987345 284.8263940906558 3.020080224516621
0.0063 6366.021179323026 1.000273326612591 1.555285783803485 284.762334400334 3.007315600875642
0.0064 6366.031086004949 1.000273024373605 1.555205150167533 284.6979409678346 2.994532359633749
0.006500000000000001 6366.041044046488 1.000272720925657 1.555124493993678 284.6332136978311 2.981731073939157
0.0066 6366.051053462364 1.000272416273289 1.555043815196613 284.5681524946366 2.968912316624325
0.0067 6366.061114267355 1.000272110421058 1.554963113691543 284.5027572621915 2.956076660164447
0.0068 6366.071226476297 1.000271803373531 1.554882389394142 284.4370279040699 2.943224676639513
0.006900000000000001 6366.081390104078 1.000271495135289 1.554801642220614 284.370964323491 2.930356937697564
0.007 6366.091605165645 1.000271185710923 1.554720872087623 284.3045664233076 2.917474014513368
0.0071 6366.101871675998 1.000270875105039 1.554640078912404 284.237834106012 2.904576477750639
0.007200000000000001 6366.112189650194 1.000270563322252 1.554559262612621 284.1707672737415 2.891664897524307
0.0073 6366.122559103342 1.000270250367191 1.554478423106458 284.1033658282789 2.878739843361698
0.0074 6366.132980050606 1.000269936244497 1.554397560312631 284.0356296710582 2.865801884164916
0.007500000000000001 6366.143452507206 1.000269620958819 1.554316674150331 283.9675587031587 2.852851588171045
0.0076 6366.153976488413 1.000269304514822 1.554235764539245 283.8991528253167 2.839889522915801
0.0077 6366.164552009552 1.000268986917179 1.554154831399595 283.8304119379139 2.826916255192776
0.007800000000000001 6366.175179086001 1.000268668170576 1.554073874652076 283.7613359409951 2.813932351018364
0.007900000000000001 6366.185857733191 1.000268348279707 1.553992894217888 283.6919247342561 2.800938375591178
0.008 6366.196587966606 1.000268027249282 1.553911890018721 283.6221782170618 2.787934893257128
0.0081 6366.20736980178 1.000267705084016 1.553830861976839 283.5520962884283 2.774922467467926
0.008200000000000001 6366.218203254301 1.000267381788639 1.553749810014923 283.4816788470465 2.761901660747436
0.0083 6366.229088339805 1.000267057367888 1.553668734056193 283.4109257912645 2.748873034650397
0.008400000000000001 6366.240025073985 1.000266731826514 1.553587634024372 283.3398370190993 2.735837149726763
0.008500000000000001 6366.251013472578 1.000266405169274 1.553506509843685 283.2684124282426 2.722794565485014
0.0086 6366.262053551375 1.000266077400937 1.553425361438888 283.1966519160613 2.70974584035449
0.008700000000000001 6366.273145326218 1.000265748526283 1.553344188735221 283.1245553795851 2.696691531645712
0.008800000000000001 6366.284288812995 1.0002654185501 1.553262991658382 283.0521227155303 2.68363219551725
0.0089 6366.295484027649 1.000265087477186 1.553181770134681 282.9793538202824 2.670568386935212
0.009000000000000001 6366.306730986165 1.000264755312349 1.553100524090823 282.9062485899252 2.657500659641367
0.0091 6366.318029704585 1.000264422060405 1.553019253454097 282.8328069201997 2.644429566108675
0.0092 6366.329380198993 1.00026408772618 1.552937958152254 282.7590287065453 2.63135565751178
0.009300000000000001 6366.340782485524 1.000263752314509 1.552856638113569 282.6849138440942 2.618279483689113
0.0094 6366.35223658036 1.000263415830237 1.552775293266853 282.6104622276592 2.60520159310415
0.0095 6366.363742499731 1.000263078278215 1.552693923541344 282.5356737517458 2.592122532810976
0.009600000000000001 6366.375300259915 1.000262739663304 1.55261252886685 282.4605483105519 2.579042848417909
0.0097 6366.386909877236 1.000262399990375 1.552531109173687 282.3850857979681 2.565963084051265
0.0098 6366.398571368063 1.000262059264305 1.552449664392656 282.3092861075896 2.552883782321318
0.009900000000000001 6366.410284748816 1.00026171748998 1.552368194455044 282.233149132698 2.539805484283299
0.01 6366.422050035955 1.000261374672293 1.552286699292728 282.1566747662913 2.526728729406712
0.0101 6366.43386724599 1.000261030816148 1.552205178837998 282.0798629010659 2.513654055536643
0.0102 6366.445736395475 1.000260685926453 1.55212363302369 282.0027134294108 2.500581998857316
0.0103 6366.45765750101 1.000260340008126 1.552042061783161 281.9252262434374 2.487513093861828
0.0104 6366.469630579236 1.00025999306609 1.551960465050273 281.8474012349669 2.474447873314983
0.0105 6366.481655646843 1.00025964510528 1.551878842759366 281.7692382955196 2.461386868216359
0.0106 6366.493732720563 1.000259296130632 1.551797194845323 281.6907373163434 2.448330607770484
0.0107 6366.505861817171 1.000258946147094 1.551715521243526 281.6118981883909 2.43527961934827
0.0108 6366.518042953486 1.000258595159619 1.551633821889834 281.5327208023426 2.422234428456516
0.0109 6366.530276146371 1.000258243173166 1.551552096720667 281.4532050485894 2.409195558700729
0.011 6366.542561412731 1.000257890192702 1.551470345672906 281.3733508172503 2.396163531753994
0.0111 6366.554898769513 1.000257536223198 1.551388568683996 281.2931579981663 2.383138867322122
0.0112 6366.567288233707 1.000257181269636 1.551306765691819 281.2126264809066 2.370122083110947
0.0113 6366.579729822343 1.000256825337 1.551224936634819 281.1317561547684 2.357113694792832
0.0114 6366.592223552497 1.000256468430281 1.55114308145194 281.050546908771 2.344114215972457
0.0115 6366.604769441279 1.000256110554478 1.55106120008259 280.9689986316856 2.331124158158465
0.0116 6366.617367505847 1.000255751714592 1.550979292466739 280.8871112119936 2.318144030723978
0.0117 6366.630017763395 1.000255391915633 1.550897358544867 280.8048845379338 2.305174340881466
0.0118 6366.642720231159 1.000255031162613 1.550815398257927 280.7223184974677 2.292215593644663
0.0119 6366.655474926415 1.000254669460555 1.550733411547376 280.6394129783019 2.279268291800078
0.012 6366.668281866477 1.000254306814481 1.550651398355228 280.5561678679013 2.266332935876783
0.0121 6366.681141068699 1.000253943229422 1.550569358623939 280.4725830534584 2.253410024110004
0.0122 6366.694052550475 1.000253578710412 1.550487292296529 280.3886584219116 2.24050005241233
0.0123 6366.707016329238 1.000253213262491 1.550405199316499 280.3043938599511 2.227603514343261
0.0124 6366.720032422457 1.000252846890702 1.550323079627863 280.2197892540306 2.214720901079886
0.0125 6366.733100847639 1.000252479600096 1.550240933175126 280.1348444903437 2.20185270138236
0.0126 6366.746221622331 1.000252111395723 1.550158759903344 280.0495594548473 2.188999401566864
0.0127 6366.759394764116 1.000251742282643 1.550076559758008 279.9639340332445 2.176161485472498
0.0128 6366.772620290614 1.000251372265916 1.54999433268518 279.8779681110076 2.163339434434675
0.0129 6366.785898219482 1.000251001350607 1.549912078631417 279.7916615733665 2.150533727253392
0.013 6366.799228568412 1.000250629541786 1.549829797543744 279.7050143053206 2.137744840165307
0.0131 6366.812611355134 1.000250256844525 1.549747489369719 279.6180261916269 2.124973246812544
0.0132 6366.826046597414 1.0002498832639 1.549665154057433 279.5306971168119 2.112219418215262
0.0133 6366.83953431305 1.000249508804992 1.549582791555408 279.4430269651774 2.099483822743577
0.0134 6366.853074519879 1.000249133472883 1.54950040181275 279.3550156207888 2.086766926087163
0.0135 6366.86666723577 1.00024875727266 1.54941798477901 279.2666629674926 2.074069191229415
0.0136 6366.88031247863 1.000248380209411 1.549335540404272 279.177968888905 2.061391078417587
0.0137 6366.894010266396 1.000248002288229 1.549253068639118 279.0889332684291 2.048733045137448
0.0138 6366.90776061704 1.000247623514208 1.549170569434652 278.9995559892376 2.036095546083133
0.0139 6366.92156354857 1.000247243892446 1.549088042742427 278.9098369342963 2.023479033133155
0.014 6366.935419079025 1.000246863428042 1.549005488514557 278.8197759863405 2.010883955319999
0.0141 6366.949327226475 1.000246482126099 1.548922906703616 278.7293730279101 1.998310758808302
0.0142 6366.963288009028 1.000246099991721 1.548840297262717 278.6386279413149 1.98575988686338
0.0143 6366.97730144482 1.000245717030014 1.548757660145428 278.5475406086692 1.973231779829928
0.0144 6366.99136755202 1.000245333246087 1.548674995305864 278.4561109118689 1.960726875102795
0.0145 6367.005486348828 1.000244948645049 1.548592302698604 278.3643387326205 1.948245607105374
0.0146 6367.019657853477 1.000244563232012 1.548509582278744 278.2722239523999 1.935788407258584
0.0147 6367.033882084229 1.000244177012091 1.548426834001875 278.1797664525119 1.923355703963826
0.0148 6367.048159059378 1.000243789990398 1.548344057824095 278.0869661140422 1.910947922571768
0.0149 6367.062488797247 1.000243402172051 1.548261253701983 277.9938228178934 1.898565485362643
0.015 6367.076871316192 1.000243013562167 1.548178421592602 277.9003364447493 1.88620881151732
0.0151 6367.091306634596 1.000242624165863 1.548095561453572 277.8065068751283 1.873878317100478
0.0152 6367.105794770871 1.000242233988258 1.548012673242936 277.7123339893359 1.861574415030759
0.0153 6367.120335743461 1.000241843034473 1.547929756919281 277.6178176675061 1.849297515062925
0.0154 6367.134929570835 1.000241451309627 1.54784681244166 277.5229577895719 1.837048023761013
0.0155 6367.149576271495 1.000241058818842 1.547763839769651 277.4277542352833 1.824826344478004
0.0156 6367.164275863966 1.000240665567238 1.547680838863297 277.3322068842184 1.812632877334963
0.0157 6367.179028366807 1.000240271559937 1.547597809683124 277.2363156157547 1.800468019195234
0.0158 6367.193833798599 1.000239876802062 1.547514752190171 277.1400803091041 1.788332163647249
0.0159 6367.208692177954 1.000239481298732 1.547431666345995 277.0435008433009 1.776225700981614
0.016 6367.223603523506 1.000239085055069 1.547348552112591 276.9465770972082 1.764149018170761
0.0161 6367.238567853923 1.000238688076196 1.547265409452456 276.8493089494999 1.752102498846001
0.0162 6367.253585187893 1.000238290367232 1.547182238328588 276.7516962786962 1.740086523281508
0.0163 6367.268655544133 1.000237891933297 1.547099038704489 276.6537389631338 1.728101468370555
0.0164 6367.283778941385 1.000237492779512 1.547015810544108 276.5554368809961 1.716147707609379
0.0165 6367.298955398417 1.000237092910995 1.546932553811874 276.4567899102889 1.704225611074854
0.0166 6367.314184934021 1.000236692332864 1.546849268472761 276.3577979288642 1.692335545408258
0.0167 6367.329467567015 1.000236291050236 1.546765954492184 276.2584608144028 1.680477873794365
0.0168 6367.34480331624 1.000235889068227 1.546682611836032 276.1587784444376 1.668652955945853
0.0169 6367.360192200564 1.000235486391952 1.546599240470716 276.058750696336 1.656861148083086
0.017 6367.375634238874 1.000235083026523 1.546515840363092 275.9583774473175 1.645102802918469
0.0171 6367.391129450086 1.000234678977052 1.546432411480502 275.8576585744421 1.63337826963764
0.0172 6367.406677853136 1.000234274248651 1.54634895379079 275.7565939546161 1.621687893883123
0.0173 6367.422279466983 1.000233868846426 1.546265467262245 275.6551834646096 1.610032017739644
0.0174 6367.437934310609 1.000233462775485 1.546181951863675 275.5534269810395 1.598410979715705
0.0175 6367.453642403021 1.000233056040931 1.546098407564323 275.4513243803625 1.586825114726918
0.0176 6367.469403763245 1.000232648647869 1.546014834333921 275.3488755389056 1.575274754083717
0.0177 6367.485218410329 1.000232240601398 1.545931232142686 275.2460803328598 1.563760225475333
0.0178 6367.501086363344 1.000231831906616 1.545847600961288 275.1429386382623 1.552281852952849
0.0179 6367.517007641381 1.000231422568618 1.54576394076089 275.0394503310202 1.540839956917261
0.018 6367.532982263553 1.000231012592499 1.54568025151311 274.9356152869049 1.52943485410455
0.0181 6367.549010248992 1.000230601983348 1.545596533190063 274.8314333815514 1.518066857571802
0.0182 6367.565091616851 1.000230190746254 1.545512785764282 274.7269044904709 1.50673627668497
0.0183 6367.581226386304 1.0002297788863 1.545429009208823 274.6220284890268 1.495443417103137
0.0184 6367.597414576541 1.000229366408569 1.545345203497158 274.5168052524817 1.484188580770827
0.0185 6367.613656206778 1.00022895331814 1.545261368603257 274.4112346559449 1.472972065899831
0.0186 6367.629951296244 1.000228539620088 1.545177504501551 274.305316574413 1.461794166961589
0.0187 6367.64629986419 1.000228125319486 1.545093611166907 274.1990508827647 1.450655174674823
0.0188 6367.662701929885 1.000227710421403 1.545009688574688 274.0924374557484 1.439555375992957
0.0189 6367.679157512615 1.000227294930903 1.544925736700704 273.9854761680002 1.428495054095009
0.019 6367.695666631686 1.00022687885305 1.544841755521208 273.8781668940381 1.417474488374371
0.0191 6367.71222930642 1.0002264621929 1.54475774501293 273.7705095082678 1.406493954429178
0.0192 6367.728845556157 1.000226044955508 1.544673705153038 273.6625038849824 1.395553724052448
0.0193 6367.745515400254 1.000225627145924 1.544589635919177 273.5541498983511 1.384654065221413
0.0194 6367.762238858084 1.000225208769196 1.544505537289416 273.4454474224543 1.373795242091978
0.0195 6367.77901594904 1.000224789830363 1.544421409242319 273.3363963312426 1.362977514985834
0.0196 6367.795846692525 1.000224370334465 1.544337251756853 273.2269964985893 1.35220114038739
0.0197 6367.812731107964 1.000223950286535 1.544253064812463 273.1172477982321 1.341466370929934
0.0198 6367.829669214795 1.000223529691603 1.544168848389019 273.0071501038318 1.330773455393859
0.0199 6367.846661032471 1.000223108554692 1.544084602466863 272.8967032889367 1.320122638695935
0.02 6367.863706580461 1.000222686880822 1.544000327026765 272.7859072270006 1.309514161884198
0.0201 6367.88080587825 1.00022226467501 1.543916022049953 272.6747617913769 1.298948262130904
0.0202 6367.897958945334 1.000221841942264 1.543831687518066 272.5632668553302 1.288425172727562
0.0203 6367.915165801226 1.000221418687591 1.54374732341321 272.4514222920305 1.277945123078651
0.0204 6367.932426465453 1.000220994915991 1.543662929717938 272.3392279745534 1.267508338696296
0.0205 6367.949740957555 1.000220570632459 1.543578506415194 272.2266837758915 1.257115041196414
0.0206 6367.967109297086 1.000220145841985 1.543494053488409 272.1137895689429 1.246765448293047
0.0207 6367.984531503612 1.000219720549555 1.543409570921412 272.0005452265231 1.236459773795268
0.0208 6368.002007596713 1.000219294760147 1.543325058698482 271.8869506213645 1.226198227603368
0.0209 6368.019537595981 1.000218868478736 1.543240516804326 271.7730056261229 1.215981015705956
0.021 6368.037121521022 1.000218441710289 1.543155945224092 271.6587101133595 1.20580834017533
0.0211 6368.05475939145 1.00021801445977 1.543071343943323 271.5440639555762 1.195680399167986
0.0212 6368.072451226895 1.000217586732135 1.542986712948007 271.4290670251806 1.185597386919184
0.0213 6368.090197046998 1.000217158532336 1.542902052224557 271.3137191945151 1.175559493743671
0.0214 6368.107996871409 1.000216729865317 1.542817361759814 271.1980203358393 1.165566906032619
0.0215 6368.125850719793 1.000216300736019 1.542732641541008 271.0819703213477 1.155619806254039
0.0216 6368.143758611821 1.000215871149373 1.542647891555835 270.9655690231642 1.145718372951519
0.0217 6368.161720567177 1.000215441110307 1.542563111792373 270.8488163133474 1.13586278074436
0.0218 6368.179736605555 1.000215010623743 1.542478302239123 270.7317120638908 1.126053200327589
0.0219 6368.19780674666 1.000214579694593 1.542393462885013 270.6142561467112 1.116289798471381
0.022 6368.215931010204 1.000214148327767 1.542308593719358 270.4964484336723 1.106572738023824
0.0221 6368.234109415911 1.000213716528165 1.542223694731913 270.3782887965784 1.096902177911577
0.0222 6368.252341983512 1.000213284300683 1.542138765912813 270.259777107169 1.087278273140931
0.0223 6368.27062873275 1.000212851650209 1.542053807252622 270.1409132371244 1.077701174800234
0.0224 6368.288969683375 1.000212418581625 1.541968818742272 270.0216970580599 1.068171030061732
0.0225 6368.307364855144 1.000211985099804 1.541883800373158 269.9021284415611 1.058687982187092
0.0226 6368.325814267824 1.000211551209615 1.541798752137017 269.7822072591429 1.049252170527151
0.0227 6368.34431794119 1.00021111691592 1.541713674026015 269.6619333822667 1.039863730526801
0.0228 6368.362875895024 1.000210682223572 1.541628566032717 269.541306682347 1.030522793729278
0.0229 6368.381488149113 1.000210247137418 1.541543428150058 269.4203270307625 1.021229487781268
0.023 6368.400154723258 1.000209811662297 1.541458260371385 269.298994298821 1.011983936434757
0.0231 6368.41887563726 1.000209375803043 1.541373062690429 269.1773083578067 1.00278625955563
0.0232 6368.437650910931 1.00020893956448 1.541287835101347 269.0552690789508 0.9936365731267287
0.0233 6368.456480564086 1.000208502951427 1.541202577598603 268.9328763334428 0.9845349892544712
0.0234 6368.475364616549 1.000208065968693 1.541117290177125 268.8101299924309 0.9754816161749351
0.0235 6368.494303088149 1.000207628621082 1.541031972832192 268.6870299270339 0.9664765582611763
0.0236 6368.513295998719 1.00020719091339 1.540946625559453 268.5635760083291 0.9575199160291787
0.0237 6368.532343368101 1.000206752850403 1.540861248354945 268.4397681073405 0.9486117861442175
0.0238 6368.551445216141 1.000206314436902 1.540775841215106 268.3156060950863 0.9397522614318417
0.0239 6368.570601562687 1.000205875677661 1.540690404136703 268.1910898425375 0.9309414308828116
0.024 6368.589812427595 1.000205436577442 1.540604937116929 268.0662192206354 0.9221793796626874
0.0241 6368.609077830725 1.000204997141003 1.540519440153299 267.9409941002858 0.9134661891200844
0.0242 6368.628397791942 1.000204557373093 1.540433913243717 267.8154143523769 0.9048019367969458
0.0243 6368.647772331113 1.000204117278452 1.54034835638647 267.6894798477673 0.8961866964371048
0.0244 6368.66720146811 1.000203676861814 1.540262769580179 267.5631904572859 0.8876205379960547
0.0245 6368.686685222808 1.000203236127903 1.54017715282386 267.43654605175 0.8791035276522703
0.0246 6368.706223615087 1.000202795081436 1.540091506116865 267.3095465019354 0.8706357278156922
0.0247 6368.725816664828 1.000202353727122 1.540005829458897 267.1821916786179 0.8622171971413433
0.0248 6368.745464391916 1.00020191206966 1.53992012285006 267.0544814525437 0.8538479905385339
0.0249 6368.76516681624 1.000201470113743 1.539834386290764 266.9264156944413 0.8455281591832046
0.025 6368.784923957689 1.000201027864054 1.53974861978178 266.7979942750216 0.8372577505298258
0.0251 6368.804735836156 1.000200585325268 1.539662823324259 266.6692170649834 0.8290368083240279
0.0252 6368.824602471535 1.000200142502053 1.539576996919666 266.5400839350199 0.8208653726155661
0.0253 6368.844523883722 1.000199699399067 1.539491140569827 266.4105947558063 0.8127434797705068
0.0254 6368.864500092615 1.000199256020958 1.539405254276911 266.2807493980002 0.8046711624845363
0.0255 6368.884531118115 1.00019881237237 1.539319338043414 266.1505477322534 0.7966484497973408
0.0256 6368.904616980119 1.000198368457934 1.539233391872197 266.0199896292232 0.7886753671072934
0.0257 6368.924757698533 1.000197924282274 1.539147415766432 265.8890749595379 0.7807519361835953
0.0258 6368.944953293255 1.000197479850006 1.539061409729633 265.7578035938431 0.772878175183815
0.0259 6368.96520378419 1.000197035165737 1.538975373765647 265.6261754027668 0.7650540986667173
0.026 6368.98550919124 1.000196590234063 1.538889307878658 265.4941902569429 0.7572797176090084
0.0261 6369.005869534308 1.000196145059575 1.538803212073175 265.3618480269996 0.7495550394202786
0.0262 6369.026284833298 1.000195699646852 1.538717086354031 265.2291485835648 0.741880067959337
0.0263 6369.046755108112 1.000195254000466 1.538630930726353 265.0960917972724 0.7342548035508556
0.0264 6369.067280378654 1.000194808124979 1.538544745195637 264.9626775387504 0.7266792430013199
0.0265 6369.087860664825 1.000194362024944 1.53845852976767 264.8289056786388 0.7191533796169988
0.0266 6369.108495986525 1.000193915704906 1.538372284448567 264.694776087589 0.7116772032211931
0.0267 6369.129186363653 1.000193469169401 1.538286009244732 264.5602886362529 0.7042507001711592
0.0268 6369.14993181611 1.000193022422955 1.538199704162907 264.4254431952821 0.6968738533760266
0.0269 6369.170732363792 1.000192575470086 1.538113369210133 264.2902396353519 0.6895466423163075
0.027 6369.191588026593 1.000192128315301 1.538027004393759 264.1546778271435 0.6822690430614335
0.0271 6369.212498824409 1.000191680963099 1.537940609721441 264.018757641344 0.6750410282885955
0.0272 6369.233464777129 1.000191233417972 1.537854185201127 263.8824789486642 0.6678625673028197
0.0273 6369.254485904643 1.000190785684399 1.537767730841075 263.7458416198209 0.6607336260554499
0.0274 6369.275562226839 1.000190337766854 1.537681246649821 263.6088455255484 0.653654167164508
0.0275 6369.296693763598 1.000189889669796 1.537594732636234 263.4714905366108 0.6466241499353128
0.0276 6369.317880534806 1.000189441397682 1.53750818880944 263.3337765237601 0.6396435303786789
0.0277 6369.339122560338 1.000188992954953 1.537421615178871 263.1957033578018 0.6327122612348424
0.0278 6369.360419860071 1.000188544346044 1.537335011754244 263.0572709095412 0.6258302919916371
0.0279 6369.381772453875 1.000188095575383 1.537248378545552 262.9184790498133 0.6189975689071672
0.028 6369.403180361619 1.000187646647383 1.537161715563099 262.7793276494766 0.6122140350309552
0.0281 6369.424643603168 1.000187197566452 1.537075022817435 262.6398165794075 0.6054796302253865
0.0282 6369.446162198384 1.000186748336988 1.536988300319401 262.4999457105058 0.5987942911880116
0.0283 6369.467736167121 1.000186298963378 1.536901548080124 262.359714913713 0.5921579514746597
0.0284 6369.489365529234 1.000185849450002 1.536814766110987 262.2191240599822 0.5855705415205676
0.0285 6369.511050304571 1.000185399801227 1.536727954423661 262.0781730202901 0.5790319886637697
0.0286 6369.532790512974 1.000184950021415 1.536641113030083 261.9368616656669 0.5725422171695277
0.0287 6369.554586174284 1.000184500114917 1.536554241942434 261.7951898671544 0.5661011482517289
0.0288 6369.576437308333 1.000184050086072 1.536467341173185 261.6531574958357 0.559708700097834
0.0289 6369.598343934951 1.000183599939212 1.536380410735062 261.5107644228177 0.5533647878918984
0.029 6369.620306073961 1.000183149678661 1.536293450641042 261.3680105192547 0.5470693238397089
0.0291 6369.642323745182 1.00018269930873 1.536206460904361 261.2248956563184 0.5408222171917906
0.0292 6369.664396968427 1.000182248833723 1.536119441538506 261.0814197052222 0.5346233742690244
0.0293 6369.686525763503 1.000181798257934 1.536032392557227 260.9375825372325 0.5284726984879351
0.0294 6369.70871015021 1.000181347585648 1.53594531397452 260.7933840236336 0.5223700903841945
0.0295 6369.730950148345 1.000180896821138 1.535858205804616 260.648824035757 0.5163154476391583
0.0296 6369.753245777696 1.000180445968672 1.535771068061998 260.5039024449756 0.5103086651050904
0.0297 6369.775597058046 1.000179995032504 1.535683900761407 260.3586191227035 0.5043496348308698
0.0298 6369.798004009172 1.000179544016882 1.535596703917773 260.2129739403848 0.4984382460874384
0.0299 6369.820466650842 1.000179092926044 1.535509477546313 260.0669667695282 0.4925743853953864
0.03 6369.842985002821 1.000178641764215 1.535422221662475 259.9205974816663 0.4867579365496227
0.0301 6369.865559084862 1.000178190535616 1.535334936281918 259.7738659483965 0.4809887806475941
0.0302 6369.888188916717 1.000177739244454 1.535247621420528 259.6267720413401 0.4752667961144058
0.0303 6369.910874518126 1.000177287894929 1.535160277094444 259.4793156321833 0.4695918587314113
0.0304 6369.933615908823 1.000176836491232 1.53507290332 259.3314965926537 0.4639638416624371
0.0305 6369.956413108536 1.000176385037542 1.534985500113774 259.1833147945143 0.4583826154809211
0.0306 6369.979266136984 1.000175933538032 1.534898067492552 259.0347701096051 0.4528480481990081
0.0307 6370.002175013879 1.000175481996862 1.53481060547334 258.8858624097896 0.4473600052932628
0.0308 6370.025139758924 1.000175030418184 1.534723114073363 258.7365915669965 0.4419183497341208
0.0309 6370.048160391814 1.000174578806143 1.534635593310062 258.5869574532074 0.4365229420135096
0.031 6370.071236932237 1.000174127164872 1.534548043201072 258.4369599404575 0.4311736401730906
0.0311 6370.094369399872 1.000173675498494 1.534460463764256 258.2865989008291 0.4258702998324614
0.0312 6370.11755781439 1.000173223811124 1.534372855017663 258.1358742064634 0.420612774218152
0.0313 6370.140802195453 1.000172772106869 1.534285216979551 257.9847857295553 0.4154009141921447
0.0314 6370.164102562715 1.000172320389825 1.53419754966838 257.8333333423524 0.4102345682807654
0.0315 6370.187458935819 1.000171868664077 1.534109853102822 257.6815169171736 0.4051135827043193
0.0316 6370.210871334403 1.000171416933705 1.534022127301711 257.5293363263789 0.4000378014052673
0.0317 6370.234339778091 1.000170965202776 1.533934372284112 257.3767914424055 0.3950070660787439
0.0318 6370.257864286505 1.000170513475349 1.533846588069245 257.2238821377199 0.3900212162004502
0.0319 6370.281444879248 1.000170061755475 1.533758774676551 257.0706082848891 0.3850800890585777
0.032 6370.305081575922 1.000169610047194 1.53367093212564 256.9169697565097 0.380183519781208
0.0321 6370.328774396115 1.000169158354537 1.533583060436295 256.7629664252553 0.3753313413676999
0.0322 6370.352523359406 1.000168706681527 1.533495159628504 256.6085981638583 0.3705233847180784
0.0323 6370.376328485368 1.000168255032176 1.533407229722424 256.4538648451106 0.3657594786631234
0.0324 6370.40018979356 1.00016780341049 1.533319270738369 256.2987663418629 0.3610394499945704
0.0325 6370.42410730353 1.000167351820462 1.533231282696852 256.1433025270547 0.356363123496303
0.0326 6370.44808103482 1.000166900266079 1.533143265618563 255.987473273667 0.3517303219733144
0.0327 6370.47211100696 1.000166448751317 1.53305521952433 255.8312784547574 0.3471408662832866
0.0328 6370.496197239469 1.000165997280144 1.532967144435178 255.6747179434486 0.342594575366823
0.0329 6370.520339751857 1.00016554585652 1.532879040372277 255.5177916129286 0.3380912662781336
0.033 6370.544538563622 1.000165094484393 1.532790907356965 255.360499336456 0.3336307542159724
0.0331 6370.568793694252 1.000164643167703 1.532702745410759 255.2028409873604 0.3292128525544784
0.0332 6370.593105163224 1.000164191910385 1.532614554555293 255.0448164390426 0.3248373728740941
0.0333 6370.617472990007 1.00016374071636 1.532526334812388 254.8864255649563 0.320504124992073
0.0334 6370.641897194054 1.000163289589541 1.532438086204018 254.7276682386499 0.3162129169946771
0.0335 6370.666377794812 1.000162838533836 1.532349808752279 254.5685443337251 0.3119635552671606
0.0336 6370.690914811714 1.00016238755314 1.532261502479455 254.4090537238602 0.3077558445255956
0.0337 6370.715508264181 1.000161936651341 1.532173167407941 254.2491962828225 0.3035895878484012
0.0338 6370.740158171628 1.000161485832318 1.532084803560303 254.0889718844204 0.2994645867063848
0.0339 6370.764864553451 1.00016103509994 1.531996410959225 253.9283804025689 0.2953806409957577
0.034 6370.789627429042 1.000160584458071 1.531907989627548 253.7674217112302 0.2913375490679679
0.0341 6370.814446817775 1.000160133910562 1.531819539588245 253.6060956844611 0.2873351077623026
0.0342 6370.839322739018 1.000159683461258 1.531731060864417 253.4444021963835 0.2833731124365617
0.0343 6370.864255212124 1.000159233113995 1.531642553479309 253.2823411211961 0.279451356998807
0.0344 6370.889244256435 1.0001587828726 1.531554017456279 253.1199123331743 0.2755696339388311
0.0345 6370.91428989128 1.000158332740892 1.531465452818841 252.9571157066824 0.2717277343599188
0.0346 6370.939392135978 1.000157882722681 1.531376859590604 252.7939511161438 0.2679254480096421
0.0347 6370.964551009836 1.000157432821769 1.531288237795325 252.6304184360646 0.2641625633119319
0.0348 6370.989766532148 1.000156983041949 1.531199587456859 252.4665175410395 0.2604388673987098
0.0349 6371.015038722196 1.000156533387007 1.531110908599199 252.3022483057283 0.2567541461408495
0.035 6371.040367599249 1.000156083860719 1.531022201246459 252.1376106048796 0.2531081841802132
0.0351 6371.065753182566 1.000155634466853 1.530933465422843 251.9726043133186 0.2495007649608661
0.0352 6371.091195491392 1.000155185209171 1.530844701152696 251.8072293059535 0.2459316707606761
0.0353 6371.116694544958 1.000154736091424 1.530755908460464 251.641485457775 0.2424006827227577
0.0354 6371.142250362486 1.000154287117356 1.530667087370677 251.4753726438393 0.2389075808865213
0.0355 6371.167862963182 1.000153838290702 1.530578237908029 251.3088907393143 0.2354521442200634
0.0356 6371.193532366243 1.000153389615191 1.530489360097258 251.1420396194216 0.232034150650279
0.0357 6371.21925859085 1.000152941094542 1.530400453963235 250.9748191594771 0.228653377095052
0.0358 6371.245041656173 1.000152492732467 1.530311519530932 250.8072292348737 0.2253095994941627
0.0359 6371.270881581369 1.000152044532669 1.530222556825408 250.6392697210989 0.2220025928408702
0.036 6371.296778385582 1.000151596498844 1.530133565871835 250.470940493717 0.2187321312127312
0.0361 6371.322732087942 1.000151148634681 1.530044546695446 250.3022414283749 0.2154979878028397
0.0362 6371.348742707568 1.000150700943859 1.529955499321617 250.1331724008086 0.212299934950997
0.0363 6371.374810263564 1.00015025343005 1.529866423775773 249.9637332868364 0.2091377441745877
0.0364 6371.400934775023 1.00014980609692 1.529777320083434 249.7939239623537 0.2060111861993957
0.0365 6371.427116261021 1.000149358948124 1.529688188270224 249.6237443033623 0.2029200309909933
0.0366 6371.453354740626 1.000148911987312 1.529599028361843 249.453194185929 0.1998640477847471
0.0367 6371.47965023289 1.000148465218127 1.52950984038406 249.2822734862151 0.1968430051170459
0.0368 6371.50600275685 1.0001480186442 1.529420624362741 249.1109820804767 0.1938566708558857
0.0369 6371.532412331533 1.00014757226916 1.529331380323837 248.9393198450347 0.1909048122308606
0.03700000000000001 6371.558878975949 1.000147126096624 1.529242108293356 248.7672866563283 0.1879871958644906
0.0371 6371.5854027091 1.000146680130205 1.529152808297389 248.5948823908501 0.1851035878014127
0.0372 6371.611983549968 1.000146234373506 1.529063480362107 248.4221069252106 0.1822537535396868
0.0373 6371.638621517524 1.000145788830125 1.52897412451374 248.2489601360916 0.1794374580600893
0.0374 6371.66531663073 1.00014534350365 1.528884740778598 248.0754419002573 0.1766544658562994
0.0375 6371.692068908526 1.000144898397665 1.528795329183056 247.9015520945785 0.173904540965138
0.0376 6371.718878369847 1.000144453515743 1.52870588975355 247.727290595997 0.1711874469957378
0.0377 6371.745745033606 1.000144008861452 1.52861642251659 247.552657281561 0.1685029471597171
0.0378 6371.772668918707 1.000143564438353 1.528526927498739 247.3776520284013 0.1658508043002891
0.0379 6371.799650044041 1.00014312025 1.528437404726628 247.2022747137315 0.1632307809216171
0.038 6371.826688428482 1.000142676299939 1.528347854226945 247.026525214866 0.1606426392182922
0.0381 6371.853784090892 1.00014223259171 1.528258276026431 246.8504034092015 0.1580861411041348
0.0382 6371.880937050119 1.000141789128844 1.528168670151899 246.6739091742237 0.1555610482412079
0.0383 6371.908147324997 1.000141345914868 1.528079036630176 246.4970423875187 0.1530671220687563
0.0384 6371.935414934345 1.0001409029533 1.527989375488202 246.3198029267554 0.1506041238315698
0.0385 6371.962739896971 1.000140460247652 1.52789968675291 246.1421906696913 0.1481718146085307
0.0386 6371.990122231664 1.000140017801429 1.527809970451314 245.9642054941845 0.1457699553410726
0.03870000000000001 6372.017561957204 1.00013957561813 1.527720226610474 245.7858472781758 0.1433983068610689
0.0388 6372.045059092354 1.000139133701245 1.527630455257482 245.6071158997005 0.1410566299189578
0.0389 6372.072613655863 1.000138692054261 1.527540656419499 245.4280112368887 0.1387446852115282
0.039 6372.100225666468 1.000138250680654 1.527450830123698 245.248533167959 0.1364622334094557
0.0391 6372.127895142889 1.000137809583898 1.527360976397308 245.0686815712187 0.1342090351847363
0.0392 6372.155622103835 1.000137368767457 1.527271095267618 244.8884563250757 0.131984851238083
0.0393 6372.183406567997 1.00013692823479 1.527181186761916 244.7078573080206 0.1297894423257634
0.0394 6372.211248554055 1.00013648798935 1.527091250907558 244.5268843986445 0.1276225692866881
0.0395 6372.239148080674 1.000136048034582 1.527001287731918 244.3455374756212 0.1254839930688696
0.0396 6372.267105166503 1.000135608373925 1.526911297262419 244.163816417731 0.1233734747561789
0.0397 6372.295119830178 1.000135169010813 1.52682127952652 243.9817211038429 0.121290775594406
0.0398 6372.323192090322 1.000134729948674 1.526731234551678 243.7992514129086 0.1192356570172663
0.0399 6372.351321965542 1.000134291190927 1.526641162365422 243.6164072239802 0.1172078806724653
0.04 6372.379509474429 1.000133852740987 1.526551062995283 243.4331884162106 0.1152072084473404
0.0401 6372.407754635565 1.000133414602263 1.526460936468827 243.2495948688291 0.1132334024940371
0.0402 6372.436057467512 1.000132976778156 1.526370782813653 243.065626461172 0.1112862252550485
0.0403 6372.464417988821 1.000132539272063 1.526280602057387 242.8812830726637 0.109365439488016
0.04040000000000001 6372.492836218026 1.000132102087375 1.52619039422766 242.6965645828294 0.1074708082906245
0.0405 6372.52131217365 1.000131665227474 1.526100159352139 242.5114708712771 0.1056020951249619
0.0406 6372.549845874199 1.00013122869574 1.526009897458514 242.3260018177092 0.1037590638419577
0.0407 6372.578437338165 1.000130792495544 1.52591960857449 242.1401573019288 0.1019414787055194
0.0408 6372.607086584026 1.000130356630253 1.525829292727797 241.9539372038333 0.1001491044163141
0.0409 6372.635793630246 1.000129921103227 1.525738949946176 241.7673414034033 0.09838170613526279
0.041 6372.664558495273 1.00012948591782 1.525648580257392 241.5803697807254 0.09663904950712982
0.0411 6372.693381197541 1.000129051077383 1.525558183689216 241.393022215981 0.09492090068352528
0.0412 6372.722261755473 1.000128616585258 1.525467760269439 241.2052985894283 0.09322702634561793
0.0413 6372.751200187471 1.000128182444782 1.525377310025876 241.0171987814377 0.09155719372708221
0.0414 6372.780196511928 1.000127748659287 1.525286832986334 240.8287226724686 0.08991117063625068
0.0415 6372.80925074722 1.0001273152321 1.525196329178655 240.6398701430688 0.08828872547823301
0.04160000000000001 6372.83836291171 1.00012688216654 1.52510579863067 240.4506410738867 0.08668962727687765
0.0417 6372.867533023744 1.000126449465923 1.525015241370235 240.2610353456652 0.08511364569631773
0.0418 6372.896761101655 1.000126017133558 1.524924657425205 240.0710528392418 0.08356055106230761
0.0419 6372.926047163763 1.000125585172748 1.524834046823454 239.8806934355429 0.0820301143832492
0.042 6372.955391228371 1.000125153586793 1.52474340959284 239.6899570155891 0.0805221073710481
0.04210000000000001 6372.984793313768 1.000124722378986 1.524652745761262 239.4988434605078 0.07903630246174383
0.0422 6373.014253438231 1.000124291552613 1.524562055356593 239.3073526514971 0.07757247283550044
0.0423 6373.043771620019 1.000123861110957 1.524471338406735 239.1154844698793 0.07613039243701368
0.0424 6373.073347877377 1.000123431057295 1.52438059493957 238.9232387970477 0.07470983599482305
0.0425 6373.102982228539 1.000123001394898 1.524289824983001 238.730615514496 0.0733105790409842
0.0426 6373.13267469172 1.000122572127032 1.524199028564923 238.5376145038184 0.07193239793023121
0.0427 6373.162425285122 1.000122143256958 1.524108205713243 238.3442356467039 0.07057506985881795
0.0428 6373.192234026935 1.000121714787932 1.524017356455861 238.1504788249239 0.06923837288304212
0.0429 6373.22210093533 1.000121286723204 1.523926480820669 237.9563439203565 0.06792208593773191
0.043 6373.252026028467 1.000120859066019 1.523835578835577 237.7618308149625 0.06662598885411919
0.0431 6373.282009324491 1.000120431819617 1.523744650528486 237.5669393908091 0.06534986237774931
0.0432 6373.31205084153 1.000120004987233 1.523653695927286 237.3716695300521 0.06409348818582325
0.04330000000000001 6373.342150597701 1.000119578572096 1.523562715059874 237.176021114942 0.06285664890440984
0.0434 6373.372308611104 1.000119152577432 1.523471707954146 236.9799940278239 0.06163912812532787
0.0435 6373.402524899826 1.000118727006458 1.523380674637986 236.7835881511313 0.0604407104226997
0.0436 6373.432799481939 1.000118301862391 1.52328961513928 236.5868033673986 0.05926118136932152
0.0437 6373.4631323755 1.000117877148438 1.523198529485914 236.3896395592486 0.05810032755259278
0.0438 6373.493523598552 1.000117452867804 1.523107417705756 236.1920966094107 0.0569579365903284
0.0439 6373.523973169123 1.000117029023689 1.523016279826671 235.9941744007027 0.05583379714606277
0.044 6373.554481105227 1.000116605619286 1.522925115876537 235.7958728160255 0.05472769894413351
0.0441 6373.585047424865 1.000116182657784 1.5228339258832 235.5971917383803 0.05363943278459837
0.0442 6373.615672146019 1.000115760142368 1.522742709874507 235.3981310508747 0.05256879055777966
0.0443 6373.646355286663 1.000115338076218 1.52265146787831 235.1986906366873 0.05151556525828895
0.0444 6373.677096864752 1.000114916462506 1.522560199922437 234.998870379109 0.05047955099916661
0.0445 6373.707896898228 1.000114495304403 1.52246890603473 234.7986701615195 0.04946054302536872
0.0446 6373.738755405017 1.000114074605072 1.522377586242992 234.5980898673869 0.04845833772708287
0.0447 6373.769672403033 1.000113654367674 1.522286240575038 234.3971293802859 0.04747273265282771
0.0448 6373.800647910175 1.000113234595361 1.522194869058682 234.1957885838623 0.04650352652198697
0.0449 6373.831681944326 1.000112815291285 1.522103471721705 233.9940673618797 0.04555051923744687
0.04500000000000001 6373.862774523357 1.000112396458591 1.522012048591894 233.791965598179 0.04461351189749811
0.0451 6373.893925665122 1.000111978100416 1.521920599697029 233.5894831767072 0.04369230680777553
0.0452 6373.925135387462 1.000111560219896 1.521829125064883 233.3866199814942 0.04278670749264443
0.0453 6373.956403708205 1.000111142820162 1.521737624723201 233.1833758966703 0.04189651870647444
0.0454 6373.987730645162 1.000110725904338 1.52164609869973 232.9797508064488 0.04102154644445005
0.0455 6374.019116216132 1.000110309475544 1.521554547022212 232.7757445951432 0.04016159795323433
0.0456 6374.050560438897 1.000109893536896 1.521462969718372 232.5713571471678 0.03931648174124821
0.0457 6374.082063331228 1.000109478091503 1.521371366815929 232.3665883470193 0.03848600758857518
0.0458 6374.113624910879 1.000109063142472 1.521279738342589 232.1614380792893 0.03766998655668798
0.0459 6374.14524519559 1.000108648692903 1.521188084326057 231.9559062286638 0.03686823099782126
0.046 6374.176924203089 1.000108234745891 1.521096404794013 231.7499926799236 0.03608055456404222
0.0461 6374.208661951085 1.000107821304527 1.521004699774139 231.5436973179497 0.03530677221604115
0.0462 6374.240458457278 1.000107408371898 1.520912969294096 231.3370200276944 0.03454670023148922
0.0463 6374.27231373935 1.000106995951083 1.520821213381548 231.1299606942219 0.03380015621336139
0.0464 6374.304227814972 1.00010658404516 1.520729432064146 230.9225192026796 0.03306695909769341
0.0465 6374.336200701799 1.000106172657197 1.520637625369525 230.7146954383091 0.03234692916119379
0.0466 6374.368232417469 1.000105761790263 1.520545793325316 230.5064892864528 0.03163988802853241
0.04670000000000001 6374.40032297961 1.000105351447418 1.520453935959137 230.2979006325357 0.03094565867925124
0.0468 6374.432472405834 1.000104941631718 1.520362053298599 230.0889293620775 0.03026406545448043
0.0469 6374.46468071374 1.000104532346215 1.520270145371307 229.8795753606922 0.0295949340633169
0.047 6374.496947920909 1.000104123593954 1.520178212204851 229.6698385140888 0.02893809158890762
0.0471 6374.529274044913 1.000103715377976 1.520086253826823 229.4597187080648 0.02829336649422149
0.0472 6374.561659103307 1.000103307701318 1.519994270264792 229.2492158285062 0.02766058862754831
0.0473 6374.59410311363 1.000102900567011 1.519902261546327 229.0383297614056 0.02703958922775801
0.0474 6374.62660609341 1.00010249397808 1.519810227699 228.8270603928325 0.02643020092912837
0.0475 6374.659168060161 1.000102087937546 1.519718168750349 228.6154076089509 0.02583225776602676
0.0476 6374.691789031381 1.000101682448426 1.519626084727933 228.4033712960253 0.02524559517726572
0.0477 6374.724469024552 1.00010127751373 1.519533975659286 228.1909513404088 0.02467005001012319
0.0478 6374.757208057148 1.000100873136463 1.519441841571948 227.9781476285374 0.02410546052409777
0.04790000000000001 6374.790006146623 1.000100469319625 1.519349682493444 227.7649600469534 0.02355166639445914
0.048 6374.822863310417 1.000100066066212 1.519257498451294 227.551388482288 0.02300850871540519
0.0481 6374.855779565961 1.000099663379214 1.519165289473018 227.3374328212548 0.02247583000297476
0.0482 6374.888754930666 1.000099261261615 1.519073055586126 227.1230929506681 0.02195347419774121
0.0483 6374.921789421934 1.000098859716394 1.518980796818137 226.908368757431 0.02144128666715487
0.04840000000000001 6374.954883057148 1.000098458746525 1.518888513196551 226.6932601285411 0.02093911420765587
0.0485 6374.98803585368 1.000098058354977 1.518796204748866 226.4777669510785 0.02044680504647291
0.0486 6375.021247828888 1.000097658544713 1.518703871502585 226.2618891122301 0.0199642088432337
0.0487 6375.054519000113 1.00009725931869 1.518611513485203 226.0456264992653 0.01949117669119792
0.0488 6375.087849384686 1.000096860679862 1.518519130724216 225.8289789995423 0.01902756111829349
0.0489 6375.12123899992 1.000096462631175 1.518426723247128 225.6119465005198 0.0185732160878992
0.049 6375.154687863116 1.00009606517557 1.518334291081433 225.3945288897452 0.01812799699931441
0.0491 6375.188195991562 1.000095668315983 1.518241834254608 225.1767260548485 0.01769176068798396
0.0492 6375.221763402528 1.000095272055344 1.518149352794163 224.9585378835662 0.01726436542552469
0.0493 6375.255390113274 1.000094876396577 1.518056846727594 224.7399642637178 0.01684567091940087
0.0494 6375.289076141044 1.000094481342602 1.517964316082405 224.5210050832169 0.01643553831241909
0.0495 6375.322821503067 1.000094086896331 1.517871760886094 224.3016602300662 0.01603383018193751
0.04960000000000001 6375.35662621656 1.000093693060672 1.517779181166158 224.0819295923628 0.01564041053884986
0.0497 6375.390490298724 1.000093299838526 1.517686576950114 223.8618130582926 0.01525514482630218
0.0498 6375.424413766748 1.000092907232789 1.517593948265475 223.6413105161358 0.01487789991818837
0.0499 6375.458396637806 1.00009251524635 1.517501295139764 223.4204218542617 0.01450854411738458
0.05 6375.492438929056 1.000092123882093 1.517408617600509 223.1991469611338 0.01414694715376662
0.05010000000000001 6375.526540657645 1.000091733142896 1.517315915675239 222.9774857253045 0.01379298018197265
0.0502 6375.560701840704 1.00009134303163 1.517223189391496 222.7554380354208 0.01344651577895326
0.0503 6375.59492249535 1.000090953551162 1.517130438776829 222.533003780224 0.01310742794128211
0.0504 6375.629202638685 1.000090564704349 1.517037663858798 222.3101828485445 0.01277559208223142
0.0505 6375.6635422878 1.000090176494046 1.516944864664979 222.0869751293011 0.01245088502863356
0.0506 6375.697941459769 1.0000897889231 1.516852041222944 221.8633805115013 0.01213318501752183
0.0507 6375.732400171654 1.00008940199435 1.516759193560291 221.6393988842473 0.01182237169256151
0.0508 6375.7669184405 1.000089015710631 1.516666321704623 221.4150301367475 0.01151832610027272
0.0509 6375.801496283341 1.000088630074772 1.516573425683555 221.1902741582816 0.01122093068597736
0.051 6375.836133717194 1.000088245089592 1.516480505524725 220.9651308382412 0.01093006928964212
0.0511 6375.870830759063 1.000087860757907 1.516387561255784 220.7396000660891 0.01064562714140456
0.0512 6375.90558742594 1.000087477082525 1.516294592904389 220.5136817313886 0.01036749085699056
0.05130000000000001 6375.940403734799 1.000087094066246 1.516201600498233 220.2873757238034 0.01009554843289152
0.0514 6375.975279702604 1.000086711711866 1.516108584065007 220.0606819330741 0.009829689241317949
0.0515 6376.010215346301 1.000086330022173 1.51601554363243 219.8336002490418 0.009569804025017122
0.0516 6376.045210682824 1.000085948999947 1.515922479228241 219.6061305616421 0.009315784891864048
0.0517 6376.080265729092 1.000085568647962 1.515829390880201 219.3782727608994 0.009067525309266616
0.05180000000000001 6376.11538050201 1.000085188968985 1.515736278616094 219.1500267369328 0.00882492009840055
0.0519 6376.150555018468 1.000084809965777 1.515643142463717 218.9213923799556 0.008587865428256852
0.052 6376.185789295344 1.00008443164109 1.515549982450909 218.6923695802642 0.008356258809500567
0.0521 6376.221083349498 1.000084053997669 1.515456798605513 218.4629582282613 0.008129999088192078
0.0522 6376.25643719778 1.000083677038253 1.515363590955407 218.2331582144324 0.007908986439289596
0.0523 6376.291850857023 1.000083300765572 1.515270359528498 218.0029694293515 0.007693122360015491
0.0524 6376.327324344047 1.000082925182351 1.515177104352714 217.7723917636935 0.007482309663063311
0.0525 6376.362857675656 1.000082550291304 1.51508382545603 217.5414251082333 0.007276452469632669
0.0526 6376.398450868642 1.000082176095141 1.514990522866414 217.3100693538289 0.007075456202291993
0.0527 6376.43410393978 1.000081802596562 1.514897196611909 217.0783243914269 0.006879227577710023
0.0528 6376.469816905833 1.000081429798261 1.514803846720563 216.8461901120862 0.006687674599251028
0.0529 6376.505589783548 1.000081057702922 1.514710473220448 216.6136664069367 0.006500706549368793
0.05300000000000001 6376.541422589659 1.000080686313222 1.514617076139702 216.3807531672145 0.006318233981922191
0.0531 6376.577315340885 1.000080315631832 1.514523655506468 216.1474502842447 0.006140168714306744
0.0532 6376.613268053931 1.000079945661412 1.514430211348933 215.9137576494467 0.00596642381946952
0.0533 6376.649280745486 1.000079576404616 1.51433674369534 215.6796751543405 0.005796913617790754
0.0534 6376.685353432224 1.000079207864089 1.514243252573944 215.4452026905409 0.005631553668827401
0.05350000000000001 6376.721486130808 1.000078840042467 1.514149738013054 215.2103401497451 0.005470260762927813
0.0536 6376.757678857884 1.00007847294238 1.514056200041014 214.975087423751 0.00531295291274505
0.0537 6376.793931630084 1.000078106566446 1.513962638686205 214.7394444044511 0.005159549344614487
0.0538 6376.830244464027 1.000077740917277 1.513869053977061 214.5034109838265 0.005009970489816927
0.0539 6376.866617376312 1.000077375997477 1.513775445942054 214.2669870539706 0.004864137975748798
0.054 6376.90305038353 1.000077011809638 1.513681814609702 214.0301725070539 0.004721974616946826
0.0541 6376.939543502254 1.000076648356347 1.513588160008562 213.792967235347 0.004583404406045829
0.05420000000000001 6376.976096749042 1.000076285640181 1.513494482167244 213.5553711312272 0.004448352504623105
0.0543 6377.012710140438 1.000075923663706 1.513400781114414 213.3173840871544 0.004316745233928713
0.0544 6377.049383692972 1.000075562429481 1.513307056878765 213.0790059956834 0.004188510065542707
0.0545 6377.086117423159 1.000075201940055 1.513213309489058 212.840236749469 0.004063575611937617
0.0546 6377.122911347497 1.000074842197969 1.513119538974103 212.6010762412669 0.003941871616950485
0.05470000000000001 6377.159765482473 1.000074483205753 1.513025745362761 212.3615243639273 0.003823328946168398
0.0548 6377.196679844555 1.000074124965929 1.512931928683941 212.1215810103948 0.003707879577237256
0.0549 6377.2336544502 1.000073767481008 1.512838088966607 211.881246073703 0.003595456590091145
0.055 6377.270689315847 1.000073410753493 1.512744226239793 211.6405194469975 0.003485994157122214
0.0551 6377.307784457922 1.000073054785878 1.512650340532564 211.3994010235068 0.0033794275332558
0.05520000000000001 6377.344939892835 1.000072699580643 1.512556431874068 211.1578906965718 0.003275693045986483
0.0553 6377.382155636982 1.000072345140263 1.512462500293503 210.9159883596161 0.003174728085324684
0.0554 6377.419431706743 1.0000719914672 1.512368545820113 210.6736939061697 0.003076471093707152
0.0555 6377.456768118483 1.000071638563909 1.512274568483224 210.431007229863 0.002980861555838138
0.0556 6377.494164888551 1.00007128643283 1.512180568312219 210.1879282244153 0.002887839988475925
0.0557 6377.531622033284 1.000070935076399 1.512086545336531 209.9444567836521 0.002797347930181517
0.0558 6377.569139569001 1.000070584497035 1.511992499585675 209.7005928014936 0.002709327931009494
0.05590000000000001 6377.606717512004 1.000070234697152 1.511898431089225 209.4563361719723 0.002623723542167006
0.056 6377.644355878585 1.000069885679151 1.51180433987681 209.2116867891976 0.002540479305614222
0.0561 6377.682054685017 1.000069537445423 1.511710225978149 208.9666445473912 0.002459540743653702
0.0562 6377.719813947557 1.000069189998347 1.511616089423017 208.721209340881 0.002380854348471507
0.0563 6377.757633682449 1.000068843340294 1.511521930241253 208.475381064084 0.002304367571645086
0.05640000000000001 6377.795513905921 1.00006849747362 1.511427748462776 208.2291596115114 0.002230028813632563
0.0565 6377.833454634185 1.000068152400675 1.511333544117577 207.9825448777987 0.002157787413244877
0.0566 6377.871455883436 1.000067808123793 1.511239317235732 207.7355367576641 0.002087593637076075
0.0567 6377.909517669857 1.0000674646453 1.51114506784735 207.4881351459325 0.002019398668936068
0.0568 6377.947640009612 1.00006712196751 1.511050795982657 207.2403399375229 0.001953154599258594
0.05690000000000001 6377.985822918849 1.000066780092725 1.510956501671944 206.9921510274788 0.001888814414509002
0.057 6378.024066413705 1.000066439023235 1.510862184945574 206.7435683109146 0.001826331986561972
0.0571 6378.062370510297 1.000066098761321 1.51076784583399 206.4945916830687 0.00176566206210194
0.0572 6378.100735224726 1.000065759309249 1.510673484367713 206.2452210392802 0.00170676025200087
0.0573 6378.13916057308 1.000065420669276 1.510579100577351 205.9954562749825 0.001649583020701706
0.0574 6378.177646571427 1.000065082843645 1.510484694493591 205.7452972857217 0.001594087675610625
0.0575 6378.216193235823 1.000064745834588 1.5103902661472 205.4947439671499 0.001540232356489844
0.05760000000000001 6378.254800582306 1.000064409644325 1.510295815569022 205.2437962150083 0.001487976024857329
0.0577 6378.2934686269 1.000064074275064 1.510201342790009 204.99245392515 0.001437278453407244
0.0578 6378.332197385609 1.000063739728999 1.51010684784117 204.7407169935408 0.00138810021543949
0.0579 6378.370986874424 1.000063406008314 1.510012330753615 204.4885853162408 0.001340402674303211
0.058 6378.40983710932 1.00006307311518 1.509917791558543 204.2360587894226 0.001294147972867242
0.05810000000000001 6378.448748106252 1.000062741051754 1.509823230287242 203.9831373093651 0.001249299023008287
0.0582 6378.487719881162 1.00006240982018 1.509728646971086 203.7298207724479 0.001205819495124399
0.0583 6378.526752449975 1.000062079422592 1.509634041641539 203.4761090751625 0.001163673807679148
0.0584 6378.5658458286 1.000061749861109 1.509539414330159 203.2220021141014 0.001122827116771749
0.0585 6378.605000032928 1.000061421137837 1.50944476506859 202.9674997859692 0.001083245305743723
0.05860000000000001 6378.644215078833 1.000061093254871 1.509350093888581 202.7126019875826 0.001044894974818368
0.0587 6378.683490982175 1.000060766214289 1.509255400821967 202.4573086158592 0.001007743430775851
0.05880000000000001 6378.722827758797 1.000060440018159 1.50916068590068 202.2016195678169 0.0009717586766698859
0.0589 6378.762225424522 1.000060114668534 1.509065949156752 201.9455347406096 0.0009369094015910348
0.059 6378.801683995159 1.000059790167455 1.508971190622305 201.6890540314679 0.0009031649704609032
0.0591 6378.8412034865 1.000059466516948 1.508876410329562 201.4321773377468 0.0008704954138875393
0.0592 6378.880783914319 1.000059143719025 1.508781608310854 201.1749045569253 0.0008388714180622902
0.05930000000000001 6378.920425294374 1.000058821775686 1.50868678459859 200.9172355865711 0.0008082643147030612
0.0594 6378.960127642404 1.000058500688916 1.508591939225307 200.6591703243761 0.0007786460710590222
0.0595 6378.999890974133 1.000058180460685 1.50849707222362 200.4007086681326 0.0007499892799625853
0.0596 6379.039715305269 1.000057861092951 1.508402183626259 200.1418505157511 0.0007222671499428111
0.0597 6379.079600651498 1.000057542587657 1.50830727346606 199.8825957652606 0.0006954534953950341
0.05980000000000001 6379.119547028494 1.000057224946731 1.508212341775952 199.6229443147903 0.0006695227268090529
0.0599 6379.159554451908 1.000056908172087 1.508117388588979 199.3628960625996 0.0006444498410642721
0.06 6379.19962293738 1.000056592265625 1.508022413938284 199.1024509070306 0.0006202104117810726
0.0601 6379.239752500528 1.000056277229231 1.507927417857114 198.8416087465674 0.0005967805797480869
0.0602 6379.279943156954 1.000055963064775 1.507832400378828 198.5803694798004 0.0005741370434075219
0.0603 6379.320194922241 1.000055649774112 1.507737361536898 198.3187330054324 0.0005522570494134327
0.0604 6379.360507811957 1.000055337359083 1.507642301364899 198.0566992222783 0.0005311183832598465
0.06050000000000001 6379.40088184165 1.000055025821515 1.507547219896513 197.7942680292775 0.0005106993599817508
0.0606 6379.441317026849 1.000054715163218 1.507452117165536 197.5314393254815 0.000490978814927581
0.0607 6379.481813383069 1.000054405385987 1.507356993205873 197.2682130100542 0.0004719360946076014
0.0608 6379.522370925803 1.000054096491605 1.507261848051546 197.0045889822776 0.0004535510476189289
0.0609 6379.56298967053 1.000053788481835 1.507166681736683 196.740567141558 0.0004358040156480345
0.06100000000000001 6379.603669632706 1.000053481358427 1.507071494295525 196.4761473874081 0.0004186758245504953
0.0611 6379.644410827774 1.000053175123116 1.506976285762431 196.2113296194706 0.000402147775513626
0.0612 6379.685213271155 1.000052869777621 1.506881056171869 195.9461137374946 0.00038620163629724
0.0613 6379.726076978252 1.000052565323643 1.506785805558431 195.6804996413651 0.0003708196325601569
0.0614 6379.767001964451 1.000052261762871 1.506690533956814 195.4144872310679 0.0003559844392662382
0.06150000000000001 6379.807988245119 1.000051959096976 1.506595241401841 195.1480764067245 0.0003416791721791451
0.0616 6379.849035835605 1.000051657327613 1.506499927928445 194.8812670685687 0.0003278873794391475
0.0617 6379.890144751238 1.000051356456421 1.506404593571671 194.6140591169527 0.0003145930332281309
0.0618 6379.931315007329 1.000051056485024 1.506309238366703 194.3464524523646 0.0003017805215224135
0.0619 6379.972546619169 1.000050757415027 1.506213862348826 194.0784469753988 0.0002894346399314364
0.062 6380.013839602034 1.000050459248023 1.50611846555344 193.81004258678 0.0002775405836280651
0.0621 6380.055193971177 1.000050161985585 1.506023048016078 193.5412391873509 0.0002660839393669044
0.06220000000000001 6380.096609741833 1.00004986562927 1.505927609772393 193.2720366780844 0.0002550506775941324
0.0623 6380.138086929219 1.00004957018062 1.505832150858149 193.0024349600775 0.0002444271446476363
0.0624 6380.179625548532 1.000049275641159 1.505736671309235 192.7324339345395 0.0002342000550487104
0.0625 6380.221225614951 1.000048982012395 1.505641171161666 192.4620335028216 0.000224356483887617
0.0626 6380.262887143632 1.000048689295818 1.505545650451577 192.1912335663932 0.0002148838592998746
0.06270000000000001 6380.304610149717 1.000048397492902 1.50545010921522 191.920034026842 0.0002057699550368132
0.06280000000000001 6380.346394648324 1.000048106605105 1.505354547488981 191.6484347858917 0.0001970028831304028
0.0629 6380.388240654554 1.000047816633865 1.505258965309358 191.376435745396 0.0001885710866513301
0.063 6380.430148183489 1.000047527580606 1.505163362712981 191.1040368073208 0.0001804633325612243
0.0631 6380.472117250188 1.000047239446732 1.505067739736602 190.83123787378 0.000172668704661254
0.06320000000000001 6380.514147869692 1.000046952233633 1.504972096417088 190.5580388469997 0.0001651765966335753
0.06330000000000001 6380.556240057024 1.000046665942678 1.504876432791453 190.284439629342 0.0001579767051797707
0.0634 6380.598393827184 1.000046380575221 1.504780748896819 190.0104401233051 0.0001510590232539433
0.0635 6380.640609195153 1.000046096132597 1.504685044770436 189.7360402315052 0.0001444138333909266
0.0636 6380.682886175893 1.000045812616123 1.504589320449687 189.4612398566945 0.0001380317011310321
0.06370000000000001 6380.725224784345 1.000045530027101 1.504493575972073 189.1860389017555 0.0001319034685398471
0.06380000000000001 6380.767625035431 1.000045248366813 1.504397811375228 188.9104372697005 0.000126020247823885
0.0639 6380.810086944049 1.000044967636522 1.504302026696911 188.6344348636839 0.000120373415042127
0.064 6380.85261052508 1.000044687837476 1.504206221975003 188.358031586978 0.0001149546039124244
0.0641 6380.895195793385 1.000044408970904 1.504110397247524 188.0812273429973 0.0001097556997143823
0.06420000000000001 6380.937842763801 1.000044131038015 1.504014552552608 187.8040220352922 0.0001047688332869588
0.06430000000000001 6380.980551451148 1.000043854040002 1.503918687928533 187.5264155675371 9.998637512117558e-05
0.0644 6381.023321870222 1.000043577978039 1.50382280341369 187.2484078435544 9.540092954841926e-05
0.0645 6381.066154035802 1.000043302853282 1.503726899046608 186.9699987672847 9.100532902253685e-05
0.0646 6381.109047962642 1.000043028666868 1.503630974865937 186.6911882428279 8.679262849754161e-05
0.06470000000000001 6381.152003665477 1.000042755419917 1.503535030910459 186.4119761743967 8.275609989802391e-05
0.0648 6381.195021159022 1.000042483113528 1.503439067219098 186.1323624663572 7.888922668471693e-05
0.0649 6381.238100457967 1.000042211748782 1.503343083830887 185.8523470232116 7.518569851253895e-05
0.065 6381.281241576988 1.000041941326745 1.503247080784994 185.5719297495801 7.163940598168281e-05
0.06510000000000001 6381.324444530731 1.00004167184846 1.50315105812072 185.2911105502488 6.824443548207132e-05
0.06520000000000001 6381.367709333826 1.000041403314953 1.503055015877496 185.0098893301277 6.499506412872145e-05
0.0653 6381.411036000881 1.000041135727231 1.502958954094883 184.7282659942747 6.188575478950777e-05
0.0654 6381.45442454648 1.000040869086281 1.502862872812562 184.4462404478776 5.891115120346061e-05
0.0655 6381.497874985189 1.000040603393073 1.50276677207036 184.1638125962721 5.606607318993606e-05
0.06560000000000001 6381.541387331549 1.000040338648557 1.50267065190822 183.88098234493 5.334551194734934e-05
0.06570000000000001 6381.584961600082 1.000040074853664 1.502574512366212 183.5977495994647 5.074462544137312e-05
0.0658 6381.628597805286 1.000039812009306 1.502478353484552 183.3141142656435 4.825873388181014e-05
0.0659 6381.672295961636 1.000039550116375 1.502382175303573 183.0300762493638 4.588331528712393e-05
0.066 6381.716056083589 1.000039289175745 1.502285977863747 182.7456354566706 4.361400113663847e-05
0.06610000000000001 6381.759878185577 1.000039029188269 1.502189761205668 182.4607917937509 4.144657210909992e-05
0.06620000000000001 6381.803762282009 1.000038770154783 1.502093525370052 182.1755451669395 3.937695390718542e-05
0.0663 6381.847708387275 1.000038512076101 1.501997270397769 181.8898954827131 3.740121316701408e-05
0.0664 6381.891716515738 1.00003825495302 1.501900996329794 181.603842647702 3.551555345210571e-05
0.0665 6381.935786681744 1.000037998786316 1.501804703207249 181.3173865686666 3.371631133062792e-05
0.06660000000000001 6381.979918899611 1.000037743576746 1.501708391071369 181.030527152527 3.199995253571022e-05
0.06670000000000001 6382.024113183639 1.000037489325046 1.501612059963533 180.7432643063452 3.036306820732612e-05
0.0668 6382.068369548103 1.000037236031934 1.501515709925243 180.4555979373307 2.880237121536509e-05
0.0669 6382.112688007254 1.000036983698108 1.50141934099813 180.1675279528471 2.731469256286274e-05
0.067 6382.157068575323 1.000036732324246 1.501322953223954 179.8790542603996 2.589697786842397e-05
0.06710000000000001 6382.201511266516 1.000036481911006 1.501226546644609 179.5901767676472 2.454628392716134e-05
0.06720000000000001 6382.246016095017 1.000036232459026 1.501130121302104 179.3008953823909 2.32597753489929e-05
0.0673 6382.290583074985 1.000035983968923 1.501033677238595 179.011210012597 2.203472127365535e-05
0.0674 6382.33521222056 1.000035736441298 1.50093721449635 178.7211205663619 2.086849216107304e-05
0.0675 6382.379903545853 1.000035489876728 1.500840733117772 178.4306269519537 1.975855665672299e-05
0.06760000000000001 6382.424657064958 1.000035244275772 1.50074423314539 178.1397290777762 1.870247853038567e-05
0.06770000000000001 6382.469472791939 1.000034999638967 1.500647714621873 177.8484268523988 1.769791368788942e-05
0.0678 6382.51435074084 1.000034755966832 1.500551177589994 177.5567201845387 1.674260725442662e-05
0.0679 6382.559290925683 1.000034513259865 1.500454622092669 177.2646089830608 1.583439072870629e-05
0.068 6382.604293360463 1.000034271518543 1.500358048172941 176.9720931569899 1.497117920690604e-05
0.06810000000000001 6382.649358059153 1.000034030743325 1.500261455873971 176.6791726155042 1.415096867532617e-05
0.0682 6382.694485035701 1.000033790934647 1.500164845239057 176.3858472679416 1.33718333708272e-05
0.0683 6382.739674304033 1.000033552092927 1.500068216311612 176.0921170237879 1.263192320795037e-05
0.0684 6382.784925878049 1.00003331421856 1.499971569135187 175.7979817926824 1.192946127179463e-05
0.06850000000000001 6382.830239771625 1.000033077311924 1.499874903753446 175.5034414844362 1.126274137559351e-05
0.06860000000000001 6382.875615998615 1.000032841373373 1.499778220210185 175.2084960090018 1.063012568182717e-05
0.0687 6382.921054572847 1.000032606403245 1.499681518549324 174.9131452764976 1.00300423860716e-05
0.0688 6382.966555508123 1.000032372401852 1.499584798814901 174.6173891972015 9.460983462349707e-06
0.0689 6383.012118818224 1.00003213936949 1.499488061051098 174.3212276815451 8.921502469020576e-06
0.06900000000000001 6383.057744516905 1.000031907306433 1.499391305302192 174.0246606401196 8.410212414184975e-06
0.06910000000000001 6383.103432617896 1.000031676212934 1.499294531612603 173.7276879836758 7.925783679529361e-06
0.0692 6383.149183134904 1.000031446089225 1.499197740026867 173.4303096231241 7.466942001580393e-06
0.0693 6383.194996081609 1.00003121693552 1.499100930589641 173.1325254695406 7.032466509337269e-06
0.0694 6383.240871471667 1.000030988752008 1.499004103345718 172.8343354341667 6.621187817223704e-06
0.06950000000000001 6383.286809318709 1.000030761538861 1.498907258339995 172.5357394283918 6.231986172310499e-06
0.06960000000000001 6383.332809636342 1.000030535296229 1.498810395617495 172.2367373637766 5.863789654852797e-06
0.0697 6383.378872438148 1.000030310024242 1.498713515223364 171.9373291520354 5.515572430996349e-06
