0 6365.5 1.000367059787246 1.561982832951346 297.15 23.87590013850724
0.0001 6365.505642207266 1.000366684886557 1.561924975947442 297.1048623418741 23.81124111195121
0.0002 6365.511321251386 1.000366308083624 1.561867058831002 297.0594299889111 23.74631439204807
0.0003 6365.517037170765 1.000365929385715 1.561809081286883 297.0137026338765 23.6811222427871
0.0004 6365.522790004011 1.000365548800138 1.561751043001432 296.9676799679131 23.61566693792923
0.0005 6365.528579789928 1.000365166334238 1.56169294366246 296.9213616805777 23.54995076096747
0.0006000000000000001 6365.534406567524 1.000364781995402 1.561634782959301 296.8747474598043 23.48397600498307
0.0007 6365.540270376006 1.000364395791052 1.561576560582832 296.8278369919484 23.41774497261456
0.0008 6365.546171254777 1.000364007728651 1.561518276225312 296.7806299617863 23.35125997596374
0.0009000000000000001 6365.552109243437 1.0003636178157 1.56145992958059 296.733126052501 23.28452333648064
0.001 6365.558084381785 1.000363226059739 1.561401520344 296.6853249457184 23.21753738491921
0.0011 6365.564096709812 1.000362832468342 1.561343048212408 296.6372263215075 23.15030446124092
0.0012 6365.570146267703 1.000362437049128 1.561284512884116 296.5888298583726 23.08282691450734
0.0013 6365.57623309584 1.000362039809748 1.561225914059077 296.5401352332832 23.01510710282284
0.0014 6365.582357234793 1.000361640757893 1.561167251438642 296.4911421216588 22.94714739321537
0.0015 6365.588518725325 1.000361239901291 1.561108524725768 296.4418501973981 22.87895016157731
0.0016 6365.594717608391 1.000360837247709 1.561049733624906 296.3922591328723 22.81051779255457
0.0017 6365.600953925133 1.000360432804949 1.560990877842075 296.3423685989386 22.74185267946547
0.0018 6365.607227716881 1.000360026580851 1.560931957084798 296.2921782649559 22.67295722421835
0.0019 6365.613539025154 1.000359618583293 1.560872971062216 296.2416877987692 22.60383383718846
0.002 6365.619887891658 1.000359208820189 1.560813919484943 296.1908968667398 22.53448493715392
0.0021 6365.626274358282 1.000358797299489 1.560754802065143 296.1398051337441 22.4649129511909
0.0022 6365.632698467102 1.00035838402918 1.560695618516647 296.0884122631818 22.39512031457772
0.0023 6365.639160260376 1.000357969017285 1.56063636855476 296.0367179169901 22.32510947070811
0.0024 6365.645659780545 1.000357552271864 1.560577051896364 295.9847217556438 22.25488287098374
0.0025 6365.65219707023 1.000357133801012 1.560517668259978 295.9324234381623 22.18444297471578
0.0026 6365.658772172235 1.000356713612861 1.560458217365625 295.8798226221173 22.11379224902572
0.0027 6365.665385129543 1.000356291715577 1.560398698934995 295.8269189636543 22.0429331687646
0.0028 6365.672035985313 1.000355868117363 1.560339112691335 295.7737121174927 21.97186821640208
0.0029 6365.678724782885 1.000355442826455 1.56027945835945 295.7202017369185 21.90059988190504
0.003 6365.685451565773 1.000355015851127 1.560219735665816 295.6663874738136 21.82913066266392
0.0031 6365.692216377668 1.000354587199685 1.560159944338477 295.6122689786556 21.75746306337919
0.0032 6365.699019262433 1.000354156880471 1.560100084107142 295.5578459005322 21.68559959596632
0.0033 6365.705860264108 1.000353724901863 1.560040154703056 295.5031178871344 21.613542779431
0.0034 6365.712739426902 1.00035329127227 1.559980155859196 295.4480845847851 21.54129513979151
0.0035 6365.719656795196 1.000352856000138 1.559920087310091 295.3927456384321 21.46885920995219
0.0036 6365.726612413543 1.000352419093944 1.559859948791914 295.3371006916553 21.39623752959537
0.0037 6365.733606326665 1.000351980562202 1.559799740042561 295.2811493866815 21.3234326450818
0.0038 6365.740638579451 1.000351540413457 1.559739460801454 295.2248913643911 21.25044710934073
0.0039 6365.747709216959 1.000351098656287 1.559679110809787 295.1683262643259 21.17728348175903
0.004 6365.75481828441 1.000350655299306 1.55961868981034 295.111453724718 21.10394432809766
0.0041 6365.761965827193 1.000350210351157 1.559558197547575 295.0542733824535 21.03043222032263
0.004200000000000001 6365.769151890861 1.000349763820517 1.559497633767671 294.9967848731088 20.95674973652927
0.0043 6365.776376521128 1.000349315716098 1.559436998218412 294.9389878309725 20.88289946084641
0.0044 6365.783639763872 1.000348866046639 1.559376290649358 294.8808818890233 20.80888398328381
0.004500000000000001 6365.79094166513 1.000348414820915 1.559315510811666 294.8224666789596 20.73470589964411
0.0046 6365.7982822711 1.000347962047731 1.559254658458248 294.7637418311991 20.66036781139641
0.0047 6365.805661628138 1.000347507735924 1.55919373334373 294.7047069748936 20.5858723255678
0.0048 6365.813079782759 1.000347051894361 1.559132735224407 294.6453617379287 20.51122205461538
0.0049 6365.820536781633 1.000346594531942 1.559071663858273 294.5857057469387 20.43641961631594
0.005 6365.828032671586 1.000346135657596 1.559010519005103 294.5257386273137 20.36146763364552
0.0051 6365.835567499598 1.000345675280282 1.558949300426421 294.4654600032139 20.28636873466721
0.005200000000000001 6365.843141312805 1.000345213408991 1.558888007885353 294.404869497563 20.2111255523909
0.0053 6365.85075415849 1.000344750052744 1.558826641146859 294.3439667320766 20.13574072467743
0.0054 6365.858406084092 1.000344285220589 1.558765199977672 294.2827513272626 20.06021689410568
0.005500000000000001 6365.866097137198 1.000343818921605 1.558703684146252 294.2212229024138 19.98455670782999
0.0056 6365.873827365543 1.000343351164901 1.558642093422718 294.1593810756589 19.90876281750836
0.0057 6365.88159681701 1.000342881959615 1.55858042757909 294.0972254639186 19.83283787911349
0.0058 6365.889405539632 1.000342411314911 1.558518686389083 294.0347556829423 19.75678455284148
0.0059 6365.897253581583 1.000341939239984 1.558456869628237 293.9719713473372 19.68060550301021
0.006 6365.905140991183 1.000341465744056 1.55839497707381 293.9088720705389 19.60430339788616
0.0061 6365.913067816897 1.000340990836378 1.558333008504867 293.8454574648262 19.52788090956384
0.006200000000000001 6365.921034107329 1.000340514526225 1.558270963702352 293.7817271413645 19.45134071387916
0.0063 6365.929039911229 1.000340036822904 1.558208842448851 293.7176807101699 19.37468549022546
0.0064 6365.937085277481 1.000339557735744 1.558146644528902 293.6533177801524 19.29791792146521
0.006500000000000001 6365.94517025511 1.000339077274106 1.558084369728751 293.588637959116 19.22104069378823
0.0066 6365.953294893281 1.000338595447373 1.558022017836557 293.5236408537515 19.14405649656066
0.0067 6365.961459241292 1.000338112264956 1.557959588642192 293.4583260696658 19.06696802221649
0.0068 6365.969663348578 1.000337627736291 1.557897081937451 293.392693211374 18.98977796610505
0.006900000000000001 6365.977907264709 1.000337141870839 1.557834497515923 293.3267418823292 18.91248902638067
0.007 6365.986191039386 1.000336654678088 1.557771835173065 293.2604716849149 18.83510390384867
0.0071 6365.994514722441 1.00033616616755 1.557709094706122 293.1938822204742 18.75762530185324
0.007200000000000001 6366.00287836384 1.00033567634876 1.557646275914273 293.1269730892803 18.6800559260967
0.0073 6366.011282013676 1.00033518523128 1.557583378598471 293.0597438905883 18.6023984845512
0.0074 6366.019725722173 1.000334692824692 1.557520402561595 292.9921942226196 18.52465568729344
0.007500000000000001 6366.028209539678 1.000334199138605 1.557457347608429 292.9243236825772 18.44683024637253
0.0076 6366.036733516667 1.000333704182651 1.55739421354549 292.8561318666674 18.36892487568525
0.0077 6366.045297703739 1.000333207966481 1.55733100018135 292.7876183700849 18.29094229080897
0.007800000000000001 6366.053902151619 1.000332710499775 1.557267707326326 292.7187827870497 18.21288520889206
0.007900000000000001 6366.062546911151 1.000332211792229 1.557204334792747 292.649624710792 18.13475634848546
0.008 6366.071232033302 1.000331711853565 1.557140882394724 292.5801437335816 18.05655842942322
0.0081 6366.07995756916 1.000331210693524 1.557077349948401 292.5103394467209 17.97829417266106
0.008200000000000001 6366.088723569929 1.000330708321871 1.557013737271723 292.440211440566 17.89996630014717
0.0083 6366.097530086934 1.000330204748388 1.55695004418464 292.3697593045275 17.82157753466774
0.008400000000000001 6366.106377171613 1.000329699982881 1.556886270508929 292.298982627099 17.74313059972415
0.008500000000000001 6366.115264875521 1.000329194035174 1.556822416068372 292.2278809958356 17.66462821935307
0.0086 6366.124193250325 1.000328686915113 1.556758480688624 292.1564539973973 17.58607311801837
0.008700000000000001 6366.133162347809 1.000328178632561 1.556694464197357 292.0847012175276 17.50746802042998
0.008800000000000001 6366.142172219864 1.000327669197401 1.556630366424104 292.0126222410894 17.42881565142635
0.0089 6366.151222918493 1.000327158619534 1.556566187200422 291.940216652058 17.35011873580813
0.009000000000000001 6366.160314495807 1.000326646908882 1.556501926359747 291.8674840335428 17.27137999820316
0.0091 6366.169447004026 1.000326134075382 1.556437583737542 291.7944239677948 17.19260216291486
0.0092 6366.178620495474 1.000325620128989 1.556373159171197 291.7210360362063 17.11378795376224
0.009300000000000001 6366.187835022586 1.000325105079677 1.556308652500066 291.6473198193111 17.03494009391963
0.0094 6366.197090637895 1.000324588937435 1.55624406356553 291.5732748968425 16.95606130581783
0.0095 6366.206387394039 1.000324071712269 1.556179392210863 291.4989008476899 16.87715431093573
0.009600000000000001 6366.215725343757 1.000323553414202 1.556114638281428 291.4241972499425 16.79822182968465
0.0097 6366.225104539891 1.000323034053272 1.556049801624485 291.3491636808743 16.71926658123023
0.0098 6366.234525035376 1.00032251363953 1.555984882089381 291.2737997169883 16.64029128337522
0.009900000000000001 6366.243986883252 1.000321992183046 1.55591987952738 291.1981049339869 16.56129865236511
0.01 6366.25349013665 1.000321469693902 1.555854793791761 291.1220789068014 16.48229140275455
0.0101 6366.263034848799 1.000320946182193 1.555789624737906 291.0457212096065 16.40327224725781
0.0102 6366.272621073021 1.000320421658031 1.555724372223091 290.9690314158346 16.32424389659855
0.0103 6366.28224886273 1.000319896131539 1.555659036106714 290.8920090981613 16.24520905932918
0.0104 6366.291918271432 1.000319369612853 1.555593616250088 290.8146538285422 16.16617044170235
0.0105 6366.301629352723 1.000318842112122 1.555528112516674 290.7369651782122 16.08713074750429
0.0106 6366.31138216029 1.000318313639506 1.555462524771908 290.658942717679 16.00809267788061
0.0107 6366.321176747903 1.000317784205177 1.555396852883228 290.5805860167733 15.92905893122076
0.0108 6366.331013169422 1.00031725381932 1.555331096720182 290.5018946446274 15.85003220296794
0.0109 6366.34089147879 1.000316722492128 1.555265256154351 290.4228681696826 15.77101518545859
0.011 6366.350811730033 1.000316190233806 1.555199331059331 290.3435061597323 15.69201056779761
0.0111 6366.360773977263 1.000315657054568 1.555133321310796 290.2638081818935 15.61302103566037
0.0112 6366.37077827467 1.000315122964639 1.555067226786495 290.1837738026428 15.53404927115986
0.0113 6366.380824676523 1.00031458797425 1.555001047366232 290.1034025878165 15.45509795267706
0.0114 6366.390913237171 1.000314052093644 1.554934782931867 290.0226941026325 15.37616975471259
0.0115 6366.401044011041 1.00031351533307 1.554868433367374 289.9416479116757 15.29726734770234
0.0116 6366.411217052633 1.000312977702785 1.554801998558712 289.8602635789342 15.2183933978827
0.0117 6366.421432416525 1.000312439213054 1.554735478394013 289.7785406677998 15.13955056711972
0.0118 6366.431690157365 1.000311899874148 1.554668872763491 289.6964787410819 15.06074151275222
0.0119 6366.441990329874 1.000311359696345 1.554602181559352 289.6140773610081 14.98196888742065
0.012 6366.452332988845 1.000310818689929 1.554535404676013 289.5313360892382 14.90323533890967
0.0121 6366.462718189138 1.000310276865187 1.554468542009926 289.4482544868937 14.82454351000423
0.0122 6366.473145985683 1.000309734232415 1.55440159345964 289.3648321145359 14.74589603829696
0.0123 6366.483616433474 1.000309190801911 1.554334558925791 289.2810685322096 14.66729555605742
0.0124 6366.494129587571 1.000308646583977 1.554267438311203 289.1969632994281 14.58874469004616
0.0125 6366.504685503101 1.000308101588919 1.554200231520718 289.1125159751958 14.51024606136286
0.0126 6366.515284235247 1.000307555827047 1.554132938461319 289.0277261180221 14.43180228528736
0.0127 6366.525925839262 1.000307009308672 1.554065559042146 288.942593285907 14.35341597109363
0.0128 6366.536610370449 1.000306462044108 1.553998093174394 288.857117036407 14.27508972193743
0.0129 6366.547337884179 1.000305914043671 1.553930540771421 288.7712969265689 14.19682613462324
0.013 6366.558108435874 1.000305365317678 1.553862901748685 288.6851325130104 14.11862779950486
0.0131 6366.568922081014 1.000304815876445 1.553795176023812 288.598623351891 14.04049730028569
0.0132 6366.579778875132 1.000304265730293 1.553727363516505 288.5117689989405 13.96243721387219
0.0133 6366.590678873817 1.000303714889536 1.553659464148664 288.4245690094671 13.88445011020733
0.0134 6366.601622132706 1.000303163364493 1.553591477844242 288.3370229383494 13.80653855209111
0.0135 6366.612608707492 1.000302611165478 1.553523404529422 288.249130340066 13.72870509503372
0.0136 6366.62363865391 1.000302058302807 1.553455244132466 288.1608907687172 13.65095228710171
0.0137 6366.634712027749 1.00030150478679 1.553386996583786 288.0723037780102 13.5732826687322
0.0138 6366.64582888484 1.000300950627736 1.553318661815999 287.9833689212813 13.49569877257924
0.0139 6366.656989281061 1.000300395835952 1.553250239763762 287.8940857515103 13.41820312335382
0.014 6366.668193272335 1.000299840421739 1.553181730363983 287.8044538213202 13.3407982376511
0.0141 6366.679440914625 1.000299284395394 1.55311313355569 287.7144726829996 13.26348662379686
0.0142 6366.690732263935 1.000298727767212 1.55304444928001 287.6241418885169 13.18627078168747
0.0143 6366.70206737631 1.000298170547479 1.55297567748036 287.5334609895202 13.10915320261755
0.0144 6366.713446307832 1.000297612746478 1.55290681810216 287.442429537345 13.03213636911415
0.0145 6366.724869114621 1.000297054374485 1.552837871093089 287.3510470830355 12.95522275478343
0.0146 6366.73633585283 1.000296495441769 1.552768836402955 287.2593131773596 12.87841482415113
0.0147 6366.747846578651 1.000295935958592 1.552699713983722 287.167227370794 12.80171503247891
0.0148 6366.759401348303 1.000295375935208 1.55263050378955 287.0747892135754 12.72512582563573
0.0149 6366.77100021804 1.000294815381862 1.552561205776765 286.9819982556786 12.64864963990857
0.015 6366.782643244145 1.000294254308793 1.552491819903783 286.8888540468382 12.57228890184991
0.0151 6366.79433048293 1.000293692726226 1.55242234613129 286.7953561365561 12.4960460281134
0.0152 6366.806061990734 1.000293130644381 1.552352784422083 286.7015040741302 12.41992342530755
0.0153 6366.81783782392 1.000292568073465 1.552283134741132 286.6072974086404 12.34392348981411
0.0154 6366.829658038879 1.000292005023674 1.552213397055614 286.5127356889701 12.26804860763655
0.0155 6366.841522692023 1.000291441505193 1.552143571334831 286.4178184638134 12.19230115423702
0.0156 6366.853431839787 1.000290877528196 1.55207365755029 286.3225452817045 12.11668349439103
0.0157 6366.865385538624 1.000290313102842 1.552003655675658 286.22691569101 12.04119798201344
0.0158 6366.877383845008 1.000289748239281 1.551933565686788 286.1309292399368 11.96584695999665
0.0159 6366.889426815431 1.000289182947646 1.551863387561668 286.0345854765532 11.8906327600607
0.016 6366.9015145064 1.000288617238058 1.551793121280516 285.9378839488039 11.81555770259789
0.0161 6366.913646974436 1.000288051120621 1.551722766825701 285.8408242045101 11.74062409650649
0.0162 6366.925824276076 1.000287484605426 1.551652324181749 285.743405791391 11.66583423904206
0.0163 6366.938046467869 1.000286917702548 1.55158179333538 285.6456282570492 11.5911904156412
0.0164 6366.950313606372 1.000286350422046 1.551511174275487 285.5474911490222 11.51669489979603
0.0165 6366.962625748153 1.000285782773962 1.551440466993105 285.4489940147745 11.44234995288453
0.0166 6366.97498294979 1.000285214768319 1.551369671481502 285.3501364016832 11.36815782399628
0.0167 6366.987385267863 1.000284646415126 1.551298787736073 285.2509178570966 11.29412074981374
0.0168 6366.999832758961 1.00028407772437 1.551227815754396 285.1513379283118 11.22024095443359
0.0169 6367.012325479676 1.000283508706021 1.55115675553624 285.0513961625896 11.14652064921644
0.017 6367.024863486602 1.000282939370029 1.5510856070835 284.9510921071836 11.07296203264762
0.0171 6367.037446836334 1.000282369726325 1.551014370400296 284.8504253093255 10.99956729016649
0.0172 6367.050075585468 1.000281799784819 1.550943045492864 284.7493953162542 10.92633859402868
0.0173 6367.062749790596 1.000281229555398 1.550871632369655 284.6480016752306 10.85327810315813
0.0174 6367.07546950831 1.000280659047932 1.550800131041263 284.5462439335228 10.78038796297888
0.0175 6367.088234795195 1.000280088272263 1.550728541520444 284.4441216384424 10.70767030528462
0.0176 6367.101045707832 1.000279517238217 1.550656863822104 284.341634337345 10.63512724808255
0.0177 6367.113902302794 1.00027894595559 1.550585097963355 284.2387815776514 10.56276089545369
0.0178 6367.126804636645 1.00027837443416 1.550513243963445 284.1355629068406 10.49057333739349
0.0179 6367.13975276594 1.000277802683678 1.550441301843767 284.0319778724792 10.41856664967891
0.018 6367.152746747223 1.00027723071387 1.550369271627865 283.9280260222134 10.34674289371083
0.0181 6367.165786637026 1.000276658534438 1.550297153341498 283.8237069037917 10.27510411637784
0.0182 6367.178872491864 1.000276086155057 1.550224947012485 283.7190200650861 10.20365234992058
0.0183 6367.19200436824 1.000275513585376 1.55015265267089 283.6139650540775 10.13238961177219
0.0184 6367.205182322639 1.000274940835017 1.550080270348838 283.5085414188856 10.06131790442968
0.0185 6367.218406411528 1.000274367913575 1.550007800080667 283.402748707775 9.990439215311234
0.0186 6367.231676691355 1.000273794830618 1.549935241902817 283.2965864691636 9.919755516614678
0.0187 6367.244993218545 1.000273221595682 1.549862595853872 283.1900542516436 9.849268765186578
0.0188 6367.258356049504 1.000272648218276 1.549789861974565 283.0831516039674 9.778980902368328
0.0189 6367.271765240615 1.000272074707882 1.549717040307755 282.9758780750839 9.70889385387709
0.019 6367.285220848232 1.000271501073946 1.549644130898427 282.8682332141456 9.639009529668371
0.0191 6367.298722928686 1.000270927325889 1.549571133793723 282.7602165705088 9.569329823795121
0.0192 6367.312271538281 1.000270353473098 1.549498049042855 282.6518276937553 9.49985661428218
0.0193 6367.325866733289 1.000269779524928 1.549424876697202 282.5430661336853 9.430591762983159
0.0194 6367.339508569955 1.000269205490703 1.549351616810215 282.4339314403609 9.361537115471045
0.0195 6367.353197104491 1.000268631379713 1.549278269437509 282.3244231640696 9.292694500879072
0.0196 6367.366932393077 1.000268057201215 1.549204834636776 282.2145408553828 9.224065731802867
0.0197 6367.380714491857 1.000267482964434 1.549131312467821 282.1042840651411 9.155652604157645
0.0198 6367.394543456941 1.000266908678558 1.549057702992529 281.9936523444688 9.08745689705523
0.0199 6367.408419344402 1.000266334352741 1.548984006274927 281.8826452447814 9.019480372677798
0.02 6367.422342210274 1.000265759996103 1.548910222381088 281.7712623178071 8.951724776161859
0.0201 6367.436312110552 1.000265185617726 1.548836351379182 281.659503115587 8.884191835470148
0.0202 6367.450329101191 1.000264611226656 1.548762393339475 281.547367190475 8.816883261265154
0.0203 6367.4643932381 1.000264036831903 1.548688348334305 281.4348540951963 8.749800746818853
0.0204 6367.478504577152 1.000263462442439 1.548614216438088 281.3219633827815 8.682945967849706
0.0205 6367.492663174168 1.000262888067198 1.548539997727279 281.2086946066541 8.616320582452486
0.0206 6367.506869084926 1.000262313715075 1.548465692280453 281.0950473205943 8.549926230955686
0.0207 6367.521122365156 1.000261739394927 1.548391300178171 280.9810210787531 8.48376453581097
0.0208 6367.53542307054 1.000261165115571 1.548316821503114 280.8666154356819 8.417837101492383
0.0209 6367.549771256708 1.000260590885783 1.548242256339946 280.7518299463321 8.352145514380021
0.021 6367.564166979241 1.000260016714301 1.548167604775419 280.6366641660701 8.286691342653732
0.0211 6367.578610293667 1.000259442609819 1.548092866898287 280.5211176506622 8.221476136171891
0.0212 6367.593101255459 1.000258868580991 1.548018042799361 280.4051899563259 8.156501426388935
0.0213 6367.607639920036 1.00025829463643 1.547943132571451 280.2888806397081 8.091768726233166
0.0214 6367.62222634276 1.000257720784705 1.547868136309393 280.1721892579211 8.027279530018982
0.0215 6367.636860578934 1.000257147034342 1.547793054110029 280.0551153685286 7.963035313332302
0.0216 6367.651542683804 1.000256573393823 1.547717886072224 279.9376585295671 7.899037532937961
0.0217 6367.666272712555 1.000255999871589 1.547642632296779 279.8198182995606 7.835287626684606
0.0218 6367.68105072031 1.000255426476033 1.547567292886583 279.7015942375205 7.771787013403386
0.0219 6367.69587676213 1.000254853215506 1.547491867946412 279.5829859029603 7.708537092816348
0.022 6367.71075089301 1.000254280098311 1.547416357583074 279.4639928559176 7.645539245450292
0.0221 6367.725673167884 1.000253707132708 1.547340761905331 279.3446146569316 7.582794832529259
0.0222 6367.740643641613 1.000253134326907 1.547265081023896 279.2248508670949 7.520305195907357
0.0223 6367.755662368996 1.000252561689074 1.547189315051466 279.104701048031 7.458071657964893
0.0224 6367.77072940476 1.000251989227328 1.547113464102647 278.9841647619163 7.39609552152942
0.0225 6367.785844803563 1.000251416949738 1.547037528293981 278.863241571495 7.334378069794642
0.0226 6367.801008619991 1.000250844864327 1.546961507743996 278.7419310400713 7.272920566230061
0.0227 6367.816220908558 1.000250272979069 1.546885402573068 278.620232731539 7.211724254511098
0.0228 6367.831481723701 1.000249701301888 1.546809212903556 278.4981462103882 7.150790358439834
0.0229 6367.846791119786 1.000249129840659 1.546732938859678 278.3756710417132 7.0901200818677
0.023 6367.8621491511 1.000248558603208 1.546656580567551 278.2528067911975 7.029714608609479
0.0231 6367.877555871854 1.000247987597308 1.546580138155237 278.1295530251649 6.969575102391619
0.0232 6367.893011336178 1.000247416830684 1.546503611752608 278.0059093105796 6.909702706777005
0.0233 6367.908515598124 1.000246846311009 1.546427001491448 277.8818752150095 6.850098545074551
0.0234 6367.924068711662 1.000246276045904 1.546350307505397 277.7574503067066 6.79076372030707
0.0235 6367.939670730681 1.000245706042937 1.546273529929927 277.6326341545558 6.731699315117889
0.0236 6367.955321708984 1.000245136309627 1.546196668902397 277.5074263281261 6.672906391728466
0.0237 6367.971021700292 1.000244566853435 1.546119724561971 277.3818263976631 6.614385991870134
0.0238 6367.98677075824 1.000243997681772 1.546042697049626 277.2558339340816 6.556139136718271
0.0239 6368.002568936372 1.000243428801997 1.545965586508194 277.1294485090242 6.498166826858833
0.024 6368.018416288149 1.00024286022141 1.545888393082304 277.0026696948102 6.440470042206451
0.0241 6368.03431286694 1.00024229194726 1.545811116918355 276.875497064479 6.383049741968483
0.0242 6368.050258726023 1.00024172398674 1.545733758164562 276.7479301918123 6.3259068646007
0.0243 6368.066253918588 1.000241156346989 1.545656316970891 276.6199686512977 6.269042327739097
0.0244 6368.082298497728 1.00024058903509 1.545578793489097 276.4916120181791 6.212457028173149
0.0245 6368.098392516443 1.000240022058067 1.545501187872699 276.3628598684576 6.156151841798184
0.0246 6368.11453602764 1.000239455422893 1.54542350027691 276.233711778876 6.100127623563828
0.0247 6368.130729084131 1.00023888913648 1.545345730858764 276.1041673269559 6.044385207446976
0.0248 6368.146971738625 1.000238323205685 1.545267879776911 275.9742260909974 5.988925406410947
0.0249 6368.163264043741 1.000237757637306 1.545189947191826 275.8438876500717 5.933749012363948
0.025 6368.179606051991 1.000237192438085 1.545111933265587 275.7131515840723 5.878856796144492
0.0251 6368.195997815792 1.000236627614705 1.545033838162033 275.582017473664 5.824249507465915
0.0252 6368.212439387456 1.000236063173792 1.544955662046648 275.4504849003482 5.76992787491228
0.0253 6368.228930819197 1.00023549912191 1.5448774050866 275.3185534464268 5.715892605893834
0.0254 6368.245472163118 1.000234935465567 1.544799067450707 275.1862226950528 5.662144386640987
0.0255 6368.262063471227 1.000234372211211 1.544720649309447 275.0534922301871 5.608683882161787
0.0256 6368.278704795416 1.000233809365229 1.544642150834884 274.9203616366707 5.555511736249054
0.0257 6368.295396187479 1.000233246933949 1.544563572200775 274.786830500167 5.502628571436885
0.0258 6368.312137699098 1.00023268492364 1.544484913582417 274.6528984072196 5.450034989006348
0.0259 6368.328929381845 1.000232123340507 1.544406175156761 274.5185649452382 5.397731568964302
0.026 6368.345771287187 1.000231562190698 1.544327357102303 274.3838297025053 5.345718870033405
0.0261 6368.362663466475 1.000231001480297 1.544248459599126 274.2486922681986 5.293997429650044
0.0262 6368.379605970952 1.000230441215328 1.544169482828887 274.1131522323834 5.242567763953355
0.0263 6368.396598851747 1.000229881401752 1.54409042697477 273.9772091860272 5.191430367785099
0.0264 6368.413642159874 1.000229322045471 1.544011292221482 273.8408627210068 5.140585714689082
0.0265 6368.430735946235 1.000228763152321 1.543932078755299 273.7041124301162 5.090034256912971
0.0266 6368.447880261614 1.000228204728079 1.543852786763949 273.5669579070876 5.039776425417825
0.0267 6368.465075156679 1.000227646778455 1.543773416436719 273.4293987465702 4.989812629873972
0.0268 6368.482320681978 1.000227089309103 1.543693967964309 273.2914345441735 4.940143258683325
0.0269 6368.499616887947 1.000226532325606 1.543614441538927 273.1530648964239 4.890768678972407
0.027 6368.516963824896 1.000225975833489 1.543534837354247 273.0142894008299 4.84168923662719
0.0271 6368.534361543018 1.000225419838211 1.543455155605359 272.8751076558532 4.79290525629626
0.0272 6368.551810092385 1.000224864345169 1.54337539648877 272.7355192609233 4.744417041412182
0.0273 6368.569309522944 1.000224309359695 1.543295560202459 272.5955238164519 4.69622487421517
0.0274 6368.58685988452 1.000223754887056 1.543215646945731 272.4551209238401 4.64832901577658
0.0275 6368.604461226816 1.000223200932457 1.543135656919329 272.3143101854715 4.600729706019944
0.0276 6368.622113599408 1.000222647501035 1.543055590325357 272.1730912047336 4.553427163754415
0.0277 6368.639817051747 1.000222094597866 1.542975447367273 272.0314635860253 4.506421586705573
0.0278 6368.657571633157 1.000221542227959 1.542895228249862 271.8894269347423 4.459713151541524
0.0279 6368.675377392836 1.000220990396259 1.542814933179264 271.7469808573136 4.41330201391836
0.028 6368.693234379851 1.000220439107645 1.542734562362921 271.6041249611939 4.367188308513495
0.0281 6368.711142643143 1.000219888366931 1.542654116009563 271.4608588548566 4.321372149061709
0.0282 6368.72910223152 1.000219338178866 1.542573594329229 271.3171821478376 4.275853628409938
0.0283 6368.747113193663 1.000218788548134 1.542492997533209 271.1730944506984 4.230632818548866
0.0284 6368.765175578117 1.00021823947935 1.542412325834059 271.028595375063 4.185709770670221
0.0285 6368.783289433299 1.000217690977068 1.542331579445565 270.8836845336103 4.141084515212623
0.0286 6368.801454807488 1.000217143045773 1.542250758582743 270.7383615400962 4.096757061918934
0.0287 6368.819671748834 1.000216595689886 1.542169863461806 270.5926260093314 4.052727399882663
0.0288 6368.837940305349 1.000216048913759 1.54208889430019 270.4464775572109 4.008995497612458
0.0289 6368.856260524911 1.000215502721682 1.542007851316464 270.2999158007136 3.965561303090053
0.029 6368.874632455261 1.000214957117874 1.5419267347304 270.1529403579101 3.922424743832873
0.0291 6368.893056144005 1.000214412106493 1.5418455447629 270.0055508479621 3.879585726956942
0.0292 6368.911531638608 1.000213867691627 1.54176428163598 269.8577468911375 3.837044139246481
0.0293 6368.930058986399 1.000213323877298 1.541682945572802 269.7095281088099 3.794799847221642
0.0294 6368.948638234568 1.000212780667463 1.541601536797613 269.560894123459 3.75285269720876
0.0295 6368.967269430163 1.000212238066011 1.541520055535754 269.4118445586922 3.711202515419163
0.0296 6368.985952620096 1.000211696076768 1.541438502013576 269.2623790392303 3.669849108020104
0.0297 6369.004687851133 1.000211154703488 1.54135687645857 269.1124971909361 3.628792261220303
0.0298 6369.0234751699 1.000210613949863 1.541275179099189 268.9621986408005 3.588031741345715
0.0299 6369.042314622881 1.000210073819517 1.541193410164934 268.8114830169492 3.547567294923824
0.03 6369.061206256417 1.000209534316008 1.541111569886317 268.6603499486649 3.507398648774116
0.0301 6369.080150116704 1.000208995442827 1.541029658494799 268.5087990663654 3.467525510089217
0.0302 6369.099146249796 1.000208457203399 1.540947676222835 268.3568300016326 3.427947566532006
0.0303 6369.118194701598 1.000207919601083 1.540865623303814 268.2044423872125 3.388664486327217
0.0304 6369.137295517876 1.00020738263917 1.540783499972095 268.0516358569934 3.349675918349905
0.0305 6369.156448744242 1.000206846320887 1.540701306462896 267.8984100460642 3.310981492236757
0.0306 6369.175654426166 1.000206310649393 1.540619043012406 267.7447645906708 3.27258081847354
0.0307 6369.19491260897 1.000205775627782 1.540536709857609 267.5906991282376 3.23447348850171
0.0308 6369.214223337827 1.000205241259083 1.540454307236447 267.4362132973823 3.196659074825262
0.0309 6369.233586657763 1.000204707546256 1.540371835387649 267.2813067378942 3.159137131110924
0.031 6369.253002613655 1.000204174492198 1.540289294550783 267.1259790907628 3.121907192303148
0.0311 6369.272471250229 1.000203642099738 1.54020668496626 266.9702299981712 3.084968774732384
0.0312 6369.291992612061 1.000203110371641 1.540124006875252 266.8140591035102 3.048321376230843
0.0313 6369.311566743578 1.000202579310607 1.54004126051975 266.6574660513783 3.011964476246953
0.0314 6369.331193689055 1.000202048919268 1.539958446142445 266.50045048756 2.975897535957093
0.0315 6369.350873492616 1.000201519200194 1.539875563986846 266.3430120590696 2.940119998394671
0.0316 6369.370606198233 1.000200990155886 1.539792614297148 266.1851504141363 2.904631288567771
0.0317 6369.390391849724 1.000200461788785 1.539709597318252 266.0268652022045 2.869430813582436
0.0318 6369.410230490758 1.000199934101262 1.539626513295757 265.8681560739336 2.834517962768119
0.0319 6369.430122164846 1.000199407095628 1.539543362475931 265.7090226812346 2.799892107813181
0.032 6369.450066915347 1.000198880774126 1.539460145105715 265.5494646772262 2.765552602884864
0.0321 6369.470064785467 1.000198355138938 1.539376861432669 265.389481716264 2.731498784767424
0.0322 6369.490115818257 1.000197830192179 1.539293511704974 265.2290734539478 2.697729972997363
0.0323 6369.510220056611 1.000197305935902 1.539210096171433 265.0682395471143 2.664245469997642
0.0324 6369.53037754327 1.000196782372095 1.539126615081393 264.9069796538373 2.631044561215525
0.0325 6369.55058832082 1.000196259502685 1.5390430686848 264.7452934334418 2.598126515265412
0.0326 6369.570852431688 1.000195737329532 1.538959457232152 264.5831805464971 2.56549058406911
0.0327 6369.591169918145 1.000195215854438 1.538875780974441 264.4206406548386 2.533136003003947
0.0328 6369.611540822309 1.000194695079139 1.538792040163188 264.2576734215312 2.501061991041166
0.0329 6369.631965186135 1.000194175005308 1.53870823505044 264.0942785109204 2.46926775090364
0.033 6369.652443051426 1.000193655634559 1.538624365888652 263.9304555885886 2.437752469206732
0.0331 6369.672974459825 1.000193136968441 1.538540432930797 263.766204321399 2.406515316618116
0.0332 6369.693559452816 1.000192619008443 1.538456436430263 263.6015243774731 2.375555448006673
0.0333 6369.714198071726 1.000192101755994 1.538372376640826 263.4364154261915 2.344872002597517
0.0334 6369.734890357724 1.000191585212458 1.538288253816734 263.270877138208 2.314464104131509
0.0335 6369.755636351819 1.000191069379143 1.538204068212551 263.1049091854496 2.284330861023727
0.0336 6369.776436094861 1.000190554257294 1.538119820083236 262.9385112411095 2.254471366522405
0.0337 6369.797289627542 1.000190039848096 1.538035509684097 262.7716829796613 2.224884698873538
0.0338 6369.818196990393 1.000189526152675 1.537951137270771 262.6044240768591 2.195569921484466
0.0339 6369.839158223785 1.000189013172097 1.537866703099186 262.4367342097161 2.16652608308538
0.034 6369.860173367932 1.000188500907371 1.537782207425577 262.2686130565402 2.137752217902643
0.0341 6369.881242462886 1.000187989359444 1.537697650506452 262.1000602969128 2.109247345823488
0.0342 6369.902365548537 1.000187478529207 1.537613032598567 261.9310756117032 2.081010472568616
0.0343 6369.923542664618 1.000186968417492 1.537528353958916 261.761658683054 2.053040589861394
0.0344 6369.9447738507 1.000186459025075 1.537443614844731 261.5918091944026 2.025336675604649
0.0345 6369.966059146191 1.000185950352674 1.537358815513396 261.4215268304746 1.997897694054043
0.0346 6369.987398590341 1.000185442400948 1.537273956222531 261.2508112772688 1.970722595991832
0.0347 6370.00879222224 1.000184935170505 1.537189037229864 261.079662222079 1.943810318907923
0.0348 6370.030240080814 1.000184428661892 1.537104058793317 260.9080793534871 1.917159787177582
0.0349 6370.051742204829 1.000183922875602 1.537019021170905 260.7360623613698 1.890769912242806
0.035 6370.07329863289 1.000183417812075 1.536933924620769 260.5636109368774 1.864639592790574
0.0351 6370.094909403442 1.000182913471692 1.536848769401134 260.3907247724622 1.83876771494021
0.0352 6370.116574554766 1.000182409854785 1.536763555770273 260.2174035618722 1.813153152426354
0.0353 6370.138294124983 1.000181906961629 1.536678283986549 260.0436470001354 1.787794766782192
0.0354 6370.160068152053 1.000181404792445 1.536592954308348 259.8694547835752 1.76269140752821
0.0355 6370.181896673773 1.000180903347405 1.536507566994044 259.6948266098174 1.737841912360939
0.0356 6370.203779727781 1.000180402626624 1.53642212230205 259.5197621777537 1.713245107336648
0.0357 6370.225717351551 1.000179902630168 1.536336620490721 259.3442611875929 1.688899807068567
0.0358 6370.247709582397 1.000179403358052 1.536251061818407 259.1683233408243 1.664804814912745
0.0359 6370.269756457472 1.000178904810237 1.536165446543374 258.9919483402249 1.640958923161197
0.036 6370.291858013768 1.000178406986638 1.536079774923827 258.8151358898598 1.61736091323498
0.0361 6370.314014288112 1.000177909887116 1.535994047217875 258.6378856951036 1.594009555881107
0.0362 6370.336225317174 1.000177413511485 1.535908263683516 258.4601974626042 1.57090361136262
0.0363 6370.358491137461 1.00017691785951 1.535822424578625 258.2820709003121 1.548041829658277
0.0364 6370.380811785319 1.000176422930906 1.535736530160918 258.1035057174507 1.525422950655471
0.0365 6370.403187296933 1.000175928725344 1.535650580687943 257.9245016245389 1.503045704350563
0.0366 6370.425617708327 1.000175435242442 1.53556457641709 257.7450583333833 1.480908811046228
0.0367 6370.448103055365 1.000174942481776 1.535478517605515 257.5651755570783 1.459010981550462
0.0368 6370.470643373749 1.000174450442875 1.535392404510189 257.3848530100062 1.437350917376315
0.0369 6370.493238699022 1.000173959125221 1.535306237387828 257.2040904078225 1.415927310940564
0.03700000000000001 6370.515889066565 1.000173468528251 1.535220016494894 257.022887467478 1.394738845767364
0.0371 6370.5385945116 1.00017297865136 1.535133742087591 256.8412439071966 1.373784196687301
0.0372 6370.561355069189 1.000172489493896 1.5350474144218 256.6591594464902 1.353062030041287
0.0373 6370.584170774232 1.000172001055165 1.534961033753159 256.4766338061439 1.332571003881603
0.0374 6370.607041661473 1.000171513334432 1.534874600336914 256.2936667082162 1.31230976817514
0.0375 6370.629967765493 1.000171026330917 1.534788114428014 256.1102578760532 1.292276965008656
0.0376 6370.652949120717 1.0001705400438 1.534701576281048 255.9264070342673 1.272471228790401
0.0377 6370.675985761407 1.00017005447222 1.534614986150205 255.742113908744 1.252891186455374
0.0378 6370.699077721671 1.000169569615275 1.534528344289302 255.557378226635 1.233535457669313
0.0379 6370.722225035453 1.000169085472024 1.53444165095175 255.3721997163724 1.214402655035264
0.038 6370.745427736545 1.000168602041489 1.534354906390512 255.1865781076398 1.195491384295859
0.0381 6370.768685858576 1.000168119322648 1.534268110858128 255.0005131313941 1.176800244541113
0.0382 6370.791999435019 1.000167637314447 1.53418126460668 254.814004519851 1.158327828412633
0.0383 6370.815368499189 1.000167156015792 1.534094367887773 254.6270520064849 1.140072722309472
0.0384 6370.838793084246 1.000166675425553 1.534007420952491 254.4396553260289 1.122033506594073
0.0385 6370.862273223191 1.000166195542563 1.533920424051467 254.2518142144748 1.104208755798259
0.0386 6370.885808948869 1.000165716365621 1.533833377434747 254.0635284090516 1.086597038827197
0.03870000000000001 6370.909400293967 1.000165237893493 1.533746281351869 253.8747976482613 1.069196919168838
0.0388 6370.933047291021 1.000164760124908 1.533659136051817 253.6856216718282 1.052006955095108
0.0389 6370.956749972409 1.000164283058563 1.533571941782987 253.4960002207284 1.035025699870519
0.039 6370.980508370352 1.000163806693122 1.53348469879319 253.3059330371819 1.0182517019572
0.0391 6371.004322516919 1.000163331027218 1.533397407329631 253.1154198646458 1.001683505219803
0.0392 6371.028192444023 1.000162856059453 1.533310067638894 252.9244604478139 0.9853196491308449
0.0393 6371.052118183424 1.000162381788397 1.533222679966934 252.7330545326098 0.9691586689751838
0.0394 6371.076099766728 1.000161908212591 1.533135244559049 252.5412018661722 0.9531990960536303
0.0395 6371.100137225389 1.000161435330546 1.533047761659859 252.3489021968911 0.9374394578904672
0.0396 6371.124230590705 1.000160963140746 1.532960231513324 252.1561552743573 0.9218782784333205
0.0397 6371.148379893827 1.000160491641644 1.532872654362689 251.9629608493836 0.9065140782587188
0.0398 6371.172585165749 1.000160020831671 1.532785030450482 251.7693186740056 0.8913453747753348
0.0399 6371.196846437318 1.000159550709227 1.532697360018523 251.575228501459 0.8763706824250546
0.04 6371.221163739226 1.000159081272688 1.532609643307871 251.3806900861949 0.8615885128864041
0.0401 6371.245537102017 1.000158612520404 1.532521880558838 251.1857031838648 0.8469973752751354
0.0402 6371.269966556086 1.000158144450703 1.53243407201096 250.9902675513134 0.8325957763448244
0.0403 6371.294452131677 1.000157677061886 1.532346217902997 250.7943829465861 0.818382220687919
0.04040000000000001 6371.318993858885 1.000157210352234 1.532258318472889 250.5980491289214 0.8043552109350058
0.0405 6371.343591767657 1.000156744320004 1.532170373957783 250.4012658587438 0.7905132479534018
0.0406 6371.368245887792 1.000156278963432 1.532082384593983 250.204032897664 0.7768548310455218
0.0407 6371.39295624894 1.000155814280732 1.531994350616972 250.0063500084783 0.7633784581464468
0.0408 6371.417722880608 1.000155350270101 1.531906272261352 249.8082169551329 0.7500826260182247
0.0409 6371.442545812154 1.000154886929714 1.531818149760861 249.6096335027672 0.73696583044877
0.041 6371.467425072789 1.000154424257727 1.531729983348368 249.4105994176847 0.7240265664448786
0.0411 6371.492360691583 1.000153962252279 1.53164177325585 249.2111144673385 0.7112633284254023
0.0412 6371.517352697456 1.000153500911494 1.531553519714338 249.0111784203531 0.6986746104157895
0.0413 6371.542401119188 1.000153040233474 1.531465222953996 248.8107910464954 0.6862589062383473
0.0414 6371.567505985416 1.00015258021631 1.531376883204003 248.6099521166747 0.6740147097033745
0.0415 6371.59266732463 1.000152120858076 1.531288500692623 248.4086614029569 0.6619405148000688
0.04160000000000001 6371.617885165182 1.000151662156831 1.531200075647156 248.2069186785433 0.6500348158840881
0.0417 6371.64315953528 1.000151204110623 1.53111160829393 248.0047237177627 0.6382961078649168
0.0418 6371.66849046299 1.000150746717483 1.531023098858269 247.802076296079 0.6267228863928966
0.0419 6371.693877976241 1.000150289975434 1.53093454756453 247.5989761900695 0.6153136480433643
0.042 6371.71932210282 1.000149833882484 1.53084595463604 247.3954231774391 0.604066890501641
0.04210000000000001 6371.744822870374 1.000149378436632 1.530757320295141 247.1914170370059 0.5929811127450689
0.0422 6371.770380306414 1.000148923635866 1.530668644763103 246.9869575486867 0.5820548152238044
0.0423 6371.795994438311 1.000148469478167 1.53057992826017 246.7820444935118 0.5712865000418318
0.0424 6371.821665293301 1.000148015961504 1.530491171005544 246.5766776535951 0.5606746711342764
0.0425 6371.847392898479 1.000147563083841 1.530402373217347 246.3708568121641 0.5502178344463653
0.0426 6371.873177280811 1.000147110843131 1.530313535112651 246.1645817535085 0.5399144981068219
0.0427 6371.899018467123 1.000146659237325 1.530224656907408 245.9578522630167 0.5297631726042763
0.0428 6371.924916484108 1.000146208264366 1.530135738816504 245.7506681271392 0.5197623709584911
0.0429 6371.950871358324 1.000145757922191 1.530046781053704 245.5430291334109 0.509910608892954
0.043 6371.976883116197 1.000145308208734 1.529957783831653 245.3349350704215 0.5002064050034296
0.0431 6372.002951784021 1.000144859121925 1.529868747361893 245.1263857278303 0.4906482809270226
0.0432 6372.029077387959 1.000144410659691 1.529779671854817 244.91738089633 0.4812347615072639
0.04330000000000001 6372.055259954042 1.000143962819956 1.529690557519665 244.707920367668 0.4719643749602485
0.0434 6372.08149950817 1.000143515600645 1.529601404564527 244.4980039346395 0.4628356530377264
0.0435 6372.107796076116 1.000143068999678 1.529512213196336 244.2876313910732 0.4538471311881933
0.0436 6372.134149683521 1.000142623014978 1.529422983620866 244.0768025318306 0.4449973487169053
0.0437 6372.160560355902 1.000142177644468 1.529333716042667 243.8655171527847 0.4362848489432274
0.0438 6372.187028118645 1.00014173288607 1.529244410665156 243.6537750508418 0.4277081793580259
0.0439 6372.213552997012 1.000141288737712 1.529155067690494 243.4415760239048 0.419265891776845
0.044 6372.240135016139 1.00014084519732 1.529065687319684 243.228919870888 0.4109565424933601
0.0441 6372.266774201036 1.000140402262826 1.528976269752486 243.01580639171 0.4027786924300649
0.0442 6372.293470576591 1.000139959932166 1.52888681518745 242.8022353872715 0.3947309072865397
0.0443 6372.320224167565 1.000139518203279 1.528797323821906 242.5882066594771 0.3868117576874946
0.0444 6372.347034998601 1.000139077074111 1.52870779585192 242.3737200111922 0.3790198193264153
0.0445 6372.373903094216 1.000138636542611 1.528618231472343 242.1587752462714 0.3713536731099893
0.0446 6372.40082847881 1.000138196606738 1.528528630876748 241.9433721695226 0.3638119052981547
0.0447 6372.427811176659 1.000137757264457 1.528438994257466 241.7275105867287 0.3563931076442629
0.0448 6372.454851211922 1.00013731851374 1.528349321805577 241.5111903046258 0.3490958775316653
0.0449 6372.481948608639 1.000136880352568 1.528259613710854 241.2944111308883 0.3419188181085724
0.04500000000000001 6372.509103390731 1.000136442778931 1.528169870161829 241.0771728741514 0.3348605384220671
0.0451 6372.536315582004 1.00013600579083 1.528080091345725 240.8594753439669 0.3279196535478799
0.0452 6372.563585206148 1.000135569386274 1.52799027744849 240.6413183508179 0.3210947847200206
0.0453 6372.590912286735 1.000135133563285 1.527900428654772 240.4227017061188 0.3143845594577869
0.0454 6372.618296847225 1.000134698319897 1.527810545147919 240.2036252222009 0.3077876116902034
0.0455 6372.645738910963 1.000134263654154 1.527720627109987 239.9840887122976 0.3013025818783477
0.0456 6372.673238501181 1.000133829564116 1.527630674721691 239.7640919905519 0.2949281171361844
0.0457 6372.700795641 1.000133396047853 1.527540688162473 239.5436348720017 0.2886628713485681
0.0458 6372.72841035343 1.000132963103451 1.527450667610421 239.3227171725579 0.282505505286894
0.0459 6372.75608266137 1.000132530729011 1.527360613242314 239.101338709041 0.2764546867241762
0.046 6372.78381258761 1.00013209892265 1.52727052523359 238.8794992991228 0.2705090905452711
0.0461 6372.81160015483 1.000131667682497 1.527180403758379 238.6571987613628 0.264667398857503
0.0462 6372.839445385603 1.000131237006703 1.527090248989451 238.4344369151789 0.2589283010972526
0.0463 6372.867348302396 1.00013080689343 1.527000061098259 238.2112135808333 0.2532904941347359
0.0464 6372.895308927568 1.000130377340862 1.526909840254894 237.9875285794536 0.24775268237744
0.0465 6372.923327283377 1.0001299483472 1.526819586628106 237.7633817329828 0.2423135778694628
0.0466 6372.951403391971 1.000129519910663 1.526729300385293 237.5387728642294 0.2369719003911047
0.04670000000000001 6372.979537275398 1.000129092029489 1.52663898169252 237.3137017968169 0.2317263775536602
0.0468 6373.007728955602 1.000128664701936 1.526548630714478 237.0881683551837 0.2265757448931958
0.0469 6373.035978454426 1.000128237926283 1.526458247614505 236.8621723645905 0.2215187459621702
0.047 6373.064285793613 1.00012781170083 1.526367832554581 236.6357136510982 0.2165541324180777
0.0471 6373.092650994802 1.000127386023896 1.526277385695333 236.4087920415826 0.211680664110594
0.0472 6373.121074079539 1.000126960893824 1.526186907196014 236.1814073636909 0.2068971091651361
0.0473 6373.149555069265 1.000126536308979 1.526096397214519 235.9535594458779 0.2022022440658267
0.0474 6373.178093985329 1.000126112267748 1.526005855907382 235.7252481173695 0.1975948537345699
0.0475 6373.20669084898 1.000125688768541 1.525915283429762 235.4964732081629 0.1930737316085811
0.0476 6373.235345681373 1.000125265809793 1.525824679935462 235.2672345490195 0.1886376797154291
0.0477 6373.264058503568 1.000124843389963 1.525734045576896 235.037531971457 0.184285508745744
0.0478 6373.29282933653 1.000124421507534 1.52564338050513 234.8073653077575 0.1800160381238543
0.04790000000000001 6373.321658201133 1.000124000161013 1.525552684869857 234.5767343909378 0.1758280960754039
0.048 6373.350545118156 1.000123579348936 1.525461958819395 234.3456390547493 0.1717205196931917
0.0481 6373.379490108289 1.000123159069861 1.52537120250069 234.114079133686 0.1676921550007855
0.0482 6373.408493192132 1.000122739322375 1.525280416059339 233.8820544629474 0.1637418570130329
0.0483 6373.437554390191 1.000122320105093 1.525189599639544 233.6495648784752 0.1598684897955026
0.04840000000000001 6373.466673722888 1.000121901416652 1.525098753384162 233.416610216895 0.1560709265199746
0.0485 6373.495851210556 1.000121483255723 1.525007877434671 233.1831903155529 0.1523480495192056
0.0486 6373.525086873439 1.000121065621001 1.524916971931171 232.949305012486 0.1486987503382681
0.0487 6373.554380731697 1.000120648511211 1.524826037012441 232.7149541464227 0.1451219297840537
0.0488 6373.583732805405 1.000120231925105 1.524735072815844 232.4801375567607 0.1416164979721284
0.0489 6373.613143114552 1.000119815861468 1.52464407947742 232.2448550835819 0.1381813743718318
0.049 6373.642611679046 1.00011940031911 1.524553057131837 232.0091065676301 0.134815487848519
0.0491 6373.672138518708 1.000118985296874 1.524462005912389 231.7728918503329 0.1315177767041382
0.0492 6373.701723653283 1.000118570793632 1.524370925951041 231.5362107737368 0.1282871887142901
0.0493 6373.731367102429 1.000118156808288 1.524279817378402 231.2990631805645 0.1251226811647471
0.0494 6373.761068885728 1.000117743339774 1.524188680323705 231.061448914172 0.1220232208842711
0.0495 6373.790829022683 1.000117330387055 1.524097514914859 230.8233678185337 0.1189877842756033
0.04960000000000001 6373.820647532718 1.000116917949129 1.524006321278431 230.5848197382569 0.1160153573445758
0.0497 6373.850524435177 1.000116506025023 1.523915099539625 230.345804518582 0.113104935726771
0.0498 6373.880459749331 1.000116094613798 1.523823849822332 230.1063220053533 0.1102555247116001
0.0499 6373.910453494372 1.000115683714546 1.523732572249093 229.8663720450262 0.1074661392646214
0.05 6373.940505689419 1.000115273326393 1.523641266941114 229.6259544846456 0.1047358040473045
0.05010000000000001 6373.970616353518 1.000114863448497 1.523549934018295 229.3850691718529 0.1020635534349495
0.0502 6374.000785505642 1.00011445408005 1.52345857359918 229.1437159548644 0.09944843153209411
0.0503 6374.031013164687 1.000114045220277 1.523367185801019 228.9018946825003 0.09688949218631647
0.0504 6374.061299349482 1.000113636868434 1.523275770739754 228.6596052041408 0.09438579899909359
0.0505 6374.091644078785 1.000113229023817 1.523184328529991 228.4168473697194 0.09193642533494747
0.0506 6374.122047371282 1.00011282168575 1.523092859285043 228.1736210297444 0.0895404543287586
0.0507 6374.152509245592 1.000112414853594 1.523001363116923 227.9299260352622 0.08719697889038898
0.0508 6374.183029720265 1.000112008526744 1.522909840136357 227.6857622378797 0.08490510170780408
0.0509 6374.213608813784 1.00011160270463 1.522818290452757 227.4411294897276 0.08266393524756663
0.051 6374.244246544565 1.000111197386717 1.522726714174272 227.1960276434824 0.08047260175383972
0.0511 6374.274942930958 1.000110792572505 1.52263511140777 226.950456552337 0.0783302332448859
0.0512 6374.305697991249 1.000110388261527 1.522543482258834 226.7044160700083 0.07623597150789677
0.05130000000000001 6374.336511743659 1.000109984453354 1.522451826831781 226.4579060507298 0.07418896809169591
0.0514 6374.367384206346 1.000109581147592 1.522360145229675 226.2109263492297 0.07218838429736212
0.0515 6374.398315397407 1.000109178343881 1.522268437554315 225.9634768207455 0.07023339116720761
0.0516 6374.429305334876 1.000108776041898 1.522176703906256 225.7155573209951 0.06832316947147456
0.0517 6374.460354036725 1.000108374241356 1.522084944384806 225.4671677061982 0.06645690969353307
0.05180000000000001 6374.491461520869 1.000107972942002 1.52199315908804 225.2183078330476 0.06463381201279772
0.0519 6374.522627805161 1.000107572143622 1.521901348112796 224.9689775587088 0.0628530862860166
0.052 6374.553852907397 1.000107171846036 1.521809511554696 224.7191767408207 0.06111395202671799
0.0521 6374.585136845315 1.000106772049099 1.521717649508148 224.46890523748 0.05941563838274187
0.0522 6374.616479636596 1.000106372752706 1.521625762066334 224.2181629072351 0.05775738411203909
0.0523 6374.647881298863 1.000105973956784 1.521533849321263 223.9669496090922 0.05613843755680131
0.0524 6374.679341849688 1.0001055756613 1.521441911363722 223.7152652024946 0.05455805661565804
0.0525 6374.710861306583 1.000105177866254 1.521349948283327 223.4631095473363 0.05301550871439512
0.0526 6374.74243968701 1.000104780571685 1.521257960168508 223.210482503919 0.0515100707746231
0.0527 6374.774077008377 1.000104383777667 1.521165947106531 222.9573839329809 0.05004102918123526
0.0528 6374.80577328804 1.000103987484311 1.521073909183484 222.703813695682 0.04860767974795301
0.0529 6374.837528543302 1.000103591691763 1.520981846484311 222.4497716535828 0.04720932768123019
0.05300000000000001 6374.869342791416 1.000103196400207 1.520889759092826 222.195257668673 0.0458452875428575
0.0531 6374.901216049585 1.000102801609863 1.520797647091655 221.9402716033204 0.04451488321056937
0.0532 6374.933148334962 1.000102407320988 1.520705510562338 221.6848133203079 0.04321744783759752
0.0533 6374.965139664651 1.000102013533873 1.520613349585274 221.4288826827891 0.04195232381029913
0.0534 6374.99719005571 1.000101620248847 1.520521164239753 221.1724795543181 0.0407188627046883
0.05350000000000001 6375.029299525148 1.000101227466275 1.520428954603958 220.9156037988199 0.03951642524122631
0.0536 6375.061468089927 1.000100835186558 1.520336720754975 220.6582552805834 0.03834438123831278
0.0537 6375.093695766965 1.000100443410132 1.520244462768806 220.4004338642829 0.03720210956451807
0.0538 6375.125982573133 1.000100052137472 1.520152180720365 220.1421394149351 0.03608899808915859
0.0539 6375.158328525259 1.000099661369084 1.52005987468352 219.8833717979272 0.03500444363187204
0.054 6375.190733640125 1.000099271105516 1.519967544731045 219.6241308789962 0.03394785191066359
0.0541 6375.223197934474 1.000098881347346 1.519875190934683 219.3644165242061 0.03291863748869424
0.05420000000000001 6375.255721425003 1.00009849209519 1.519782813365143 219.1042285999778 0.03191622372003275
0.0543 6375.288304128367 1.0000981033497 1.519690412092082 218.8435669730665 0.03094004269398681
0.0544 6375.320946061182 1.000097715111562 1.519597987184155 218.5824315105477 0.02998953517829181
0.0545 6375.353647240022 1.000097327381499 1.519505538708981 218.3208220798246 0.02906415056123061
0.0546 6375.386407681422 1.000096940160266 1.519413066733192 218.05873854862 0.02816334679257756
0.05470000000000001 6375.41922740188 1.000096553448657 1.519320571322425 217.7961807849628 0.02728659032343075
0.0548 6375.45210641785 1.000096167247496 1.519228052541324 217.5331486572017 0.02643335604508415
0.0549 6375.485044745753 1.000095781557646 1.519135510453573 217.2696420339765 0.02560312722672573
0.055 6375.51804240197 1.000095396380001 1.519042945121876 217.0056607842401 0.02479539545230508
0.0551 6375.551099402847 1.000095011715491 1.518950356607998 216.7412047772217 0.02400966055625042
0.05520000000000001 6375.584215764693 1.000094627565079 1.518857744972751 216.476273882456 0.02324543055845263
0.0553 6375.617391503782 1.000094243929764 1.518765110276012 216.210867969747 0.02250222159814689
0.0554 6375.650626636351 1.000093860810576 1.518672452576733 215.9449869091899 0.02177955786709239
0.0555 6375.683921178607 1.000093478208578 1.518579771932972 215.6786305711415 0.02107697154176418
0.0556 6375.71727514672 1.000093096124869 1.51848706840186 215.4117988262427 0.02039400271487319
0.0557 6375.750688556828 1.00009271456058 1.518394342039633 215.1444915453743 0.0197301993259332
0.0558 6375.784161425037 1.000092333516873 1.518301592901671 214.8767085997009 0.01908511709130246
0.05590000000000001 6375.81769376742 1.000091952994943 1.518208821042469 214.6084498606418 0.01845831943331739
0.056 6375.851285600018 1.00009157299602 1.518116026515641 214.3397151998564 0.01784937740878162
0.0561 6375.884936938843 1.000091193521362 1.518023209373979 214.0705044892587 0.01725786963686421
0.0562 6375.918647799876 1.000090814572261 1.517930369669416 213.8008176009956 0.01668338222628693
0.0563 6375.952418199067 1.00009043615004 1.517837507453061 213.5306544074614 0.01612550870199601
0.05640000000000001 6375.98624815234 1.000090058256054 1.517744622775207 213.2600147812831 0.01558384993120325
0.0565 6376.020137675586 1.000089680891686 1.517651715685337 212.9888985953133 0.01505801404890949
0.0566 6376.054086784671 1.000089304058353 1.51755878623212 212.7173057226304 0.01454761638293682
0.0567 6376.088095495432 1.000088927757502 1.517465834463459 212.4452360365452 0.01405227937849737
0.0568 6376.122163823679 1.000088551990607 1.517372860426472 212.1726894105653 0.01357163252223658
0.05690000000000001 6376.156291785196 1.000088176759175 1.517279864167515 211.899665718431 0.01310531226599437
0.057 6376.190479395739 1.000087802064741 1.517186845732169 211.6261648340864 0.01265296195005974
0.0571 6376.22472667104 1.00008742790887 1.517093805165294 211.352186631679 0.012214231726123
0.0572 6376.259033626806 1.000087054293153 1.517000742511011 211.0777309855533 0.01178877847988808
0.0573 6376.293400278718 1.000086681219215 1.516907657812703 210.8027977702571 0.0113762657534083
0.0574 6376.327826642432 1.000086308688703 1.516814551113054 210.5273868605422 0.01097636366713916
0.0575 6376.362312733584 1.000085936703296 1.516721422454039 210.2514981313274 0.01058874884169812
0.05760000000000001 6376.396858567782 1.000085565264699 1.516628271876948 209.9751314577428 0.01021310431952777
0.0577 6376.431464160613 1.000085194374644 1.516535099422396 209.6982867150931 0.009849119486257359
0.0578 6376.466129527644 1.000084824034891 1.516441905130301 209.4209637788503 0.009496489991952559
0.0579 6376.500854684414 1.000084454247225 1.516348689039949 209.14316252469 0.009154917672288902
0.058 6376.535639646446 1.000084085013458 1.516255451189966 208.8648828284335 0.008824110469502457
0.05810000000000001 6376.57048442924 1.000083716335428 1.51616219161835 208.5861245660839 0.008503782353384965
0.0582 6376.605389048273 1.000083348214998 1.51606891036245 208.306887613819 0.008193653242173094
0.0583 6376.640353519005 1.000082980654055 1.51597560745902 208.027171847962 0.00789344892339287
0.0584 6376.675377856874 1.000082613654514 1.515882282944193 207.7469771450109 0.007602900974772705
0.0585 6376.710462077297 1.000082247218311 1.515788936853523 207.4663033816236 0.007321746685135291
0.05860000000000001 6376.745606195675 1.000081881347406 1.515695569221968 207.1851504345963 0.00704972897533968
0.0587 6376.780810227388 1.000081516043786 1.515602180083907 206.9035181808925 0.006786596319353027
0.05880000000000001 6376.8160741878 1.000081151309458 1.515508769473167 206.6214064975997 0.006532102665355612
0.0589 6376.851398092253 1.000080787146452 1.515415337423004 206.3388152619794 0.006286007357062673
0.059 6376.886781956072 1.000080423556822 1.515321883966156 206.0557443514248 0.006048075055110443
0.0591 6376.922225794568 1.000080060542644 1.515228409134805 205.7721936434522 0.005818075658654149
0.0592 6376.957729623033 1.000079698106014 1.515134912960622 205.4881630157382 0.005595784227199183
0.05930000000000001 6376.993293456739 1.000079336249051 1.515041395474764 205.2036523460905 0.005380980902598508
0.0594 6377.028917310946 1.000078974973894 1.514947856707889 204.918661512433 0.005173450831308906
0.0595 6377.064601200896 1.000078614282703 1.514854296690156 204.6331903928352 0.004972984086944904
0.0596 6377.100345141815 1.000078254177657 1.514760715451251 204.3472388654831 0.004779375593076543
0.0597 6377.136149148915 1.000077894660957 1.514667113020372 204.0608068086789 0.00459242504635817
0.05980000000000001 6377.172013237391 1.00007753573482 1.514573489426283 203.7738941008705 0.004411936840003999
0.0599 6377.207937422425 1.000077177401486 1.514479844697273 203.4865006206004 0.004237719987561047
0.06 6377.243921719181 1.000076819663211 1.514386178861201 203.1986262465492 0.004069588047112147
0.0601 6377.279966142813 1.000076462522268 1.514292491945491 202.9102708574923 0.003907359045813282
0.0602 6377.316070708459 1.00007610598095 1.514198783977139 202.6214343323285 0.003750855404882493
0.0603 6377.352235431242 1.000075750041568 1.514105054982744 202.332116550066 0.003599903864988505
0.0604 6377.388460326273 1.000075394706446 1.514011304988494 202.0423173898147 0.003454335412088588
0.06050000000000001 6377.42474540865 1.000075039977929 1.513917534020181 201.752036730801 0.003313985203739057
0.0606 6377.461090693457 1.000074685858375 1.513823742103217 201.4612744523459 0.00317869249586603
0.0607 6377.497496195765 1.000074332350159 1.513729929262651 201.1700304338796 0.003048300570049865
0.0608 6377.533961930634 1.000073979455671 1.513636095523147 200.8783045549266 0.002922656661307191
0.0609 6377.570487913113 1.000073627177316 1.513542240909029 200.5860966950989 0.002801611886404562
0.06100000000000001 6377.607074158233 1.000073275517514 1.51344836544427 200.2934067341324 0.0026850211727323
0.0611 6377.64372068102 1.000072924478697 1.513354469152512 200.0002345518427 0.002572743187702178
0.0612 6377.680427496483 1.000072574063314 1.513260552057071 199.7065800281329 0.002464640268739135
0.0613 6377.717194619625 1.000072224273824 1.513166614180933 199.4124430430005 0.00236057835385766
0.0614 6377.754022065433 1.0000718751127 1.513072655546786 199.1178234765379 0.002260426912834024
0.06150000000000001 6377.790909848885 1.000071526582429 1.512978676177013 198.8227212089172 0.002164058878985514
0.0616 6377.827857984949 1.000071178685507 1.512884676093712 198.5271361204053 0.002071350581583916
0.0617 6377.864866488581 1.000070831424445 1.512790655318693 198.2310680913491 0.001982181678895373
0.0618 6377.901935374729 1.000070484801762 1.512696613873489 197.9345170021683 0.001896435091870853
0.0619 6377.939064658327 1.00007013881999 1.512602551779377 197.6374827333842 0.001813996938505517
0.062 6377.976254354301 1.000069793481671 1.51250846905737 197.3399651655913 0.001734756468849891
0.0621 6378.013504477567 1.000069448789357 1.512414365728234 197.0419641794637 0.001658606000711138
0.06220000000000001 6378.050815043031 1.000069104745608 1.512320241812508 196.7434796557485 0.00158544085603889
0.0623 6378.088186065591 1.000068761352996 1.512226097330467 196.4445114752729 0.001515159298012521
0.0624 6378.125617560133 1.0000684186141 1.512131932302206 196.1450595189366 0.001447662468830973
0.0625 6378.163109541535 1.000068076531508 1.51203774674756 195.8451236677196 0.001382854328220444
0.0626 6378.200662024667 1.000067735107814 1.511943540686201 195.5447038026672 0.001320641592659265
0.06270000000000001 6378.238275024387 1.000067394345624 1.511849314137563 195.2437998049048 0.001260933675338394
0.06280000000000001 6378.275948555547 1.000067054247548 1.511755067120907 194.9424115556234 0.001203642626851687
0.0629 6378.313682632989 1.000066714816203 1.51166079965531 194.6405389360865 0.001148683076632966
0.063 6378.351477271547 1.000066376054213 1.511566511759673 194.3381818276233 0.001095972175138256
0.0631 6378.389332486045 1.000066037964208 1.511472203452722 194.035340111643 0.001045429536785276
0.06320000000000001 6378.427248291299 1.000065700548825 1.511377874753021 193.7320136696056 0.0009969771836437361
0.06330000000000001 6378.465224702119 1.000065363810703 1.511283525678994 193.4282023830441 0.0009505394898972098
0.0634 6378.503261733304 1.00006502775249 1.511189156248903 193.123906133564 0.0009060431270676669
0.0635 6378.541359399647 1.000064692376836 1.511094766480867 192.8191248028219 0.0008634170100074103
0.0636 6378.579517715931 1.000064357686395 1.511000356392896 192.5138582725543 0.000822592243671881
0.06370000000000001 6378.61773669693 1.000064023683827 1.510905926002849 192.2081064245561 0.0007835020706612641
0.06380000000000001 6378.656016357416 1.000063690371793 1.510811475328485 191.9018691406731 0.0007460818195430384
0.0639 6378.694356712147 1.000063357752958 1.510717004387441 191.5951463028235 0.000710268853958434
0.064 6378.732757775876 1.00006302582999 1.510622513197243 191.2879377929916 0.0006760025225067891
0.0641 6378.771219563348 1.000062694605559 1.51052800177533 190.980243493212 0.0006432241094122756
0.06420000000000001 6378.809742089302 1.000062364082337 1.510433470139051 190.6720632855853 0.000611876785977456
0.06430000000000001 6378.848325368465 1.000062034262999 1.510338918305657 190.3633970522773 0.0005819055628188168
0.0644 6378.886969415562 1.000061705150219 1.510244346292332 190.0542446755047 0.0005532572428846596
0.0645 6378.925674245307 1.000061376746672 1.510149754116177 189.7446060375427 0.0005258803752584035
0.0646 6378.964439872408 1.000061049055036 1.510055141794235 189.4344810207389 0.000499725209744576
0.06470000000000001 6379.003266311564 1.000060722077987 1.509960509343475 189.1238695074848 0.0004747436522320412
0.0648 6379.042153577471 1.000060395818202 1.509865856780824 188.8127713802299 0.000450889220840608
0.0649 6379.081101684814 1.000060070278357 1.50977118412315 188.5011865214896 0.0004281170028442206
0.065 6379.12011064827 1.000059745461127 1.509676491387285 188.1891148138369 0.0004063836123681592
0.06510000000000001 6379.159180482514 1.000059421369187 1.509581778590022 187.876556139889 0.0003856471488584318
0.06520000000000001 6379.198311202208 1.000059098005209 1.509487045748116 187.5635103823355 0.0003658671563236381
0.0653 6379.23750282201 1.000058775371865 1.509392292878297 187.2499774239171 0.0003470045833395342
0.0654 6379.276755356571 1.000058453471824 1.509297519997285 186.9359571474328 0.0003290217438182095
0.0655 6379.316068820533 1.000058132307751 1.509202727121766 186.6214494357395 0.0003118822785354354
0.06560000000000001 6379.355443228533 1.000057811882311 1.509107914268425 186.306454171738 0.0002955511174117346
0.06570000000000001 6379.3948785952 1.000057492198164 1.509013081453939 185.9909712384018 0.0002799944425456934
0.0658 6379.434374935156 1.000057173257969 1.508918228694981 185.6750005187554 0.0002651796519896642
0.0659 6379.473932263016 1.000056855064377 1.508823356008236 185.3585418958741 0.0002510753242667931
0.066 6379.513550593388 1.000056537620041 1.508728463410389 185.0415952528987 0.0002376511836233668
0.06610000000000001 6379.553229940873 1.000056220927604 1.50863355091814 184.7241604730137 0.0002248780660086731
0.06620000000000001 6379.592970320065 1.000055904989707 1.508538618548223 184.4062374394765 0.0002127278857803051
0.0663 6379.632771745552 1.000055589808987 1.50844366631736 184.0878260355879 0.0002011736031242506
0.0664 6379.672634231912 1.000055275388075 1.508348694242327 183.7689261447071 0.0001901891921876539
0.0665 6379.712557793718 1.000054961729595 1.508253702339934 183.4495376502585 0.0001797496099155012
0.06660000000000001 6379.752542445536 1.000054648836169 1.508158690627004 183.1296604357107 0.0001698307655839228
0.06670000000000001 6379.792588201924 1.000054336710409 1.508063659120424 182.8092943846044 0.000160409491025767
0.0668 6379.832695077435 1.000054025354923 1.507968607837109 182.4884393805172 0.0001514635115375579
0.0669 6379.872863086612 1.000053714772311 1.50787353679403 182.1670953071065 0.0001429714174649215
0.067 6379.913092243991 1.000053404965169 1.507778446008203 181.8452620480733 0.0001349126364542335
0.06710000000000001 6379.953382564102 1.000053095936083 1.507683335496712 181.5229394871843 0.0001272674063667632
0.06720000000000001 6379.993734061468 1.000052787687632 1.50758820527668 181.200127508257 0.0001200167488448237
0.0673 6380.034146750604 1.000052480222389 1.50749305536532 180.876825995167 0.0001131424435234454
0.0674 6380.074620646017 1.000052173542917 1.507397885779888 180.5530348318629 0.000106627002878923
0.0675 6380.115155762209 1.000051867651774 1.507302696537716 180.2287539023295 0.0001004536477048201
0.06760000000000001 6380.155752113671 1.000051562551506 1.507207487656227 179.9039830906316 9.460628320965703e-05
0.06770000000000001 6380.19640971489 1.000051258244653 1.507112259152887 179.578722280878 8.906947572451293e-05
0.0678 6380.237128580344 1.000050954733745 1.50701701104528 179.2529713572497 8.382843001470738e-05
0.0679 6380.277908724502 1.000050652021303 1.506921743351053 178.9267302039865 7.886896718474551e-05
0.068 6380.318750161827 1.000050350109839 1.50682645608794 178.5999987053859 7.4177503168764e-05
0.06810000000000001 6380.359652906774 1.000050049001855 1.50673114927377 178.272776745804 6.974102779723635e-05
0.0682 6380.400616973792 1.000049748699844 1.506635822926459 177.9450642096621 6.55470844310097e-05
0.0683 6380.441642377319 1.000049449206288 1.506540477064021 177.6168609814471 6.158375015336298e-05
0.0684 6380.482729131787 1.00004915052366 1.506445111704579 177.2881669457041 5.783961651097164e-05
0.06850000000000001 6380.52387725162 1.000048852654421 1.506349726866344 176.9589819870438 5.430377079482071e-05
0.06860000000000001 6380.565086751233 1.000048555601023 1.506254322567628 176.6293059901349 5.096577785145599e-05
0.0687 6380.606357645035 1.000048259365905 1.506158898826865 176.2991388397189 4.781566241566937e-05
0.0688 6380.647689947426 1.000047963951497 1.50606345566259 175.9684804205957 4.484389195475635e-05
0.0689 6380.689083672796 1.000047669360216 1.505967993093441 175.6373306176305 4.204136001552197e-05
0.06900000000000001 6380.73053883553 1.00004737559447 1.505872511138186 175.3056893157612 3.939937006440489e-05
0.06910000000000001 6380.772055450002 1.000047082656652 1.505777009815701 174.9735563999842 3.690961981118596e-05
0.0692 6380.813633530577 1.000046790549146 1.505681489144981 174.6409317553829 3.456418600740853e-05
0.0693 6380.855273091615 1.000046499274321 1.505585949145149 174.3078152670772 3.23555097091998e-05
0.0694 6380.896974147466 1.000046208834537 1.505490389835444 173.9742068202744 3.027638199644909e-05
0.06950000000000001 6380.938736712469 1.000045919232138 1.505394811235223 173.6401063002471 2.831993013771114e-05
0.06960000000000001 6380.980560800958 1.000045630469459 1.505299213363986 173.3055135923336 2.647960419220285e-05
0.0697 6381.022446427256 1.00004534254882 1.505203596241354 172.970428581952 2.47491640394952e-05
