0 6365.5 1.000322893980738 1.560673417133329 297.15 13.43019382791032
0.0001 6365.506475792335 1.000322606258481 1.560601590747141 297.1079073498248 13.39627400225901
0.0002 6365.512997317202 1.000322316823559 1.56052973400853 297.065517438184 13.36219025564475
0.0003 6365.519564594134 1.000322025681446 1.56045784672755 297.0228301381293 13.32794393934202
0.0004 6365.526177642782 1.000321732837642 1.560385928715234 296.9798453219145 13.29353641027843
0.0005 6365.532836482923 1.000321438297678 1.560313979783427 296.9365628610011 13.25896903096758
0.0006000000000000001 6365.539541134453 1.00032114206711 1.560241999744977 296.8929826260586 13.22424316943689
0.0007 6365.546291617388 1.000320844151527 1.56016998841347 296.849104486976 13.18936019916436
0.0008 6365.553087951868 1.000320544556545 1.560097945603469 296.8049283128561 13.15432149900091
0.0009000000000000001 6365.55993015815 1.000320243287808 1.560025871130436 296.7604539720272 13.11912845310641
0.001 6365.566818256609 1.000319940350988 1.559953764810611 296.7156813320433 13.08378245087601
0.0011 6365.573752267742 1.000319635751787 1.559881626461143 296.670610259678 13.04828488686143
0.0012 6365.580732212162 1.000319329495932 1.559809455900125 296.6252406209481 13.0126371607152
0.0013 6365.587758110599 1.000319021589181 1.559737252946519 296.579572281108 12.97684067711123
0.0014 6365.594829983901 1.000318712037315 1.559665017420083 296.5336051046432 12.94089684566505
0.0015 6365.601947853032 1.000318400846148 1.55959274914151 296.4873389552889 12.90480708087235
0.0016 6365.609111739073 1.000318088021517 1.559520447932363 296.4407736960233 12.86857280202849
0.0017 6365.616321663219 1.000317773569287 1.559448113615092 296.3939091890737 12.83219543315706
0.0018 6365.623577646779 1.00031745749535 1.559375746013027 296.3467452959347 12.79567640294717
0.0019 6365.630879711178 1.000317139805626 1.559303344950354 296.299281877344 12.75901714465831
0.002 6365.638227877953 1.00031682050606 1.559230910252152 296.2515187933062 12.7222190960616
0.0021 6365.645622168755 1.000316499602625 1.559158441744355 296.203455903093 12.68528369936232
0.0022 6365.653062605347 1.000316177101316 1.559085939253864 296.1550930652428 12.6482124011222
0.0023 6365.660549209605 1.000315853008159 1.55901340260834 296.1064301375671 12.61100665218582
0.0024 6365.668082003514 1.000315527329204 1.558940831636423 296.0574669771562 12.57366790760681
0.0025 6365.675661009174 1.000315200070525 1.558868226167549 296.0082034403671 12.53619762656018
0.0026 6365.683286248791 1.000314871238223 1.558795586032131 295.9586393828594 12.49859727229028
0.0027 6365.690957744681 1.000314540838425 1.558722911061399 295.9087746595713 12.46086831201353
0.0028 6365.698675519273 1.000314208877281 1.558650201087481 295.8586091247261 12.42301221684336
0.0029 6365.706439595101 1.000313875360967 1.558577455943445 295.808142631843 12.38503046171928
0.003 6365.714249994809 1.000313540295684 1.558504675463155 295.7573750337441 12.34692452533111
0.0031 6365.722106741146 1.000313203687657 1.558431859481401 295.7063061825537 12.30869589003856
0.0032 6365.730009856971 1.000312865543135 1.55835900783391 295.6549359296868 12.27034604178161
0.0033 6365.737959365249 1.000312525868391 1.558286120357242 295.6032641258843 12.23187647002604
0.0034 6365.745955289047 1.000312184669724 1.558213196888888 295.5512906211956 12.19328866766887
0.0035 6365.753997651541 1.000311841953454 1.558140237267185 295.4990152649842 12.15458413096115
0.0036 6365.762086476011 1.000311497725925 1.558067241331382 295.4464379059281 12.11576435942621
0.0037 6365.77022178584 1.000311151993507 1.557994208921657 295.3935583920369 12.07683085579068
0.0038 6365.778403604517 1.000310804762589 1.557921139879091 295.3403765706406 12.03778512589339
0.0039 6365.786631955631 1.000310456039586 1.5578480340456 295.2868922884012 11.99862867861146
0.004 6365.794906862874 1.000310105830934 1.557774891264057 295.2331053913184 11.95936302578182
0.0041 6365.803228350042 1.000309754143093 1.557701711378194 295.17901572473 11.91998968211802
0.004200000000000001 6365.811596441028 1.000309400982545 1.557628494232686 295.1246231333174 11.88051016513126
0.0043 6365.820011159831 1.000309046355793 1.55755523967312 295.0699274611001 11.84092599504246
0.0044 6365.828472530547 1.000308690269363 1.557481947545955 295.014928551447 11.80123869470712
0.004500000000000001 6365.83698057737 1.000308332729801 1.557408617698572 294.9596262470949 11.76144978954399
0.0046 6365.845535324597 1.000307973743678 1.557335249979229 294.904020390118 11.72156080742952
0.0047 6365.854136796621 1.000307613317583 1.557261844237225 294.8481108219643 11.68157327863891
0.0048 6365.862785017933 1.000307251458127 1.55718840032258 294.791897383437 11.64148873574865
0.0049 6365.871480013121 1.000306888171943 1.557114918086365 294.735379914713 11.60130871356435
0.005 6365.880221806871 1.000306523465683 1.557041397380527 294.6785582553365 11.56103474903131
0.0051 6365.889010423964 1.00030615734602 1.556967838057974 294.621432244231 11.52066838115769
0.005200000000000001 6365.897845889277 1.000305789819648 1.55689423997243 294.5640017196991 11.48021115092893
0.0053 6365.90672822778 1.000305420893281 1.55682060297867 294.506266519429 11.43966460122618
0.0054 6365.915657464541 1.000305050573651 1.556746926932279 294.4482264804818 11.39903027673219
0.005500000000000001 6365.92463362472 1.000304678867512 1.556673211689832 294.3898814393218 11.35830972386594
0.0056 6365.933656733567 1.000304305781636 1.556599457108858 294.3312312318161 11.31750449069629
0.0057 6365.942726816429 1.000303931322814 1.55652566304774 294.2722756932111 11.27661612683908
0.0058 6365.951843898744 1.000303555497857 1.556451829365828 294.213014658162 11.23564618339118
0.0059 6365.961008006041 1.000303178313593 1.556377955923437 294.1534479607329 11.19459621284368
0.006 6365.970219163938 1.00030279977687 1.556304042581797 294.0935754344026 11.15346776899894
0.0061 6365.979477398146 1.000302419894555 1.556230089203011 294.0333969120528 11.1122624068755
0.006200000000000001 6365.988782734465 1.000302038673531 1.556156095650195 293.9729122259799 11.07098168262896
0.0063 6365.998135198783 1.0003016561207 1.55608206178739 293.9121212079129 11.02962715347675
0.0064 6366.007534817078 1.00030127224298 1.556007987479586 293.8510236889955 10.9882003775985
0.006500000000000001 6366.016981615413 1.000300887047309 1.555933872592693 293.7896194998156 10.94670291406851
0.0066 6366.026475619942 1.000300500540641 1.55585971699355 293.7279084703758 10.90513632274789
0.0067 6366.036016856904 1.000300112729946 1.555785520550031 293.6658904301233 10.86350216421677
0.0068 6366.045605352622 1.000299723622212 1.555711283130847 293.6035652079553 10.82180199969016
0.006900000000000001 6366.055241133508 1.000299333224442 1.555637004605734 293.5409326321954 10.780037390914
0.007 6366.064924226058 1.000298941543657 1.555562684845379 293.4779925306237 10.73820990009674
0.0071 6366.07465465685 1.000298548586892 1.555488323721353 293.4147447304762 10.696321089821
0.007200000000000001 6366.084432452547 1.0002981543612 1.55541392110629 293.3511890584449 10.6543725229551
0.0073 6366.094257639896 1.000297758873648 1.555339476873693 293.2873253406782 10.61236576256456
0.0074 6366.104130245725 1.000297362131319 1.555264990898058 293.2231534027864 10.57030237182748
0.007500000000000001 6366.114050296946 1.000296964141309 1.555190463054866 293.1586730698535 10.52818391395356
0.0076 6366.124017820549 1.000296564910733 1.555115893220512 293.0938841664318 10.48601195209153
0.0077 6366.134032843607 1.000296164446716 1.555041281272423 293.0287865165532 10.44378804924802
0.007800000000000001 6366.144095393274 1.0002957627564 1.554966627088925 292.9633799437173 10.40151376819103
0.007900000000000001 6366.15420549678 1.000295359846941 1.554891930549318 292.8976642709275 10.35919067138397
0.008 6366.164363181437 1.000294955725508 1.554817191533931 292.8316393206609 10.31682032087752
0.0081 6366.174568474632 1.000294550399284 1.554742409924019 292.765304914892 10.2744042782359
0.008200000000000001 6366.184821403834 1.000294143875465 1.554667585601807 292.6986608750811 10.23194410444024
0.0083 6366.195121996584 1.000293736161262 1.55459271845053 292.6317070222038 10.1894413598183
0.008400000000000001 6366.205470280504 1.000293327263895 1.554517808354343 292.5644431767272 10.14689760394029
0.008500000000000001 6366.215866283287 1.000292917190601 1.554442855198471 292.4968691586336 10.10431439554478
0.0086 6366.226310032705 1.000292505948626 1.55436785886899 292.4289847874146 10.06169329244569
0.008700000000000001 6366.236801556603 1.000292093545231 1.55429281925306 292.3607898820773 10.01903585144693
0.008800000000000001 6366.247340882901 1.000291679987686 1.554217736238847 292.2922842611437 9.976343628253201
0.0089 6366.257928039589 1.000291265283274 1.554142609715355 292.223467742669 9.933618177391907
0.009000000000000001 6366.268563054734 1.000290849439292 1.554067439572716 292.1543401442294 9.890861052116586
0.0091 6366.279245956472 1.000290432463043 1.553992225702004 292.0849012829343 9.848073804325145
0.0092 6366.28997677301 1.000290014361844 1.553916967995273 292.0151509754318 9.805257984474338
0.009300000000000001 6366.300755532629 1.000289595143023 1.553841666345571 291.9450890379088 9.762415141490667
0.0094 6366.311582263677 1.000289174813918 1.553766320646931 291.8747152860973 9.719546822684929
0.0095 6366.322456994573 1.000288753381875 1.553690930794399 291.8040295352738 9.676654573663201
0.009600000000000001 6366.333379753804 1.000288330854254 1.553615496684025 291.7330316002716 9.63373993824503
0.0097 6366.344350569927 1.00028790723842 1.55354001821279 291.6617212954746 9.590804458370942
0.0098 6366.355369471565 1.000287482541752 1.553464495278755 291.5900984348294 9.547849674020711
0.009900000000000001 6366.366436487408 1.000287056771634 1.553388927780941 291.5181628318509 9.50487712312807
0.01 6366.377551646211 1.000286629935461 1.553313315619367 291.4459142996283 9.461888341495463
0.0101 6366.3887149768 1.000286202040638 1.553237658695054 291.3733526508016 9.418884862691343
0.0102 6366.399926508059 1.000285773094575 1.553161956910028 291.3004776976148 9.375868217993217
0.0103 6366.411186268944 1.000285343104692 1.553086210167328 291.2272892518625 9.332839936267645
0.0104 6366.422494288468 1.000284912078418 1.553010418370991 291.1537871249551 9.289801543920222
0.0105 6366.433850595712 1.000284480023187 1.552934581426058 291.0799711278713 9.246754564779431
0.0106 6366.445255219816 1.000284046946442 1.552858699238579 291.0058410711939 9.203700520029289
0.0107 6366.456708189986 1.000283612855633 1.552782771715605 290.9313967650918 9.160640928110936
0.0108 6366.468209535484 1.000283177758216 1.55270679876523 290.8566380193555 9.117577304655253
0.0109 6366.479759285637 1.000282741661655 1.55263078029655 290.7815646433618 9.074511162374531
0.011 6366.491357469829 1.000282304573419 1.552554716219592 290.706176446109 9.031444010995269
0.0111 6366.503004117507 1.000281866500982 1.552478606445531 290.6304732362054 8.988377357163813
0.0112 6366.514699258174 1.000281427451828 1.552402450886461 290.5544548218689 8.945312704359065
0.0113 6366.526442921392 1.000280987433441 1.552326249455497 290.4781210109512 8.902251552818674
0.0114 6366.53823513678 1.000280546453315 1.552250002066814 290.4014716109313 8.859195399448582
0.0115 6366.550075934014 1.000280104518945 1.552173708635596 290.3245064289098 8.816145737732816
0.0116 6366.561965342826 1.000279661637835 1.552097369078008 290.2472252716328 8.773104057660067
0.0117 6366.573903393003 1.000279217817489 1.552020983311255 290.1696279454799 8.730071845630526
0.0118 6366.585890114389 1.000278773065418 1.551944551253565 290.0917142564698 8.687050584372876
0.0119 6366.597925536881 1.000278327389137 1.55186807282417 290.0134840102727 8.644041752864725
0.012 6366.610009690428 1.000277880796163 1.55179154794338 289.9349370122158 8.601046826249867
0.0121 6366.622142605035 1.000277433294018 1.551714976532416 289.8560730672715 8.558067275746106
0.0122 6366.634324310757 1.000276984890225 1.551638358513651 289.7768919800814 8.515104568572681
0.0123 6366.646554837701 1.000276535592313 1.551561693810393 289.6973935549439 8.472160167858554
0.0124 6366.658834216026 1.000276085407811 1.551484982346991 289.6175775958326 8.429235532566969
0.0125 6366.671162475941 1.000275634344252 1.551408224048839 289.5374439063838 8.386332117404297
0.0126 6366.683539647704 1.000275182409168 1.551331418842362 289.4569922899267 8.343451372751314
0.0127 6366.695965761622 1.000274729610098 1.551254566654966 289.3762225494592 8.300594744566229
0.0128 6366.708440848051 1.000274275954579 1.551177667415101 289.2951344876659 8.257763674310141
0.0129 6366.720964937396 1.000273821450148 1.551100721052292 289.2137279069242 8.214959598866374
0.013 6366.733538060107 1.000273366104347 1.551023727497034 289.1320026093039 8.172183950456963
0.0131 6366.746160246682 1.000272909924715 1.550946686680884 289.0499583965674 8.129438156559463
0.0132 6366.758831527663 1.000272452918794 1.55086959853638 288.9675950701875 8.086723639833286
0.0133 6366.771551933641 1.000271995094124 1.55079246299714 288.8849124313355 8.044041818030896
0.0134 6366.784321495246 1.000271536458248 1.550715279997789 288.8019102808988 8.001394103924694
0.0135 6366.797140243157 1.000271077018705 1.550638049473996 288.7185884194813 7.958781905224931
0.0136 6366.810008208092 1.000270616783037 1.550560771362419 288.6349466474029 7.916206624498032
0.0137 6366.822925420815 1.000270155758782 1.550483445600771 288.5509847646998 7.873669659085254
0.0138 6366.835891912131 1.000269693953478 1.550406072127833 288.4667025711482 7.831172401033653
0.0139 6366.848907712885 1.000269231374662 1.550328650883343 288.3820998662462 7.788716237006356
0.014 6366.861972853963 1.00026876802987 1.550251181808119 288.297176449238 7.746302548214124
0.0141 6366.875087366293 1.000268303926633 1.550173664844015 288.2119321190956 7.70393271032645
0.0142 6366.88825128084 1.000267839072483 1.550096099933864 288.126366674543 7.661608093403744
0.0143 6366.901464628608 1.000267373474949 1.550018487021576 288.0404799140496 7.619330061815084
0.0144 6366.91472744064 1.000266907141555 1.549940826052087 287.9542716358427 7.577099974165138
0.0145 6366.928039748015 1.000266440079825 1.54986311697132 287.8677416379013 7.534919183212734
0.0146 6366.941401581852 1.000265972297277 1.549785359726271 287.7808897179619 7.492789035795666
0.0147 6366.954812973301 1.000265503801427 1.549707554264972 287.6937156735424 7.450710872764399
0.0148 6366.968273953552 1.000265034599786 1.549629700536469 287.6062193019123 7.408686028890416
0.0149 6366.981784553827 1.000264564699864 1.549551798490804 287.5184004001225 7.366715832803614
0.015 6366.995344805384 1.000264094109161 1.549473848079097 287.4302587650049 7.32480160691573
0.0151 6367.008954739513 1.000263622835178 1.549395849253495 287.3417941931669 7.282944667341451
0.0152 6367.022614387538 1.000263150885408 1.549317801967118 287.2530064810034 7.241146323828421
0.0153 6367.036323780812 1.000262678267339 1.549239706174222 287.1638954247195 7.199407879693094
0.0154 6367.050082950725 1.000262204988455 1.549161561829957 287.0744608202843 7.157730631723767
0.0155 6367.063891928695 1.000261731056232 1.549083368890589 286.9847024634836 7.116115870131265
0.0156 6367.077750746169 1.000261256478143 1.549005127313396 286.8946201499019 7.074564878466748
0.0157 6367.091659434624 1.000260781261651 1.548926837056674 286.8042136749408 7.033078933556524
0.0158 6367.105618025569 1.000260305414216 1.548848498079722 286.7134828338006 6.991659305420965
0.0159 6367.119626550537 1.000259828943289 1.548770110342949 286.6224274215105 6.950307257215658
0.016 6367.133685041091 1.000259351856316 1.548691673807661 286.5310472329101 6.90902404515134
0.0161 6367.147793528822 1.000258874160733 1.548613188436275 286.439342062656 6.867810918425252
0.0162 6367.161952045345 1.00025839586397 1.548534654192234 286.3473117052571 6.826669119166109
0.0163 6367.176160622302 1.000257916973449 1.54845607103996 286.2549559550388 6.785599882347706
0.0164 6367.190419291359 1.000257437496584 1.548377438944914 286.162274606167 6.744604435729639
0.0165 6367.204728084207 1.00025695744078 1.548298757873617 286.0692674526539 6.703683999790497
0.0166 6367.219087032563 1.000256476813435 1.548220027793508 285.9759342883402 6.662839787651237
0.0167 6367.233496168164 1.000255995621935 1.548141248673174 285.8822749069367 6.622073005025038
0.0168 6367.247955522769 1.00025551387366 1.54806242048213 285.7882891020002 6.581384850139119
0.0169 6367.262465128162 1.000255031575979 1.547983543190926 285.693976666946 6.540776513672692
0.017 6367.277025016147 1.000254548736252 1.547904616771157 285.5993373950472 6.500249178690334
0.0171 6367.291635218547 1.000254065361828 1.54782564119541 285.504371079447 6.459804020580977
0.0172 6367.306295767206 1.000253581460047 1.547746616437286 285.4090775131584 6.419442206992369
0.0173 6367.321006693988 1.000253097038237 1.54766754247141 285.3134564890764 6.379164897771131
0.0174 6367.335768030774 1.000252612103718 1.547588419273392 285.2175077999658 6.338973244893397
0.0175 6367.350579809466 1.000252126663795 1.547509246819888 285.1212312384731 6.298868392406089
0.0176 6367.365442061979 1.000251640725766 1.547430025088544 285.0246265971385 6.25885147636868
0.0177 6367.380354820248 1.000251154296914 1.547350754058021 284.9276936683899 6.218923624788152
0.0178 6367.395318116223 1.000250667384513 1.547271433707969 284.8304322445487 6.179085957559541
0.0179 6367.41033198187 1.000250179995822 1.547192064019073 284.7328421178476 6.139339586411854
0.018 6367.425396449168 1.000249692138092 1.54711264497299 284.634923080407 6.099685614837715
0.0181 6367.440511550112 1.000249203818557 1.547033176552392 284.5366749242706 6.060125138047753
0.0182 6367.455677316711 1.000248715044441 1.546953658740963 284.4380974413815 6.020659242901581
0.0183 6367.470893780985 1.000248225822954 1.546874091523367 284.3391904235999 5.981289007856235
0.0184 6367.486160974967 1.000247736161292 1.546794474885293 284.2399536627153 5.942015502912716
0.0185 6367.501478930702 1.000247246066641 1.546714808813375 284.1403869504342 5.902839789553814
0.0186 6367.516847680247 1.000246755546167 1.546635093295317 284.0404900783923 5.863762920692028
0.0187 6367.532267255668 1.000246264607028 1.546555328319732 283.9402628381603 5.824785940615743
0.0188 6367.547737689039 1.000245773256365 1.546475513876279 283.8397050212437 5.785909884933774
0.0189 6367.563259012448 1.000245281501304 1.546395649955585 283.7388164190892 5.747135780522923
0.019 6367.578831257986 1.000244789348957 1.546315736549277 283.6375968230899 5.708464645476163
0.0191 6367.594454457756 1.000244296806422 1.546235773649948 283.536046024586 5.669897489049275
0.0192 6367.610128643867 1.000243803880781 1.546155761251193 283.4341638148643 5.63143531160822
0.0193 6367.625853848435 1.000243310579099 1.546075699347565 283.3319499851704 5.593079104581684
0.0194 6367.64163010358 1.000242816908426 1.545995587934639 283.2294043267319 5.554829850418643
0.0195 6367.65745744143 1.000242322875799 1.545915427008907 283.1265266307058 5.516688522517942
0.0196 6367.673335894117 1.000241828488234 1.545835216567871 283.0233166882371 5.478656085200647
0.0197 6367.689265493776 1.000241333752735 1.54575495661 282.9197742904529 5.440733493658636
0.0198 6367.705246272548 1.000240838676286 1.545674647134765 282.8158992284392 5.4029216938976
0.0199 6367.721278262573 1.000240343265855 1.545594288142534 282.711691293276 5.365221622702496
0.02 6367.737361495998 1.000239847528394 1.54551387963469 282.6071502760136 5.327634207582115
0.0201 6367.753496004968 1.000239351470837 1.545433421613594 282.5022759677084 5.290160366735824
0.0202 6367.769681821631 1.000238855100099 1.545352914082523 282.3970681593991 5.25280100899973
0.0203 6367.785918978135 1.000238358423079 1.54527235704574 282.291526642124 5.215557033808504
0.0204 6367.802207506628 1.000237861446657 1.545191750508456 282.1856512069161 5.178429331149546
0.0205 6367.818547439259 1.000237364177695 1.545111094476842 282.0794416448197 5.141418781526245
0.0206 6367.834938808172 1.000236866623037 1.545030388958004 281.9728977468852 5.104526255913677
0.0207 6367.851381645512 1.000236368789507 1.544949633960021 281.866019304175 5.067752615719267
0.0208 6367.867875983419 1.000235870683911 1.544868829491902 281.7588061077748 5.031098712746229
0.0209 6367.884421854034 1.000235372313035 1.544787975563598 281.6512579487766 4.994565389147681
0.021 6367.901019289491 1.000234873683647 1.544707072186013 281.5433746183074 4.95815347739775
0.0211 6367.91766832192 1.000234374802494 1.544626119370959 281.4351559075184 4.921863800249314
0.0212 6367.934368983448 1.000233875676303 1.544545117131227 281.3266016075899 4.885697170698641
0.0213 6367.951121306193 1.000233376311781 1.544464065480514 281.2177115097437 4.849654391952766
0.0214 6367.967925322271 1.000232876715617 1.544382964433436 281.1084854052373 4.813736257391766
0.0215 6367.984781063788 1.000232376894477 1.544301814005564 280.9989230853752 4.777943550537756
0.0216 6368.001688562847 1.000231876855006 1.544220614213358 280.8890243414975 4.742277045016965
0.0217 6368.018647851537 1.00023137660383 1.54413936507423 280.7787889650093 4.706737504536131
0.0218 6368.035658961944 1.000230876147553 1.544058066606488 280.6682167473631 4.67132568284431
0.0219 6368.052721926142 1.000230375492757 1.543976718829374 280.5573074800762 4.636042323707052
0.022 6368.069836776198 1.000229874646004 1.543895321762997 280.4460609547135 4.600888160870055
0.0221 6368.087003544167 1.000229373613833 1.543813875428438 280.3344769629165 4.565863918038757
0.0222 6368.104222262094 1.00022887240276 1.543732379847628 280.2225552963918 4.530970308845575
0.0223 6368.12149296201 1.000228371019283 1.543650835043432 280.1102957469346 4.49620803682916
0.0224 6368.138815675939 1.000227869469872 1.54356924103959 279.9976981063936 4.461577795396131
0.0225 6368.156190435891 1.000227367760979 1.543487597860746 279.8847621667059 4.427080267805767
0.0226 6368.173617273861 1.000226865899032 1.543405905532437 279.7714877199031 4.39271612714623
0.0227 6368.191096221831 1.000226363890435 1.543324164081091 279.6578745580999 4.358486036306309
0.0228 6368.208627311769 1.000225861741569 1.543242373534015 279.5439224734995 4.324390647953527
0.0229 6368.226210575631 1.000225359458793 1.543160533919403 279.4296312583996 4.290430604513086
0.023 6368.243846045354 1.000224857048442 1.543078645266293 279.3150007051985 4.256606538147688
0.0231 6368.261533752862 1.000224354516827 1.542996707604632 279.200030606395 4.222919070736462
0.0232 6368.279273730062 1.000223851870236 1.542914720965244 279.0847207546002 4.189368813858282
0.0233 6368.297066008841 1.00022334911493 1.542832685379791 278.9690709425316 4.155956368770751
0.0234 6368.314910621076 1.000222846257151 1.542750600880797 278.8530809630073 4.122682326390208
0.0235 6368.332807598618 1.000222343303111 1.542668467501658 278.7367506089812 4.089547267284493
0.0236 6368.350756973304 1.000221840259002 1.542586285276631 278.6200796735255 4.056551761651232
0.0237 6368.36875877695 1.000221337130988 1.542504054240811 278.5030679498249 4.023696369300598
0.0238 6368.386813041354 1.000220833925211 1.542421774430121 278.3857152311997 3.990981639647305
0.0239 6368.404919798293 1.000220330647785 1.542339445881389 278.2680213110947 3.958408111693479
0.024 6368.423079079524 1.000219827304801 1.54225706863221 278.1499859830964 3.925976314020738
0.0241 6368.44129091678 1.000219323902323 1.542174642721046 278.0316090409273 3.893686764776571
0.0242 6368.459555341778 1.000218820446391 1.542092168187203 277.9128902784399 3.861539971661761
0.0243 6368.477872386208 1.000218316943017 1.542009645070779 277.7938294896466 3.829536431928337
0.0244 6368.496242081738 1.00021781339819 1.541927073412732 277.6744264687012 3.797676632365564
0.0245 6368.514664460015 1.000217309817871 1.54184445325479 277.5546810099057 3.765961049293348
0.0246 6368.533139552658 1.000216806207995 1.541761784639564 277.4345929077216 3.734390148558092
0.0247 6368.551667391267 1.000216302574472 1.541679067610402 277.314161956764 3.702964385524768
0.0248 6368.570248007412 1.000215798923183 1.541596302211521 277.1933879518195 3.67168420507613
0.0249 6368.588881432643 1.000215295259985 1.541513488487878 277.0722706878227 3.640550041602096
0.025 6368.607567698479 1.000214791590706 1.541430626485273 276.9508099598851 3.609562319003897
0.0251 6368.626306836416 1.000214287921149 1.541347716250271 276.8290055632959 3.578721450691407
0.0252 6368.645098877922 1.000213784257088 1.541264757830251 276.706857293504 3.548027839577005
0.0253 6368.663943854439 1.000213280604273 1.541181751273339 276.584364946147 3.517481878082367
0.0254 6368.682841797378 1.000212776968422 1.541098696628474 276.4615283170405 3.487083948135692
0.0255 6368.701792738126 1.000212273355229 1.541015593945368 276.3383472021827 3.45683442117438
0.0256 6368.720796708037 1.00021176977036 1.540932443274464 276.2148213977615 3.426733658148621
0.0257 6368.739853738437 1.000211266219452 1.540849244667004 276.0909507001596 3.396782009525899
0.0258 6368.758963860625 1.000210762708116 1.540765998174989 275.9667349059372 3.366979815290748
0.0259 6368.778127105867 1.000210259241932 1.540682703851161 275.8421738118672 3.337327404958308
0.026 6368.797343505398 1.000209755826455 1.540599361749021 275.7172672149117 3.307825097574554
0.0261 6368.816613090424 1.000209252467211 1.540515971922805 275.5920149122456 3.278473201728804
0.0262 6368.835935892116 1.000208749169696 1.54043253442751 275.4664167012451 3.24927201555873
0.0263 6368.855311941617 1.00020824593938 1.540349049318851 275.3404723794869 3.220221826759195
0.0264 6368.874741270035 1.000207742781703 1.540265516653279 275.2141817447726 3.191322912597457
0.0265 6368.894223908444 1.000207239702076 1.540181936487972 275.0875445951109 3.162575539919732
0.0266 6368.913759887887 1.000206736705882 1.540098308880837 274.9605607287348 3.133979965166882
0.0267 6368.933349239371 1.000206233798475 1.54001463389048 274.8332299440902 3.105536434384321
0.0268 6368.952991993869 1.000205730985181 1.53993091157623 274.7055520398538 3.077245183239524
0.0269 6368.972688182319 1.000205228271294 1.539847141998137 274.5775268149267 3.049106437035165
0.027 6368.992437835625 1.000204725662083 1.539763325216917 274.4491540684406 3.021120410725844
0.0271 6369.012240984652 1.000204223162784 1.53967946129401 274.3204335997638 2.993287308935732
0.0272 6369.032097660233 1.000203720778606 1.539595550291524 274.191365208483 2.965607325972059
0.0273 6369.052007893162 1.000203218514728 1.539511592272263 274.0619486944455 2.938080645852293
0.0274 6369.071971714197 1.000202716376298 1.539427587299719 273.932183857717 2.910707442314455
0.0275 6369.091989154057 1.000202214368437 1.539343535438055 273.8020704986292 2.88348787884731
0.0276 6369.112060243424 1.000201712496235 1.539259436752094 273.6716084177446 2.856422108703927
0.0277 6369.132185012941 1.000201210764752 1.539175291307332 273.5407974158855 2.829510274929889
0.0278 6369.152363493213 1.000200709179018 1.539091099169908 273.409637294117 2.80275251038255
0.0279 6369.172595714806 1.000200207744035 1.539006860406645 273.278127853764 2.776148937758577
0.028 6369.192881708245 1.000199706464772 1.538922575084994 273.1462688964056 2.749699669617538
0.0281 6369.213221504017 1.000199205346171 1.538838243273039 273.014060223887 2.72340480841001
0.0282 6369.233615132567 1.000198704393142 1.538753865039511 272.8815016383136 2.697264446503044
0.0283 6369.254062624299 1.000198203610565 1.538669440453792 272.7485929420567 2.671278666208924
0.0284 6369.274564009576 1.00019770300329 1.538584969585859 272.6153339377537 2.645447539813676
0.0285 6369.295119318722 1.00019720257614 1.538500452506298 272.481724428308 2.619771129606515
0.0286 6369.315728582014 1.000196702333901 1.538415889286379 272.3477642169067 2.594249487913592
0.0287 6369.336391829691 1.000196202281334 1.5383312799979 272.2134531070091 2.568882657126936
0.0288 6369.357109091947 1.000195702423168 1.538246624713302 272.078790902346 2.54367066973665
0.0289 6369.377880398933 1.000195202764102 1.538161923505628 271.9437774069323 2.518613548366217
0.029 6369.398705780758 1.000194703308803 1.538077176448493 271.8084124250726 2.493711305807527
0.0291 6369.419585267485 1.000194204061909 1.537992383616113 271.672695761349 2.468963945053549
0.0292 6369.440518889133 1.000193705028028 1.537907545083279 271.5366272206337 2.444371459336278
0.0293 6369.46150667568 1.000193206211735 1.537822660925343 271.4002066080824 2.419933832162328
0.0294 6369.482548657053 1.000192707617577 1.537737731218251 271.2634337291582 2.395651037354696
0.0295 6369.503644863137 1.000192209250069 1.537652756038498 271.1263083896082 2.371523039086933
0.0296 6369.524795323772 1.000191711113696 1.537567735463137 270.9888303954807 2.347549791925604
0.0297 6369.54600006875 1.000191213212911 1.537482669569763 270.8509995531257 2.323731240870436
0.0298 6369.567259127818 1.000190715552138 1.537397558436539 270.7128156691828 2.30006732139333
0.0299 6369.588572530674 1.000190218135769 1.537312402142134 270.5742785506167 2.276557959486347
0.03 6369.609940306972 1.000189720968167 1.537227200765798 270.4353880046818 2.25320307169839
0.0301 6369.631362486316 1.000189224053663 1.537141954387246 270.296143838946 2.230002565182861
0.0302 6369.652839098264 1.000188727396556 1.537056663086759 270.1565458612844 2.206956337741137
0.0303 6369.674370172324 1.000188231001118 1.53697132694512 270.0165938798913 2.184064277869827
0.0304 6369.695955737959 1.000187734871587 1.536885946043621 269.8762877032685 2.161326264804976
0.0305 6369.717595824579 1.00018723901217 1.536800520464063 269.7356271402372 2.138742168571001
0.0306 6369.739290461547 1.000186743427048 1.536715050288717 269.5946119999434 2.116311850029423
0.0307 6369.761039678177 1.000186248120365 1.536629535600387 269.4532420918466 2.094035160925613
0.0308 6369.782843503733 1.000185753096239 1.536543976482329 269.3115172257375 2.071911943941056
0.0309 6369.804701967427 1.000185258358754 1.53645837301829 269.1694372117257 2.049942032741747
0.031 6369.826615098425 1.000184763911967 1.536372725292489 269.0270018602404 2.028125252029298
0.0311 6369.848582925838 1.000184269759901 1.536287033389587 268.8842109820533 2.006461417596444
0.0312 6369.870605478728 1.000183775906551 1.536201297394743 268.7410643882675 1.984950336377828
0.0313 6369.892682786106 1.000183282355879 1.53611551739357 268.5975618903111 1.963591806502579
0.0314 6369.914814876931 1.000182789111818 1.536029693472074 268.4537032999491 1.942385617350325
0.0315 6369.937001780111 1.000182296178272 1.535943825716747 268.3094884292776 1.921331549605318
0.0316 6369.959243524502 1.000181803559109 1.535857914214527 268.1649170907357 1.900429375313936
0.0317 6369.981540138906 1.000181311258174 1.535771959052733 268.0199890971111 1.879678857942017
0.0318 6370.003891652074 1.000180819279277 1.535685960319144 267.8747042615167 1.859079752428737
0.0319 6370.026298092705 1.000180327626197 1.535599918101945 267.7290623974203 1.838631805248871
0.032 6370.048759489441 1.000179836302686 1.535513832489707 267.5830633186323 1.818334754469838
0.0321 6370.071275870876 1.000179345312463 1.535427703571461 267.4367068393061 1.798188329811198
0.0322 6370.093847265545 1.000178854659219 1.535341531436565 267.2899927739558 1.778192252707296
0.0323 6370.116473701934 1.000178364346614 1.535255316174806 267.1429209374322 1.758346236364919
0.0324 6370.139155208471 1.000177874378276 1.53516905787637 266.9954911449412 1.738649985827373
0.0325 6370.161891813532 1.000177384757805 1.535082756631774 266.847703212043 1.719103198036788
0.0326 6370.184683545437 1.000176895488773 1.534996412531942 266.6995569546588 1.69970556189789
0.0327 6370.207530432453 1.000176406574718 1.534910025668143 266.5510521890582 1.680456758340137
0.0328 6370.23043250279 1.00017591801915 1.534823596132021 266.4021887318657 1.661356460382894
0.0329 6370.253389784604 1.000175429825551 1.534737124015558 266.2529664000725 1.642404333201981
0.033 6370.276402305995 1.00017494199737 1.534650609411087 266.1033850110301 1.623600034194581
0.0331 6370.299470095008 1.000174454538028 1.534564052411276 265.9534443824508 1.604943213045579
0.0332 6370.32259317963 1.000173967450919 1.534477453109128 265.8031443324074 1.586433511794554
0.0333 6370.345771587793 1.000173480739403 1.534390811597977 265.6524846793453 1.568070564904838
0.0334 6370.369005347375 1.000172994406814 1.534304127971466 265.5014652420645 1.549853999329574
0.0335 6370.392294486192 1.000172508456456 1.53421740232355 265.3500858397491 1.531783434584139
0.0336 6370.415639032009 1.000172022891604 1.534130634748508 265.1983462919383 1.513858482812019
0.0337 6370.439039012532 1.000171537715502 1.534043825340889 265.0462464185433 1.49607874885699
0.0338 6370.462494455408 1.000171052931368 1.533956974195569 264.8937860398481 1.478443830333737
0.0339 6370.486005388228 1.00017056854239 1.533870081407695 264.7409649765208 1.460953317700391
0.034 6370.509571838526 1.000170084551726 1.533783147072676 264.5877830495841 1.443606794326889
0.0341 6370.533193833778 1.000169600962508 1.53369617128624 264.4342400804452 1.426403836570709
0.0342 6370.556871401403 1.000169117777837 1.533609154144325 264.2803358908835 1.409344013848372
0.0343 6370.58060456876 1.000168635000787 1.533522095743188 264.1260703030629 1.39242688871016
0.0344 6370.604393363151 1.000168152634403 1.533434996179291 263.9714431395195 1.37565201691272
0.0345 6370.628237811821 1.000167670681704 1.533347855549366 263.8164542231619 1.359018947493547
0.0346 6370.652137941955 1.000167189145677 1.533260673950396 263.661103377295 1.342527222848467
0.0347 6370.676093780678 1.000166708029284 1.533173451479579 263.5053904255959 1.326176378804517
0.0348 6370.700105355058 1.000166227335459 1.53308618823436 263.349315192126 1.309965944697153
0.0349 6370.724172692103 1.000165747067107 1.532998884312401 263.1928775013311 1.293895443446641
0.035 6370.748295818764 1.000165267227107 1.532911539811567 263.036077178035 1.277964391634316
0.0351 6370.77247476193 1.000164787818311 1.532824154829929 262.8789140474522 1.262172299581123
0.0352 6370.796709548436 1.00016430884354 1.532736729465796 262.7213879351692 1.246518671423595
0.0353 6370.821000205048 1.000163830305592 1.532649263817618 262.5634986671865 1.231003005196169
0.0354 6370.845346758482 1.000163352207238 1.532561757984081 262.4052460698653 1.215624792904507
0.0355 6370.869749235389 1.000162874551218 1.532474212064051 262.2466299699685 1.20038352060863
0.0356 6370.894207662362 1.00016239734025 1.532386626156533 262.0876501946494 1.185278668501143
0.0357 6370.918722065932 1.000161920577023 1.532299000360744 261.9283065714397 1.170309710985945
0.0358 6370.943292472574 1.0001614442642 1.532211334776036 261.7685989282671 1.155476116760109
0.0359 6370.967918908699 1.000160968404419 1.532123629501939 261.6085270934553 1.140777348894413
0.036 6370.992601400659 1.000160493000289 1.53203588463812 261.4480908957183 1.126212864913685
0.0361 6371.017339974745 1.000160018054396 1.531948100284398 261.2872901641543 1.111782116877534
0.0362 6371.04213465719 1.000159543569299 1.531860276540716 261.1261247282636 1.097484551463544
0.0363 6371.066985474165 1.000159069547532 1.531772413507185 260.9645944179305 1.083319610047574
0.0364 6371.091892451777 1.000158595991602 1.531684511283991 260.8026990634474 1.06928672878806
0.0365 6371.11685561608 1.000158122903994 1.531596569971472 260.6404384954793 1.05538533870543
0.0366 6371.141874993061 1.000157650287164 1.531508589670071 260.4778125451047 1.041614865768482
0.0367 6371.166950608647 1.000157178143545 1.531420570480341 260.3148210437924 1.027974730975394
0.0368 6371.192082488707 1.000156706475545 1.531332512502936 260.1514638234015 1.014464350437073
0.0369 6371.217270659045 1.000156235285549 1.53124441583858 259.9877407162047 1.001083135462676
0.03700000000000001 6371.242515145408 1.000155764575915 1.53115628058813 259.8236515548473 0.987830492640016
0.0371 6371.26781597348 1.000155294348978 1.531068106852483 259.6591961723824 0.974705823922531
0.0372 6371.293173168882 1.00015482460705 1.530979894732625 259.4943744022652 0.9617085267130151
0.0373 6371.318586757178 1.000154355352416 1.530891644329611 259.329186078341 0.9488379939471334
0.0374 6371.344056763867 1.000153886587341 1.530803355744572 259.163631034863 0.9360936141794556
0.0375 6371.36958321439 1.000153418314065 1.530715029078672 258.9977091064628 0.9234747716659925
0.0376 6371.395166134124 1.000152950534804 1.53062666443313 258.8314201281918 0.9109808464523579
0.0377 6371.420805548386 1.000152483251751 1.530538261909234 258.6647639354914 0.8986112144566282
0.0378 6371.446501482432 1.000152016467079 1.530449821608273 258.4977403641932 0.8863652475546538
0.0379 6371.472253961456 1.000151550182933 1.530361343631602 258.3303492505369 0.87424231366678
0.038 6371.49806301059 1.00015108440144 1.530272828080565 258.1625904311639 0.8622417768429035
0.0381 6371.523928654906 1.000150619124704 1.530184275056566 257.9944637431121 0.8503629973476687
0.0382 6371.549850919414 1.000150154354804 1.530095684661001 257.8259690238091 0.8386053317457853
0.0383 6371.575829829063 1.0001496900938 1.530007056995263 257.6571061110907 0.8269681329890746
0.0384 6371.601865408739 1.00014922634373 1.52991839216077 257.4878748431946 0.8154507505018915
0.0385 6371.627957683269 1.00014876310661 1.529829690258914 257.3182750587488 0.8040525302662372
0.0386 6371.654106677418 1.000148300384434 1.529740951391103 257.1483065967831 0.7927728149085329
0.03870000000000001 6371.680312415888 1.000147838179176 1.529652175658697 256.9779692967294 0.7816109437855916
0.0388 6371.70657492332 1.000147376492788 1.529563363163067 256.8072629984216 0.7705662530706079
0.0389 6371.732894224295 1.000146915327203 1.529474514005531 256.6361875420838 0.7596380758384016
0.039 6371.759270343332 1.000146454684332 1.529385628287396 256.464742768342 0.7488257421521921
0.0391 6371.785703304889 1.000145994566067 1.529296706109892 256.2929285182244 0.7381285791495632
0.0392 6371.81219313336 1.000145534974278 1.529207747574258 256.1207446331608 0.7275459111283923
0.0393 6371.838739853082 1.000145075910818 1.529118752781623 255.9481909549658 0.7170770596316697
0.0394 6371.865343488329 1.000144617377519 1.529029721833099 255.7752673258614 0.706721343534799
0.0395 6371.892004063313 1.000144159376193 1.528940654829738 255.601973588466 0.696478079130638
0.0396 6371.918721602186 1.000143701908634 1.528851551872491 255.428309585794 0.6863465802151912
0.0397 6371.945496129037 1.000143244976616 1.528762413062271 255.2542751612617 0.6763261581735501
0.0398 6371.972327667896 1.000142788581895 1.528673238499891 255.0798701586758 0.6664161220646923
0.0399 6371.999216242732 1.00014233272621 1.528584028286085 254.9050944222448 0.656615778707531
0.04 6372.026161877451 1.000141877411278 1.528494782521503 254.7299477965674 0.6469244327654832
0.0401 6372.053164595901 1.000141422638801 1.528405501306688 254.5544301266444 0.6373413868322197
0.0402 6372.080224421866 1.000140968410463 1.528316184742082 254.3785412578726 0.627865941516263
0.0403 6372.107341379071 1.00014051472793 1.528226832928033 254.2022810360389 0.6184973955254354
0.04040000000000001 6372.134515491181 1.000140061592849 1.528137445964785 254.0256493073265 0.6092350457517702
0.0405 6372.161746781799 1.000139609006853 1.528048023952425 253.8486459183085 0.6000781873555913
0.0406 6372.189035274468 1.000139156971556 1.527958566990958 253.6712707159603 0.5910261138503131
0.0407 6372.21638099267 1.000138705488556 1.52786907518025 253.4935235476472 0.5820781171857866
0.0408 6372.243783959828 1.000138254559436 1.527779548620016 253.3154042611189 0.5732334878317569
0.0409 6372.271244199303 1.000137804185758 1.527689987409868 253.1369127045331 0.5644915148625386
0.041 6372.298761734396 1.000137354369075 1.527600391649236 252.9580487264255 0.5558514860387863
0.0411 6372.326336588349 1.00013690511092 1.527510761437438 252.7788121757284 0.547312687891357
0.0412 6372.353968784344 1.000136456412809 1.527421096873616 252.5992029017638 0.5388744058037156
0.0413 6372.381658345503 1.000136008276248 1.52733139805675 252.4192207542322 0.5305359240938041
0.0414 6372.409405294885 1.000135560702724 1.527241665085687 252.2388655832482 0.5222965260977969
0.0415 6372.437209655494 1.000135113693711 1.52715189805907 252.0581372392866 0.5141554942494392
0.04160000000000001 6372.465071450273 1.000134667250666 1.527062097075395 251.8770355732244 0.5061121101634346
0.0417 6372.492990702104 1.000134221375036 1.526972262232956 251.6955604363228 0.4981656547157658
0.0418 6372.52096743381 1.00013377606825 1.526882393629903 251.5137116802333 0.4903154081247483
0.0419 6372.549001668155 1.000133331331725 1.526792491364158 251.3314891569916 0.4825606500312005
0.042 6372.577093427844 1.000132887166865 1.526702555533476 251.1488927190115 0.4749006595782634
0.04210000000000001 6372.605242735525 1.000132443575059 1.526612586235398 250.9659222190857 0.4673347154911016
0.0422 6372.633449613782 1.000132000557685 1.526522583567287 250.7825775104142 0.4598620961574044
0.0423 6372.661714085146 1.000131558116105 1.526432547626282 250.5988584465521 0.4524820797040769
0.0424 6372.690036172085 1.000131116251673 1.526342478509315 250.4147648814445 0.4451939440771853
0.0425 6372.718415897011 1.000130674965726 1.526252376313112 250.2302966694268 0.437996967119977
0.0426 6372.746853282277 1.000130234259592 1.526162241134176 250.0454536652009 0.430890426649561
0.0427 6372.775348350177 1.000129794134586 1.526072073068768 249.8602357238527 0.423873600534774
0.0428 6372.803901122947 1.000129354592011 1.525981872212959 249.6746427008469 0.4169457667726522
0.0429 6372.832511622767 1.000128915633159 1.525891638662552 249.4886744520144 0.4101062035642335
0.043 6372.861179871757 1.000128477259311 1.525801372513145 249.3023308335763 0.4033541893911957
0.0431 6372.889905891981 1.000128039471737 1.525711073860066 249.1156117021263 0.3966890030904591
0.0432 6372.918689705443 1.000127602271696 1.525620742798428 248.9285169146186 0.3901099239285499
0.04330000000000001 6372.947531334093 1.000127165660437 1.525530379423071 248.7410463283976 0.3836162316769141
0.0434 6372.976430799822 1.000126729639199 1.525439983828586 248.5531998011564 0.3772072066842114
0.0435 6373.005388124464 1.00012629420921 1.525349556109338 248.3649771909844 0.370882129951165
0.0436 6373.034403329795 1.000125859371689 1.52525909635938 248.1763783563314 0.3646402832020054
0.0437 6373.063476437538 1.000125425127845 1.525168604672556 247.987403156002 0.3584809489564261
0.0438 6373.092607469356 1.000124991478879 1.525078081142393 247.798051449185 0.352403410602128
0.0439 6373.121796446857 1.000124558425981 1.524987525862189 247.6083230954299 0.3464069524650325
0.044 6373.151043391593 1.000124125970335 1.524896938924937 247.4182179546468 0.3404908598797188
0.0441 6373.18034832506 1.000123694113113 1.524806320423363 247.2277358871123 0.3346544192594491
0.0442 6373.209711268697 1.000123262855482 1.52471567044991 247.0368767534695 0.3288969181654027
0.0443 6373.239132243889 1.000122832198598 1.524624989096739 246.8456404147222 0.3232176453751285
0.0444 6373.268611271966 1.00012240214361 1.524534276455709 246.6540267322229 0.317615890950227
0.0445 6373.298148374201 1.000121972691662 1.524443532618406 246.4620355676965 0.312090946304453
0.0446 6373.32774357181 1.000121543843887 1.524352757676098 246.2696667832346 0.3066421042702885
0.0447 6373.35739688596 1.000121115601412 1.524261951719774 246.0769202412597 0.3012686591640754
0.0448 6373.387108337759 1.000120687965358 1.524171114840106 245.8837958045668 0.2959699068526823
0.0449 6373.416877948262 1.000120260936838 1.52408024712747 245.6902933362998 0.2907451448176626
0.04500000000000001 6373.446705738468 1.00011983451696 1.523989348671927 245.496412699957 0.2855936722195893
0.0451 6373.476591729325 1.000119408706825 1.523898419563225 245.3021537593858 0.2805147899613908
0.0452 6373.506535941724 1.000118983507526 1.523807459890816 245.107516378794 0.2755078007514757
0.0453 6373.536538396504 1.000118558920154 1.523716469743798 244.9125004227266 0.2705720091652475
0.0454 6373.566599114451 1.000118134945791 1.523625449210987 244.7171057560712 0.2657067217067108
0.0455 6373.596718116294 1.000117711585516 1.523534398380845 244.5213322440881 0.2609112468699348
0.0456 6373.626895422715 1.000117288840401 1.523443317341528 244.3251797523507 0.2561848951976151
0.0457 6373.65713105434 1.000116866711514 1.523352206180858 244.1286481467931 0.2515269793415601
0.0458 6373.68742503174 1.000116445199919 1.523261064986315 243.9317372936924 0.2469368141208376
0.0459 6373.717777375437 1.000116024306674 1.523169893845068 243.7344470596626 0.2424137165795023
0.046 6373.748188105898 1.000115604032834 1.523078692843929 243.5367773116603 0.2379570060438612
0.0461 6373.778657243543 1.000115184379449 1.522987462069375 243.3387279169737 0.2335660041785953
0.0462 6373.809184808733 1.000114765347565 1.522896201607539 243.1402987432333 0.2292400350426651
0.0463 6373.839770821784 1.000114346938224 1.52280491154424 242.9414896584011 0.2249784251439352
0.0464 6373.870415302958 1.000113929152467 1.522713591964901 242.7423005307759 0.2207805034934311
0.0465 6373.901118272463 1.00011351199133 1.522622242954627 242.5427312289934 0.2166456016586964
0.0466 6373.93187975046 1.000113095455844 1.522530864598179 242.3427816220086 0.2125730538160182
0.04670000000000001 6373.96269975706 1.000112679547041 1.522439456979945 242.1424515791076 0.2085621968024997
0.0468 6373.99357831232 1.000112264265947 1.522348020183973 241.9417409699194 0.2046123701673236
0.0469 6374.024515436249 1.000111849613588 1.522256554293938 241.7406496643802 0.2007229162212985
0.047 6374.055511148806 1.000111435590986 1.522165059393193 241.5391775327633 0.1968931800869084
0.0471 6374.086565469898 1.000111022199163 1.522073535564684 241.3373244456615 0.193122509746631
0.0472 6374.117678419385 1.000110609439136 1.521981982891025 241.1350902739981 0.1894102560910268
0.0473 6374.148850017077 1.000110197311924 1.521890401454461 240.9324748889984 0.1857557729652607
0.0474 6374.180080282736 1.00010978581854 1.521798791336871 240.7294781622185 0.1821584172159068
0.0475 6374.211369236071 1.00010937496 1.521707152619769 240.5260999655396 0.1786175487362738
0.0476 6374.242716896748 1.000108964737318 1.521615485384282 240.3223401711388 0.1751325305105217
0.0477 6374.27412328438 1.000108555151504 1.521523789711194 240.1181986515297 0.1717027286581944
0.0478 6374.305588418535 1.000108146203571 1.521432065680905 239.913675279522 0.1683275124764987
0.04790000000000001 6374.337112318732 1.000107737894529 1.521340313373449 239.7087699282441 0.1650062544828758
0.048 6374.368695004441 1.000107330225388 1.521248532868472 239.5034824711323 0.1617383304561401
0.0481 6374.400336495087 1.00010692319716 1.521156724245255 239.2978127819359 0.1585231194770814
0.0482 6374.432036810046 1.000106516810853 1.521064887582705 239.0917607347 0.1553600039678619
0.0483 6374.463795968648 1.000106111067478 1.520973022959348 238.8853262037886 0.1522483697312228
0.04840000000000001 6374.495613990177 1.000105705968046 1.520881130453331 238.6785090638499 0.1491876059879451
0.0485 6374.527490893867 1.000105301513567 1.520789210142421 238.4713091898628 0.1461771054147185
0.0486 6374.55942669891 1.000104897705053 1.520697262104002 238.2637264570843 0.1432162641796689
0.0487 6374.591421424451 1.000104494543516 1.52060528641509 238.0557607410668 0.1403044819781107
0.0488 6374.623475089588 1.000104092029969 1.520513283152299 237.8474119176761 0.1374411620674232
0.0489 6374.655587713374 1.000103690165425 1.520421252391881 237.6386798630678 0.1346257113004988
0.049 6374.687759314817 1.000103288950901 1.520329194209692 237.4295644536868 0.1318575401586892
0.0491 6374.71998991288 1.000102888387413 1.520237108681209 237.2200655662799 0.1291360627840528
0.0492 6374.752279526481 1.000102488475979 1.520144995881514 237.0101830778716 0.1264606970102866
0.0493 6374.784628174494 1.000102089217619 1.520052855885317 236.7999168657878 0.1238308643934272
0.0494 6374.817035875748 1.000101690613354 1.519960688766948 236.5892668076384 0.1212459902411638
0.0495 6374.849502649029 1.000101292664209 1.519868494600326 236.3782327813109 0.1187055036414649
0.04960000000000001 6374.882028513079 1.000100895371207 1.519776273459009 236.1668146649885 0.1162088374906399
0.0497 6374.914613486596 1.000100498735377 1.519684025416165 235.9550123371263 0.1137554285200487
0.0498 6374.947257588235 1.000100102757749 1.519591750544551 235.742825676475 0.1113447173225255
0.0499 6374.979960836607 1.000099707439356 1.519499448916576 235.5302545620515 0.1089761483773349
0.05 6375.012723250283 1.000099312781232 1.519407120604231 235.317298873162 0.1066491700748912
0.05010000000000001 6375.045544847789 1.000098918784414 1.519314765679135 235.1039584893732 0.104363234740037
0.0502 6375.078425647609 1.000098525449944 1.519222384212516 234.8902332905412 0.1021177986551248
0.0503 6375.111365668185 1.000098132778865 1.519129976275229 234.6761231567942 0.09991232208173551
0.0504 6375.144364927919 1.000097740772222 1.519037541937716 234.4616279685264 0.097746269281692
0.0505 6375.17742344517 1.000097349431066 1.518945081270053 234.2467476063979 0.09561910853729667
0.0506 6375.210541238253 1.000096958756449 1.51885259434193 234.0314819513527 0.0935303121708974
0.0507 6375.243718325448 1.000096568749427 1.51876008122265 233.815830884589 0.09147935656315064
0.0508 6375.27695472499 1.00009617941106 1.518667541981118 233.599794287565 0.08946572217080961
0.0509 6375.310250455074 1.000095790742411 1.518574976685869 233.383372042017 0.08748889354377887
0.051 6375.343605533856 1.000095402744545 1.518482385405055 233.1665640299351 0.08554835934095216
0.0511 6375.37701997945 1.000095015418535 1.518389768206439 232.9493701335758 0.08364361234555658
0.0512 6375.410493809933 1.000094628765453 1.518297125157396 232.7317902354379 0.08177414947935679
0.05130000000000001 6375.444027043339 1.000094242786377 1.51820445632493 232.5138242182978 0.079939471816556
0.0514 6375.477619697665 1.000093857482391 1.518111761775649 232.2954719651747 0.07813908459626186
0.0515 6375.51127179087 1.00009347285458 1.518019041575807 232.0767333593475 0.07637249723460025
0.0516 6375.544983340871 1.000093088904034 1.517926295791254 231.8576082843377 0.07463922333572214
0.0517 6375.57875436555 1.000092705631847 1.517833524487469 231.638096623927 0.0729387807022929
0.05180000000000001 6375.612584882745 1.000092323039118 1.51774072772955 231.418198262157 0.07127069134502823
0.0519 6375.646474910263 1.000091941126951 1.517647905582231 231.1979130832882 0.06963448149112746
0.052 6375.680424465869 1.000091559896452 1.517555058109856 230.9772409718529 0.0680296815926322
0.0521 6375.71443356729 1.000091179348733 1.517462185376407 230.756181812614 0.06645582633327932
0.0522 6375.748502232218 1.000090799484912 1.517369287445476 230.5347354905829 0.06491245463501438
0.0523 6375.782630478307 1.000090420306108 1.517276364380297 230.3129018910071 0.06339910966350992
0.0524 6375.816818323172 1.000090041813447 1.517183416243729 230.0906808993826 0.0619153388330749
0.0525 6375.851065784394 1.00008966400806 1.517090443098275 229.8680724014361 0.06046069381059334
0.0526 6375.885372879518 1.000089286891082 1.516997445006035 229.6450762831304 0.05903473051886298
0.0527 6375.919739626051 1.000088910463651 1.516904422028782 229.421692430671 0.05763700913917048
0.0528 6375.954166041463 1.000088534726914 1.516811374227896 229.1979207304879 0.05626709411296484
0.0529 6375.988652143191 1.000088159682018 1.516718301664417 228.9737610692595 0.0549245541430436
0.05300000000000001 6376.023197948635 1.000087785330118 1.516625204399002 228.7492133338709 0.05360896219360157
0.0531 6376.057803475162 1.000087411672374 1.516532082491955 228.5242774114498 0.05231989549001254
0.0532 6376.092468740099 1.000087038709949 1.516438936003224 228.2989531893544 0.05105693551759245
0.0533 6376.127193760744 1.000086666444012 1.516345764992391 228.0732405551615 0.04981966801964902
0.0534 6376.161978554358 1.000086294875737 1.516252569518712 227.8471393966728 0.04860768299491831
0.05350000000000001 6376.196823138166 1.000085924006302 1.51615934964105 227.6206496019203 0.04742057469428768
0.0536 6376.231727529362 1.000085553836892 1.516066105417948 227.3937710591489 0.04625794161669234
0.0537 6376.266691745102 1.000085184368696 1.515972836907577 227.1665036568401 0.0451193865045339
0.0538 6376.301715802512 1.000084815602907 1.515879544167774 226.9388472836703 0.04400451633807973
0.0539 6376.336799718685 1.000084447540724 1.515786227256031 226.7108018285466 0.04291294232957236
0.054 6376.371943510678 1.00008408018335 1.515692886229483 226.4823671805947 0.04184427991642358
0.0541 6376.407147195516 1.000083713531995 1.515599521144947 226.2535432291473 0.04079814875374944
0.05420000000000001 6376.442410790191 1.000083347587872 1.51550613205888 226.024329863756 0.03977417270635906
0.0543 6376.477734311665 1.0000829823522 1.515412719027406 225.7947269741788 0.03877197983998307
0.0544 6376.513117776864 1.000082617826203 1.515319282106327 225.5647344503813 0.03779120241191578
0.0545 6376.548561202685 1.000082254011109 1.515225821351087 225.3343521825471 0.03683147686107146
0.0546 6376.58406460599 1.000081890908152 1.515132336816835 225.1035800610674 0.03589244379731098
0.05470000000000001 6376.619628003611 1.00008152851857 1.515038828558361 224.872417976528 0.0349737479901574
0.0548 6376.65525141235 1.000081166843608 1.514945296630146 224.6408658197278 0.03407503835702008
0.0549 6376.690934848974 1.000080805884512 1.514851741086341 224.4089234816664 0.03319596795069679
0.055 6376.726678330224 1.000080445642537 1.51475816198078 224.1765908535448 0.03233619394633146
0.0551 6376.762481872805 1.00008008611894 1.514664559366974 223.9438678267705 0.03149537762780814
0.05520000000000001 6376.798345493394 1.000079727314983 1.514570933298128 223.7107542929406 0.03067318437348319
0.0553 6376.834269208638 1.000079369231935 1.514477283827119 223.4772501438528 0.02986928364145895
0.0554 6376.870253035152 1.000079011871066 1.514383611006526 223.2433552715119 0.02908334895427385
0.0555 6376.906296989523 1.000078655233654 1.51428991488862 223.0090695681 0.02831505788292411
0.0556 6376.942401088306 1.000078299320981 1.51419619552536 222.7743929260122 0.02756409203056501
0.0557 6376.978565348028 1.000077944134331 1.514102452968402 222.5393252378207 0.02683013701544455
0.0558 6377.014789785185 1.000077589674994 1.514008687269115 222.3038663962988 0.02611288245350893
0.05590000000000001 6377.051074416246 1.000077235944267 1.513914898478547 222.068016294403 0.02541202194036275
0.056 6377.087419257648 1.000076882943447 1.513821086647476 221.8317748252852 0.02472725303281736
0.0561 6377.123824325803 1.000076530673837 1.513727251826383 221.59514188228 0.02405827722987375
0.0562 6377.160289637091 1.000076179136747 1.513633394065434 221.3581173589117 0.02340479995327341
0.0563 6377.196815207863 1.000075828333486 1.513539513414553 221.1207011488935 0.02276653052755555
0.05640000000000001 6377.233401054444 1.000075478265371 1.513445609923351 220.8828931461161 0.02214318215961757
0.0565 6377.270047193131 1.000075128933721 1.513351683641164 220.6446932446473 0.02153447191785346
0.0566 6377.306753640191 1.000074780339861 1.513257734617055 220.4061013387562 0.02094012071090384
0.0567 6377.343520411865 1.000074432485118 1.513163762899816 220.1671173228773 0.0203598532658177
0.0568 6377.380347524365 1.000074085370823 1.513069768537965 219.9277410916283 0.01979339810592487
0.05690000000000001 6377.417234993876 1.000073738998311 1.512975751579737 219.6879725398043 0.01924048752823031
0.057 6377.454182836557 1.000073393368921 1.512881712073127 219.4478115623778 0.01870085758041585
0.0571 6377.491191068539 1.000073048483995 1.512787650065851 219.2072580544985 0.01817424803744418
0.0572 6377.528259705924 1.000072704344879 1.512693565605366 218.9663119114938 0.01766040237777495
0.0573 6377.565388764791 1.000072360952921 1.512599458738889 218.7249730288562 0.01715906775917828
0.0574 6377.602578261191 1.000072018309474 1.512505329513363 218.4832413022617 0.01666999499424348
0.0575 6377.639828211147 1.000071676415893 1.512411177975505 218.2411166275459 0.01619293852544304
0.05760000000000001 6377.677138630656 1.000071335273536 1.512317004171748 217.9985989007336 0.01572765639995695
0.0577 6377.714509535692 1.000070994883764 1.512222808148335 217.7556880180031 0.01527391024402966
0.0578 6377.751940942198 1.000070655247941 1.512128589951215 217.5123838757103 0.01483146523711588
0.0579 6377.789432866098 1.000070316367434 1.512034349626143 217.2686863703647 0.01440009008561847
0.058 6377.826985323282 1.000069978243613 1.511940087218609 217.0245953986649 0.01397955699642548
0.05810000000000001 6377.864598329622 1.000069640877849 1.51184580277389 216.7801108574575 0.01356964165001198
0.0582 6377.902271900961 1.000069304271517 1.511751496337024 216.5352326437545 0.01317012317336043
0.0583 6377.940006053117 1.000068968425992 1.511657167952845 216.2899606547393 0.01278078411257939
0.0584 6377.977800801883 1.000068633342653 1.511562817665941 216.0442947877608 0.0124014104052349
0.0585 6378.015656163027 1.000068299022881 1.511468445520703 215.7982349403277 0.01203179135242481
0.05860000000000001 6378.053572152293 1.000067965468058 1.511374051561297 215.5517810100963 0.01167171959059846
0.0587 6378.0915487854 1.000067632679569 1.511279635831676 215.3049328949004 0.01132099106319859
0.05880000000000001 6378.129586078043 1.000067300658799 1.511185198375594 215.0576904927215 0.01097940499198743
0.0589 6378.167684045891 1.000066969407135 1.511090739236604 214.8100537017066 0.01064676384822404
0.059 6378.205842704591 1.000066638925966 1.510996258458035 214.5620224201565 0.01032287332359082
0.0591 6378.244062069764 1.000066309216682 1.510901756083046 214.3135965465316 0.01000754230094649
0.0592 6378.282342157008 1.000065980280674 1.510807232154586 214.0647759794459 0.009700582824874102
0.05930000000000001 6378.320682981896 1.000065652119334 1.510712686715422 213.8155606176732 0.009401810072065515
0.0594 6378.35908455998 1.000065324734055 1.510618119808118 213.565950360129 0.009111042321507869
0.0595 6378.397546906785 1.000064998126229 1.510523531475069 213.3159451058945 0.008828100924560158
0.0596 6378.436070037816 1.000064672297252 1.510428921758489 213.0655447541984 0.008552810274830045
0.0597 6378.47465396855 1.000064347248517 1.510334290700401 212.8147492044235 0.008284997777938681
0.05980000000000001 6378.513298714446 1.000064022981418 1.510239638342667 212.5635583561001 0.008024493821141118
0.0599 6378.552004290937 1.000063699497352 1.510144964726973 212.3119721089123 0.007771131742838112
0.06 6378.590770713431 1.000063376797711 1.510050269894835 212.0599903626979 0.007524747801969022
0.0601 6378.629597997318 1.000063054883891 1.509955553887615 211.8076130174308 0.007285181147285279
0.0602 6378.668486157962 1.000062733757286 1.5098608167465 211.5548399732501 0.007052273786576398
0.0603 6378.707435210703 1.000062413419289 1.50976605851253 211.3016711304311 0.006825870555754604
0.0604 6378.746445170862 1.000062093871293 1.509671279226589 211.048106389397 0.006605819087904513
0.06050000000000001 6378.785516053736 1.000061775114691 1.5095764789294 210.7941456507186 0.006391969782255018
0.0606 6378.824647874598 1.000061457150873 1.509481657661556 210.5397888151145 0.006184175773094062
0.0607 6378.863840648701 1.000061139981229 1.50938681546349 210.2850357834453 0.005982292898630586
0.0608 6378.903094391274 1.000060823607148 1.509291952375511 210.0298864567193 0.005786179669826951
0.0609 6378.942409117525 1.000060508030017 1.50919706843777 209.7743407360866 0.005595697239191227
0.06100000000000001 6378.98178484264 1.000060193251222 1.509102163690298 209.5183985228394 0.005410709369552461
0.0611 6379.021221581782 1.000059879272147 1.509007238172996 209.2620597184176 0.005231082402826704
0.0612 6379.060719350093 1.000059566094173 1.508912291925634 209.005324224397 0.005056685228765414
0.0613 6379.100278162692 1.000059253718681 1.508817324987856 208.7481919425012 0.004887389253724163
0.0614 6379.139898034678 1.000058942147047 1.50872233739918 208.4906627745899 0.00472306836942679
0.06150000000000001 6379.179578981129 1.000058631380647 1.50862732919901 208.2327366226644 0.004563598921761598
0.0616 6379.219321017097 1.000058321420854 1.508532300426651 207.9744133888684 0.00440885967960152
0.0617 6379.259124157618 1.000058012269037 1.508437251121273 207.7156929754809 0.004258731803656744
0.0618 6379.298988417704 1.000057703926562 1.508342181321953 207.4565752849234 0.004113098815378476
0.0619 6379.338913812346 1.000057396394795 1.508247091067656 207.1970602197529 0.003971846565907333
0.062 6379.378900356512 1.000057089675094 1.508151980397248 206.9371476826744 0.003834863205090851
0.0621 6379.41894806515 1.000056783768817 1.508056849349496 206.6768375765231 0.003702039150551779
0.06220000000000001 6379.45905695319 1.000056478677317 1.507961697963079 206.416129804264 0.00357326705684106
0.0623 6379.499227035536 1.000056174401944 1.50786652627657 206.1550242690158 0.003448441784683419
0.0624 6379.539458327074 1.000055870944043 1.507771334328466 205.8935208740216 0.003327460370285391
0.0625 6379.579750842667 1.000055568304957 1.50767612215717 205.6316195226663 0.003210221994762713
0.0626 6379.620104597158 1.00005526648602 1.507580889801006 205.3693201184705 0.003096627953658909
0.06270000000000001 6379.660519605372 1.000054965488568 1.507485637298216 205.1066225650851 0.002986581626574043
0.06280000000000001 6379.700995882108 1.000054665313928 1.507390364686963 204.843526766297 0.002879988446915099
0.0629 6379.741533442148 1.000054365963422 1.507295072005347 204.5800326260349 0.002776755871768794
0.063 6379.782132300253 1.000054067438369 1.50719975929139 204.3161400483576 0.002676793351896854
0.0631 6379.82279247116 1.000053769740082 1.507104426583047 204.0518489374598 0.002580012301874312
0.06320000000000001 6379.86351396959 1.000053472869868 1.507009073918209 203.7871591976663 0.002486326070365306
0.06330000000000001 6379.90429681024 1.000053176829031 1.506913701334701 203.5220707334378 0.002395649910551302
0.0634 6379.945141007789 1.000052881618867 1.506818308870302 203.2565834493711 0.002307900950711043
0.0635 6379.986046576893 1.000052587240664 1.506722896562726 202.990697250193 0.002222998164958459
0.0636 6380.027013532191 1.00005229369571 1.506627464449628 202.7244120407603 0.002140862344148329
0.06370000000000001 6380.068041888297 1.000052000985282 1.506532012568635 202.4577277260718 0.002061416066956426
0.06380000000000001 6380.109131659808 1.000051709110651 1.506436540957304 202.1906442112503 0.001984583671127093
0.0639 6380.150282861299 1.000051418073084 1.506341049653155 201.9231614015547 0.001910291224911729
0.064 6380.191495507327 1.00005112787384 1.506245538693668 201.6552792023739 0.001838466498688795
0.0641 6380.232769612426 1.000050838514169 1.506150008116302 201.3869975192328 0.001769038936779084
0.06420000000000001 6380.274105191111 1.000050549995316 1.506054457958445 201.1183162577803 0.001701939629453096
0.06430000000000001 6380.315502257876 1.00005026231852 1.505958888257483 200.8492353238074 0.001637101285147531
0.0644 6380.356960827196 1.00004997548501 1.505863299050746 200.5797546232292 0.001574458202878873
0.0645 6380.398480913525 1.000049689496009 1.505767690375561 200.3098740620907 0.001513946244873623
0.0646 6380.440062531296 1.000049404352731 1.50567206226922 200.0395935465789 0.001455502809414321
0.06470000000000001 6380.481705694924 1.000049120056383 1.50557641476899 199.7689129829931 0.001399066803895579
0.0648 6380.523410418802 1.000048836608165 1.505480747912114 199.4978322777864 0.001344578618118543
0.0649 6380.565176717303 1.000048554009265 1.50538506173583 199.22635133753 0.001291980097795781
0.065 6380.607004604782 1.000048272260867 1.505289356277359 198.9544700689192 0.001241214518296061
0.06510000000000001 6380.64889409557 1.000047991364144 1.505193631573899 198.6821883787974 0.001192226558626241
0.06520000000000001 6380.690845203982 1.00004771132026 1.505097887662648 198.4095061741199 0.001144962275639944
0.0653 6380.732857944309 1.000047432130371 1.505002124580797 198.1364233619901 0.001099369078500359
0.0654 6380.774932330826 1.000047153795624 1.504906342365532 197.8629398496295 0.001055395703375709
0.0655 6380.817068377785 1.000046876317156 1.504810541054028 197.5890555443956 0.001012992188390342
0.06560000000000001 6380.859266099419 1.000046599696095 1.504714720683479 197.314770353776 0.0009721098488219841
0.06570000000000001 6380.901525509939 1.000046323933559 1.504618881291059 197.0400841853942 0.0009327012525538846
0.0658 6380.94384662354 1.000046049030656 1.504523022913968 196.764996946992 0.0008947201957792406
0.0659 6380.986229454392 1.000045774988486 1.504427145589394 196.4895085464531 0.000858121678969724
0.066 6381.028674016649 1.000045501808137 1.504331249354549 196.2136188917792 0.0008228618830978688
0.06610000000000001 6381.071180324444 1.000045229490688 1.504235334246644 195.9373278911143 0.0007888981461286176
0.06620000000000001 6381.113748391887 1.000044958037205 1.504139400302925 195.660635452732 0.0007561889397708927
0.0663 6381.156378233071 1.000044687448747 1.504043447560627 195.3835414850363 0.0007246938464976297
0.0664 6381.199069862068 1.000044417726361 1.503947476057022 195.1060458965611 0.0006943735368344082
0.0665 6381.241823292929 1.000044148871081 1.503851485829401 194.8281485959645 0.0006651897469177688
0.06660000000000001 6381.284638539686 1.000043880883933 1.503755476915062 194.5498494920406 0.0006371052563272894
0.06670000000000001 6381.327515616351 1.000043613765931 1.503659449351345 194.2711484937194 0.0006100838661895101
0.0668 6381.370454536914 1.000043347518076 1.503563403175607 193.9920455100608 0.0005840903775559136
0.0669 6381.413455315347 1.00004308214136 1.503467338425234 193.7125404502434 0.0005590905700562572
0.067 6381.456517965602 1.000042817636762 1.503371255137652 193.4326332235872 0.0005350511808319272
0.06710000000000001 6381.499642501608 1.000042554005249 1.503275153350306 193.1523237395485 0.0005119398837440796
0.06720000000000001 6381.542828937275 1.000042291247776 1.50317903310068 192.8716119077134 0.0004897252688604122
0.0673 6381.586077286493 1.000042029365289 1.503082894426296 192.5904976377923 0.000468376822221198
0.0674 6381.629387563135 1.000041768358716 1.502986737364714 192.3089808396256 0.0004478649058859554
0.0675 6381.672759781047 1.000041508228977 1.50289056195353 192.0270614231957 0.0004281607382605331
0.06760000000000001 6381.716193954059 1.00004124897698 1.502794368230383 191.7447392986149 0.000409236374702849
0.06770000000000001 6381.75969009598 1.000040990603617 1.502698156232956 191.4620143761316 0.0003910646884105676
0.0678 6381.803248220598 1.000040733109769 1.502601925998976 191.1788865661123 0.0003736193515879324
0.0679 6381.846868341682 1.000040476496306 1.502505677566209 190.8953557790654 0.0003568748168958997
0.068 6381.890550472979 1.00004022076408 1.502409410972489 190.6114219256355 0.0003408062991807574
0.06810000000000001 6381.934294628216 1.000039965913936 1.502313126255677 190.3270849165968 0.0003253897574830513
0.0682 6381.978100821099 1.000039711946701 1.502216823453702 190.0423446628541 0.0003106018773267504
0.0683 6382.021969065315 1.00003945886319 1.502120502604538 189.7572010754537 0.0002964200532883375
0.0684 6382.065899374528 1.000039206664204 1.502024163746209 189.4716540655662 0.0002828223718431546
0.06850000000000001 6382.109891762385 1.000038955350533 1.501927806916805 189.1857035444981 0.0002697875944913841
0.06860000000000001 6382.153946242507 1.000038704922949 1.501831432154463 188.8993494237037 0.0002572951411611786
0.0687 6382.1980628285 1.000038455382213 1.501735039497382 188.6125916147497 0.0002453250738861502
0.0688 6382.242241533946 1.000038206729071 1.50163862898383 188.3254300293505 0.0002338580807614458
0.0689 6382.286482372408 1.000037958964255 1.50154220065212 188.0378645793506 0.0002228754601718011
0.06900000000000001 6382.330785357424 1.000037712088481 1.50144575454064 187.7498951767424 0.0002123591052942213
0.06910000000000001 6382.375150502517 1.000037466102454 1.501349290687838 187.4615217336421 0.0002022914888709921
0.0692 6382.419577821186 1.000037221006861 1.501252809132221 187.1727441622905 0.0001926556482542396
0.0693 6382.46406732691 1.000036976802377 1.501156309912368 186.8835623750878 0.0001834351707207125
0.0694 6382.508619033146 1.00003673348966 1.501059793066928 186.5939762845522 0.0001746141790515581
0.06950000000000001 6382.55323295333 1.000036491069355 1.50096325863462 186.3039858033561 0.0001661773173806289
0.06960000000000001 6382.597909100878 1.000036249542091 1.500866706654215 186.0135908442957 0.0001581097373050392
0.0697 6382.642647489185 1.000036008908481 1.500770137164581 185.7227913202972 0.0001503970842594169
