0 6365.5 1.000354440985387 1.559102620806535 297.15 20.89141262119383
0.0001 6365.507475804121 1.000354027208891 1.559037743579506 297.1014072732136 20.83051082272001
0.0002 6365.514992920444 1.000353611750794 1.558972815793738 297.052546017111 20.76942884293048
0.0003 6365.522551381368 1.000353194618375 1.558907837240302 297.0034160211052 20.70816866374695
0.0004 6365.530151219426 1.00035277581894 1.558842807711206 296.9540170737281 20.64673227226844
0.0005 6365.537792467282 1.000352355359824 1.558777726999724 296.9043489626664 20.58512166072929
0.0006000000000000001 6365.545475157735 1.00035193324839 1.558712594900076 296.85441147472 20.52333882636091
0.0007 6365.553199323717 1.000351509492029 1.558647411207595 296.8042043958375 20.46138577134881
0.0008 6365.560964998292 1.000351084098158 1.558582175718705 296.7537275111043 20.39926450273035
0.0009000000000000001 6365.568772214651 1.000350657074224 1.558516888230908 296.7029806047666 20.33697703233592
0.001 6365.576621006122 1.000350228427699 1.558451548542796 296.6519634602072 20.27452537667143
0.0011 6365.584511406158 1.000349798166085 1.558386156454034 296.6006758599755 20.21191155686575
0.0012 6365.592443448342 1.000349366296907 1.558320711765379 296.5491175857754 20.14913759856697
0.0013 6365.600417166387 1.00034893282772 1.558255214278758 296.4972884184834 20.0862055318743
0.0014 6365.608432594131 1.000348497766105 1.558189663797057 296.4451881381482 20.0231173912479
0.0015 6365.616489765542 1.000348061119668 1.558124060124392 296.3928165239789 19.95987521540401
0.0016 6365.624588714711 1.000347622896042 1.558058403065944 296.3401733543809 19.89648104726694
0.0017 6365.632729475856 1.000347183102887 1.55799269242796 296.2872584069377 19.83293693385615
0.0018 6365.64091208332 1.000346741747888 1.557926928017854 296.2340714584169 19.76924492620158
0.0019 6365.649136571573 1.000346298838754 1.557861109644132 296.1806122847764 19.70540707925867
0.002 6365.657402975202 1.000345854383222 1.557795237116402 296.1268806611878 19.64142545184384
0.0021 6365.665711328921 1.000345408389054 1.557729310245433 296.0728763620126 19.57730210651322
0.0022 6365.674061667568 1.000344960864036 1.557663328843038 296.0185991608085 19.51303910947637
0.0023 6365.682454026097 1.00034451181598 1.557597292722245 295.9640488303706 19.44863853055152
0.0024 6365.690888439586 1.00034406125272 1.557531201697196 295.9092251426899 19.38410244302215
0.0025 6365.699364943234 1.000343609182119 1.557465055583067 295.8541278689771 19.31943292357055
0.0026 6365.707883572357 1.000343155612059 1.557398854196354 295.7987567796803 19.25463205220347
0.0027 6365.716444362389 1.00034270055045 1.557332597354489 295.7431116444731 19.18970191214276
0.0028 6365.725047348882 1.000342244005225 1.557266284876187 295.6871922322665 19.12464458974345
0.0029 6365.733692567508 1.000341785984341 1.557199916581242 295.6309983111972 19.05946217438377
0.003 6365.742380054052 1.000341326495776 1.557133492290623 295.5745296486629 18.99415675840986
0.0031 6365.751109844416 1.000340865547535 1.557067011826443 295.5177860112984 18.92873043701129
0.0032 6365.759881974615 1.000340403147641 1.557000475011981 295.460767165 18.86318530815112
0.0033 6365.768696480783 1.000339939304147 1.556933881671627 295.4034728749128 18.7975234724546
0.0034 6365.777553399161 1.000339474025121 1.556867231630985 295.3459029054551 18.73174703313822
0.0035 6365.786452766107 1.000339007318658 1.556800524716824 295.2880570203059 18.66585809589773
0.0036 6365.795394618091 1.000338539192875 1.556733760756997 295.2299349824115 18.59985876881624
0.0037 6365.804378991691 1.00033806965591 1.55666693958064 295.1715365540084 18.53375116229185
0.0038 6365.813405923598 1.000337598715921 1.556600061017986 295.1128614966123 18.46753738892475
0.0039 6365.822475450613 1.000337126381091 1.556533124900494 295.0539095710172 18.40121956341738
0.004 6365.831587609644 1.000336652659622 1.55646613106071 294.9946805373141 18.33479980249435
0.0041 6365.840742437709 1.000336177559737 1.556399079332504 294.9351741548902 18.26828022480182
0.004200000000000001 6365.849939971932 1.000335701089682 1.556331969550776 294.875390182441 18.20166295081988
0.0043 6365.859180249547 1.000335223257721 1.556264801551777 294.8153283779469 18.13495010273501
0.0044 6365.868463307889 1.00033474407214 1.556197575172776 294.7549884987201 18.06814380439133
0.004500000000000001 6365.877789184402 1.000334263541244 1.556130290252406 294.694370301387 18.00124618116879
0.0046 6365.887157916633 1.000333781673359 1.556062946630353 294.6334735418826 17.9342593598747
0.0047 6365.896569542234 1.000333298476831 1.555995544147621 294.5722979754795 17.86718546867381
0.0048 6365.906024098957 1.000332813960023 1.555928082646311 294.5108433567765 17.80002663697248
0.0049 6365.91552162466 1.00033232813132 1.555860561969844 294.4491094397102 17.73278499532858
0.005 6365.9250621573 1.000331840999126 1.555792981962719 294.3870959775494 17.6654626753417
0.0051 6365.934645734936 1.00033135257186 1.555725342470762 294.3248027229182 17.59806180957521
0.005200000000000001 6365.944272395725 1.000330862857965 1.555657643340972 294.2622294277907 17.53058453144579
0.0053 6365.953942177925 1.000330371865897 1.555589884421562 294.1993758434904 17.46303297511925
0.0054 6365.963655119893 1.000329879604134 1.555522065561928 294.1362417206968 17.39540927541244
0.005500000000000001 6365.973411260081 1.000329386081169 1.555454186612795 294.0728268094743 17.32771556772008
0.0056 6365.98321063704 1.000328891305514 1.555386247426002 294.0091308592372 17.25995398787172
0.0057 6365.993053289417 1.000328395285699 1.555318247854716 293.9451536187906 17.19212667207057
0.0058 6366.002939255952 1.000327898030268 1.555250187753275 293.8808948363134 17.12423575676901
0.0059 6366.012868575482 1.000327399547785 1.555182066977248 293.8163542593692 17.05628337857529
0.006 6366.022841286936 1.000326899846828 1.555113885383496 293.751531634913 16.98827167415369
0.0061 6366.032857429339 1.000326398935994 1.555045642830058 293.6864267092968 16.92020278012436
0.006200000000000001 6366.042917041804 1.000325896823894 1.554977339176253 293.6210392282754 16.85207883296292
0.0063 6366.053020163537 1.000325393519154 1.554908974282657 293.5553689370066 16.78390196889365
0.0064 6366.063166833837 1.000324889030416 1.554840548011118 293.489415580057 16.7156743237886
0.006500000000000001 6366.073357092089 1.00032438336634 1.554772060224648 293.4231789014196 16.64739803307873
0.0066 6366.083590977771 1.000323876535599 1.554703510787544 293.3566586444907 16.57907523162196
0.0067 6366.093868530445 1.000323368546877 1.554634899565481 293.2898545521106 16.5107080536382
0.0068 6366.104189789761 1.000322859408879 1.554566226425216 293.222766366552 16.4422986325891
0.006900000000000001 6366.11455479546 1.000322349130319 1.55449749123491 293.1553938295086 16.373849101058
0.007 6366.124963587364 1.000321837719929 1.55442869386392 293.0877366821359 16.30536159068377
0.0071 6366.135416205382 1.00032132518645 1.554359834182874 293.0197946650159 16.23683823201639
0.007200000000000001 6366.145912689509 1.000320811538639 1.554290912063676 292.9515675181927 16.16828115444419
0.0073 6366.156453079819 1.000320296785267 1.554221927379577 292.8830549811786 16.0996924860909
0.0074 6366.167037416471 1.000319780935117 1.554152880004963 292.8142567929357 16.03107435368877
0.007500000000000001 6366.177665739709 1.000319263996982 1.554083769815642 292.7451726918943 15.96242888248736
0.0076 6366.188338089852 1.000318745979671 1.554014596688578 292.6758024159643 15.89375819615592
0.0077 6366.199054507302 1.000318226892001 1.553945360502169 292.6061457025356 15.82506441667388
0.007800000000000001 6366.209815032543 1.000317706742806 1.553876061135927 292.5362022884718 15.75634966421547
0.007900000000000001 6366.220619706132 1.000317185540926 1.553806698470801 292.46597191014 15.68761605706914
0.008 6366.231468568709 1.000316663295215 1.553737272388941 292.3954543033927 15.61886571151014
0.0081 6366.242361660988 1.000316140014537 1.55366778277386 292.3246492035804 15.55010074170234
0.008200000000000001 6366.25329902376 1.000315615707767 1.55359822951028 292.2535563455625 15.48132325959952
0.0083 6366.26428069789 1.00031509038379 1.553528612484284 292.1821754637139 15.41253537484089
0.008400000000000001 6366.27530672432 1.0003145640515 1.553458931583268 292.1105062919186 15.3437391946351
0.008500000000000001 6366.286377144063 1.000314036719803 1.553389186695885 292.0385485635878 15.27493682366691
0.0086 6366.297491998207 1.000313508397611 1.553319377712164 291.966302011654 15.20613036398102
0.008700000000000001 6366.30865132791 1.000312979093848 1.553249504523337 291.8937663685823 15.13732191488293
0.008800000000000001 6366.319855174404 1.000312448817446 1.553179567022001 291.8209413663711 15.06851357282825
0.0089 6366.331103578989 1.000311917577345 1.553109565102138 291.7478267365694 14.99970743132884
0.009000000000000001 6366.342396583035 1.000311385382492 1.553039498658897 291.674422210271 14.93090558083645
0.0091 6366.353734227981 1.000310852241846 1.552969367588857 291.6007275181263 14.86211010864302
0.0092 6366.365116555333 1.000310318164368 1.552899171789867 291.5267423903364 14.79332309876433
0.009300000000000001 6366.376543606665 1.000309783159031 1.552828911161162 291.4524665566768 14.72454663185128
0.0094 6366.388015423618 1.000309247234813 1.552758585603181 291.3778997464855 14.65578278506784
0.0095 6366.399532047896 1.000308710400698 1.552688195017762 291.3030416886749 14.58703363199127
0.009600000000000001 6366.41109352127 1.000308172665677 1.552617739308112 291.2278921117435 14.51830124251198
0.0097 6366.422699885573 1.000307634038748 1.552547218378657 291.1524507437761 14.44958768272259
0.0098 6366.434351182701 1.000307094528914 1.552476632135249 291.0767173124435 14.38089501480703
0.009900000000000001 6366.446047454612 1.000306554145183 1.552405980485024 291.0006915450207 14.31222529694581
0.01 6366.457788743326 1.000306012896569 1.552335263336463 290.9243731683804 14.24358058319971
0.0101 6366.469575090923 1.00030547079209 1.552264480599388 290.8477619089994 14.17496292340435
0.0102 6366.481406539542 1.000304927840769 1.552193632184948 290.770857492976 14.1063743630753
0.0103 6366.493283131382 1.000304384051634 1.55212271800564 290.6936596460185 14.03781694328672
0.0104 6366.505204908698 1.000303839433715 1.552051737975285 290.6161680934628 13.9692927005765
0.0105 6366.517171913802 1.000303293996047 1.551980692009074 290.5383825602838 13.90080366684602
0.0106 6366.529184189065 1.000302747747669 1.551909580023511 290.4603027710785 13.83235186923389
0.0107 6366.541241776908 1.000302200697621 1.551838401936461 290.381928450095 13.76393933003156
0.0108 6366.553344719812 1.000301652854945 1.551767157667153 290.3032593212205 13.69556806656245
0.0109 6366.565493060308 1.00030110422869 1.551695847136137 290.2242951079996 13.62724009108716
0.011 6366.577686840979 1.000300554827901 1.551624470265309 290.1450355336341 13.55895741069324
0.0111 6366.589926104464 1.000300004661629 1.551553026977954 290.0654803209826 13.49072202718512
0.0112 6366.60221089345 1.000299453738924 1.551481517198683 289.9856291925729 13.42253593698442
0.0113 6366.614541250675 1.000298902068839 1.55140994085341 289.9054818706135 13.35440113103011
0.0114 6366.626917218924 1.000298349660426 1.551338297869508 289.8250380769936 13.28631959466886
0.0115 6366.639338841033 1.000297796522738 1.551266588175638 289.7442975332832 13.2182933075454
0.0116 6366.651806159886 1.000297242664828 1.551194811701834 289.6632599607391 13.15032424349831
0.0117 6366.664319218412 1.000296688095749 1.55112296837947 289.5819250803223 13.08241437046567
0.0118 6366.676878059586 1.000296132824552 1.55105105814132 289.5002926126925 13.01456565037103
0.0119 6366.689482726429 1.000295576860291 1.550979080921473 289.4183622782137 12.94678003901953
0.012 6366.702133262005 1.000295020212013 1.550907036655411 289.3361337969662 12.8790594859991
0.0121 6366.714829709423 1.000294462888768 1.550834925279956 289.2536068887524 12.81140593457683
0.0122 6366.727572111832 1.000293904899603 1.550762746733301 289.1707812730909 12.74382132158588
0.0123 6366.740360512425 1.000293346253561 1.550690500955039 289.0876566692344 12.67630757733208
0.0124 6366.753194954434 1.000292786959684 1.550618187886056 289.0042327961813 12.60886662549564
0.0125 6366.76607548113 1.000292227027012 1.550545807468666 288.9205093726522 12.54150038300448
0.0126 6366.779002135826 1.00029166646458 1.550473359646512 288.8364861171311 12.47421075996045
0.0127 6366.79197496187 1.000291105281419 1.550400844364621 288.7521627478421 12.40699965951319
0.0128 6366.80499400265 1.000290543486559 1.550328261569384 288.6675389827727 12.33986897777241
0.0129 6366.818059301589 1.000289981089022 1.550255611208554 288.582614539674 12.27282060370135
0.013 6366.831170902144 1.000289418097829 1.550182893231237 288.4973891360663 12.2058564190153
0.0131 6366.844328847808 1.000288854521993 1.550110107587969 288.4118624892457 12.13897829808036
0.0132 6366.85753318211 1.000288290370524 1.550037254230571 288.3260343162832 12.07218810780792
0.0133 6366.87078394861 1.000287725652426 1.549964333112317 288.2399043340373 12.00548770755867
0.0134 6366.884081190898 1.000287160376695 1.549891344187779 288.1534722591654 11.93887894904682
0.0135 6366.897424952597 1.000286594552325 1.54981828741294 288.0667378081179 11.87236367623091
0.0136 6366.910815277362 1.000286028188299 1.549745162745154 287.9797006971443 11.80594372521417
0.0137 6366.924252208875 1.000285461293595 1.549671970143118 287.8923606423108 11.73962092415424
0.0138 6366.937735790848 1.000284893877185 1.549598709566923 287.8047173594886 11.67339709315065
0.0139 6366.951266067019 1.00028432594803 1.549525380978036 287.7167705643773 11.60727404415961
0.014 6366.964843081154 1.000283757515087 1.549451984339271 287.6285199724992 11.54125358088679
0.0141 6366.978466877046 1.000283188587302 1.549378519614828 287.5399652991995 11.47533749868509
0.0142 6366.992137498512 1.000282619173614 1.549304986770274 287.4511062596692 11.40952758447032
0.0143 6367.005854989394 1.000282049282951 1.549231385772549 287.3619425689402 11.3438256166153
0.0144 6367.019619393555 1.000281478924233 1.549157716589971 287.2724739418903 11.27823336485313
0.0145 6367.033430754884 1.000280908106371 1.549083979192222 287.1827000932557 11.21275259018526
0.0146 6367.047289117288 1.000280336838266 1.549010173550337 287.0926207376305 11.14738504478122
0.0147 6367.061194524698 1.000279765128806 1.548936299636719 287.0022355894611 11.08213247187477
0.0148 6367.075147021064 1.000279192986872 1.548862357425201 286.9115443630816 11.01699660569026
0.0149 6367.089146650354 1.000278620421332 1.548788346890916 286.820546772696 10.95197917133097
0.015 6367.103193456555 1.000278047441042 1.548714268010407 286.7292425323902 10.88708188468936
0.0151 6367.117287483671 1.000277474054847 1.54864012076155 286.6376313561376 10.82230645235351
0.0152 6367.131428775723 1.000276900271582 1.548565905123592 286.5457129577993 10.75765457150983
0.0153 6367.145617376747 1.000276326100067 1.548491621077191 286.4534870511419 10.69312792985886
0.0154 6367.159853330796 1.00027575154911 1.548417268604319 286.3609533498255 10.62872820551076
0.0155 6367.174136681932 1.000275176627506 1.548342847688343 286.2681115674394 10.56445706691433
0.0156 6367.188467474235 1.000274601344036 1.548268358313984 286.1749614174722 10.50031617274126
0.0157 6367.202845751794 1.00027402570747 1.548193800467332 286.0815026133417 10.43630717181213
0.0158 6367.21727155871 1.000273449726559 1.548119174135826 285.987734868383 10.37243170299422
0.0159 6367.231744939097 1.000272873410045 1.548044479308288 285.8936578958718 10.30869139512433
0.016 6367.246265937073 1.000272296766651 1.547969715974869 285.799271409025 10.24508786691581
0.0161 6367.260834596771 1.000271719805087 1.547894884127123 285.7045751209884 10.18162272685844
0.0162 6367.275450962327 1.000271142534048 1.547819983757916 285.6095687448723 10.1182975731507
0.0163 6367.290115077888 1.00027056496221 1.547745014861501 285.514251993728 10.05511399359292
0.0164 6367.304826987604 1.000269987098238 1.547669977433486 285.4186245805771 9.992073565516639
0.0165 6367.31958673563 1.000269408950776 1.547594871470806 285.3226862184059 9.929177855690906
0.0166 6367.334394366128 1.000268830528453 1.547519696971785 285.2264366201711 9.86642842023713
0.0167 6367.349249923262 1.000268251839881 1.547444453936089 285.1298754987996 9.803826804540739
0.0168 6367.364153451198 1.000267672893655 1.54736914236471 285.0330025672127 9.741374543178855
0.0169 6367.379104994107 1.000267093698351 1.547293762260008 284.9358175383021 9.679073159817962
0.017 6367.394104596157 1.000266514262528 1.547218313625682 284.838320124977 9.616924167158
0.0171 6367.40915230152 1.000265934594724 1.547142796466825 284.7405100401173 9.554929066816459
0.0172 6367.424248154363 1.000265354703461 1.547067210789775 284.6423869966383 9.493089349284872
0.0173 6367.439392198857 1.000264774597242 1.546991556602289 284.5439507074315 9.43140649380722
0.0174 6367.454584479164 1.000264194284548 1.546915833913445 284.4452008854358 9.369881968341154
0.0175 6367.469825039446 1.000263613773843 1.546840042733658 284.3461372436021 9.308517229452899
0.0176 6367.485113923864 1.000263033073568 1.546764183074682 284.246759494887 9.247313722231862
0.0177 6367.500451176568 1.000262452192145 1.546688254949586 284.1470673523062 9.186272880242365
0.0178 6367.515836841708 1.000261871137976 1.546612258372796 284.0470605288991 9.125396125421254
0.0179 6367.531270963423 1.00026128991944 1.546536193360068 283.9467387377525 9.064684868012868
0.018 6367.546753585846 1.000260708544897 1.546460059928441 283.8461016920004 9.004140506490165
0.0181 6367.562284753104 1.000260127022682 1.546383858096334 283.745149104824 8.943764427476783
0.0182 6367.577864509311 1.000259545361111 1.546307587883479 283.6438806894815 8.883558005687513
0.0183 6367.593492898573 1.000258963568475 1.546231249310894 283.5422961592784 8.823522603834272
0.0184 6367.609169964985 1.000258381653043 1.546154842400961 283.4403952275969 8.763659572568207
0.0185 6367.624895752631 1.000257799623062 1.546078367177344 283.3381776078962 8.703970250404939
0.0186 6367.640670305583 1.000257217486755 1.546001823665027 283.2356430137123 8.644455963650776
0.0187 6367.656493667896 1.00025663525232 1.545925211890322 283.1327911586758 8.585118026340023
0.0188 6367.672365883614 1.000256052927933 1.545848531880841 283.0296217565059 8.525957740159448
0.0189 6367.688286996768 1.000255470521743 1.545771783665488 282.9261345210106 8.466976394377152
0.019 6367.704257051367 1.000254888041878 1.545694967274469 282.822329166116 8.408175265789149
0.0191 6367.72027609141 1.000254305496436 1.545618082739313 282.718205405837 8.349555618633133
0.0192 6367.736344160874 1.000253722893495 1.545541130092826 282.6137629543185 8.291118704543448
0.0193 6367.75246130372 1.000253140241102 1.545464109369121 282.5090015258178 8.232865762473436
0.0194 6367.768627563891 1.000252557547284 1.545387020603565 282.4039208347102 8.174798018632192
0.0195 6367.784842985306 1.000251974820035 1.545309863832864 282.2985205955132 8.116916686431967
0.0196 6367.801107611866 1.000251392067329 1.545232639094982 282.1928005228682 8.059222966413589
0.0197 6367.817421487453 1.000250809297107 1.545155346429171 282.0867603315586 8.001718046192481
0.0198 6367.83378465592 1.000250226517287 1.545077985875951 281.9803997365215 7.944403100402202
0.0199 6367.850197161103 1.000249643735759 1.545000557477115 281.8737184528298 7.887279290623034
0.02 6367.866659046812 1.000249060960383 1.544923061275747 281.7667161957223 7.830347765337089
0.0201 6367.883170356831 1.000248478198993 1.544845497316159 281.6593926805971 7.773609659865211
0.0202 6367.899731134922 1.000247895459393 1.544767865643993 281.551747623006 7.717066096305082
0.0203 6367.916341424817 1.00024731274936 1.544690166306074 281.4437807386902 7.660718183492095
0.0204 6367.93300127022 1.000246730076639 1.544612399350536 281.335491743568 7.604567016936151
0.0205 6367.949710714813 1.00024614744895 1.544534564826752 281.2268803537175 7.548613678756799
0.0206 6367.966469802243 1.000245564873979 1.544456662785329 281.1179462854237 7.492859237653022
0.0207 6367.98327857613 1.000244982359385 1.544378693278152 281.0086892551548 7.437304748837253
0.0208 6368.000137080065 1.000244399912796 1.544300656358314 280.8991089795799 7.381951253991849
0.0209 6368.017045357606 1.000243817541808 1.544222552080165 280.7892051755633 7.326799781214524
0.021 6368.03400345228 1.000243235253989 1.544144380499272 280.6789775601823 7.271851344976818
0.0211 6368.05101140758 1.000242653056874 1.544066141672457 280.5684258507325 7.217106946077521
0.0212 6368.068069266968 1.000242070957966 1.543987835657749 280.457549764711 7.162567571585595
0.0213 6368.085177073869 1.000241488964739 1.543909462514379 280.3463490198509 7.108234194810495
0.0214 6368.102334871676 1.000240907084632 1.543831022302843 280.2348233341044 7.054107775247278
0.0215 6368.119542703745 1.000240325325054 1.543752515084795 280.1229724256599 7.000189258540267
0.0216 6368.136800613393 1.000239743693381 1.543673940923149 280.0107960129425 6.946479576439129
0.0217 6368.154108643905 1.000239162196956 1.543595299881988 279.8982938146195 6.892979646758949
0.0218 6368.171466838522 1.000238580843088 1.543516592026589 279.7854655496066 6.839690373341412
0.0219 6368.188875240451 1.000237999639055 1.543437817423438 279.6723109370677 6.786612646014321
0.022 6368.206333892856 1.0002374185921 1.543358976140229 279.5588296964328 6.733747340560583
0.0221 6368.223842838865 1.000236837709431 1.543280068245807 279.4450215473802 6.681095318671738
0.0222 6368.241402121559 1.000236256998224 1.543201093810203 279.330886209866 6.628657427924709
0.0223 6368.259011783984 1.00023567646562 1.543122052904632 279.2164234041064 6.57643450173775
0.0224 6368.276671869137 1.000235096118726 1.543042945601479 279.1016328506074 6.524427359349322
0.0225 6368.294382419977 1.000234515964612 1.542963771974291 278.9865142701468 6.472636805776475
0.0226 6368.312143479416 1.000233936010315 1.542884532097774 278.871067383798 6.421063631793252
0.0227 6368.329955090321 1.000233356262835 1.542805226047795 278.7552919129124 6.36970861389162
0.0228 6368.347817295516 1.000232776729139 1.54272585390136 278.6391875791486 6.318572514264774
0.0229 6368.365730137774 1.000232197416155 1.542646415736638 278.5227541044668 6.267656080775716
0.023 6368.383693659828 1.000231618330778 1.542566911632904 278.4059912111169 6.216960046924665
0.0231 6368.401707904359 1.000231039479863 1.542487341670588 278.288898621668 6.166485131835769
0.0232 6368.419772913999 1.000230460870232 1.542407705931278 278.1714760590083 6.116232040231946
0.0233 6368.437888731332 1.000229882508668 1.542328004497628 278.0537232463397 6.066201462408547
0.0234 6368.456055398894 1.000229304401917 1.542248237453452 277.9356399071888 6.016394074215864
0.0235 6368.474272959168 1.00022872655669 1.542168404883646 277.8172257654077 5.966810537037825
0.0236 6368.492541454587 1.000228148979657 1.542088506874234 277.6984805451851 5.917451497776896
0.0237 6368.510860927532 1.000227571677454 1.542008543512329 277.5794039710412 5.868317588832785
0.0238 6368.529231420332 1.000226994656675 1.541928514886156 277.4599957678446 5.819409428092252
0.0239 6368.54765297526 1.00022641792388 1.541848421085 277.3402556608129 5.770727618912732
0.024 6368.566125634537 1.000225841485587 1.54176826219926 277.2201833755065 5.722272750104915
0.0241 6368.584649440331 1.000225265348279 1.541688038320392 277.0997786378465 5.674045395926218
0.0242 6368.603224434753 1.000224689518396 1.541607749540915 276.9790411741027 5.626046116063562
0.0243 6368.621850659858 1.000224114002344 1.54152739595443 276.8579707109233 5.578275455633982
0.0244 6368.640528157644 1.000223538806485 1.541446977655603 276.736566975317 5.530733945167602
0.0245 6368.659256970051 1.000222963937144 1.541366494740144 276.6148296946711 5.483422100606023
0.0246 6368.678037138962 1.000222389400608 1.541285947304796 276.4927585967451 5.436340423292655
0.0247 6368.696868706202 1.00022181520312 1.54120533544736 276.3703534096888 5.389489399973533
0.0248 6368.715751713536 1.000221241350886 1.54112465926667 276.2476138620185 5.342869502783532
0.0249 6368.734686202667 1.000220667850072 1.541043918862578 276.1245396826642 5.296481189260986
0.025 6368.753672215241 1.000220094706803 1.540963114335945 276.0011306009345 5.250324902332016
0.0251 6368.772709792841 1.000219521927163 1.540882245788693 275.8773863465339 5.204401070316523
0.0252 6368.791798976988 1.000218949517195 1.540801313323704 275.7533066495806 5.158710106935231
0.0253 6368.810939809138 1.000218377482903 1.540720317044877 275.6288912406011 5.1132524113092
0.0254 6368.83013233069 1.000217805830247 1.540639257057109 275.5041398505176 5.068028367958678
0.0255 6368.849376582972 1.00021723456515 1.540558133466293 275.3790522106841 5.023038346820477
0.0256 6368.868672607252 1.000216663693489 1.540476946379275 275.2536280528624 4.978282703245111
0.0257 6368.888020444732 1.000216093221104 1.540395695903906 275.1278671092399 4.933761778010306
0.0258 6368.907420136547 1.000215523153789 1.540314382148999 275.0017691124416 4.889475897333523
0.0259 6368.926871723768 1.000214953497299 1.540233005224293 274.8753337955062 4.845425372873351
0.026 6368.946375247398 1.000214384257346 1.540151565240519 274.7485608919159 4.801610501751005
0.0261 6368.965930748372 1.000213815439601 1.540070062309328 274.6214501355843 4.75803156655857
0.0262 6368.985538267557 1.00021324704969 1.539988496543341 274.4940012608803 4.714688835380844
0.0263 6369.005197845751 1.0002126790932 1.539906868056093 274.3662140026162 4.671582561806259
0.0264 6369.024909523684 1.000212111575673 1.53982517696203 274.2380880960535 4.628712984945287
0.0265 6369.044673342014 1.000211544502611 1.539743423376531 274.109623276909 4.586080329450132
0.0266 6369.064489341331 1.000210977879469 1.539661607415887 273.9808192813488 4.543684805531839
0.0267 6369.084357562152 1.000210411711663 1.539579729197284 273.8516758460117 4.501526608988482
0.0268 6369.104278044922 1.000209846004564 1.539497788838801 273.7221927080039 4.459605921224826
0.0269 6369.124250830017 1.0002092807635 1.539415786459411 273.5923696048866 4.417922909271572
0.027 6369.144275957739 1.000208715993757 1.539333722178968 273.4622062746997 4.376477725817425
0.0271 6369.164353468313 1.000208151700576 1.539251596118192 273.3317024559682 4.335270509236575
0.0272 6369.184483401895 1.000207587889156 1.539169408398668 273.2008578876838 4.294301383610101
0.0273 6369.204665798564 1.000207024564651 1.539087159142838 273.069672309335 4.253570458763638
0.0274 6369.224900698325 1.000206461732172 1.539004848474001 272.9381454608891 4.213077830291468
0.0275 6369.245188141106 1.000205899396786 1.538922476516285 272.80627708281 4.172823579593031
0.0276 6369.265528166762 1.000205337563517 1.538840043394676 272.6740669160462 4.132807773901631
0.0277 6369.285920815068 1.000204776237344 1.538757549234945 272.5415147020548 4.093030466325279
0.0278 6369.306366125725 1.000204215423203 1.538674994163725 272.4086201827894 4.053491695878034
0.0279 6369.326864138354 1.000203655125985 1.538592378308424 272.2753831007002 4.014191487516357
0.028 6369.347414892499 1.000203095350538 1.538509701797274 272.1418031987577 3.975129852183712
0.0281 6369.368018427625 1.000202536101664 1.538426964759276 272.0078802204406 3.936306786845918
0.0282 6369.388674783118 1.000201977384121 1.538344167324262 271.8736139097304 3.897722274529725
0.0283 6369.409383998286 1.000201419202625 1.538261309622791 271.7390040111403 3.859376284372891
0.0284 6369.430146112355 1.000200861561846 1.538178391786212 271.6040502696923 3.821268771660198
0.0285 6369.450961164471 1.000200304466408 1.538095413946649 271.4687524309401 3.783399677874337
0.0286 6369.471829193697 1.000199747920894 1.538012376236952 271.3331102409696 3.745768930741253
0.0287 6369.492750239018 1.000199191929838 1.537929278790739 271.1971234463812 3.708376444271963
0.0288 6369.513724339336 1.000198636497734 1.53784612174235 271.0607917943188 3.671222118818792
0.0289 6369.534751533467 1.000198081629028 1.537762905226859 270.9241150324646 3.634305841122963
0.029 6369.55583186015 1.000197527328123 1.537679629380051 270.7870929090267 3.597627484362012
0.0291 6369.576965358036 1.000196973599377 1.53759629433843 270.6497251727691 3.561186908209615
0.0292 6369.598152065693 1.000196420447103 1.537512900239199 270.5120115729936 3.524983958883922
0.0293 6369.619392021607 1.00019586787557 1.537429447220265 270.373951859552 3.489018469205105
0.0294 6369.640685264178 1.000195315889002 1.537345935420194 270.2355457828456 3.453290258650997
0.0295 6369.662031831718 1.000194764491576 1.53726236497826 270.0967930938317 3.417799133415528
0.0296 6369.683431762458 1.000194213687429 1.537178736034382 269.9576935440231 3.382544886466861
0.0297 6369.704885094539 1.000193663480649 1.537095048729143 269.8182468854942 3.34752729760829
0.0298 6369.72639186602 1.000193113875281 1.537011303203781 269.6784528708694 3.31274613353593
0.0299 6369.747952114869 1.000192564875326 1.536927499600171 269.5383112533522 3.278201147907981
0.03 6369.769565878968 1.000192016484738 1.536843638060824 269.3978217867078 3.24389208140335
0.0301 6369.791233196113 1.000191468707428 1.536759718728887 269.2569842252632 3.209818661786036
0.0302 6369.812954104011 1.000190921547263 1.536675741748089 269.1157983239303 3.175980603976394
0.0303 6369.834728640278 1.000190375008064 1.536591707262782 268.9742638381948 3.142377610114926
0.0304 6369.856556842446 1.000189829093607 1.536507615417941 268.8323805241038 3.109009369627465
0.0305 6369.878438747954 1.000189283807624 1.536423466359091 268.6901481383014 3.075875559302691
0.0306 6369.900374394153 1.000188739153803 1.536339260232344 268.5475664380054 3.042975843356816
0.0307 6369.922363818303 1.000188195135787 1.536254997184407 268.4046351810306 3.010309873510529
0.0308 6369.944407057576 1.000187651757175 1.536170677362517 268.2613541257532 2.977877289053516
0.0309 6369.966504149052 1.000187109021521 1.536086300914477 268.1177230311645 2.945677716930402
0.031 6369.988655129719 1.000186566932334 1.536001867988641 267.973741656829 2.913710771806278
0.0311 6370.010860036474 1.00018602549308 1.535917378733875 267.8294097629204 2.881976056150745
0.0312 6370.033118906123 1.00018548470718 1.535832833299588 267.6847271101973 2.850473160309848
0.0313 6370.055431775382 1.000184944578012 1.5357482318357 267.5396934600157 2.819201662587062
0.0314 6370.077798680871 1.000184405108908 1.535663574492633 267.3943085743402 2.788161129325276
0.0315 6370.100219659118 1.000183866303157 1.535578861421317 267.2485722157329 2.757351114984766
0.0316 6370.122694746561 1.000183328164005 1.535494092773147 267.1024841473526 2.726771162224901
0.0317 6370.145223979542 1.000182790694653 1.535409268700023 266.9560441329789 2.696420801991829
0.0318 6370.167807394309 1.000182253898257 1.535324389354288 266.8092519369947 2.666299553598515
0.0319 6370.190445027018 1.000181717777932 1.535239454888778 266.6621073243854 2.636406924809669
0.032 6370.213136913731 1.000181182336749 1.535154465456746 266.5146100607516 2.606742411930105
0.0321 6370.235883090413 1.000180647577733 1.535069421211906 266.3667599123145 2.577305499892856
0.0322 6370.258683592937 1.000180113503868 1.534984322308404 266.2185566459101 2.54809566234594
0.0323 6370.281538457079 1.000179580118095 1.534899168900774 266.0700000289834 2.519112361740246
0.0324 6370.304447718522 1.00017904742331 1.534813961144027 265.9210898296059 2.490355049423045
0.0325 6370.327411412852 1.000178515422367 1.534728699193526 265.771825816464 2.461823165726706
0.0326 6370.350429575558 1.000177984118079 1.534643383205037 265.6222077588708 2.433516140062984
0.0327 6370.373502242036 1.000177453513212 1.534558013334727 265.4722354267659 2.405433391015965
0.0328 6370.396629447582 1.000176923610493 1.534472589739133 265.3219085907157 2.377574326435997
0.0329 6370.419811227399 1.000176394412605 1.534387112575142 265.1712270219072 2.349938343533499
0.033 6370.443047616592 1.000175865922189 1.534301582000019 265.020190492154 2.322524828975927
0.0331 6370.466338650168 1.000175338141845 1.534215998171357 264.8687987739085 2.295333158986664
0.0332 6370.489684363038 1.000174811074127 1.534130361247109 264.7170516402551 2.268362699441582
0.0333 6370.513084790015 1.000174284721553 1.534044671385514 264.5649488648995 2.241612805965528
0.0334 6370.536539965815 1.000173759086594 1.533958928745192 264.4124902222032 2.21508282403805
0.0335 6370.560049925055 1.000173234171682 1.533873133485015 264.2596754871428 2.188772089086434
0.0336 6370.583614702256 1.000172709979207 1.533787285764187 264.1065044353389 2.162679926592104
0.0337 6370.607234331838 1.00017218651152 1.53370138574217 263.952976843051 2.136805652191605
0.0338 6370.630908848126 1.000171663770926 1.533615433578755 263.7990924871827 2.111148571780451
0.0339 6370.654638285344 1.000171141759695 1.533529429433953 263.6448511452644 2.085707981613869
0.034 6370.678422677617 1.00017062048005 1.533443373468077 263.4902525954884 2.060483168417173
0.0341 6370.702262058973 1.000170099934179 1.53335726584167 263.3352966166739 2.03547340948518
0.0342 6370.726156463341 1.000169580124228 1.533271106715494 263.1799829882842 2.010677972791235
0.0343 6370.750105924549 1.000169061052302 1.533184896250597 263.0243114904332 1.986096117094956
0.0344 6370.774110476326 1.000168542720465 1.533098634608219 262.8682819038789 1.961727092048849
0.0345 6370.798170152303 1.000168025130745 1.533012321949813 262.7118940100298 1.937570138307527
0.0346 6370.822284986009 1.000167508285127 1.532925958437031 262.5551475909386 1.913624487635812
0.0347 6370.846455010877 1.000166992185559 1.532839544231748 262.3980424293026 1.889889363018487
0.0348 6370.870680260235 1.000166476833948 1.532753079495996 262.2405783084749 1.866363978772496
0.0349 6370.894960767315 1.000165962232163 1.532666564391985 262.0827550124535 1.843047540656241
0.035 6370.919296565249 1.000165448382036 1.532579999082089 261.9245723258804 1.819939245981363
0.0351 6370.943687687066 1.000164935285358 1.532493383728863 261.7660300340716 1.797038283729427
0.0352 6370.968134165696 1.000164422943884 1.532406718494982 261.6071279229758 1.774343834658865
0.0353 6370.99263603397 1.000163911359328 1.532320003543268 261.4478657791977 1.75185507142207
0.0354 6371.017193324616 1.00016340053337 1.532233239036675 261.2882433899985 1.729571158679578
0.0355 6371.041806070263 1.000162890467651 1.53214642513827 261.1282605432892 1.707491253214015
0.0356 6371.06647430344 1.000162381163773 1.532059562011221 260.9679170276376 1.685614504046274
0.0357 6371.091198056575 1.000161872623305 1.531972649818814 260.8072126322612 1.663940052550595
0.0358 6371.115977361993 1.000161364847774 1.531885688724419 260.646147147046 1.642467032573367
0.0359 6371.14081225192 1.000160857838676 1.531798678891481 260.4847203625221 1.621194570546853
0.036 6371.165702758482 1.000160351597468 1.531711620483514 260.32293206987 1.600121785607472
0.0361 6371.190648913701 1.00015984612557 1.531624513664097 260.1607820609441 1.579247789716755
0.0362 6371.215650749503 1.000159341424369 1.531537358596872 259.9982701282314 1.558571687774341
0.0363 6371.240708297708 1.000158837495216 1.531450155445513 259.8353960648986 1.538092577742866
0.0364 6371.265821590038 1.000158334339424 1.531362904373731 259.6721596647511 1.517809550761902
0.0365 6371.290990658114 1.000157831958275 1.531275605545256 259.5085607222621 1.497721691271346
0.0366 6371.316215533453 1.000157330353014 1.531188259123841 259.3445990325553 1.477828077129214
0.0367 6371.341496247474 1.000156829524854 1.531100865273251 259.1802743914162 1.458127779733506
0.0368 6371.366832831495 1.000156329474971 1.531013424157232 259.015586595281 1.438619864141538
0.0369 6371.39222531673 1.000155830204509 1.530925935939536 258.8505354412536 1.419303389193139
0.03700000000000001 6371.417673734294 1.00015533171458 1.530838400783876 258.6851207270882 1.400177407629962
0.0371 6371.443178115202 1.00015483400626 1.530750818853948 258.5193422511896 1.381240966217248
0.0372 6371.468738490365 1.000154337080593 1.530663190313397 258.3531998126244 1.3624931058672
0.0373 6371.494354890597 1.000153840938592 1.530575515325826 258.1866932111215 1.343932861761221
0.0374 6371.520027346606 1.000153345581237 1.530487794054789 258.0198222470598 1.325559263471109
0.0375 6371.545755889005 1.000152851009475 1.530400026663752 257.8525867214688 1.307371335081845
0.0376 6371.571540548301 1.000152357224223 1.530312213316132 257.684986436046 1.289368095316497
0.0377 6371.597381354903 1.000151864226366 1.530224354175231 257.517021193133 1.27154855765681
0.0378 6371.623278339118 1.000151372016758 1.530136449404281 257.3486907957339 1.253911730468459
0.0379 6371.649231531153 1.000150880596222 1.530048499166407 257.1799950475028 1.236456617123292
0.038 6371.675240961115 1.000150389965552 1.529960503624608 257.01093375275 1.219182216123596
0.0381 6371.701306659008 1.000149900125511 1.529872462941797 256.8415067164482 1.202087521226437
0.0382 6371.727428654737 1.000149411076831 1.529784377280713 256.6717137442082 1.185171521565136
0.0383 6371.753606978107 1.000148922820219 1.529696246803988 256.5015546423032 1.16843320177562
0.0384 6371.779841658823 1.000148435356347 1.529608071674112 256.3310292176506 1.151871542118671
0.0385 6371.806132726488 1.000147948685863 1.529519852053397 256.1601372778299 1.135485518605732
0.0386 6371.832480210605 1.000147462809385 1.529431588104001 255.9888786310652 1.119274103121269
0.03870000000000001 6371.858884140581 1.000146977727503 1.529343279987921 255.8172530862247 1.103236263546916
0.0388 6371.885344545716 1.000146493440781 1.529254927866943 255.6452604528448 1.087370963887782
0.0389 6371.911861455217 1.000146009949751 1.529166531902716 255.4729005410885 1.071677164392674
0.039 6371.938434898188 1.000145527254924 1.529078092256644 255.300173161775 1.056153821680893
0.0391 6371.965064903634 1.000145045356781 1.528989609089933 255.1270781263796 1.040799888866159
0.0392 6371.991751500459 1.000144564255776 1.528901082563605 254.9536152470163 1.025614315678903
0.0393 6372.01849471747 1.000144083952339 1.528812512838427 254.7797843364432 1.010596048590609
0.0394 6372.045294583376 1.000143604446875 1.528723900074941 254.6055852080571 0.9957440309369878
0.0395 6372.072151126783 1.000143125739762 1.528635244433462 254.4310176759108 0.9810572030430325
0.0396 6372.099064376201 1.000142647831353 1.528546546074044 254.2560815546957 0.9665345023448593
0.0397 6372.12603436004 1.000142170721978 1.528457805156504 254.0807766597417 0.9521748635129391
0.0398 6372.153061106612 1.000141694411942 1.528369021840379 253.9051028070229 0.9379772185756033
0.0399 6372.180144644131 1.000141218901526 1.528280196284947 253.7290598131461 0.9239404970408914
0.04 6372.207285000713 1.000140744190988 1.528191328649195 253.5526474953684 0.9100636260205477
0.0401 6372.234482204374 1.000140270280564 1.528102419091826 253.3758656715676 0.896345530350011
0.0402 6372.261736283035 1.000139797170466 1.528013467771256 253.1987141602716 0.8827851327128118
0.0403 6372.289047264519 1.000139324860882 1.527924474845604 253.0211927806293 0.8693813537600618
0.04040000000000001 6372.316415176548 1.000138853351982 1.527835440472649 252.8433013524399 0.8561331122341941
0.0405 6372.34384004675 1.000138382643913 1.527746364809874 252.665039696123 0.8430393250878788
0.0406 6372.371321902658 1.000137912736798 1.52765724801445 252.4864076327252 0.8300989076053357
0.0407 6372.398860771702 1.000137443630744 1.527568090243182 252.3074049839373 0.8173107735240744
0.0408 6372.426456681222 1.000136975325832 1.527478891652559 252.1280315720591 0.8046738351524401
0.0409 6372.454109658455 1.000136507822128 1.527389652398723 251.9482872200405 0.7921870034922649
0.041 6372.481819730549 1.000136041119677 1.527300372637435 251.7681717514346 0.7798491883548295
0.0411 6372.509586924549 1.000135575218501 1.527211052524126 251.5876849904329 0.7676592984822224
0.0412 6372.53741126741 1.000135110118609 1.527121692213836 251.4068267618358 0.7556162416637374
0.0413 6372.565292785987 1.000134645819986 1.527032291861242 251.2255968910821 0.7437189248558275
0.0414 6372.593231507045 1.000134182322603 1.52694285162062 251.0439952042078 0.7319662542968487
0.0415 6372.621227457249 1.00013371962641 1.526853371645871 250.8620215278814 0.7203571356263969
0.04160000000000001 6372.649280663171 1.000133257731342 1.526763852090489 250.6796756893863 0.7088904740006063
0.0417 6372.67739115129 1.000132796637315 1.526674293107576 250.4969575166145 0.6975651742077372
0.0418 6372.705558947989 1.00013233634423 1.526584694849796 250.3138668380733 0.6863801407839534
0.0419 6372.733784079556 1.00013187685197 1.526495057469429 250.1304034828844 0.6753342781281482
0.042 6372.762066572189 1.000131418160405 1.52640538111831 249.9465672807727 0.6644264906154818
0.04210000000000001 6372.790406451988 1.000130960269386 1.526315665947837 249.7623580620779 0.6536556827117485
0.0422 6372.818803744964 1.00013050317875 1.526225912108998 249.5777756577367 0.64302075908537
0.0423 6372.847258477032 1.000130046888321 1.526136119752294 249.3928198992888 0.6325206247201776
0.0424 6372.875770674018 1.000129591397906 1.526046289027816 249.2074906188831 0.6221541850275021
0.0425 6372.904340361652 1.000129136707301 1.525956420085174 249.0217876492651 0.6119203459566014
0.0426 6372.932967565572 1.000128682816285 1.525866513073525 248.8357108237836 0.6018180141054117
0.0427 6372.961652311326 1.000128229724626 1.525776568141554 248.6492599763786 0.5918460968296259
0.0428 6372.990394624373 1.000127777432079 1.52568658543746 248.4624349415752 0.5820035023514231
0.0429 6373.019194530076 1.000127325938386 1.52559656510898 248.2752355545075 0.5722891398690121
0.043 6373.04805205371 1.000126875243276 1.525506507303362 248.087661650883 0.5627019196623152
0.0431 6373.076967220458 1.000126425346468 1.525416412167335 247.899713067024 0.553240753201895
0.0432 6373.105940055414 1.00012597624767 1.525326279847159 247.7113896398085 0.5439045532519673
0.04330000000000001 6373.134970583582 1.000125527946577 1.525236110488569 247.5226912067177 0.5346922339780401
0.0434 6373.164058829877 1.000125080442874 1.525145904236815 247.3336176058 0.52560271104959
0.0435 6373.193204819122 1.000124633736238 1.525055661236596 247.144168675707 0.5166349017453976
0.0436 6373.222408576054 1.000124187826333 1.52496538163212 246.9543442556459 0.5077877250540674
0.0437 6373.251670125323 1.000123742712815 1.524875065567053 246.7641441854033 0.4990601017771292
0.0438 6373.280989491484 1.000123298395332 1.524784713184532 246.5735683053512 0.4904509546303777
0.0439 6373.310366699012 1.000122854873522 1.52469432462716 246.3826164564229 0.4819592083430037
0.044 6373.339801772289 1.000122412147014 1.524603900036993 246.1912884801194 0.473583789757215
0.0441 6373.369294735613 1.000121970215431 1.524513439555563 245.9995842185152 0.4653236279269268
0.0442 6373.398845613192 1.000121529078387 1.524422943323807 245.8075035142523 0.4571776542150108
0.0443 6373.42845442915 1.00012108873549 1.524332411482139 245.6150462105223 0.449144802389146
0.0444 6373.458121207525 1.000120649186339 1.524241844170404 245.4222121510846 0.4412240087182423
0.0445 6373.487845972269 1.000120210430529 1.524151241527879 245.2290011802542 0.4334142120666483
0.0446 6373.517628747246 1.000119772467647 1.524060603693253 245.0354131429016 0.4257143539879027
0.0447 6373.547469556239 1.000119335297276 1.523969930804677 244.8414478844473 0.4181233788172765
0.0448 6373.577368422943 1.000118898918992 1.5238792229997 244.6471052508736 0.4106402337640165
0.0449 6373.60732537097 1.000118463332366 1.523788480415272 244.4523850886943 0.4032638690009874
0.04500000000000001 6373.637340423849 1.000118028536967 1.523697703187782 244.2572872449795 0.3959932377553731
0.0451 6373.667413605024 1.000117594532356 1.523606891453022 244.0618115673427 0.3888272963969706
0.0452 6373.697544937856 1.000117161318091 1.523516045346185 243.8659579039357 0.3817650045257016
0.0453 6373.727734445623 1.000116728893729 1.523425165001842 243.6697261034482 0.3748053250583022
0.0454 6373.757982151523 1.000116297258822 1.523334250553991 243.4731160151017 0.3679472243137478
0.0455 6373.788288078668 1.000115866412917 1.523243302136 243.276127488656 0.361189672098029
0.0456 6373.818652250091 1.000115436355561 1.52315231988065 243.0787603744087 0.3545316417876305
0.0457 6373.849074688744 1.000115007086299 1.523061303920078 242.8810145231658 0.3479721104109461
0.0458 6373.879555417496 1.000114578604673 1.522970254385819 242.6828897862773 0.3415100587307957
0.0459 6373.910094459136 1.000114150910224 1.52287917140879 242.4843860156133 0.3351444713238364
0.046 6373.940691836375 1.000113724002491 1.522788055119261 242.2855030635641 0.328874336659672
0.0461 6373.971347571843 1.000113297881012 1.5226969056469 242.0862407830226 0.3226986471782906
0.0462 6374.002061688089 1.000112872545327 1.522605723120725 241.8865990274197 0.3166163993680289
0.0463 6374.032834207586 1.000112447994973 1.522514507669124 241.6865776506887 0.3106265938401769
0.0464 6374.063665152728 1.000112024229487 1.522423259419849 241.4861765072654 0.3047282354035739
0.0465 6374.094554545831 1.00011160124841 1.522331978499999 241.2853954521 0.2989203331383857
0.0466 6374.125502409131 1.000111179051279 1.522240665036065 241.0842343406511 0.2932019004681782
0.04670000000000001 6374.156508764787 1.000110757637636 1.522149319153839 240.8826930288855 0.2875719552309985
0.0468 6374.187573634884 1.000110337007022 1.522057940978512 240.680771373255 0.2820295197486333
0.0469 6374.21869704143 1.000109917158981 1.521966530634595 240.4784692307079 0.2765736208956938
0.047 6374.249879006355 1.000109498093058 1.521875088245954 240.2757864586951 0.2712032901673199
0.0471 6374.281119551514 1.000109079808801 1.521783613935803 240.0727229151579 0.2659175637452071
0.0472 6374.31241869869 1.000108662305761 1.521692107826695 239.8692784585168 0.2607154825624636
0.0473 6374.343776469585 1.000108245583491 1.52160057004051 239.6654529476945 0.2555960923681679
0.0474 6374.375192885834 1.000107829641548 1.52150900069849 239.4612462420808 0.2505584437892043
0.0475 6374.406667968991 1.000107414479492 1.521417399921201 239.2566582015564 0.2456015923923878
0.0476 6374.438201740542 1.000107000096887 1.521325767828537 239.0516886864747 0.2407245987443247
0.0477 6374.469794221897 1.000106586493301 1.521234104539738 238.8463375576679 0.2359265284706384
0.0478 6374.501445434395 1.000106173668307 1.521142410173346 238.6406046764354 0.2312064523135383
0.04790000000000001 6374.533155399301 1.000105761621482 1.521050684847275 238.4344899045435 0.2265634461884471
0.048 6374.56492413781 1.000105350352409 1.520958928678734 238.2279931042375 0.2219965912396421
0.0481 6374.596751671043 1.000104939860673 1.520867141784272 238.0211141382177 0.2175049738938594
0.0482 6374.628638020055 1.00010453014587 1.520775324279752 237.8138528696398 0.2130876859132079
0.0483 6374.660583205826 1.000104121207597 1.52068347628037 237.6062091621324 0.2087438244471954
0.04840000000000001 6374.692587249267 1.000103713045458 1.52059159790065 237.3981828797672 0.204472492082502
0.0485 6374.724650171221 1.000103305659064 1.520499689254418 237.1897738870656 0.20027279689227
0.0486 6374.75677199246 1.000102899048034 1.520407750454841 236.9809820490099 0.1961438524842398
0.0487 6374.788952733688 1.000102493211991 1.520315781614401 236.7718072310257 0.192084778047032
0.0488 6374.82119241554 1.000102088150567 1.520223782844882 236.5622492989881 0.188094698395653
0.0489 6374.853491058585 1.0001016838634 1.520131754257424 236.3523081191978 0.184172744015181
0.049 6374.885848683322 1.000101280350136 1.520039695962441 236.1419835584046 0.1803180511040971
0.0491 6374.918265310185 1.000100877610429 1.519947608069696 235.931275483796 0.1765297616156715
0.0492 6374.950740959541 1.00010047564394 1.519855490688258 235.7201837629849 0.1728070232981139
0.0493 6374.98327565169 1.00010007445034 1.519763343926523 235.508708264016 0.1691489897337871
0.0494 6375.015869406866 1.000099674029307 1.519671167892179 235.2968488553714 0.1655548203771462
0.0495 6375.04852224524 1.000099274380528 1.519578962692259 235.084605405941 0.1620236805908217
0.04960000000000001 6375.081234186916 1.000098875503699 1.519486728433102 234.8719777850464 0.1585547416813583
0.0497 6375.114005251935 1.000098477398525 1.519394465220359 234.6589658624229 0.1551471809329935
0.0498 6375.146835460273 1.000098080064719 1.519302173159013 234.4455695082255 0.1518001816405796
0.0499 6375.179724831842 1.000097683502006 1.51920985235334 234.2317885930291 0.1485129331411482
0.05 6375.212673386492 1.00009728771012 1.519117502906965 234.0176229877987 0.1452846308437817
0.05010000000000001 6375.245681144012 1.000096892688802 1.519025124922794 233.803072563925 0.142114476259236
0.0502 6375.278748124124 1.000096498437807 1.518932718503103 233.5881371931945 0.1390016770273212
0.0503 6375.311874346494 1.000096104956898 1.518840283749428 233.3728167477901 0.1359454469435025
0.0504 6375.345059830722 1.000095712245849 1.518747820762679 233.1571111003085 0.1329450059845039
0.0505 6375.378304596349 1.000095320304444 1.518655329643052 232.9410201237305 0.1299995803320041
0.0506 6375.411608662856 1.000094929132479 1.518562810490079 232.724543691433 0.1271084023956958
0.0507 6375.444972049663 1.000094538729759 1.518470263402622 232.5076816771892 0.1242707108349398
0.0508 6375.478394776131 1.000094149096103 1.518377688478846 232.2904339551504 0.1214857505789687
0.0509 6375.51187686156 1.000093760231337 1.518285085816261 232.0728003998582 0.1187527728462646
0.051 6375.545418325196 1.000093372135304 1.518192455511692 231.8547808862266 0.116071035162341
0.0511 6375.579019186221 1.000092984807853 1.518099797661297 231.6363752895658 0.113439801376834
0.0512 6375.612679463762 1.000092598248848 1.518007112360577 231.4175834855463 0.1108583416786618
0.05130000000000001 6375.646399176889 1.000092212458163 1.517914399704334 231.1984053502232 0.108325932610711
0.0514 6375.680178344613 1.000091827435687 1.517821659786732 230.978840760018 0.1058418570828328
0.0515 6375.714016985889 1.000091443181317 1.517728892701246 230.7588895917187 0.103405404383869
0.0516 6375.747915119618 1.000091059694964 1.517636098540705 230.5385517224857 0.1010158701925602
0.0517 6375.781872764642 1.000090676976553 1.517543277397275 230.3178270298284 0.09867255658696092
0.05180000000000001 6375.815889939749 1.000090295026018 1.517450429362437 230.0967153916284 0.09637477205320401
0.0519 6375.849966663674 1.000089913843309 1.517357554527042 229.8752166861162 0.09412183149259724
0.052 6375.884102955096 1.000089533428387 1.517264652981272 229.653330791877 0.09191305622788917
0.0521 6375.918298832637 1.000089153781226 1.517171724814665 229.4310575878566 0.08974777400838095
0.0522 6375.95255431487 1.000088774901811 1.517078770116103 229.2083969533436 0.08762531901367084
0.0523 6375.986869420313 1.000088396790143 1.5169857889738 228.9853487679637 0.08554503185639976
0.0524 6376.02124416743 1.000088019446234 1.516892781475343 228.7619129117032 0.08350625958415114
0.0525 6376.055678574635 1.00008764287011 1.516799747707685 228.5380892648735 0.08150835567968616
0.0526 6376.090172660287 1.000087267061811 1.516706687757111 228.3138777081348 0.07955068006063
0.0527 6376.124726442697 1.000086892021387 1.516613601709274 228.0892781224724 0.0776325990776356
0.0528 6376.15933994012 1.000086517748906 1.516520489649193 227.8642903892204 0.07575348551188089
0.0529 6376.194013170765 1.000086144244444 1.516427351661269 227.6389143900263 0.07391271857098602
0.05300000000000001 6376.228746152789 1.000085771508096 1.516334187829237 227.4131500068746 0.07210968388437193
0.0531 6376.263538904297 1.000085399539966 1.516240998236238 227.1869971220689 0.07034377349721736
0.0532 6376.298391443348 1.000085028340174 1.516147782964768 226.9604556182379 0.06861438586356819
0.0533 6376.333303787948 1.000084657908852 1.5160545420967 226.7335253783357 0.06692092583836201
0.0534 6376.368275956059 1.000084288246148 1.515961275713303 226.5062062856176 0.06526280466825803
0.05350000000000001 6376.403307965589 1.000083919352221 1.515867983895216 226.2784982236702 0.06363943998185179
0.0536 6376.438399834403 1.000083551227245 1.515774666722468 226.0504010763815 0.06205025577845165
0.0537 6376.473551580316 1.000083183871408 1.51568132427447 225.8219147279468 0.06049468241613044
0.0538 6376.508763221095 1.00008281728491 1.515587956630061 225.5930390628808 0.05897215659883112
0.0539 6376.544034774462 1.000082451467967 1.515494563867428 225.3637739659938 0.05748212136226468
0.054 6376.579366258093 1.000082086420807 1.515401146064195 225.1341193223974 0.05602402605905931
0.0541 6376.614757689615 1.000081722143673 1.515307703297381 224.9040750175049 0.05459732634292232
0.05420000000000001 6376.650209086612 1.000081358636821 1.515214235643401 224.673640937025 0.05320148415183448
0.0543 6376.685720466621 1.000080995900521 1.515120743178103 224.4428169669621 0.0518359676903638
0.0544 6376.721291847137 1.000080633935056 1.515027225976722 224.2116029936104 0.05050025141103698
0.0545 6376.756923245607 1.000080272740723 1.514933684113942 223.9799989035536 0.04919381599485401
0.0546 6376.792614679436 1.000079912317835 1.514840117663848 223.748004583665 0.04791614833091923
0.05470000000000001 6376.828366165985 1.000079552666714 1.514746526699958 223.5156199210959 0.04666674149514029
0.0548 6376.864177722571 1.0000791937877 1.514652911295228 223.2828448032873 0.04544509472820198
0.0549 6376.900049366468 1.000078835681145 1.514559271522036 223.0496791179579 0.04425071341256739
0.055 6376.935981114906 1.000078478347413 1.514465607452214 222.8161227531103 0.04308310904874525
0.0551 6376.971972985077 1.000078121786884 1.514371919157016 222.5821755970013 0.0419417992305656
0.05520000000000001 6377.008024994126 1.000077765999951 1.514278206707161 222.3478375381832 0.04082630762000536
0.0553 6377.044137159158 1.000077410987019 1.514184470172815 222.1131084654743 0.03973616392087079
0.0554 6377.08030949724 1.000077056748508 1.514090709623593 221.8779882679413 0.03867090385177661
0.0555 6377.116542025393 1.000076703284849 1.513996925128579 221.6424768349465 0.03763006911865868
0.0556 6377.1528347606 1.00007635059649 1.513903116756304 221.4065740561003 0.03661320738610473
0.0557 6377.189187719805 1.000075998683889 1.513809284574791 221.1702798212676 0.03561987224820241
0.0558 6377.225600919909 1.000075647547518 1.513715428651518 220.9335940205909 0.03464962319873545
0.05590000000000001 6377.262074377776 1.000075297187863 1.513621549053445 220.6965165444552 0.03370202560042596
0.056 6377.29860811023 1.000074947605421 1.513527645847015 220.4590472835056 0.03277665065371196
0.0561 6377.335202134055 1.000074598800704 1.513433719098155 220.2211861286413 0.03187307536474852
0.0562 6377.371856465999 1.000074250774236 1.513339768872293 219.9829329710041 0.03099088251272854
0.0563 6377.408571122769 1.000073903526552 1.513245795234336 219.7442877020015 0.03012966061668866
0.05640000000000001 6377.445346121035 1.000073557058202 1.513151798248699 219.505250213272 0.02928900390146381
0.0565 6377.482181477431 1.000073211369747 1.513057777979306 219.2658203966961 0.02846851226320249
0.0566 6377.519077208553 1.000072866461763 1.512963734489574 219.0259981444086 0.02766779123427224
0.0567 6377.556033330957 1.000072522334834 1.512869667842462 218.7857833487809 0.02688645194747466
0.0568 6377.593049861166 1.000072178989558 1.512775578100432 218.5451759024207 0.02612411109975195
0.05690000000000001 6377.630126815667 1.000071836426548 1.512681465325454 218.3041756981664 0.02538039091531527
0.057 6377.667264210907 1.000071494646425 1.512587329579057 218.0627826291046 0.02465491910830272
0.0571 6377.704462063301 1.000071153649823 1.512493170922288 217.8209965885407 0.02394732884476277
0.0572 6377.741720389228 1.000070813437387 1.512398989415733 217.5788174700164 0.02325725870427039
0.0573 6377.779039205031 1.000070474009776 1.512304785119521 217.3362451672982 0.02258435264095495
0.0574 6377.816418527018 1.000070135367659 1.512210558093332 217.0932795743832 0.02192825994409633
0.0575 6377.853858371463 1.000069797511714 1.512116308396401 216.8499205854931 0.02128863519821899
0.05760000000000001 6377.891358754605 1.000069460442634 1.512022036087511 216.6061680950683 0.02066513824273436
0.0577 6377.928919692649 1.000069124161121 1.511927741225026 216.3620219977796 0.02005743413119016
0.0578 6377.966541201768 1.000068788667888 1.511833423866867 216.1174821885051 0.01946519309000633
0.0579 6378.004223298102 1.000068453963658 1.511739084070519 215.8725485623353 0.01888809047688021
0.058 6378.041965997754 1.000068120049165 1.511644721893069 215.6272210145975 0.01832580673883493
0.05810000000000001 6378.079769316797 1.000067786925155 1.511550337391175 215.3814994408198 0.01777802736975066
0.0582 6378.117633271271 1.000067454592382 1.511455930621082 215.1353837367373 0.01724444286763325
0.0583 6378.155557877182 1.000067123051611 1.511361501638633 214.8888737983156 0.01672474869156841
0.0584 6378.193543150508 1.000066792303617 1.511267050499261 214.6419695216977 0.01621864521817832
0.0585 6378.231589107191 1.000066462349184 1.511172577258019 214.3946708032571 0.01572583769798627
0.05860000000000001 6378.269695763143 1.000066133189106 1.511078081969564 214.1469775395684 0.01524603621130067
0.0587 6378.307863134245 1.000065804824187 1.510983564688156 213.8988896274071 0.0147789556238743
0.05880000000000001 6378.346091236346 1.000065477255238 1.510889025467688 213.6504069637498 0.01432431554228839
0.0589 6378.384380085266 1.000065150483082 1.510794464361674 213.4015294457739 0.01388184026907656
0.059 6378.422729696791 1.000064824508549 1.51069988142326 213.152256970858 0.01345125875760265
0.0591 6378.461140086681 1.000064499332478 1.510605276705221 212.9025894365758 0.01303230456669811
0.0592 6378.499611270661 1.000064174955715 1.510510650259987 212.6525267407018 0.01262471581510283
0.05930000000000001 6378.538143264431 1.000063851379117 1.51041600213961 212.4020687811998 0.01222823513567462
0.0594 6378.576736083658 1.000063528603548 1.510321332395818 212.1512154562228 0.01184260962943165
0.0595 6378.615389743982 1.000063206629878 1.510226641079981 211.8999666641188 0.01146759081942967
0.0596 6378.654104261011 1.000062885458987 1.510131928243135 211.648322303431 0.01110293460446931
0.0597 6378.692879650325 1.000062565091761 1.510037193935984 211.3962822728857 0.01074840121264156
0.05980000000000001 6378.731715927477 1.000062245529094 1.509942438208897 211.1438464713987 0.01040375515476791
0.0599 6378.770613107989 1.000061926771888 1.509847661111927 210.8910147980686 0.01006876517770583
0.06 6378.809571207357 1.000061608821049 1.50975286269481 210.6377871521776 0.009743204217558574
0.0601 6378.848590241046 1.000061291677492 1.509658043006963 210.3841634332028 0.009426849352808901
0.0602 6378.887670224494 1.000060975342139 1.509563202097503 210.1301435407871 0.009119481757323437
0.0603 6378.926811173113 1.000060659815914 1.509468340015245 209.8757273747623 0.008820886653361356
0.0604 6378.966013102287 1.000060345099752 1.509373456808701 209.6209148351376 0.008530853264487116
0.06050000000000001 6379.00527602737 1.00006003119459 1.509278552526089 209.3657058220937 0.008249174768454876
0.0606 6379.044599963692 1.000059718101374 1.50918362721536 209.1101002360004 0.007975648250094161
0.0607 6379.083984926553 1.000059405821052 1.509088680924163 208.8540979774051 0.007710074654150001
0.0608 6379.123430931229 1.000059094354579 1.508993713699872 208.5976989470145 0.007452258738120649
0.0609 6379.162937992967 1.000058783702914 1.508898725589604 208.3409030457127 0.007202009025145895
0.06100000000000001 6379.20250612699 1.000058473867023 1.508803716640194 208.0837101745673 0.006959137756906908
0.0611 6379.242135348492 1.000058164847871 1.508708686898234 207.8261202347993 0.006723460846531274
0.0612 6379.281825672642 1.000057856646433 1.508613636410049 207.568133127825 0.006494797831615148
0.0613 6379.321577114584 1.000057549263686 1.508518565221708 207.3097487552026 0.006272971827220707
0.0614 6379.361389689437 1.000057242700608 1.508423473379045 207.0509670186615 0.006057809479023872
0.06150000000000001 6379.40126341229 1.000056936958185 1.508328360927645 206.7917878201146 0.005849140916528662
0.0616 6379.44119829821 1.000056632037403 1.508233227912871 206.5322110616343 0.005646799706349546
0.0617 6379.481194362237 1.000056327939252 1.508138074379846 206.2722366454585 0.005450622805627579
0.0618 6379.521251619388 1.000056024664725 1.508042900373455 206.011864473979 0.005260450515552202
0.0619 6379.561370084653 1.000055722214818 1.50794770593839 205.7510944497529 0.005076126435031456
0.062 6379.601549772999 1.000055420590529 1.507852491119102 205.4899264755089 0.004897497414497473
0.0621 6379.641790699363 1.000055119792857 1.507757255959852 205.2283604541411 0.004724413509855133
0.06220000000000001 6379.682092878664 1.000054819822804 1.507662000504672 204.9663962886856 0.004556727936582358
0.0623 6379.722456325793 1.000054520681372 1.507566724797419 204.7040338823439 0.004394297024034361
0.0624 6379.762881055619 1.000054222369569 1.50747142888173 204.4412731384772 0.004236980169909663
0.0625 6379.803367082983 1.000053924888398 1.507376112801059 204.1781139606122 0.004084639794915581
0.0626 6379.843914422704 1.000053628238865 1.507280776598691 203.9145562524235 0.003937141297621786
0.06270000000000001 6379.884523089579 1.000053332421981 1.507185420317692 203.6505999177392 0.003794353009539441
0.06280000000000001 6379.925193098376 1.00005303743875 1.507090044000984 203.3862448605531 0.003656146150423112
0.0629 6379.965924463845 1.000052743290183 1.506994647691297 203.1214909850067 0.003522394783786091
0.063 6380.006717200709 1.000052449977286 1.506899231431201 202.8563381953894 0.003392975772664345
0.0631 6380.047571323667 1.000052157501067 1.506803795263108 202.5907863961619 0.003267768735638312
0.06320000000000001 6380.088486847397 1.000051865862533 1.506708339229251 202.3248354919209 0.003146656003081231
0.06330000000000001 6380.129463786551 1.00005157506269 1.506612863371734 202.0584853874169 0.003029522573697502
0.0634 6380.170502155759 1.000051285102544 1.506517367732499 201.7917359875659 0.002916256071328484
0.0635 6380.211601969629 1.000050995983099 1.506421852353332 201.5245871974138 0.002806746702017677
0.0636 6380.252763242743 1.000050707705356 1.506326317275902 201.2570389221722 0.002700887211393699
0.06370000000000001 6380.293985989662 1.000050420270318 1.506230762541719 200.9890910671946 0.002598572842322532
0.06380000000000001 6380.335270224926 1.000050133678981 1.506135188192171 200.7207435379822 0.002499701292874161
0.0639 6380.376615963048 1.000049847932344 1.506039594268519 200.4519962401899 0.002404172674597445
0.064 6380.418023218521 1.0000495630314 1.505943980811903 200.1828490796146 0.00231188947110409
0.0641 6380.459492005814 1.00004927897714 1.50584834786333 199.9133019622067 0.002222756496983254
0.06420000000000001 6380.501022339377 1.000048995770553 1.505752695463708 199.6433547940468 0.002136680857032687
0.06430000000000001 6380.542614233632 1.000048713412625 1.50565702365382 199.3730074813928 0.002053571905847525
0.0644 6380.584267702982 1.000048431904335 1.505561332474366 199.1022599306151 0.001973341207713788
0.0645 6380.625982761808 1.000048151246665 1.505465621965905 198.8311120482493 0.001895902496885637
0.0646 6380.667759424466 1.000047871440586 1.505369892168941 198.5595637409732 0.001821171638190247
0.06470000000000001 6380.709597705292 1.00004759248707 1.505274143123839 198.2876149156003 0.001749066587995955
0.0648 6380.751497618601 1.000047314387083 1.505178374870911 198.0152654790921 0.001679507355547432
0.0649 6380.793459178682 1.000047037141585 1.505082587450371 197.7425153385637 0.001612415964665852
0.065 6380.835482399805 1.000046760751534 1.504986780902327 197.4693644012663 0.001547716415815081
0.06510000000000001 6380.877567296218 1.000046485217881 1.504890955266844 197.1958125745808 0.001485334648547774
0.06520000000000001 6380.919713882146 1.000046210541572 1.504795110583891 196.9218597660482 0.00142519850433991
0.0653 6380.961922171792 1.000045936723547 1.504699246893361 196.6475058833511 0.001367237689798631
0.0654 6381.004192179338 1.000045663764743 1.504603364235094 196.3727508343021 0.001311383740260607
0.0655 6381.046523918943 1.000045391666087 1.504507462648854 196.0975945268677 0.001257569983789798
0.06560000000000001 6381.088917404747 1.000045120428503 1.504411542174362 195.8220368691444 0.001205731505560935
0.06570000000000001 6381.131372650864 1.000044850052908 1.504315602851253 195.5460777693824 0.00115580511265114
0.0658 6381.17388967139 1.000044580540211 1.504219644719138 195.2697171359617 0.001107729299224235
0.0659 6381.216468480398 1.000044311891315 1.504123667817557 194.9929548774106 0.001061444212127383
0.066 6381.25910909194 1.000044044107116 1.504027672186014 194.7157909023871 0.001016891616888588
0.06610000000000001 6381.301811520046 1.000043777188504 1.503931657863966 194.4382251197029 0.0009740148641307649
0.06620000000000001 6381.344575778722 1.00004351113636 1.503835624890838 194.1602574383058 0.0009327588563907192
0.0663 6381.387401881957 1.000043245951557 1.503739573306005 193.8818877672796 0.000893070015355096
0.0664 6381.430289843715 1.000042981634961 1.503643503148816 193.6031160158499 0.0008548962495127935
0.0665 6381.473239677942 1.000042718187429 1.503547414458592 193.3239420933782 0.0008181869222229403
0.06660000000000001 6381.516251398558 1.000042455609812 1.503451307274625 193.0443659093738 0.0007828928202040147
0.06670000000000001 6381.559325019465 1.00004219390295 1.503355181636176 192.7643873734763 0.000748966122439085
0.0668 6381.602460554543 1.000041933067674 1.503259037582504 192.4840063954729 0.0007163603695067049
0.0669 6381.645658017649 1.000041673104809 1.503162875152823 192.2032228852808 0.0006850304333293599
0.067 6381.688917422622 1.000041414015168 1.503066694386358 191.9220367529591 0.0006549324873481633
0.06710000000000001 6381.732238783276 1.000041155799556 1.502970495322304 191.640447908709 0.0006260239771192146
0.06720000000000001 6381.775622113404 1.000040898458769 1.502874277999857 191.3584562628733 0.0005982635913334649
0.0673 6381.819067426781 1.00004064199359 1.502778042458204 191.0760617259251 0.0005716112332591952
0.0674 6381.862574737157 1.000040386404797 1.502681788736531 190.7932642084792 0.0005460279926105299
0.0675 6381.906144058262 1.000040131693154 1.502585516874015 190.5100636212982 0.0005214761178386621
0.06760000000000001 6381.949775403804 1.000039877859417 1.502489226909848 190.2264598752748 0.0004979189888441986
0.06770000000000001 6381.99346878747 1.00003962490433 1.502392918883212 189.9424528814437 0.0004753210901148158
0.0678 6382.037224222928 1.000039372828627 1.502296592833305 189.6580425509695 0.0004536479842828821
0.0679 6382.081041723821 1.000039121633032 1.502200248799334 189.3732287951647 0.0004328662861065501
0.068 6382.124921303773 1.000038871318257 1.502103886820512 189.0880115254776 0.0004129436368686371
0.06810000000000001 6382.168862976385 1.000038621885001 1.502007506936074 188.8023906534985 0.0003938486791959009
0.0682 6382.212866755237 1.000038373333956 1.501911109185276 188.5163660909597 0.000375551032295537
0.0683 6382.256932653889 1.000038125665798 1.501814693607377 188.2299377497233 0.0003580212676072699
0.0684 6382.301060685878 1.000037878881194 1.501718260241673 187.9431055417934 0.0003412308848716449
0.06850000000000001 6382.34525086472 1.000037632980799 1.501621809127475 187.6558693793221 0.0003251522886107885
0.06860000000000001 6382.38950320391 1.000037387965253 1.501525340304126 187.3682291745853 0.0003097587650186221
0.0687 6382.433817716921 1.000037143835188 1.501428853810992 187.0801848400127 0.0002950244592631759
0.0688 6382.478194417205 1.00003690059122 1.501332349687475 186.7917362881643 0.0002809243531929038
0.0689 6382.522633318194 1.000036658233955 1.50123582797299 186.5028834317417 0.000267434243449654
0.06900000000000001 6382.567134433293 1.000036416763984 1.50113928870703 186.2136261835943 0.0002545307199835247
0.06910000000000001 6382.611697775894 1.000036176181888 1.501042731929073 185.92396445669 0.0002421911449660007
0.0692 6382.656323359359 1.000035936488232 1.500946157678665 185.6338981641678 0.0002303936321038989
0.0693 6382.701011197033 1.00003569768357 1.50084956599539 185.3434272192852 0.0002191170263431223
0.0694 6382.74576130224 1.00003545976844 1.500752956918867 185.0525515354415 0.0002083408839673754
0.06950000000000001 6382.790573688279 1.000035222743369 1.500656330488765 184.7612710261895 0.0001980454530848406
0.06960000000000001 6382.835448368431 1.000034986608871 1.500559686744787 184.4695856052007 0.0001882116544987517
0.0697 6382.880385355952 1.000034751365442 1.5004630257267 184.1774951863116 0.0001788210629633032
