0 6365.5 1.000312798939251 1.559102620806535 297.15 11.0426038140596
0.0001 6365.507475804121 1.000312492942667 1.559028585832641 297.1014072732136 11.01041286343772
0.0002 6365.514998750636 1.000312185383527 1.558954520423464 297.0525081208683 10.97810166543298
0.0003 6365.522568859171 1.000311876267436 1.5588804244206 297.0033024153894 10.94567151569766
0.0004 6365.530186149455 1.000311565600026 1.558806297666474 296.9537900285399 10.91312371361407
0.0005 6365.53785064132 1.000311253386951 1.558732140004324 296.9039708314207 10.880459562222
0.0006000000000000001 6365.545562354696 1.000310939633891 1.558657951278171 296.8538446944766 10.84768036814981
0.0007 6365.553321309618 1.000310624346548 1.558583731332848 296.8034114874844 10.81478744153359
0.0008 6365.561127526218 1.000310307530649 1.558509480013998 296.7526710795822 10.78178209596329
0.0009000000000000001 6365.568981024731 1.000309989191944 1.558435197168031 296.7016233392463 10.74866564839359
0.001 6365.576881825491 1.000309669336207 1.55836088264217 296.6502681343085 10.71543941908178
0.0011 6365.584829948931 1.000309347969233 1.558286536284444 296.5986053319501 10.68210473150984
0.0012 6365.592825415582 1.000309025096842 1.558212157943665 296.5466347987202 10.64866291232164
0.0013 6365.600868246072 1.000308700724876 1.55813774746951 296.4943564005351 10.61511529124838
0.0014 6365.608958461127 1.000308374859199 1.558063304712405 296.4417700026728 10.58146320103002
0.0015 6365.617096081573 1.0003080475057 1.557988829523603 296.3888754697726 10.54770797734037
0.0016 6365.625281128329 1.000307718670285 1.557914321755172 296.3356726658593 10.51385095872699
0.0017 6365.633513622411 1.000307388358888 1.55783978125992 296.2821614543308 10.47989348652818
0.0018 6365.641793584931 1.00030705657746 1.557765207891566 296.2283416979466 10.44583690478996
0.0019 6365.650121037095 1.000306723331977 1.55769060150457 296.174213258881 10.41168256022386
0.002 6365.658496000206 1.000306388628435 1.557615961954237 296.1197759986579 10.37743180208977
0.0021 6365.666918495658 1.00030605247285 1.557541289096643 296.0650297782221 10.34308598216448
0.0022 6365.675388544939 1.000305714871261 1.557466582788747 296.0099744578973 10.30864645463912
0.0023 6365.683906169632 1.000305375829728 1.557391842888231 295.9546098973927 10.27411457604626
0.0024 6365.692471391409 1.000305035354331 1.557317069253672 295.898935955844 10.23949170520901
0.0025 6365.701084232037 1.000304693451169 1.557242261744414 295.84295249176 10.20477920313069
0.0026 6365.709744713373 1.000304350126364 1.557167420220682 295.7866593630764 10.16997843295086
0.0027 6365.718452857364 1.000304005386056 1.557092544543416 295.7300564271317 10.13509075985316
0.0028 6365.727208686051 1.000303659236407 1.557017634574476 295.6731435406672 10.10011755098785
0.0029 6365.73601222156 1.000303311683596 1.556942690176483 295.6159205598568 10.06506017541226
0.003 6365.74486348611 1.000302962733824 1.556867711212933 295.5583873402833 10.02992000399839
0.0031 6365.753762502006 1.00030261239331 1.5567926975481 295.5005437369617 9.994698409369324
0.0032 6365.762709291644 1.000302260668292 1.556717649047126 295.4423896043162 9.95939676580663
0.0033 6365.771703877506 1.000301907565028 1.556642565575918 295.383924796209 9.924016449190072
0.0034 6365.780746282161 1.000301553089793 1.556567447001309 295.3251491659529 9.888558836926167
0.0035 6365.789836528266 1.000301197248883 1.556492293190829 295.2660625662692 9.853025307844534
0.0036 6365.798974638564 1.00030084004861 1.55641710401298 295.2066648493354 9.817417242147751
0.0037 6365.808160635883 1.000300481495306 1.556341879336989 295.1469558667617 9.781736021318181
0.0038 6365.817394543135 1.000300121595318 1.556266619032997 295.08693546962 9.745983028056642
0.0039 6365.826676383321 1.000299760355013 1.556191322971947 295.026603508415 9.710159646185621
0.004 6365.83600617952 1.000299397780777 1.556115991025596 294.965959833119 9.674267260591147
0.0041 6365.845383954898 1.000299033879009 1.556040623066605 294.9050042931607 9.638307257136315
0.004200000000000001 6365.854809732706 1.000298668656128 1.555965218968382 294.843736737413 9.602281022574909
0.0043 6365.864283536273 1.00029830211857 1.555889778605282 294.7821570142286 9.566189944492715
0.0044 6365.873805389012 1.000297934272786 1.555814301852398 294.7202649714221 9.530035411217369
0.004500000000000001 6365.883375314418 1.000297565125246 1.555738788585768 294.6580604562822 9.493818811745516
0.0046 6365.892993336067 1.000297194682433 1.555663238682232 294.5955433155654 9.457541535659511
0.0047 6365.902659477614 1.000296822950848 1.555587652019426 294.5327133955078 9.421204973054364
0.0048 6365.912373762795 1.000296449937007 1.555512028475946 294.4695705418316 9.384810514461115
0.0049 6365.922136215424 1.000296075647443 1.555436367931169 294.4061145997442 9.34835955076672
0.005 6365.931946859396 1.000295700088703 1.555360670265286 294.3423454139273 9.311853473127117
0.0051 6365.941805718682 1.000295323267349 1.555284935359456 294.2782628285657 9.275293672904002
0.005200000000000001 6365.951712817332 1.000294945189959 1.555209163095604 294.2138666873419 9.238681541581077
0.0053 6365.961668179471 1.000294565863125 1.555133353356533 294.1491568334358 9.202018470683715
0.0054 6365.971671829305 1.000294185293455 1.5550575060259 294.0841331095188 9.165305851695276
0.005500000000000001 6365.981723791111 1.000293803487568 1.554981620988232 294.0187953577778 9.128545075990063
0.0056 6365.991824089245 1.000293420452101 1.554905698128931 293.9531434199088 9.091737534749491
0.0057 6366.001972748136 1.000293036193701 1.554829737334246 293.8871771371172 9.054884618881609
0.0058 6366.012169792289 1.000292650719032 1.554753738491278 293.8208963501237 9.017987718943905
0.0059 6366.022415246282 1.00029226403477 1.554677701487991 293.7543008991701 8.981048225066074
0.006 6366.032709134764 1.000291876147603 1.55460162621326 293.6873906240311 8.944067526875992
0.0061 6366.043051482463 1.000291487064235 1.554525512556769 293.6201653639908 8.907047013406062
0.006200000000000001 6366.053442314173 1.000291096791379 1.554449360409136 293.5526249578724 8.869988073029049
0.0063 6366.063881654763 1.000290705335763 1.554373169661795 293.4847692440375 8.832892093377426
0.0064 6366.074369529172 1.000290312704128 1.554296940207031 293.416598060381 8.795760461259585
0.006500000000000001 6366.08490596241 1.000289918903225 1.554220671938127 293.3481112443368 8.758594562582527
0.0066 6366.095490979556 1.000289523939817 1.554144364749086 293.2793086328892 8.72139578227779
0.0067 6366.10612460576 1.00028912782068 1.554068018534867 293.2101900625615 8.684165504214528
0.0068 6366.11680686624 1.0002887305526 1.553991633191342 293.1407553694397 8.646905111131792
0.006900000000000001 6366.127537786283 1.000288332142375 1.553915208615162 293.0710043891603 8.609615984551718
0.007 6366.138317391244 1.000287932596814 1.553838744703971 293.0009369569165 8.572299504702324
0.0071 6366.149145706543 1.000287531922736 1.55376224135616 292.9305529074699 8.534957050443445
0.007200000000000001 6366.16002275767 1.000287130126972 1.553685698471147 292.8598520751447 8.497589999183294
0.0073 6366.170948570179 1.000286727216361 1.553609115949128 292.7888342938335 8.460199726801351
0.0074 6366.181923169691 1.000286323197753 1.553532493691239 292.7174993970092 8.422787607574421
0.007500000000000001 6366.192946581889 1.000285918078009 1.553455831599488 292.6458472177191 8.385355014093374
0.0076 6366.204018832525 1.000285511863998 1.55337912957673 292.5738775885906 8.347903317186233
0.0077 6366.215139947411 1.000285104562599 1.553302387526782 292.5015903418256 8.310433885835167
0.007800000000000001 6366.226309952425 1.0002846961807 1.553225605354289 292.4289853092358 8.272948087115028
0.007900000000000001 6366.237528873507 1.000284286725197 1.553148782964823 292.3560623222073 8.235447286095145
0.008 6366.248796736657 1.000283876202996 1.553071920264818 292.28282121173 8.197932845774966
0.0081 6366.260113567941 1.00028346462101 1.552995017161643 292.209261808386 8.160406126998385
0.008200000000000001 6366.271479393483 1.000283051986162 1.552918073563498 292.1353839423613 8.122868488380337
0.0083 6366.282894239468 1.000282638305381 1.552841089379557 292.0611874434575 8.08532128623346
0.008400000000000001 6366.294358132141 1.000282223585605 1.552764064519808 291.9866721410802 8.047765874482794
0.008500000000000001 6366.305871097808 1.000281807833779 1.552686998895193 291.9118378642451 8.010203604589758
0.0086 6366.317433162833 1.000281391056854 1.552609892417536 291.8366844415831 7.972635825476164
0.008700000000000001 6366.329044353636 1.000280973261791 1.552532744999533 291.7612117013649 7.935063883457183
0.008800000000000001 6366.340704696698 1.000280554455554 1.552455556554815 291.685419471465 7.897489122144925
0.0089 6366.352414218554 1.000280134645117 1.552378326997911 291.6093075793973 7.859912882387639
0.009000000000000001 6366.3641729458 1.000279713837457 1.55230105624423 291.5328758523032 7.82233650218542
0.0091 6366.375980905083 1.00027929203956 1.552223744210077 291.4561241169635 7.784761316617853
0.0092 6366.387838123109 1.000278869258415 1.552146390812694 291.3790521997925 7.747188657763073
0.009300000000000001 6366.399744626637 1.000278445501019 1.552068995970196 291.3016599268616 7.709619854631432
0.0094 6366.411700442481 1.000278020774372 1.551991559601655 291.2239471238757 7.672056233076301
0.0095 6366.423705597509 1.000277595085482 1.551914081626946 291.145913616191 7.63449911572524
0.009600000000000001 6366.435760118642 1.000277168441359 1.551836561966952 291.0675592288266 7.596949821908359
0.0097 6366.447864032853 1.000276740849019 1.551759000543412 290.9888837864586 7.55940966757835
0.0098 6366.460017367167 1.000276312315482 1.551681397278974 290.9098871134146 7.521879965230811
0.009900000000000001 6366.472220148662 1.000275882847771 1.551603752097197 290.8305690336969 7.484362023838853
0.01 6366.484472404465 1.000275452452916 1.551526064922551 290.7509293709767 7.446857148773798
0.0101 6366.496774161755 1.000275021137947 1.551448335680447 290.6709679485942 7.409366641728956
0.0102 6366.509125447757 1.0002745889099 1.551370564297132 290.5906845895764 7.371891800651944
0.0103 6366.521526289752 1.000274155775813 1.551292750699825 290.5100791166132 7.334433919657885
0.0104 6366.533976715063 1.000273721742726 1.551214894816644 290.4291513520928 7.29699428897044
0.0105 6366.546476751063 1.000273286817683 1.55113699657659 290.3479011180906 7.259574194840995
0.0106 6366.559026425174 1.00027285100773 1.55105905590961 290.2663282363682 7.22217491947367
0.0107 6366.571625764865 1.000272414319916 1.550981072746537 290.1844325283799 7.184797740953329
0.0108 6366.584274797648 1.00027197676129 1.550903047019125 290.1022138152906 7.147443933179198
0.0109 6366.596973551083 1.000271538338905 1.550824978660037 290.0196719179575 7.110114765782554
0.011 6366.609722052777 1.000271099059813 1.550746867602864 289.9368066569481 7.072811504060886
0.0111 6366.622520330378 1.00027065893107 1.550668713782084 289.8536178525404 7.035535408904255
0.0112 6366.635368411579 1.000270217959729 1.550590517133138 289.7701053247346 6.998287736727223
0.0113 6366.648266324118 1.000269776152849 1.550512277592305 289.686268893235 6.961069739387894
0.0114 6366.661214095772 1.000269333517484 1.550433995096847 289.6021083774802 6.923882664128379
0.0115 6366.674211754365 1.000268890060692 1.550355669584891 289.517623596625 6.886727753494482
0.0116 6366.687259327762 1.00026844578953 1.55027730099551 289.432814369546 6.849606245266284
0.0117 6366.700356843864 1.000268000711054 1.550198889268686 289.3476805148838 6.812519372404462
0.0118 6366.713504330618 1.00026755483232 1.55012043434529 289.2622218509831 6.77546836295297
0.0119 6366.72670181601 1.000267108160383 1.550041936167121 289.1764381959346 6.7384544399861
0.012 6366.739949328064 1.000266660702298 1.54996339467695 289.0903293675864 6.701478821542752
0.0121 6366.753246894842 1.000266212465118 1.549884809818346 289.0038951835267 6.664542720548352
0.0122 6366.766594544446 1.000265763455894 1.549806181535891 288.9171354611011 6.62764734475242
0.0123 6366.779992305015 1.000265313681676 1.54972750977503 288.8300500174013 6.590793896653852
0.0124 6366.793440204727 1.000264863149512 1.549648794482162 288.7426386692763 6.553983573436688
0.0125 6366.806938271792 1.000264411866447 1.549570035604546 288.6549012333506 6.517217566908624
0.0126 6366.820486534461 1.000263959839526 1.549491233090416 288.5668375260065 6.480497063424957
0.0127 6366.834085021014 1.000263507075787 1.54941238688887 288.4784473634071 6.443823243830338
0.0128 6366.847733759773 1.00026305358227 1.549333496949933 288.3897305614736 6.40719728338114
0.0129 6366.86143277909 1.000262599366008 1.549254563224555 288.3006869359141 6.370620351690404
0.013 6366.875182107351 1.000262144434033 1.549175585664591 288.2113163022181 6.334093612658386
0.0131 6366.888981772975 1.000261688793372 1.549096564222829 288.1216184756621 6.297618224408418
0.0132 6366.902831804414 1.000261232451048 1.549017498852926 288.03159327131 6.261195339220788
0.0133 6366.916732230151 1.000260775414081 1.548938389509492 287.9412405040188 6.224826103469446
0.0134 6366.930683078702 1.000260317689486 1.548859236148002 287.8505599884382 6.188511657556742
0.0135 6366.944684378613 1.000259859284273 1.548780038724911 287.7595515390175 6.152253135851004
0.0136 6366.958736158458 1.000259400205448 1.548700797197518 287.6682149700222 6.116051666629194
0.0137 6366.972838446844 1.000258940460011 1.548621511524055 287.5765500955171 6.079908372005875
0.0138 6366.986991272403 1.000258480054958 1.548542181663683 287.4845567293777 6.04382436787448
0.0139 6367.001194663801 1.000258018997277 1.548462807576446 287.3922346852963 6.007800763846612
0.014 6367.015448649725 1.000257557293954 1.548383389223305 287.2995837767879 5.971838663191794
0.0141 6367.029753258896 1.000257094951964 1.548303926566131 287.2066038171782 5.935939162770816
0.0142 6367.044108520056 1.000256631978281 1.548224419567701 287.1132946196334 5.900103352985622
0.0143 6367.058514461977 1.000256168379869 1.548144868191697 287.0196559971481 5.864332317713567
0.0144 6367.072971113455 1.000255704163686 1.548065272402707 286.9256877625456 5.828627134246847
0.0145 6367.08747850331 1.000255239336683 1.547985632166206 286.8313897284837 5.792988873234691
0.0146 6367.102036660389 1.000254773905805 1.547905947448593 286.7367617074723 5.757418598630454
0.0147 6367.116645613562 1.000254307877987 1.547826218217193 286.6418035118498 5.721917367623617
0.0148 6367.131305391719 1.000253841260159 1.547746444440171 286.5465149538248 5.686486230596748
0.0149 6367.146016023778 1.000253374059242 1.547666626086637 286.4508958454461 5.65112623105634
0.015 6367.160777538675 1.000252906282149 1.547586763126588 286.3549459986147 5.615838405579777
0.0151 6367.175589965369 1.000252437935783 1.547506855530927 286.2586652251015 5.580623783764873
0.0152 6367.190453332842 1.000251969027041 1.547426903271451 286.1620533365298 5.545483388166902
0.0153 6367.205367670092 1.00025149956281 1.547346906320841 286.0651101444045 5.510418234253502
0.0154 6367.220333006141 1.000251029549967 1.547266864652681 285.9678354600827 5.475429330338594
0.0155 6367.235349370028 1.000250558995381 1.547186778241479 285.8702290948153 5.440517677542553
0.0156 6367.250416790812 1.000250087905912 1.547106647062594 285.7722908597228 5.40568426972944
0.0157 6367.265535297568 1.000249616288407 1.54702647109229 285.6740205658078 5.370930093457599
0.0158 6367.280704919391 1.000249144149708 1.546946250307739 285.5754180239604 5.336256127928689
0.0159 6367.295925685392 1.000248671496642 1.546865984686973 285.4764830449525 5.301663344933107
0.016 6367.311197624699 1.000248198336029 1.546785674208933 285.3772154394554 5.267152708804328
0.0161 6367.326520766455 1.000247724674676 1.546705318853434 285.2776150180401 5.232725176367528
0.0162 6367.341895139821 1.00024725051938 1.546624918601195 285.1776815911652 5.198381696884809
0.0163 6367.357320773967 1.000246775876927 1.546544473433821 285.0774149692123 5.164123212017292
0.0164 6367.372797698084 1.000246300754093 1.546463983333753 284.9768149624509 5.129950655763436
0.0165 6367.388325941373 1.000245825157639 1.546383448284344 284.8758813810736 5.095864954422288
0.0166 6367.403905533049 1.000245349094318 1.546302868269856 284.7746140351841 5.061867026541146
0.0167 6367.419536502338 1.000244872570868 1.546222243275385 284.6730127348036 5.027957782869927
0.0168 6367.435218878481 1.000244395594017 1.546141573286924 284.5710772898764 4.99413812631613
0.0169 6367.450952690727 1.000243918170479 1.546060858291314 284.4688075102757 4.960408951900396
0.017 6367.46673796834 1.000243440306956 1.545980098276311 284.3662032057922 4.926771146706871
0.0171 6367.48257474059 1.000242962010138 1.545899293230502 284.2632641861632 4.893225589847852
0.0172 6367.498463036761 1.0002424832867 1.54581844314338 284.159990261055 4.859773152413479
0.0173 6367.514402886142 1.000242004143305 1.545737548005269 284.056381240075 4.826414697431828
0.0174 6367.530394318035 1.000241524586602 1.545656607807383 283.9524369327713 4.793151079825772
0.0175 6367.546437361747 1.000241044623227 1.54557562254178 283.8481571486449 4.759983146374312
0.0176 6367.562532046593 1.000240564259802 1.545494592201411 283.7435416971433 4.726911735668867
0.0177 6367.578678401897 1.000240083502933 1.545413516780066 283.638590387667 4.693937678074056
0.0178 6367.594876456988 1.000239602359213 1.545332396272374 283.533303029575 4.661061795689122
0.0179 6367.611126241202 1.000239120835223 1.545251230673841 283.4276794321848 4.628284902308178
0.018 6367.627427783879 1.000238638937524 1.54517001998084 283.3217194047846 4.595607803384811
0.0181 6367.643781114365 1.000238156672667 1.545088764190568 283.2154227566269 4.563031295991857
0.0182 6367.66018626201 1.000237674047184 1.545007463301086 283.1087892969348 4.530556168785568
0.0183 6367.676643256168 1.000237191067593 1.54492611731131 283.0018188349076 4.498183201970449
0.0184 6367.693152126197 1.000236707740398 1.544844726220963 282.894511179721 4.465913167262991
0.0185 6367.709712901455 1.000236224072085 1.54476329003067 282.7868661405449 4.433746827861435
0.0186 6367.726325611306 1.000235740069126 1.544681808741831 282.6788835265137 4.401684938402081
0.0187 6367.742990285114 1.000235255737975 1.544600282356721 282.5705631467616 4.369728244935819
0.0188 6367.759706952243 1.000234771085069 1.544518710878494 282.4619048104231 4.337877484894643
0.0189 6367.77647564206 1.000234286116833 1.544437094311015 282.3529083266088 4.30613338705206
0.019 6367.793296383931 1.000233800839669 1.544355432659105 282.2435735044472 4.274496671503288
0.0191 6367.81016920722 1.000233315259967 1.544273725928341 282.1339001530667 4.242968049628828
0.0192 6367.827094141294 1.000232829384097 1.544191974125148 282.0238880815899 4.211548224062355
0.0193 6367.844071215514 1.000232343218413 1.544110177256786 281.913537099157 4.180237888667826
0.0194 6367.861100459244 1.000231856769251 1.544028335331307 281.8028470149142 4.149037728507128
0.0195 6367.87818190184 1.000231370042929 1.543946448357592 281.6918176380372 4.117948419818553
0.0196 6367.89531557266 1.000230883045749 1.543864516345346 281.5804487777076 4.08697062998267
0.0197 6367.912501501055 1.000230395783992 1.54378253930509 281.4687402431426 4.056105017503907
0.0198 6367.929739716373 1.000229908263923 1.543700517248136 281.3566918435771 4.025352231979681
0.0199 6367.947030247959 1.000229420491787 1.543618450186605 281.2443033882695 3.994712914076913
0.02 6367.964373125151 1.000228932473812 1.543536338133446 281.1315746865197 3.964187695512495
0.0201 6367.981768377282 1.000228444216207 1.543454181102382 281.018505547669 3.933777199029602
0.0202 6367.999216033679 1.000227955725159 1.543371979107952 280.9050957810881 3.90348203837166
0.0203 6368.016716123663 1.000227467006841 1.543289732165488 280.7913451961894 3.873302818263513
0.0204 6368.034268676548 1.000226978067402 1.543207440291103 280.6772536024381 3.843240134393267
0.0205 6368.051873721639 1.000226488912975 1.543125103501695 280.562820809347 3.813294573390194
0.0206 6368.069531288234 1.000225999549671 1.543042721814983 280.4480466264762 3.783466712805058
0.0207 6368.087241405623 1.000225509983582 1.542960295249425 280.3329308634505 3.753757121095812
0.0208 6368.105004103087 1.00022502022078 1.542877823824294 280.2174733299365 3.724166357603366
0.0209 6368.122819409895 1.000224530267317 1.542795307559617 280.1016738356833 3.694694972544921
0.021 6368.140687355308 1.000224040129225 1.54271274647623 279.9855321904992 3.665343506991316
0.0211 6368.158607968577 1.000223549812515 1.542630140595674 279.8690482042515 3.636112492851366
0.0212 6368.176581278941 1.000223059323176 1.542547489940329 279.7522216868846 3.607002452861442
0.0213 6368.194607315627 1.00022256866718 1.542464794533292 279.6350524484254 3.578013900572774
0.0214 6368.212686107852 1.000222077850475 1.542382054398445 279.5175402989602 3.549147340332301
0.0215 6368.230817684819 1.000221586878988 1.542299269560407 279.3996850486755 3.520403267280409
0.0216 6368.249002075718 1.000221095758625 1.542216440044576 279.2814865078348 3.491782167333383
0.0217 6368.267239309725 1.000220604495273 1.542133565877083 279.1629444867903 3.463284517175448
0.0218 6368.285529416004 1.000220113094794 1.542050647084801 279.0440587959769 3.434910784247309
0.0219 6368.303872423703 1.000219621563029 1.54196768369538 278.92482924593 3.406661426741189
0.022 6368.322268361957 1.0002191299058 1.54188467573718 278.8052556472798 3.378536893590978
0.0221 6368.340717259885 1.000218638128903 1.541801623239298 278.6853378107506 3.350537624464673
0.0222 6368.359219146588 1.000218146238116 1.541718526231555 278.5650755471796 3.32266404976176
0.0223 6368.377774051153 1.000217654239191 1.541635384744545 278.4444686675041 3.294916590604491
0.0224 6368.396382002652 1.000217162137859 1.541552198809528 278.323516982762 3.267295658832828
0.0225 6368.415043030135 1.000216669939829 1.541468968458553 278.2022203041214 3.239801657006905
0.0226 6368.433757162639 1.000216177650788 1.541385693724325 278.0805784428447 3.212434978395482
0.0227 6368.452524429181 1.000215685276398 1.541302374640313 277.9585912103247 3.18519600698138
0.0228 6368.471344858757 1.0002151928223 1.541219011240662 277.836258418078 3.158085117458287
0.0229 6368.49021848035 1.000214700294112 1.541135603560214 277.7135798777221 3.131102675224594
0.023 6368.509145322921 1.000214207697425 1.541052151634579 277.5905554010159 3.104249036392458
0.0231 6368.528125415407 1.000213715037813 1.540968655499982 277.4671847998546 3.07752454778711
0.0232 6368.54715878673 1.000213222320822 1.540885115193419 277.3434678862576 3.05092954694581
0.0233 6368.56624546579 1.000212729551977 1.540801530752512 277.2194044723682 3.024464362120295
0.0234 6368.585385481463 1.000212236736777 1.540717902215621 277.0949943704894 2.998129312287554
0.0235 6368.604578862608 1.000211743880698 1.540634229621769 276.9702373930485 2.971924707146282
0.0236 6368.623825638059 1.000211250989194 1.540550513010629 276.8451333526144 2.945850847125578
0.0237 6368.643125836628 1.000210758067693 1.540466752422622 276.7196820619159 2.919908023394324
0.0238 6368.662479487105 1.000210265121599 1.540382947898764 276.5938833338176 2.894096517862804
0.0239 6368.681886618256 1.000209772156293 1.540299099480769 276.4677369813379 2.868416603193788
0.024 6368.701347258822 1.000209279177131 1.540215207211027 276.3412428176547 2.842868542811934
0.0241 6368.720861437524 1.000208786189444 1.540131271132575 276.2144006560937 2.817452590910435
0.0242 6368.740429183053 1.00020829319854 1.540047291289097 276.0872103101523 2.792168992465679
0.0243 6368.760050524079 1.000207800209701 1.539963267724913 275.9596715934871 2.767017983245548
0.0244 6368.779725489246 1.000207307228185 1.539879200485038 275.8317843199028 2.741999789818704
0.0245 6368.799454107169 1.000206814259225 1.539795089615079 275.7035483033991 2.717114629576252
0.0246 6368.819236406443 1.00020632130803 1.539710935161295 275.5749633581235 2.692362710735679
0.0247 6368.83907241563 1.000205828379781 1.539626737170608 275.4460292984066 2.667744232361829
0.0248 6368.858962163268 1.000205335479639 1.539542495690511 275.3167459387568 2.64325938438059
0.0249 6368.878905677869 1.000204842612735 1.539458210769165 275.1871130938533 2.618908347593478
0.025 6368.898902987914 1.000204349784178 1.53937388245533 275.0571305785592 2.59469129369642
0.0251 6368.918954121857 1.00020385699905 1.539289510798394 274.9267982079263 2.570608385298182
0.0252 6368.939059108126 1.000203364262409 1.539205095848323 274.796115797178 2.546659775935271
0.0253 6368.959217975117 1.000202871579286 1.539120637655748 274.6650831617388 2.522845610096395
0.0254 6368.979430751198 1.000202378954688 1.539036136271837 274.5337001172105 2.499166023237953
0.0255 6368.999697464707 1.000201886393595 1.538951591748394 274.4019664794076 2.475621141811086
0.0256 6369.02001814395 1.000201393900963 1.5388670041378 274.2698820643221 2.452211083276736
0.0257 6369.040392817206 1.00020090148172 1.538782373493028 274.1374466881588 2.42893595613426
0.0258 6369.060821512722 1.000200409140771 1.538697699867638 274.0046601673056 2.405795859939279
0.0259 6369.081304258712 1.000199916882994 1.538612983315736 273.8715223183693 2.382790885333803
0.026 6369.101841083361 1.00019942471324 1.538528223892066 273.7380329581518 2.359921114066784
0.0261 6369.12243201482 1.000198932636336 1.538443421651852 273.6041919036678 2.337186619022698
0.0262 6369.143077081209 1.000198440657081 1.538358576650963 273.4699989721447 2.314587464247814
0.0263 6369.163776310614 1.00019794878025 1.53827368894577 273.335453981011 2.292123704975324
0.0264 6369.184529731091 1.000197457010589 1.538188758593243 273.2005567479081 2.269795387655269
0.0265 6369.20533737066 1.000196965352822 1.538103785650854 273.0653070907077 2.247602549986157
0.0266 6369.226199257308 1.000196473811645 1.538018770176641 272.9297048275006 2.225545220942429
0.0267 6369.247115418987 1.000195982391725 1.537933712229201 272.7937497765841 2.203623420802852
0.0268 6369.268085883616 1.000195491097707 1.537848611867633 272.6574417564983 2.181837161187317
0.0269 6369.289110679079 1.000194999934207 1.537763469151582 272.520780585984 2.160186445082026
0.027 6369.310189833225 1.000194508905816 1.537678284141206 272.3837660840362 2.138671266880596
0.0271 6369.331323373867 1.000194018017098 1.537593056897197 272.2463980698629 2.117291612410861
0.0272 6369.352511328784 1.000193527272592 1.537507787480738 272.1086763629027 2.09604745897187
0.0273 6369.373753725717 1.000193036676808 1.537422475953552 271.9706007828421 2.07493877537153
0.0274 6369.395050592371 1.000192546234232 1.537337122377828 271.8321711495868 2.053965521957734
0.0275 6369.416401956416 1.000192055949322 1.537251726816287 271.6933872832964 2.033127650660234
0.0276 6369.437807845483 1.000191565826511 1.537166289332131 271.5542490043612 2.012425105024227
0.0277 6369.459268287167 1.000191075870205 1.537080809989039 271.4147561334138 1.991857820250109
0.0278 6369.480783309024 1.000190586084782 1.536995288851199 271.2749084913411 1.971425723233886
0.0279 6369.502352938575 1.000190096474595 1.536909725983253 271.1347058992604 1.951128732603136
0.028 6369.523977203299 1.000189607043971 1.53682412145033 270.9941481785553 1.930966758762348
0.0281 6369.545656130639 1.000189117797209 1.536738475318019 270.8532351508455 1.910939703929523
0.0282 6369.567389747998 1.000188628738583 1.536652787652375 270.7119666380112 1.891047462181205
0.0283 6369.589178082742 1.000188139872339 1.536567058519909 270.5703424621746 1.871289919492315
0.0284 6369.611021162195 1.000187651202698 1.536481287987584 270.4283624457302 1.851666953783352
0.0285 6369.632919013643 1.000187162733854 1.536395476122809 270.2860264113204 1.832178434960843
0.0286 6369.654871664332 1.000186674469974 1.536309622993432 270.1433341818423 1.812824224962678
0.0287 6369.676879141466 1.000186186415198 1.536223728667756 270.0002855804704 1.793604177806488
0.0288 6369.698941472211 1.000185698573641 1.536137793214481 269.8568804306277 1.774518139631493
0.0289 6369.721058683691 1.00018521094939 1.536051816702763 269.7131185560091 1.755565948748262
0.029 6369.743230802988 1.000184723546509 1.53596579920215 269.5689997805756 1.736747435685144
0.0291 6369.765457857146 1.00018423636903 1.535879740782645 269.4245239285541 1.718062423236193
0.0292 6369.787739873163 1.000183749420964 1.535793641514625 269.2796908244435 1.699510726510528
0.0293 6369.810076877998 1.000183262706291 1.53570750146888 269.1345002930146 1.681092152981576
0.0294 6369.832468898568 1.00018277622897 1.53562132071659 268.9889521593103 1.662806502536991
0.0295 6369.854915961746 1.000182289992928 1.535535099329354 268.8430462486511 1.644653567529956
0.0296 6369.877418094365 1.00018180400207 1.535448837379134 268.6967823866297 1.626633132829661
0.0297 6369.899975323212 1.000181318260271 1.535362534938295 268.5501603991223 1.608744975874617
0.0298 6369.922587675033 1.000180832771385 1.535276192079562 268.4031801122832 1.590988866724401
0.0299 6369.945255176532 1.000180347539235 1.535189808876016 268.2558413525443 1.573364568112776
0.03 6369.967977854365 1.00017986256762 1.535103385401164 268.1081439466274 1.555871835502843
0.0301 6369.990755735149 1.000179377860313 1.535016921728802 267.960087721532 1.538510417139962
0.0302 6370.013588845455 1.00017889342106 1.534930417933119 267.8116725045414 1.521280054107423
0.0303 6370.036477211809 1.000178409253581 1.53484387408865 267.6628981232406 1.504180480384036
0.0304 6370.059420860694 1.000177925361573 1.534757290270275 267.5137644054861 1.487211422896846
0.0305 6370.082419818547 1.000177441748703 1.534670666553203 267.3642711794422 1.470372601581923
0.0306 6370.105474111762 1.000176958418614 1.534584003012976 267.214418273545 1.45366372943763
0.0307 6370.128583766686 1.000176475374924 1.534497299725483 267.064205516538 1.437084512586501
0.0308 6370.151748809624 1.000175992621224 1.534410556766906 266.9136327374425 1.420634650330378
0.0309 6370.17496926683 1.000175510161081 1.534323774213754 266.7626997656051 1.40431383521457
0.031 6370.198245164517 1.000175027998034 1.534236952142872 266.6114064306383 1.388121753080931
0.0311 6370.22157652885 1.0001745461356 1.534150090631353 266.4597525624739 1.372058083133702
0.0312 6370.244963385949 1.000174064577266 1.534063189756655 266.3077379913333 1.356122497996912
0.0313 6370.268405761887 1.000173583326498 1.53397624959648 266.1553625477335 1.340314663776167
0.0314 6370.291903682692 1.000173102386735 1.533889270228857 266.0026260625049 1.324634240122118
0.0315 6370.315457174343 1.000172621761389 1.533802251732064 265.8495283667734 1.309080880290748
0.0316 6370.339066262773 1.000172141453851 1.533715194184665 265.6960692919782 1.29365423120783
0.0317 6370.362730973869 1.000171661467483 1.533628097665512 265.5422486698484 1.278353933529661
0.0318 6370.386451333472 1.000171181805624 1.533540962253715 265.388066332432 1.263179621709646
0.0319 6370.410227367372 1.000170702471588 1.533453788028631 265.2335221120787 1.248130924060597
0.032 6370.434059101314 1.000170223468664 1.533366575069891 265.0786158414575 1.233207462821006
0.0321 6370.457946560997 1.000169744800117 1.533279323457365 264.9233473535209 1.218408854216624
0.0322 6370.481889772067 1.000169266469187 1.53319203327116 264.7677164815644 1.203734708531586
0.0323 6370.505888760127 1.000168788479089 1.53310470459165 264.6117230591734 1.189184630169188
0.0324 6370.52994355073 1.000168310833014 1.533017337499401 264.4553669202522 1.17475821772102
0.0325 6370.554054169382 1.000167833534128 1.532929932075244 264.2986478990186 1.160455064033131
0.0326 6370.578220641538 1.000167356585575 1.532842488400207 264.1415658300037 1.146274756273159
0.0327 6370.602442992606 1.000166879990473 1.532755006555533 263.9841205480578 1.132216875998405
0.0328 6370.626721247948 1.000166403751917 1.532667486622695 263.8263118883386 1.11828099922271
0.0329 6370.651055432872 1.000165927872977 1.53257992868334 263.6681396863349 1.104466696486855
0.033 6370.67544557264 1.000165452356701 1.532492332819369 263.5096037778429 1.090773532925157
0.0331 6370.699891692464 1.000164977206112 1.532404699112805 263.3507039989839 1.077201068336067
0.0332 6370.72439381751 1.00016450242421 1.532317027645925 263.1914401861867 1.063748857250058
0.0333 6370.748951972891 1.000164028013972 1.532229318501136 263.031812176211 1.050416449001389
0.0334 6370.77356618367 1.00016355397835 1.532141571761061 262.8718198061418 1.03720338779765
0.0335 6370.798236474866 1.000163080320276 1.532053787508468 262.7114629133715 1.024109212788708
0.0336 6370.822962871443 1.000162607042657 1.531965965826301 262.5507413356235 1.011133458139394
0.0337 6370.847745398316 1.000162134148376 1.531878106797681 262.3896549109462 0.9982756531000164
0.0338 6370.872584080353 1.000161661640295 1.531790210505847 262.2282034777076 0.9855353220772123
0.0339 6370.89747894237 1.000161189521254 1.53170227703422 262.0663868745945 0.9729119847055707
0.034 6370.922430009134 1.000160717794069 1.531614306466357 261.9042049406311 0.9604051559208981
0.0341 6370.947437305359 1.000160246461533 1.531526298885937 261.7416575151664 0.9480143460314144
0.0342 6370.972500855713 1.00015977552642 1.531438254376799 261.5787444378628 0.9357390607892716
0.0343 6370.997620684811 1.000159304991478 1.531350173022894 261.4154655487258 0.923578801465444
0.0344 6371.02279681722 1.000158834859436 1.531262054908288 261.2518206880681 0.9115330649199438
0.0345 6371.048029277454 1.000158365133 1.531173900117184 261.0878096965511 0.8996013436780036
0.0346 6371.073318089977 1.000157895814854 1.531085708733885 260.9234324151497 0.8877831260007716
0.0347 6371.098663279204 1.000157426907662 1.530997480842792 260.7586886851758 0.8760778959605677
0.0348 6371.124064869497 1.000156958414065 1.530909216528417 260.5935783482663 0.8644851335137402
0.0349 6371.149522885172 1.000156490336683 1.530820915875374 260.4281012463833 0.8530043145745813
0.035 6371.175037350487 1.000156022678116 1.530732578968355 260.2622572218319 0.8416349110906275
0.0351 6371.200608289656 1.000155555440942 1.530644205892141 260.0960461172361 0.8303763911152464
0.0352 6371.226235726839 1.000155088627719 1.530555796731571 259.9294677755455 0.8192282188824632
0.0353 6371.251919686145 1.000154622240985 1.530467351571607 259.7625220400581 0.8081898548830625
0.0354 6371.277660191632 1.000154156283255 1.530378870497243 259.5952087543914 0.7972607559372549
0.0355 6371.303457267309 1.000153690757026 1.530290353593541 259.4275277624937 0.7864403752702614
0.0356 6371.329310937131 1.000153225664775 1.530201800945625 259.2594789086505 0.7757281625875764
0.0357 6371.355221225004 1.000152761008959 1.530113212638665 259.0910620374724 0.7651235641491924
0.0358 6371.381188154784 1.000152296792013 1.530024588757895 258.9222769939068 0.7546260228454307
0.0359 6371.407211750272 1.000151833016355 1.529935929388573 258.7531236232325 0.7442349782717134
0.036 6371.433292035221 1.000151369684382 1.52984723461602 258.5836017710648 0.7339498668041418
0.0361 6371.459429033332 1.000150906798472 1.529758504525546 258.4137112833445 0.7237701216740496
0.0362 6371.485622768254 1.000150444360985 1.529669739202544 258.2434520063492 0.7136951730440443
0.0363 6371.511873263586 1.000149982374261 1.529580938732371 258.0728237866878 0.7037244480830022
0.0364 6371.538180542877 1.000149520840622 1.529492103200446 257.9018264712998 0.6938573710414515
0.0365 6371.56454462962 1.000149059762369 1.529403232692185 257.7304599074681 0.6840933633276387
0.0366 6371.590965547263 1.000148599141788 1.529314327292994 257.5587239427886 0.6744318435812324
0.0367 6371.617443319198 1.000148138981144 1.529225387088318 257.3866184252119 0.6648722277510617
0.0368 6371.643977968768 1.000147679282687 1.529136412163552 257.2141432030079 0.6554139291684711
0.0369 6371.670569519264 1.000147220048645 1.529047402604121 257.0412981247836 0.6460563586236575
0.03700000000000001 6371.697217993927 1.000146761281232 1.528958358495416 256.8680830394768 0.636798924440635
0.0371 6371.723923415943 1.000146302982642 1.528869279922833 256.6944977963684 0.6276410325531055
0.0372 6371.750685808453 1.000145845155054 1.528780166971718 256.5205422450525 0.6185820865780733
0.0373 6371.777505194543 1.000145387800627 1.528691019727389 256.3462162354721 0.6096214878928301
0.0374 6371.804381597246 1.000144930921505 1.528601838275162 256.171519617901 0.6007586357090307
0.0375 6371.831315039547 1.000144474519814 1.52851262270029 255.9964522429444 0.5919929271476267
0.0376 6371.85830554438 1.000144018597666 1.528423373087988 255.8210139615325 0.5833237573134058
0.0377 6371.885353134627 1.000143563157153 1.528334089523436 255.6452046249264 0.5747505193700082
0.0378 6371.912457833118 1.000143108200353 1.528244772091737 255.4690240847361 0.5662726046153609
0.0379 6371.939619662632 1.000142653729327 1.528155420877961 255.2924721928911 0.5578894025546736
0.038 6371.9668386459 1.000142199746121 1.528066035967124 255.1155488016515 0.5496003009753271
0.0381 6371.994114805599 1.000141746252765 1.527976617444136 254.9382537636087 0.5414046860210132
0.0382 6372.021448164356 1.000141293251273 1.527887165393885 254.7605869316852 0.5333019422657068
0.0383 6372.048838744747 1.000140840743644 1.527797679901161 254.5825481591463 0.5252914527879846
0.0384 6372.076286569297 1.000140388731862 1.527708161050677 254.4041372995706 0.517372599243288
0.0385 6372.103791660482 1.000139937217897 1.527618608927036 254.2253542068678 0.509544761938148
0.0386 6372.131354040725 1.000139486203702 1.527529023614817 254.0461987352904 0.5018073199038812
0.03870000000000001 6372.158973732399 1.000139035691217 1.527439405198448 253.8666707394044 0.4941596509682704
0.0388 6372.186650757828 1.000138585682369 1.527349753762276 253.6867700741185 0.4866011318295875
0.0389 6372.214385139283 1.000138136179069 1.52726006939056 253.5064965946607 0.4791311381280772
0.039 6372.242176898987 1.000137687183214 1.527170352167435 253.3258501565841 0.4717490445184725
0.0391 6372.27002605911 1.000137238696687 1.527080602176961 253.1448306157848 0.4644542247426987
0.0392 6372.297932641774 1.000136790721361 1.526990819503028 252.9634378284662 0.4572460517001456
0.0393 6372.32589666905 1.00013634325909 1.526901004229455 252.7816716511746 0.4501238975205364
0.0394 6372.353918162959 1.00013589631172 1.526811156439911 252.5995319407697 0.4430871336338906
0.0395 6372.38199714547 1.00013544988108 1.526721276217959 252.417018554448 0.4361351308422925
0.0396 6372.410133638505 1.00013500396899 1.526631363647016 252.2341313497194 0.429267259389509
0.0397 6372.438327663934 1.000134558577254 1.526541418810375 252.0508701844309 0.4224828890320976
0.0398 6372.466579243579 1.000134113707666 1.526451441791182 251.8672349167367 0.4157813891081782
0.0399 6372.494888399209 1.000133669362007 1.526361432672449 251.68322540514 0.4091621286084913
0.04 6372.523255152549 1.000133225542047 1.526271391537026 251.4988415084334 0.4026244762434375
0.0401 6372.551679525268 1.000132782249541 1.526181318467629 251.3140830857586 0.3961678005140385
0.0402 6372.580161538989 1.000132339486238 1.526091213546796 251.1289499965704 0.3897914697791148
0.0403 6372.608701215287 1.000131897253871 1.526001076856947 250.9434421006371 0.383494852323384
0.04040000000000001 6372.637298575684 1.000131455554162 1.52591090848031 250.7575592580519 0.3772773164255638
0.0405 6372.665953641656 1.000131014388826 1.525820708498953 250.5713013292392 0.3711382304258463
0.0406 6372.694666434627 1.000130573759563 1.52573047699477 250.384668174925 0.365076962791805
0.0407 6372.723436975976 1.000130133668065 1.525640214049482 250.1976596561543 0.3590928821854724
0.0408 6372.75226528703 1.000129694116011 1.525549919744652 250.0102756343034 0.3531853575297551
0.0409 6372.781151389068 1.000129255105074 1.525459594161651 249.8225159710559 0.3473537580732881
0.041 6372.810095303323 1.000128816636912 1.525369237381652 249.6343805284026 0.3415974534556301
0.0411 6372.839097050974 1.000128378713178 1.525278849485668 249.4458691686658 0.3359158137727126
0.0412 6372.868156653158 1.000127941335513 1.525188430554493 249.2569817544749 0.3303082096403712
0.0413 6372.897274130959 1.000127504505547 1.525097980668748 249.0677181487666 0.3247740122581576
0.0414 6372.926449505415 1.000127068224905 1.525007499908851 248.8780782148032 0.3193125934731804
0.0415 6372.955682797516 1.0001266324952 1.524916988355015 248.688061816148 0.3139233258422479
0.04160000000000001 6372.984974028202 1.000126197318036 1.524826446087256 248.4976688166838 0.3086055826947267
0.0417 6373.01432321837 1.00012576269501 1.524735873185385 248.3068990805949 0.303358738193883
0.0418 6373.043730388865 1.00012532862771 1.524645269728988 248.1157524723789 0.2981821673985535
0.0419 6373.073195560486 1.000124895117716 1.524554635797448 247.9242288568406 0.2930752463237986
0.042 6373.102718753986 1.000124462166599 1.524463971469926 247.7323280990926 0.2880373520011996
0.04210000000000001 6373.132299990069 1.000124029775923 1.524373276825379 247.5400500645545 0.2830678625386203
0.0422 6373.161939289392 1.000123597947245 1.524282551942529 247.3473946189537 0.2781661571794293
0.0423 6373.191636672566 1.000123166682114 1.524191796899865 247.1543616283187 0.2733316163610261
0.0424 6373.221392160156 1.000122735982071 1.524101011775672 246.9609509589858 0.2685636217731144
0.0425 6373.251205772678 1.00012230584865 1.524010196647986 246.7671624775925 0.2638615564151143
0.0426 6373.281077530604 1.000121876283379 1.523919351594614 246.572996051072 0.259224804653018
0.0427 6373.311007454359 1.00012144728778 1.523828476693117 246.3784515466649 0.2546527522760951
0.0428 6373.340995564321 1.000121018863366 1.523737572020832 246.1835288319133 0.2501447865525804
0.0429 6373.371041880823 1.000120591011646 1.52364663765485 245.9882277746491 0.2457002962846516
0.043 6373.401146424151 1.000120163734121 1.523555673672023 245.7925482430172 0.241318671863623
0.0431 6373.431309214548 1.000119737032288 1.523464680148932 245.5964901054407 0.2369993053231934
0.0432 6373.461530272207 1.000119310907638 1.523373657161933 245.4000532306558 0.2327415903936838
0.04330000000000001 6373.491809617279 1.000118885361655 1.52328260478714 245.2032374876884 0.2285449225543359
0.0434 6373.522147269869 1.000118460395817 1.523191523100379 245.0060427458483 0.2244086990854053
0.0435 6373.552543250039 1.000118036011601 1.523100412177238 244.8084688747466 0.2203323191201236
0.0436 6373.582997577802 1.000117612210473 1.523009272093052 244.6105157442843 0.2163151836953955
0.0437 6373.61351027313 1.000117188993899 1.522918102922895 244.4121832246518 0.2123566958021151
0.0438 6373.644081355949 1.000116766363338 1.522826904741554 244.2134711863295 0.2084562604348361
0.0439 6373.67471084614 1.000116344320245 1.522735677623579 244.0143795000871 0.2046132846407936
0.044 6373.70539876354 1.000115922866071 1.522644421643254 243.8149080369902 0.2008271775683808
0.0441 6373.736145127943 1.000115502002261 1.522553136874564 243.6150566683704 0.1970973505142982
0.0442 6373.766949959097 1.000115081730259 1.522461823391261 243.4148252658664 0.193423216971384
0.0443 6373.797813276711 1.000114662051503 1.522370481266785 243.2142137013774 0.1898041926741114
0.0444 6373.828735100446 1.000114242967428 1.522279110574339 243.0132218471039 0.1862396956450575
0.0445 6373.859715449919 1.000113824479465 1.522187711386826 242.8118495755242 0.1827291462394929
0.0446 6373.890754344709 1.000113406589042 1.522096283776872 242.6100967593887 0.1792719671896341
0.0447 6373.921851804349 1.000112989297584 1.522004827816833 242.4079632717315 0.1758675836485129
0.0448 6373.953007848327 1.000112572606514 1.52191334357877 242.2054489858764 0.172515423233037
0.0449 6373.984222496091 1.000112156517249 1.521821831134475 242.0025537754071 0.1692149160657731
0.04500000000000001 6374.015495767048 1.000111741031206 1.521730290555454 241.7992775141855 0.1659654948168323
0.0451 6374.04682768056 1.000111326149799 1.521638721912905 241.595620076357 0.1627665947448359
0.0452 6374.078218255948 1.000110911874439 1.521547125277772 241.3915813363391 0.1596176537368964
0.0453 6374.10966751249 1.000110498206534 1.521455500720692 241.1871611688151 0.1565181123479964
0.0454 6374.141175469425 1.000110085147493 1.521363848311996 240.9823594487406 0.1534674138398401
0.0455 6374.172742145947 1.000109672698719 1.521272168121756 240.7771760513427 0.1504650042188931
0.0456 6374.204367561213 1.000109260861616 1.521180460219725 240.571610852115 0.1475103322736212
0.0457 6374.236051734335 1.000108849637585 1.521088724675381 240.3656637268226 0.1446028496111818
0.0458 6374.267794684387 1.000108439028027 1.520996961557884 240.1593345514851 0.1417420106930596
0.0459 6374.299596430399 1.000108029034339 1.520905170936124 239.9526232024058 0.1389272728706404
0.046 6374.331456991363 1.000107619657919 1.520813352878672 239.7455295561421 0.1361580964192312
0.0461 6374.36337638623 1.000107210900163 1.520721507453817 239.5380534895056 0.1334339445717785
0.0462 6374.395354633911 1.000106802762467 1.520629634729538 239.3301948795801 0.1307542835520812
0.0463 6374.427391753276 1.000106395246225 1.52053773477352 239.1219536037091 0.1281185826068752
0.0464 6374.459487763155 1.000105988352829 1.520445807653152 238.9133295394907 0.1255263140372727
0.0465 6374.491642682342 1.000105582083674 1.520353853435501 238.704322564777 0.1229769532295454
0.0466 6374.523856529588 1.000105176440151 1.520261872187358 238.4949325576803 0.1204699786852406
0.04670000000000001 6374.556129323605 1.000104771423654 1.520169863975195 238.2851593965669 0.1180048720504137
0.0468 6374.588461083068 1.000104367035573 1.520077828865182 238.0750029600575 0.1155811181441979
0.0469 6374.620851826612 1.000103963277302 1.519985766923185 237.8644631270212 0.1131982049865676
0.047 6374.653301572833 1.000103560150231 1.519893678214772 237.6535397765869 0.1108556238255642
0.0471 6374.685810340288 1.000103157655753 1.519801562805208 237.442232788126 0.1085528691634486
0.0472 6374.718378147498 1.000102755795259 1.519709420759442 237.2305420412644 0.1062894387824473
0.0473 6374.751005012944 1.000102354570143 1.519617252142128 237.0184674158639 0.1040648337694372
0.0474 6374.783690955071 1.000101953981798 1.519525057017596 236.8060087920411 0.1018785585402719
0.0475 6374.816435992284 1.000101554031617 1.519432835449897 236.5931660501545 0.09973012086305234
0.0476 6374.849240142952 1.000101154720994 1.519340587502768 236.3799390708112 0.09761903188084434
0.0477 6374.882103425408 1.000100756051324 1.519248313239614 236.1663277348488 0.09554480613342381
0.0478 6374.915025857945 1.000100358024004 1.519156012723563 235.9523319233589 0.09350696157869429
0.04790000000000001 6374.948007458821 1.000099960640429 1.519063686017432 235.7379515176639 0.09150501961290206
0.048 6374.981048246258 1.000099563901999 1.518971333183727 235.5231863993225 0.08953850509041035
0.0481 6375.01414823844 1.000099167810111 1.51887895428464 235.3080364501419 0.08760694634278422
0.0482 6375.047307453514 1.000098772366166 1.518786549382069 235.0925015521597 0.08570987519687166
0.0483 6375.080525909594 1.000098377571566 1.518694118537611 234.876581587638 0.08384682699227251
0.04840000000000001 6375.113803624756 1.000097983427713 1.518601661812532 234.6602764390876 0.08201734059833078
0.0485 6375.14714061704 1.000097589936012 1.518509179267821 234.4435859892377 0.08022095842993777
0.0486 6375.180536904453 1.000097197097868 1.518416670964145 234.226510121054 0.07845722646301873
0.0487 6375.213992504964 1.00009680491469 1.518324136961875 234.009048717733 0.07672569424909208
0.0488 6375.247507436507 1.000096413387886 1.518231577321074 233.7912016627073 0.07502591492920324
0.0489 6375.281081716982 1.000096022518868 1.518138992101499 233.5729688396167 0.07335744524686638
0.049 6375.314715364256 1.000095632309048 1.518046381362603 233.3543501323373 0.07171984556075445
0.0491 6375.348408396158 1.00009524275984 1.517953745163549 233.1353454249701 0.07011267985634802
0.0492 6375.382160830487 1.000094853872663 1.517861083563185 232.9159546018344 0.06853551575692664
0.0493 6375.415972685003 1.000094465648933 1.517768396620068 232.6961775474805 0.06698792453398059
0.0494 6375.449843977436 1.000094078090072 1.517675684392438 232.4760141466653 0.06546948111666639
0.0495 6375.483774725481 1.000093691197503 1.517582946938244 232.2554642843764 0.06397976410089827
0.04960000000000001 6375.517764946797 1.000093304972651 1.517490184315151 232.0345278458202 0.06251835575748867
0.0497 6375.551814659014 1.000092919416943 1.517397396580498 231.8132047164098 0.06108484203960661
0.0498 6375.585923879727 1.000092534531809 1.517304583791353 231.5914947817772 0.05967881258970317
0.0499 6375.620092626496 1.00009215031868 1.517211746004469 231.3693979277731 0.05829986074566945
0.05 6375.654320916852 1.000091766778991 1.51711888327631 231.146914040461 0.0569475835462771
0.05010000000000001 6375.688608768291 1.000091383914178 1.517025995663057 230.9240430061112 0.05562158173594625
0.0502 6375.722956198276 1.00009100172568 1.516933083220574 230.7007847112071 0.0543214597689131
0.0503 6375.75736322424 1.000090620214939 1.51684014600445 230.4771390424388 0.0530468258126578
0.0504 6375.791829863583 1.000090239383399 1.516747184069988 230.2531058867092 0.05179729175073833
0.0505 6375.826356133673 1.000089859232505 1.516654197472182 230.0286851311224 0.05057247318486521
0.0506 6375.860942051847 1.000089479763708 1.51656118626575 229.8038766629951 0.04937198943645597
0.0507 6375.895587635409 1.000089100978458 1.516468150505129 229.5786803698392 0.04819546354737924
0.0508 6375.930292901634 1.00008872287821 1.516375090244459 229.3530961393793 0.04704252228024709
0.0509 6375.965057867764 1.000088345464421 1.516282005537601 229.1271238595353 0.0459127961178815
0.051 6375.99988255101 1.000087968738549 1.516188896438124 228.9007634184339 0.04480591926230248
0.0511 6376.034766968554 1.000087592702058 1.516095762999329 228.6740147043969 0.04372152963296992
0.0512 6376.069711137547 1.00008721735641 1.516002605274237 228.446877605947 0.0426592688644929
0.05130000000000001 6376.104715075107 1.000086842703074 1.515909423315574 228.219352011802 0.04161878230366632
0.0514 6376.139778798328 1.000086468743519 1.515816217175815 227.9914378108691 0.04059971900590166
0.0515 6376.174902324266 1.000086095479218 1.51572298690713 227.7631348922681 0.03960173173118436
0.0516 6376.210085669954 1.000085722911646 1.515629732561432 227.5344431452962 0.03862447693917118
0.0517 6376.245328852391 1.00008535104228 1.515536454190373 227.3053624594576 0.0376676147839843
0.05180000000000001 6376.280631888549 1.000084979872602 1.515443151845304 227.0758927244336 0.03673080910816589
0.0519 6376.31599479537 1.000084609404093 1.515349825577343 226.8460338300951 0.03581372743623383
0.052 6376.351417589766 1.00008423963824 1.515256475437311 226.6157856665194 0.03491604096768147
0.0521 6376.386900288621 1.00008387057653 1.515163101475786 226.3851481239616 0.03403742456922518
0.0522 6376.42244290879 1.000083502220454 1.51506970374308 226.1541210928657 0.03317755676666151
0.0523 6376.458045467099 1.000083134571505 1.514976282289228 225.9227044638591 0.03233611973610299
0.0524 6376.493707980347 1.000082767631178 1.51488283716402 225.6908981277464 0.03151279929467255
0.0525 6376.529430465303 1.000082401400973 1.514789368416987 225.4587019755335 0.03070728489076504
0.0526 6376.565212938707 1.000082035882389 1.514695876097412 225.2261158984032 0.02991926959360842
0.0527 6376.601055417275 1.000081671076931 1.514602360254298 224.9931397877102 0.02914845008237215
0.0528 6376.636957917693 1.000081306986101 1.51450882093644 224.7597735349981 0.02839452663483779
0.0529 6376.672920456617 1.00008094361141 1.514415258192344 224.5260170319879 0.02765720311546154
0.05300000000000001 6376.708943050679 1.000080580954366 1.514321672070285 224.2918701705838 0.02693618696299547
0.0531 6376.745025716483 1.000080219016482 1.514228062618307 224.0573328428617 0.02623118917756064
0.0532 6376.781168470604 1.000079857799273 1.514134429884186 223.8224049410745 0.0255419243072917
0.0533 6376.817371329593 1.000079497304255 1.51404077391548 223.5870863576469 0.02486811043446778
0.0534 6376.85363430997 1.000079137532946 1.513947094759497 223.3513769851924 0.02420946916124162
0.05350000000000001 6376.889957428234 1.000078778486869 1.513853392463309 223.1152767164784 0.02356572559475622
0.0536 6376.926340700851 1.000078420167545 1.513759667073766 222.8787854444676 0.02293660833202416
0.0537 6376.962784144266 1.0000780625765 1.513665918637469 222.64190306227 0.02232184944411729
0.0538 6376.999287774895 1.000077705715259 1.513572147200809 222.4046294631793 0.02172118446014391
0.0539 6377.035851609129 1.000077349585353 1.513478352809939 222.1669645406604 0.0211343523506676
0.054 6377.072475663332 1.00007699418831 1.513384535510793 221.9289081883438 0.02056109551072317
0.0541 6377.109159953842 1.000076639525663 1.513290695349086 221.6904603000256 0.02000115974243513
0.05420000000000001 6377.145904496975 1.000076285598946 1.513196832370296 221.4516207696614 0.01945429423721811
0.0543 6377.182709309016 1.000075932409694 1.513102946619719 221.212389491396 0.01892025155766063
0.0544 6377.219574406229 1.000075579959443 1.513009038142398 220.9727663595103 0.01839878761883311
0.0545 6377.25649980485 1.000075228249732 1.512915106983198 220.7327512684741 0.01788966166945647
0.0546 6377.293485521091 1.000074877282099 1.512821153186751 220.4923441129052 0.01739263627248909
0.05470000000000001 6377.33053157114 1.000074527058086 1.512727176797495 220.251544787587 0.01690747728548175
0.0548 6377.367637971161 1.000074177579235 1.512633177859658 220.0103531874564 0.01643395384051532
0.0549 6377.404804737287 1.000073828847087 1.512539156417274 219.7687692076337 0.01597183832387447
0.055 6377.442031885635 1.000073480863187 1.512445112514179 219.526792743375 0.01552090635523379
0.0551 6377.479319432291 1.00007313362908 1.512351046193991 219.2844236901082 0.01508093676667791
0.05520000000000001 6377.516667393321 1.000072787146312 1.512256957500169 219.0416619434144 0.01465171158129813
0.0553 6377.554075784764 1.000072441416427 1.512162846475956 218.7985073990347 0.01423301599152301
0.0554 6377.591544622636 1.000072096440975 1.512068713164421 218.5549599528639 0.01382463833712522
0.0555 6377.62907392293 1.000071752221501 1.511974557608434 218.3110195009561 0.0134263700829548
0.0556 6377.666663701613 1.000071408759553 1.511880379850693 218.0666859395136 0.01303800579635758
0.0557 6377.704313974631 1.000071066056681 1.511786179933713 217.821959164898 0.01265934312435637
0.0558 6377.742024757904 1.000070724114432 1.511691957899836 217.5768390736247 0.01229018277053442
0.05590000000000001 6377.77979606733 1.000070382934354 1.511597713791217 217.3313255623569 0.01193032847166118
0.056 6377.817627918782 1.000070042517997 1.511503447649855 217.0854185279176 0.01157958697409381
0.0561 6377.855520328112 1.000069702866907 1.511409159517574 216.8391178672713 0.01123776800989326
0.0562 6377.893473311148 1.000069363982635 1.511314849436022 216.5924234775365 0.01090468427275069
0.0563 6377.931486883694 1.000069025866726 1.511220517446698 216.3453352559912 0.01058015139367861
0.05640000000000001 6377.969561061531 1.000068688520729 1.51112616359094 216.0978531000495 0.01026398791644769
0.0565 6378.00769586042 1.000068351946191 1.511031787909908 215.8499769072731 0.009956015272864556
0.0566 6378.045891296096 1.000068016144657 1.510937390444635 215.6017065753775 0.009656057757841263
0.0567 6378.084147384273 1.000067681117673 1.510842971235983 215.3530420022261 0.009363942504259528
0.0568 6378.122464140642 1.000067346866783 1.510748530324667 215.1039830858239 0.009079499457654561
0.05690000000000001 6378.160841580872 1.000067013393531 1.510654067751265 214.8545297243298 0.008802561350746307
0.057 6378.199279720609 1.000066680699458 1.510559583556205 214.6046818160388 0.008532963677772301
0.0571 6378.237778575477 1.000066348786106 1.51046507777976 214.3544392593993 0.008270544668704334
0.0572 6378.276338161079 1.000066017655013 1.510370550462099 214.1038019529841 0.008015145263266538
0.0573 6378.314958492994 1.000065687307718 1.510276001643217 213.8527697955373 0.0077666090848944
0.0574 6378.35363958678 1.000065357745757 1.51018143136301 213.6013426859271 0.007524782414464815
0.0575 6378.392381457975 1.000065028970665 1.510086839661218 213.3495205231637 0.00728951416397146
0.05760000000000001 6378.431184122091 1.000064700983973 1.50999222657747 213.0973032064111 0.007060655850077235
0.0577 6378.470047594621 1.000064373787212 1.509897592151269 212.8446906349631 0.006838061567528042
0.0578 6378.508971891037 1.000064047381909 1.509802936421998 212.5916827082614 0.006621587962506798
0.0579 6378.547957026787 1.000063721769592 1.509708259428908 212.3382793258837 0.006411094205870817
0.058 6378.587003017301 1.000063396951783 1.509613561211149 212.0844803875437 0.00620644196631818
0.05810000000000001 6378.626109877984 1.000063072930003 1.509518841807757 211.8302857931029 0.006007495383489425
0.0582 6378.665277624223 1.000062749705769 1.509424101257654 211.5756954425527 0.005814121040979402
0.0583 6378.70450627138 1.000062427280596 1.50932933959966 211.3207092360325 0.005626187939319111
0.0584 6378.743795834798 1.000062105655996 1.509234556872484 211.0653270738115 0.005443567468879927
0.0585 6378.7831463298 1.000061784833479 1.509139753114744 210.8095488563011 0.005266133382757692
0.05860000000000001 6378.822557771685 1.000061464814548 1.50904492836495 210.5533744840485 0.005093761769608599
0.0587 6378.862030175734 1.000061145600707 1.508950082661516 210.2968038577309 0.004926331026458475
0.05880000000000001 6378.901563557205 1.000060827193453 1.508855216042764 210.0398368781674 0.004763721831503902
0.0589 6378.941157931336 1.00006050959428 1.508760328546946 209.7824734463132 0.004605817116888915
0.059 6378.980813313345 1.000060192804679 1.508665420212198 209.5247134632594 0.004452502041480709
0.0591 6379.020529718427 1.000059876826137 1.508570491076578 209.2665568302212 0.004303663963640968
0.0592 6379.060307161759 1.000059561660135 1.50847554117808 209.0080034485676 0.004159192414030577
0.05930000000000001 6379.100145658495 1.000059247308151 1.508380570554603 208.7490532197857 0.004018979068393121
0.0594 6379.140045223769 1.000058933771659 1.508285579243966 208.4897060455045 0.003882917720396128
0.0595 6379.180005872695 1.000058621052127 1.508190567283936 208.2299618274832 0.003750904254482691
0.0596 6379.220027620367 1.000058309151019 1.508095534712184 207.9698204676168 0.003622836618770164
0.0597 6379.260110481857 1.000057998069793 1.508000481566335 207.7092818679306 0.003498614797986816
0.05980000000000001 6379.300254472219 1.000057687809903 1.507905407883934 207.4483459305796 0.003378140786462498
0.0599 6379.340459606483 1.000057378372797 1.507810313702463 207.1870125578611 0.003261318561181782
0.06 6379.380725899663 1.000057069759918 1.507715199059358 206.9252816521902 0.003148054054884718
0.0601 6379.421053366749 1.000056761972703 1.507620063991994 206.66315311613 0.003038255129261707
0.0602 6379.461442022714 1.000056455012585 1.507524908537666 206.4006268523621 0.002931831548198669
0.0603 6379.501891882506 1.000056148880987 1.507429732733661 206.1377027637094 0.002828694951127753
0.0604 6379.542402961059 1.000055843579331 1.507334536617179 205.8743807531135 0.002728758826447098
0.06050000000000001 6379.582975273283 1.000055539109028 1.507239320225397 205.6106607236578 0.002631938485054018
0.0606 6379.623608834069 1.000055235471486 1.50714408359543 205.3465425785497 0.002538151033962425
0.0607 6379.664303658286 1.000054932668105 1.507048826764374 205.0820262211386 0.002447315350039601
0.0608 6379.705059760788 1.00005463070028 1.506953549769258 204.8171115548802 0.002359352053836189
0.0609 6379.745877156402 1.000054329569396 1.5068582526471 204.5517984833899 0.002274183483563803
0.06100000000000001 6379.786755859939 1.000054029276833 1.506762935434871 204.2860869103955 0.002191733669161194
0.0611 6379.827695886192 1.000053729823965 1.506667598169511 204.0199767397547 0.002111928306510625
0.0612 6379.868697249929 1.000053431212157 1.506572240887938 203.7534678754613 0.002034694731782897
0.0613 6379.909759965903 1.000053133442765 1.50647686362704 203.4865602216331 0.001959961895915398
0.0614 6379.950884048842 1.000052836517141 1.506381466423678 203.219253682524 0.0018876603392403
0.06150000000000001 6379.99206951346 1.000052540436627 1.506286049314697 202.951548162512 0.001817722166254081
0.0616 6380.033316374445 1.000052245202558 1.506190612336914 202.6834435661052 0.001750081020544782
0.0617 6380.074624646471 1.00005195081626 1.50609515552714 202.4149397979357 0.001684672059873491
0.0618 6380.115994344187 1.000051657279051 1.505999678922171 202.1460367627836 0.001621431931424765
0.0619 6380.157425482226 1.00005136459224 1.505904182558784 201.8767343655294 0.001560298747206279
0.062 6380.198918075199 1.00005107275713 1.505808666473753 201.6070325112072 0.001501212059642798
0.0621 6380.240472137698 1.000050781775012 1.505713130703836 201.3369311049636 0.001444112837322571
0.06220000000000001 6380.282087684294 1.000050491647171 1.505617575285798 201.066430052087 0.001388943440938405
0.0623 6380.32376472954 1.00005020237488 1.505522000256388 200.7955292579899 0.00133564759940076
0.0624 6380.365503287968 1.000049913959406 1.505426405652377 200.524228628209 0.001284170386141095
0.0625 6380.40730337409 1.000049626402004 1.505330791510503 200.2525280684171 0.001234458195607238
0.0626 6380.449165002399 1.000049339703921 1.505235157867543 199.9804274844049 0.00118645871994651
0.06270000000000001 6380.491088187368 1.000049053866394 1.505139504760257 199.7079267821053 0.001140120925893254
0.06280000000000001 6380.533072943451 1.00004876889065 1.50504383222542 199.4350258675694 0.001095395031847921
0.0629 6380.575119285079 1.000048484777907 1.504948140299825 199.161724646984 0.001052232485166661
0.063 6380.617227226667 1.000048201529371 1.504852429020273 198.8880230266662 0.001010585939653022
0.0631 6380.659396782607 1.000047919146241 1.504756698423567 198.6139209130573 0.0009704092332590292
0.06320000000000001 6380.701627967273 1.000047637629701 1.504660948546546 198.3394182127225 0.0009316573659992572
0.06330000000000001 6380.74392079502 1.000047356980929 1.504565179426055 198.0645148323691 0.000894286478081899
0.0634 6380.786275280181 1.00004707720109 1.504469391098963 197.7892106788225 0.0008582538282511754
0.0635 6380.82869143707 1.000046798291338 1.504373583602171 197.5135056590442 0.0008235177723552222
0.0636 6380.871169279982 1.000046520252818 1.504277756972578 197.2373996801197 0.000790037742131875
0.06370000000000001 6380.91370882319 1.000046243086661 1.504181911247141 196.9608926492646 0.0007577742242209755
0.06380000000000001 6380.956310080949 1.000045966793989 1.504086046462831 196.6839844738305 0.000726688739402725
0.0639 6380.998973067493 1.000045691375911 1.503990162656645 196.4066750612932 0.000696743822062197
0.064 6381.041697797036 1.000045416833527 1.503894259865624 196.1289643192644 0.0006679029998865752
0.0641 6381.084484283773 1.000045143167923 1.503798338126827 195.8508521554739 0.0006401307737909606
0.06420000000000001 6381.127332541879 1.000044870380173 1.503702397477363 195.5723384777879 0.0006133925980812653
0.06430000000000001 6381.170242585506 1.00004459847134 1.503606437954378 195.293423194208 0.0005876548608499552
0.0644 6381.213214428791 1.000044327442476 1.503510459595037 195.0141062128604 0.0005628848646069922
0.0645 6381.256248085846 1.000044057294619 1.503414462436576 194.7343874420011 0.0005390508071499881
0.0646 6381.299343570767 1.000043788028795 1.503318446516256 194.4542667900163 0.0005161217626724071
0.06470000000000001 6381.342500897626 1.000043519646018 1.503222411871378 194.173744165428 0.0004940676631118989
0.0648 6381.38572008048 1.000043252147288 1.503126358539299 193.8928194768827 0.000472859279737811
0.0649 6381.429001133359 1.000042985533595 1.503030286557421 193.6114926331683 0.000452468204982465
0.065 6381.472344070278 1.000042719805914 1.502934195963194 193.3297635431912 0.0004328668345114174
0.06510000000000001 6381.515748905231 1.000042454965206 1.502838086794122 193.0476321159998 0.0004140283495399851
0.06520000000000001 6381.55921565219 1.000042191012421 1.502741959087752 192.7650982607664 0.0003959266993900159
0.0653 6381.602744325108 1.000041927948496 1.502645812881689 192.4821618867994 0.0003785365842923562
0.0654 6381.646334937916 1.000041665774352 1.502549648213601 192.1988229035431 0.000361833438432393
0.0655 6381.689987504528 1.000041404490899 1.502453465121202 191.9150812205661 0.0003457934132390585
0.06560000000000001 6381.733702038835 1.000041144099031 1.502357263642263 191.6309367475727 0.0003303933609194642
0.06570000000000001 6381.777478554707 1.000040884599631 1.502261043814624 191.3463893944034 0.000315610818236958
0.0658 6381.821317065996 1.000040625993567 1.502164805676172 191.0614390710288 0.0003014239905329952
0.0659 6381.86521758653 1.00004036828169 1.502068549264875 190.7760856875551 0.000287811735993503
0.066 6381.90918013012 1.000040111464842 1.501972274618742 190.490329154219 0.00027475355015824
0.06610000000000001 6381.953204710555 1.000039855543847 1.501875981775863 190.2041693813929 0.0002622295506739129
0.06620000000000001 6381.997291341603 1.000039600519517 1.501779670774383 189.9176062795794 0.0002502204622894478
0.0663 6382.041440037011 1.000039346392646 1.501683341652521 189.6306397594288 0.0002387076020943855
0.0664 6382.085650810507 1.000039093164018 1.501586994448561 189.3432697317038 0.0002276728649965625
0.0665 6382.129923675796 1.000038840834399 1.501490629200851 189.0554961073266 0.0002170987094438484
0.06660000000000001 6382.174258646564 1.000038589404541 1.501394245947821 188.7673187973318 0.0002069681433820536
0.06670000000000001 6382.218655736475 1.000038338875181 1.501297844727965 188.4787377129136 0.000197264710455369
0.0668 6382.263114959173 1.000038089247042 1.501201425579842 188.1897527653786 0.0001879724764413736
0.0669 6382.307636328279 1.000037840520831 1.5011049885421 187.9003638661869 0.0001790760159260265
0.067 6382.352219857396 1.000037592697239 1.501008533653446 187.6105709269231 0.0001705603992120095
0.06710000000000001 6382.396865560106 1.000037345776943 1.500912060952673 187.3203738593132 0.0001624111794631244
0.06720000000000001 6382.441573449965 1.000037099760603 1.500815570478652 187.0297725752256 0.0001546143800813028
0.0673 6382.486343540514 1.000036854648865 1.500719062270318 186.7387669866583 0.0001471564823151564
0.0674 6382.53117584527 1.000036610442359 1.500622536366695 186.4473570057456 0.0001400244130994257
0.0675 6382.576070377728 1.000036367141698 1.500525992806883 186.1555425447694 0.0001332055331234067
0.06760000000000001 6382.621027151362 1.000036124747481 1.500429431630057 185.8633235161477 0.0001266876251260798
0.06770000000000001 6382.666046179625 1.00003588326029 1.500332852875488 185.5706998324343 0.000120458882417227
0.0678 6382.711127475951 1.00003564268069 1.500236256582509 185.2776714063192 0.0001145078976224947
0.0679 6382.756271053749 1.000035403009231 1.500139642790546 184.984238150634 0.0001088236516507585
0.068 6382.801476926408 1.000035164246448 1.500043011539101 184.6903999783466 0.0001033955028816028
0.06810000000000001 6382.846745107297 1.000034926392858 1.499946362867768 184.3961568025724 9.82131765716263e-05
0.0682 6382.892075609759 1.000034689448961 1.499849696816225 184.1015085365688 9.326675447694472e-05
0.0683 6382.937468447119 1.000034453415242 1.499753013424224 183.8064550937232 8.854666469020217e-05
0.0684 6382.982923632682 1.000034218292169 1.499656312731609 183.5109963875651 8.404367169051805e-05
0.06850000000000001 6383.028441179727 1.000033984080193 1.499559594778318 183.2151323317775 7.974886660382259e-05
0.06860000000000001 6383.074021101512 1.000033750779749 1.49946285960436 182.9188628401733 7.56536576709879e-05
0.0687 6383.119663411274 1.000033518391253 1.499366107249845 182.6221878267196 7.174976092280258e-05
0.0688 6383.165368122231 1.000033286915108 1.499269337754956 182.3251072055012 6.802919105806215e-05
0.0689 6383.211135247572 1.000033056351696 1.499172551159984 182.0276208907807 6.448425252455868e-05
0.06900000000000001 6383.256964800471 1.000032826701384 1.499075747505295 181.7297287969385 6.11075307979315e-05
0.06910000000000001 6383.302856794076 1.000032597964523 1.49897892683134 181.4314308385032 5.789188385870333e-05
0.0692 6383.348811241515 1.000032370141444 1.498882089178676 181.1327269301509 5.483043386360184e-05
0.0693 6383.394828155891 1.000032143232462 1.498785234587935 180.8336169867056 5.191655900917182e-05
0.0694 6383.440907550288 1.000031917237875 1.498688363099844 180.5341009231273 4.914388558514156e-05
0.06950000000000001 6383.487049437765 1.000031692157964 1.498591474755229 180.2341786545297 4.650628021548277e-05
0.06960000000000001 6383.53325383136 1.000031467992992 1.498494569594988 179.9338500961625 4.399784228405919e-05
0.0697 6383.579520744086 1.000031244743204 1.498397647660133 179.6331151634407 4.161289654310697e-05
