0 6365.5 1.000330465261854 1.56198468844578 297.15 15.22088633829836
0.0001 6365.505641026056 1.000330199820058 1.561914513703747 297.1133333306369 15.18739455629223
0.0002 6365.511326730459 1.000329932543269 1.561844310065172 297.0763762520186 15.15370264437142
0.0003 6365.517057131779 1.000329663436643 1.561774077312978 297.0391286434336 15.11981192636168
0.0004 6365.522832248729 1.000329392505368 1.561703815231183 297.0015903832603 15.08572373329273
0.0005 6365.528652100157 1.000329119754664 1.561633523604717 296.9637613489784 15.05143940334172
0.0006000000000000001 6365.534516705054 1.000328845189785 1.5615632022194 296.9256414171513 15.0169602817494
0.0007 6365.540426082543 1.000328568816016 1.561492850862247 296.8872304634673 14.98228772078946
0.0008 6365.54638025189 1.000328290638675 1.561422469321015 296.8485283627164 14.94742307967844
0.0009000000000000001 6365.552379232494 1.000328010663114 1.561352057384582 296.8095349887898 14.91236772450674
0.001 6365.558423043891 1.000327728894713 1.561281614842669 296.7702502147098 14.87712302819576
0.0011 6365.564511705754 1.000327445338886 1.561211141486055 296.7306739126001 14.84169037040142
0.0012 6365.570645237887 1.000327160001079 1.561140637106434 296.690805953733 14.80607113748623
0.0013 6365.576823660233 1.00032687288677 1.561070101496467 296.6506462084884 14.77026672241144
0.0014 6365.583046992863 1.000326584001467 1.560999534449662 296.6101945463887 14.73427852469759
0.0015 6365.589315255987 1.000326293350709 1.560928935760633 296.5694508360874 14.69810795034235
0.0016 6365.595628469941 1.000326000940068 1.560858305224844 296.5284149453809 14.66175641175897
0.0017 6365.6019866552 1.000325706775145 1.560787642638662 296.4870867412022 14.62522532769867
0.0018 6365.608389832363 1.000325410861574 1.560716947799473 296.4454660896394 14.58851612319344
0.0019 6365.614838022165 1.000325113205016 1.560646220505638 296.4035528559288 14.55163022947756
0.002 6365.621331245467 1.000324813811167 1.560575460556294 296.3613469044616 14.51456908391913
0.0021 6365.627869523264 1.000324512685749 1.560504667751654 296.3188480987836 14.47733412994604
0.0022 6365.634452876674 1.000324209834518 1.560433841892799 296.276056301619 14.43992681699221
0.0023 6365.641081326948 1.000323905263258 1.560362982781745 296.2329713748403 14.40234860039677
0.0024 6365.647754895461 1.000323598977782 1.56029209022154 296.1895931795046 14.3646009413599
0.0025 6365.654473603719 1.000323290983934 1.560221164015989 296.1459215758294 14.32668530684645
0.0026 6365.661237473351 1.000322981287587 1.560150203969931 296.1019564232164 14.28860316953057
0.0027 6365.668046526114 1.000322669894645 1.560079209889134 296.0576975802572 14.25035600772426
0.0028 6365.674900783889 1.000322356811038 1.560008181580287 296.013144904722 14.21194530529035
0.0029 6365.681800268682 1.000322042042728 1.559937118851018 295.968298253565 14.17337255157043
0.003 6365.688745002624 1.000321725595704 1.559866021509812 295.9231574829422 14.13463924132252
0.0031 6365.695735007969 1.000321407475984 1.559794889366204 295.8777224482 14.09574687463294
0.0032 6365.702770307093 1.000321087689615 1.559723722230536 295.8319930038982 14.05669695685825
0.0033 6365.709850922494 1.000320766242672 1.559652519914188 295.785969003787 14.01749099852627
0.0034 6365.716976876794 1.000320443141258 1.559581282229417 295.7396503008362 13.97813051528225
0.0035 6365.724148192735 1.000320118391505 1.559510008989375 295.6930367472231 13.93861702779937
0.0036 6365.731364893179 1.000319791999571 1.559438700008249 295.6461281943392 13.89895206170397
0.0037 6365.738627001108 1.000319463971642 1.559367355101015 295.5989244927954 13.85913714750038
0.0038 6365.745934539626 1.000319134313933 1.559295974083729 295.5514254924341 13.81917382050044
0.0039 6365.753287531951 1.000318803032684 1.559224556773272 295.5036310423174 13.77906362073261
0.004 6365.760686001425 1.000318470134165 1.559153102987489 295.4555409907388 13.73880809287075
0.0041 6365.768129971502 1.000318135624669 1.559081612545235 295.4071551852352 13.69840878616247
0.004200000000000001 6365.775619465757 1.000317799510519 1.559010085266187 295.3584734725808 13.65786725434221
0.0043 6365.783154507879 1.000317461798063 1.558938520971013 295.3094956987874 13.61718505554911
0.0044 6365.790735121674 1.000317122493675 1.558866919481349 295.2602217091215 13.57636375225912
0.004500000000000001 6365.798361331063 1.000316781603756 1.558795280619699 295.2106513480934 13.53540491119234
0.0046 6365.806033160082 1.000316439134732 1.558723604209592 295.1607844594681 13.4943101032396
0.0047 6365.813750632881 1.000316095093057 1.558651890075421 295.1106208862719 13.45308090338377
0.0048 6365.821513773723 1.000315749485207 1.558580138042571 295.060160470798 13.41171889062076
0.0049 6365.829322606985 1.000315402317686 1.55850834793736 295.0094030545946 13.37022564786563
0.005 6365.837177157156 1.000315053597022 1.558436519587026 294.9583484784888 13.32860276188753
0.0051 6365.845077448834 1.000314703329768 1.558364652819838 294.9069965825805 13.28685182321997
0.005200000000000001 6365.853023506732 1.000314351522502 1.558292747464932 294.8553472062425 13.24497442607581
0.0053 6365.861015355671 1.000313998181827 1.558220803352378 294.8034001881382 13.20297216827619
0.0054 6365.869053020582 1.00031364331437 1.558148820313327 294.7511553662156 13.16084665116009
0.005500000000000001 6365.877136526507 1.00031328692678 1.558076798179747 294.6986125777015 13.11859947949353
0.0056 6365.885265898596 1.000312929025735 1.5580047367846 294.6457716591252 13.07623226140242
0.0057 6365.893441162105 1.000312569617931 1.557932635961909 294.5926324463184 13.03374660828592
0.0058 6365.9016623424 1.000312208710091 1.557860495546519 294.5391947744032 12.99114413472013
0.0059 6365.909929464952 1.00031184630896 1.557788315374263 294.4854584778103 12.94842645838524
0.006 6365.918242555342 1.000311482421308 1.557716095282012 294.4314233902786 12.90559519997807
0.0061 6365.92660163925 1.000311117053925 1.557643835107549 294.3770893448731 12.86265198313851
0.006200000000000001 6365.935006742468 1.000310750213625 1.557571534689581 294.3224561739552 12.81959843433817
0.0063 6365.943457890889 1.000310381907245 1.557499193867894 294.2675237092243 12.77643618282498
0.0064 6365.951955110509 1.000310012141644 1.557426812483192 294.212291781694 12.73316686051606
0.006500000000000001 6365.960498427427 1.000309640923703 1.557354390377119 294.1567602217218 12.68979210193226
0.0066 6365.969087867848 1.000309268260323 1.55728192739232 294.1009288589852 12.64631354409071
0.0067 6365.977723458078 1.000308894158431 1.557209423372424 294.0447975224937 12.602732826425
0.0068 6365.98640522452 1.00030851862497 1.557136878162027 293.9883660406184 12.55905159071867
0.006900000000000001 6365.995133193684 1.000308141666908 1.557064291606735 293.9316342410565 12.51527148098814
0.007 6366.003907392174 1.000307763291232 1.556991663553089 293.8746019508666 12.47139414342021
0.0071 6366.0127278467 1.000307383504952 1.556918993848682 293.8172689964512 12.42742122626841
0.007200000000000001 6366.021594584065 1.000307002315095 1.556846282342017 293.7596352035802 12.38335437978083
0.0073 6366.030507631173 1.00030661972871 1.556773528882638 293.7017003973732 12.33919525609604
0.0074 6366.039467015026 1.000306235752868 1.556700733321062 293.6434644023292 12.29494550917494
0.007500000000000001 6366.048472762722 1.000305850394657 1.556627895508802 293.5849270423085 12.25060679469635
0.0076 6366.057524901456 1.000305463661186 1.556555015298366 293.5260881405392 12.20618076997041
0.0077 6366.066623458517 1.000305075559582 1.556482092543255 293.46694751964 12.16166909386521
0.007800000000000001 6366.075768461293 1.000304686096993 1.556409127097999 293.4075050015975 12.1170734266974
0.007900000000000001 6366.084959937261 1.000304295280584 1.556336118818081 293.347760407801 12.07239543016721
0.008 6366.094197913997 1.00030390311754 1.556263067560024 293.2877135590192 12.02763676724884
0.0081 6366.103482419167 1.000303509615064 1.556189973181344 293.2273642754175 11.98279910211175
0.008200000000000001 6366.11281348053 1.000303114780378 1.556116835540558 293.1667123765527 11.93788410002405
0.0083 6366.12219112594 1.00030271862072 1.556043654497203 293.1057576813904 11.89289342727339
0.008400000000000001 6366.131615383339 1.000302321143347 1.555970429911802 293.044500008299 11.84782875107001
0.008500000000000001 6366.141086280759 1.000301922355534 1.555897161645912 292.9829391750676 11.8026917394672
0.0086 6366.150603846325 1.000301522264571 1.555823849562158 292.9210749988882 11.75748406125537
0.008700000000000001 6366.160168108249 1.000301120877769 1.555750493524084 292.8589072963795 11.71220738588655
0.008800000000000001 6366.169779094834 1.000300718202451 1.555677093396344 292.7964358835806 11.66686338337696
0.0089 6366.179436834468 1.00030031424596 1.555603649044503 292.7336605759573 11.6214537242181
0.009000000000000001 6366.18914135563 1.000299909015654 1.555530160335276 292.6705811884079 11.57598007928773
0.0091 6366.198892686883 1.000299502518907 1.555456627136302 292.6071975352633 11.53044411975644
0.0092 6366.208690856877 1.000299094763109 1.555383049316321 292.5435094302983 11.4848475170026
0.009300000000000001 6366.218535894349 1.000298685755664 1.555309426745062 292.4795166867324 11.43919194251871
0.0094 6366.228427828119 1.000298275503994 1.555235759293292 292.4152191172292 11.39347906781759
0.0095 6366.238366687091 1.000297864015535 1.555162046832823 292.3506165339085 11.34771056434704
0.009600000000000001 6366.248352500254 1.000297451297737 1.555088289236467 292.285708748352 11.3018881034
0.0097 6366.258385296679 1.000297037358064 1.555014486378121 292.220495571586 11.25601335600802
0.0098 6366.26846510552 1.000296622203998 1.554940638132684 292.1549768141221 11.21008799287638
0.009900000000000001 6366.278591956011 1.000296205843029 1.554866744376129 292.0891522859282 11.16411368426906
0.01 6366.28876587747 1.000295788282666 1.554792804985445 292.0230217964462 11.11809209992699
0.0101 6366.298986899291 1.000295369530429 1.554718819838673 291.9565851546093 11.0720249089861
0.0102 6366.309255050951 1.000294949593853 1.554644788814897 291.889842168819 11.02591377986649
0.0103 6366.319570362005 1.000294528480483 1.554570711794257 291.822792646968 10.97976038019446
0.0104 6366.329932862086 1.00029410619788 1.554496588657962 291.7554363964408 10.93356637670811
0.0105 6366.340342580906 1.000293682753616 1.554422419288199 291.6877732241136 10.88733343516279
0.0106 6366.35079954825 1.000293258155274 1.554348203568315 291.6198029363776 10.8410632202528
0.0107 6366.361303793983 1.000292832410452 1.554273941382636 291.5515253391098 10.7947573954967
0.0108 6366.371855348047 1.000292405526757 1.55419963261653 291.4829402376967 10.74841762315889
0.0109 6366.382454240455 1.000291977511809 1.554125277156517 291.4140474370455 10.70204556416312
0.011 6366.393100501295 1.000291548373238 1.554050874890095 291.344846741585 10.65564287799779
0.0111 6366.40379416073 1.000291118118686 1.553976425705849 291.2753379552531 10.60921122261349
0.0112 6366.414535248997 1.000290686755806 1.553901929493437 291.2055208815208 10.5627522543444
0.0113 6366.425323796401 1.00029025429226 1.553827386143543 291.1353953233919 10.51626762781366
0.0114 6366.436159833324 1.000289820735719 1.553752795547997 291.0649610833915 10.46975899583105
0.0115 6366.447043390217 1.000289386093869 1.553678157599595 290.9942179635894 10.42322800931431
0.0116 6366.457974497598 1.000288950374399 1.553603472192292 290.9231657656122 10.37667631720231
0.0117 6366.468953186059 1.000288513585013 1.553528739221052 290.8518042906134 10.33010556634133
0.0118 6366.47997948626 1.00028807573342 1.553453958581968 290.7801333393089 10.28351740141398
0.0119 6366.491053428927 1.000287636827341 1.55337913017215 290.7081527119775 10.23691346484482
0.012 6366.502175044853 1.000287196874502 1.553304253889816 290.6358622084543 10.1902953967023
0.0121 6366.513344364904 1.000286755882639 1.553229329634292 290.5632616281254 10.14366483460087
0.0122 6366.524561420005 1.000286313859499 1.553154357305879 290.4903507699686 10.09702341363358
0.0123 6366.535826241151 1.000285870812831 1.553079336806067 290.4171294325187 10.05037276625524
0.0124 6366.5471388594 1.000285426750395 1.553004268037403 290.3435974139023 10.00371452221125
0.0125 6366.558499305874 1.000284981679958 1.552929150903464 290.2697545118207 9.957050308432507
0.0126 6366.56990761176 1.000284535609292 1.552853985308957 290.195600523561 9.910381748949193
0.0127 6366.581363808306 1.000284088546179 1.55277877115966 290.1211352460085 9.863710464804706
0.0128 6366.592867926824 1.000283640498403 1.552703508362463 290.0463584756466 9.817038073962101
0.0129 6366.604419998685 1.000283191473758 1.55262819682527 289.9712700085505 9.77036619120711
0.013 6366.616020055322 1.000282741480041 1.552552836457167 289.8958696404055 9.723696428066022
0.0131 6366.627668128229 1.000282290525057 1.552477427168269 289.8201571665126 9.677030392716226
0.0132 6366.639364248958 1.000281838616613 1.552401968869809 289.7441323817706 9.630369689882389
0.0133 6366.651108449121 1.000281385762523 1.552326461474104 289.6677950807119 9.583715920765544
0.0134 6366.662900760386 1.000280931970606 1.552250904894548 289.5911450574907 9.537070682943165
0.0135 6366.67474121448 1.000280477248684 1.552175299045666 289.5141821058827 9.49043557027677
0.0136 6366.686629843184 1.000280021604586 1.552099643843026 289.4369060193029 9.443812172830448
0.0137 6366.698566678339 1.00027956504614 1.552023939203339 289.359316590794 9.39720207677165
0.0138 6366.710551751838 1.000279107581183 1.551948185044379 289.2814136130499 9.350606864293548
0.0139 6366.722585095631 1.000278649217549 1.551872381285047 289.203196878398 9.304028113512718
0.014 6366.734666741719 1.000278189963082 1.55179652784532 289.1246661788285 9.257467398395342
0.0141 6366.746796722156 1.000277729825624 1.551720624646273 289.0458213059832 9.210926288658836
0.0142 6366.758975069054 1.00027726881302 1.551644671610102 288.9666620511488 9.164406349677416
0.0143 6366.771201814569 1.000276806933119 1.551568668660099 288.8871882052989 9.117909142415655
0.0144 6366.783476990915 1.000276344193769 1.55149261572065 288.8073995590524 9.071436223313569
0.0145 6366.795800630351 1.000275880602822 1.551416512717226 288.7272959027208 9.024989144223987
0.0146 6366.808172765187 1.00027541616813 1.551340359576427 288.6468770262844 8.978569452308616
0.0147 6366.820593427784 1.000274950897548 1.551264156225936 288.5661427194044 8.93217868995511
0.0148 6366.83306265055 1.000274484798929 1.551187902594555 288.4850927714227 8.885818394687581
0.0149 6366.845580465941 1.000274017880128 1.551111598612201 288.4037269713857 8.839490099090821
0.015 6366.858146906457 1.000273550149 1.551035244209869 288.3220451080264 8.793195330711123
0.0151 6366.87076200465 1.000273081613399 1.550958839319659 288.2400469697762 8.746935611974386
0.0152 6366.883425793111 1.000272612281179 1.550882383874823 288.1577323447772 8.700712460104327
0.0153 6366.896138304481 1.000272142160194 1.550805877809648 288.0751010208754 8.654527387031042
0.0154 6366.908899571441 1.000271671258297 1.55072932105957 287.9921527856335 8.608381899309856
0.0155 6366.921709626719 1.000271199583339 1.550652713561147 287.9088874263242 8.562277498030541
0.0156 6366.934568503083 1.000270727143168 1.55057605525203 287.8253047299603 8.516215678746565
0.0157 6366.947476233344 1.000270253945635 1.550499346070923 287.7414044832648 8.470197931371876
0.0158 6366.960432850354 1.000269779998583 1.55042258595773 287.6571864727006 8.424225740110778
0.0159 6366.973438387005 1.000269305309856 1.550345774853391 287.5726504844646 8.378300583368516
0.016 6366.986492876232 1.000268829887295 1.550268912699975 287.4877963044936 8.332423933668739
0.0161 6366.999596351005 1.000268353738738 1.55019199944069 287.4026237184702 8.286597257571319
0.0162 6367.012748844334 1.000267876872017 1.550115035019818 287.3171325118286 8.240822015590492
0.0163 6367.025950389268 1.000267399294966 1.550038019382735 287.2313224697549 8.195099662110209
0.0164 6367.039201018893 1.000266921015408 1.54996095247597 287.1451933771986 8.149431645306189
0.0165 6367.052500766327 1.000266442041169 1.549883834247121 287.0587450188726 8.103819407062023
0.0166 6367.065849664732 1.000265962380066 1.54980666464491 286.9719771792419 8.058264382879551
0.0167 6367.079247747297 1.000265482039912 1.549729443619174 286.8848896425701 8.012768001820689
0.0168 6367.092695047249 1.000265001028515 1.549652171120825 286.7974821928786 7.967331686403036
0.0169 6367.106191597849 1.000264519353681 1.549574847101911 286.709754613982 7.921956852536251
0.017 6367.119737432389 1.000264037023205 1.5494974715156 286.62170668947 7.876644909431064
0.0171 6367.133332584194 1.000263554044879 1.549420044316122 286.5333382027374 7.831397259533222
0.0172 6367.146977086622 1.00026307042649 1.549342565458857 286.4446489369601 7.786215298430438
0.0173 6367.160670973059 1.000262586175816 1.549265034900269 286.3556386751192 7.741100414784152
0.0174 6367.174414276922 1.00026210130063 1.549187452597885 286.2663072000063 7.696053990252522
0.0175 6367.18820703166 1.000261615808698 1.549109818510444 286.1766542942122 7.651077399404975
0.0176 6367.202049270746 1.000261129707777 1.549032132597672 286.0866797401503 7.606172009655154
0.0177 6367.215941027685 1.000260643005618 1.5489543948205 285.9963833200449 7.561339181176471
0.0178 6367.229882336008 1.000260155709965 1.548876605140868 285.9057648159486 7.516580266832962
0.0179 6367.243873229271 1.00025966782855 1.548798763521894 285.814824009737 7.471896612098852
0.018 6367.257913741059 1.000259179369102 1.548720869927752 285.723560683114 7.427289554984532
0.0181 6367.272003904981 1.000258690339337 1.548642924323722 285.631974617624 7.38276042596591
0.0182 6367.286143754668 1.000258200746964 1.548564926676205 285.5400655946577 7.338310547911287
0.0183 6367.300333323778 1.000257710599681 1.548486876952694 285.4478333954402 7.29394123600026
0.0184 6367.314572645992 1.000257219905179 1.548408775121776 285.3552778010547 7.24965379766032
0.0185 6367.32886175501 1.000256728671138 1.54833062115312 285.2623985924369 7.205449532489654
0.0186 6367.343200684558 1.000256236905227 1.548252415017508 285.1691955503742 7.161329732183469
0.0187 6367.35758946838 1.000255744615105 1.548174156686823 285.0756684555303 7.11729568047203
0.0188 6367.372028140243 1.00025525180842 1.548095846134039 284.9818170884208 7.07334865303689
0.0189 6367.386516733931 1.000254758492812 1.548017483333207 284.8876412294493 7.029489917455559
0.019 6367.401055283249 1.000254264675906 1.547939068259479 284.7931406588831 6.98572073311901
0.0191 6367.415643822019 1.000253770365316 1.547860600889114 284.6983151568774 6.942042351171872
0.0192 6367.430282384081 1.000253275568647 1.547782081199431 284.6031645034749 6.898456014442179
0.0193 6367.444971003292 1.000252780293489 1.547703509168859 284.5076884786002 6.854962957369062
0.0194 6367.459709713526 1.000252284547421 1.547624884776895 284.4118868620834 6.811564405944568
0.0195 6367.47449854867 1.000251788338008 1.547546208004167 284.315759433642 6.768261577637235
0.0196 6367.48933754263 1.000251291672805 1.547467478832306 284.2193059729051 6.725055681335085
0.0197 6367.504226729322 1.000250794559351 1.547388697244104 284.122526259407 6.681947917275846
0.0198 6367.519166142678 1.000250297005172 1.547309863223403 284.0254200725934 6.638939476983182
0.0199 6367.534155816641 1.000249799017781 1.547230976755119 283.9279871918333 6.596031543206153
0.02 6367.549195785168 1.000249300604678 1.54715203782525 283.8302273964067 6.553225289848873
0.0201 6367.564286082226 1.000248801773347 1.547073046420881 283.7321404655289 6.510521881916494
0.0202 6367.579426741793 1.000248302531258 1.546994002530146 283.6337261783441 6.467922475448795
0.0203 6367.594617797859 1.000247802885865 1.54691490614228 283.5349843139196 6.425428217454603
0.0204 6367.60985928442 1.000247302844611 1.546835757247558 283.4359146512696 6.383040245859669
0.0205 6367.625151235483 1.000246802414918 1.546756555837387 283.336516969361 6.340759689447417
0.0206 6367.640493685062 1.000246301604197 1.546677301904142 283.2367910470956 6.29858766779039
0.0207 6367.65588666718 1.000245800419841 1.546597995441378 283.136736663328 6.256525291197613
0.0208 6367.671330215865 1.000245298869227 1.546518636443609 283.0363535968771 6.21457366065999
0.0209 6367.686824365151 1.000244796959716 1.546439224906475 282.9356416265208 6.172733867788962
0.021 6367.702369149078 1.000244294698652 1.546359760826656 282.8346005309953 6.131006994758494
0.0211 6367.717964601691 1.000243792093362 1.546280244201892 282.7332300890074 6.089394114252669
0.0212 6367.733610757039 1.000243289151158 1.546200675030955 282.6315300792461 6.047896289413929
0.0213 6367.749307649174 1.00024278587933 1.546121053313731 282.5295002803708 6.00651457378238
0.0214 6367.765055312149 1.000242282285154 1.546041379051076 282.4271404710292 5.965250011247974
0.0215 6367.780853780023 1.000241778375888 1.545961652244955 282.3244504298513 5.924103635993798
0.0216 6367.796703086852 1.000241274158771 1.545881872898349 282.2214299354608 5.883076472447317
0.0217 6367.812603266696 1.000240769641021 1.545802041015297 282.1180787664761 5.842169535227629
0.0218 6367.828554353612 1.000240264829842 1.545722156600883 282.0143967015209 5.801383829098171
0.0219 6367.84455638166 1.000239759732416 1.545642219661203 281.9103835192076 5.760720348908611
0.022 6367.860609384897 1.000239254355905 1.545562230203422 281.8060389981719 5.720180079558424
0.0221 6367.876713397376 1.000238748707455 1.545482188235725 281.7013629170555 5.679763995940367
0.0222 6367.89286845315 1.00023824279419 1.545402093767301 281.5963550545238 5.639473062898615
0.0223 6367.909074586269 1.000237736623214 1.545321946808424 281.491015189254 5.599308235176295
0.0224 6367.925331830776 1.000237230201611 1.545241747370348 281.3853430999528 5.559270457375218
0.0225 6367.941640220714 1.000236723536445 1.545161495465357 281.2793385653566 5.519360663909598
0.0226 6367.957999790117 1.000236216634759 1.545081191106775 281.1730013642372 5.479579778962846
0.0227 6367.974410573015 1.000235709503575 1.545000834308925 281.0663312754017 5.439928716442998
0.0228 6367.990872603431 1.000235202149894 1.544920425087135 280.9593280776988 5.400408379941207
0.0229 6368.007385915381 1.000234694580695 1.544839963457779 280.8519915500245 5.361019662691066
0.023 6368.023950542874 1.000234186802937 1.544759449438197 280.744321471322 5.321763447526603
0.0231 6368.040566519909 1.000233678823555 1.544678883046772 280.6363176205936 5.282640606845459
0.0232 6368.057233880477 1.000233170649464 1.54459826430286 280.5279797769007 5.243652002568584
0.0233 6368.073952658559 1.000232662287554 1.544517593226837 280.4193077193639 5.20479848610086
0.0234 6368.090722888127 1.000232153744695 1.54443686984007 280.3103012271748 5.166080898296829
0.0235 6368.107544603139 1.000231645027734 1.544356094164884 280.2009600795958 5.127500069423052
0.0236 6368.124417837546 1.000231136143492 1.544275266224662 280.0912840559484 5.089056819117264
0.0237 6368.141342625283 1.000230627098772 1.544194386043689 279.9812729356607 5.050751956369162
0.0238 6368.158319000273 1.000230117900348 1.54411345364731 279.8709264982257 5.012586279470915
0.0239 6368.175346996426 1.000229608554974 1.544032469061814 279.7602445232309 4.974560575993499
0.024 6368.192426647639 1.000229099069379 1.543951432314464 279.6492267903467 4.936675622749506
0.0241 6368.209557987791 1.000228589450267 1.543870343433485 279.5378730793558 4.898932185771059
0.0242 6368.226741050751 1.000228079704319 1.54378920244809 279.4261831701177 4.861331020266475
0.0243 6368.243975870369 1.000227569838192 1.543708009388442 279.3141568426043 4.82387287060202
0.0244 6368.261262480477 1.000227059858516 1.543626764285674 279.2017938768998 4.78655847027243
0.0245 6368.278600914893 1.000226549771897 1.543545467171899 279.0890940531948 4.749388541870461
0.0246 6368.295991207416 1.000226039584916 1.543464118080146 278.976057151798 4.712363797063295
0.0247 6368.313433391826 1.000225529304129 1.543382717044383 278.8626829531307 4.675484936564033
0.0248 6368.330927501885 1.000225018936067 1.543301264099581 278.74897123775 4.638752650113773
0.0249 6368.348473571335 1.000224508487234 1.543219759281593 278.6349217863252 4.602167616449243
0.025 6368.366071633898 1.000223997964107 1.543138202627256 278.5205343796619 4.56573050328678
0.0251 6368.383721723277 1.000223487373139 1.543056594174316 278.4058087987013 4.529441967299528
0.0252 6368.401423873151 1.000222976720757 1.542974933961448 278.2907448245209 4.493302654095655
0.0253 6368.419178117178 1.000222466013359 1.542893222028276 278.1753422383457 4.457313198201247
0.0254 6368.436984488994 1.000221955257317 1.542811458415321 278.0596008215369 4.421474223036778
0.0255 6368.454843022212 1.000221444458977 1.542729643164019 277.9435203556212 4.385786340907411
0.0256 6368.472753750422 1.000220933624658 1.542647776316749 277.8271006222552 4.350250152974174
0.0257 6368.490716707189 1.000220422760651 1.542565857916775 277.710341403273 4.314866249251597
0.0258 6368.508731926052 1.000219911873219 1.542483888008254 277.5932424806623 4.279635208584511
0.0259 6368.526799440527 1.000219400968599 1.542401866636277 277.4758036365764 4.24455759863672
0.026 6368.544919284102 1.000218890052997 1.54231979384682 277.3580246533342 4.209633975877074
0.0261 6368.563091490242 1.000218379132596 1.542237669686733 277.2399053134258 4.174864885568304
0.0262 6368.58131609238 1.000217868213545 1.542155494203762 277.1214453995307 4.14025086176026
0.0263 6368.599593123925 1.00021735730197 1.542073267446568 277.0026446944879 4.105792427270296
0.0264 6368.617922618257 1.000216846403964 1.541990989464628 276.8835029813316 4.07149009368372
0.0265 6368.636304608726 1.000216335525594 1.541908660308335 276.7640200432792 4.037344361341384
0.0266 6368.654739128657 1.000215824672898 1.541826280028938 276.6441956637312 4.003355719331799
0.0267 6368.673226211338 1.000215313851885 1.541743848678559 276.5240296263013 3.969524645492585
0.0268 6368.691765890033 1.000214803068532 1.541661366310171 276.4035217147861 3.935851606396154
0.0269 6368.710358197972 1.00021429232879 1.541578832977611 276.2826717131833 3.902337057349869
0.027 6368.729003168354 1.00021378163858 1.541496248735562 276.1614794056976 3.868981442393797
0.0271 6368.747700834347 1.000213271003792 1.541413613639527 276.0399445767465 3.835785194299436
0.0272 6368.766451229085 1.000212760430287 1.541330927745886 275.9180670109484 3.802748734564641
0.0273 6368.785254385672 1.000212249923897 1.541248191111822 275.7958464931347 3.769872473416077
0.0274 6368.804110337172 1.000211739490422 1.541165403795384 275.673282808379 3.737156809817314
0.0275 6368.823019116624 1.000211229135633 1.541082565855425 275.5503757419441 3.704602131455761
0.0276 6368.841980757024 1.000210718865271 1.540999677351591 275.4271250793412 3.672208814760729
0.0277 6368.860995291339 1.000210208685045 1.540916738344397 275.3035306062942 3.639977224897251
0.0278 6368.880062752497 1.000209698600635 1.540833748895126 275.1795921087695 3.607907715778162
0.0279 6368.89918317339 1.000209188617689 1.540750709065889 275.055309372964 3.576000630066289
0.028 6368.918356586873 1.000208678741826 1.54066761891958 274.9306821853228 3.544256299185346
0.0281 6368.937583025766 1.000208168978631 1.540584478519891 274.8057103325217 3.512675043322743
0.0282 6368.95686252285 1.000207659333661 1.540501287931318 274.6803936014729 3.481257171439584
0.0283 6368.976195110868 1.00020714981244 1.540418047219096 274.5547317793606 3.450002981288956
0.0284 6368.995580822524 1.000206640420461 1.540334756449303 274.4287246535936 3.418912759414535
0.0285 6369.015019690482 1.000206131163186 1.540251415688729 274.3023720118643 3.387986781176735
0.0286 6369.034511747369 1.000205622046044 1.540168025004974 274.175673642102 3.357225310753495
0.0287 6369.05405702577 1.000205113074434 1.540084584466363 274.0486293324956 3.326628601159695
0.0288 6369.07365555823 1.000204604253722 1.540001094142006 273.9212388715063 3.296196894264529
0.0289 6369.093307377251 1.000204095589243 1.539917554101746 273.793502047867 3.265930420807014
0.029 6369.113012515298 1.000203587086301 1.539833964416166 273.6654186505651 3.235829400408394
0.0291 6369.132771004787 1.000203078750165 1.539750325156614 273.5369884688834 3.205894041599533
0.0292 6369.152582878099 1.000202570586073 1.539666636395158 273.4082112923587 3.176124541829821
0.0293 6369.172448167566 1.000202062599233 1.539582898204562 273.2790869108238 3.146521087496502
0.0294 6369.19236690548 1.000201554794818 1.539499110658362 273.1496151143773 3.117083853958515
0.0295 6369.212339124089 1.00020104717797 1.539415273830768 273.0197956934193 3.087813005566321
0.0296 6369.232364855597 1.000200539753796 1.539331387796731 272.8896284386218 3.058708695677888
0.0297 6369.252444132159 1.000200032527375 1.539247452631886 272.7591131409644 3.029771066690405
0.0298 6369.272576985891 1.000199525503748 1.539163468412573 272.6282495917102 3.001000250059707
0.0299 6369.292763448858 1.000199018687928 1.539079435215826 272.497037582424 2.972396366329974
0.03 6369.313003553081 1.000198512084893 1.53899535311936 272.3654769049721 2.943959525160448
0.0301 6369.333297330536 1.000198005699587 1.538911222201565 272.2335673515162 2.915689825351931
0.0302 6369.35364481315 1.000197499536924 1.538827042541531 272.1013087145255 2.887587354878117
0.0303 6369.374046032804 1.000196993601781 1.538742814218982 271.9687007867768 2.859652190915346
0.0304 6369.394501021329 1.000196487899007 1.538658537314308 271.83574336136 2.831884399874607
0.0305 6369.41500981051 1.000195982433414 1.538574211908592 271.7024362316841 2.804284037434499
0.0306 6369.435572432082 1.000195477209782 1.538489838083515 271.568779191466 2.776851148571516
0.0307 6369.456188917732 1.000194972232857 1.538405415921439 271.4347720347413 2.749585767596261
0.0308 6369.476859299097 1.000194467507355 1.538320945505338 271.300414555871 2.722487918189362
0.0309 6369.497583607764 1.000193963037955 1.538236426918835 271.1657065495355 2.695557613435962
0.031 6369.51836187527 1.000193458829303 1.538151860246173 271.0306478107458 2.668794855864787
0.0311 6369.539194133102 1.000192954886014 1.538067245572201 270.8952381348385 2.642199637484604
0.0312 6369.560080412693 1.000192451212669 1.53798258298239 270.7594773174927 2.615771939826321
0.0313 6369.581020745429 1.000191947813813 1.537897872562829 270.623365154713 2.589511733979084
0.0314 6369.602015162641 1.000191444693961 1.537813114400159 270.4869014428349 2.563418980632024
0.0315 6369.623063695609 1.000190941857593 1.537728308581673 270.3500859785426 2.537493630119171
0.0316 6369.64416637556 1.000190439309155 1.537643455195215 270.2129185588632 2.511735622460725
0.0317 6369.665323233668 1.000189937053059 1.537558554329204 270.0753989811609 2.486144887405361
0.0318 6369.686534301054 1.000189435093687 1.537473606072661 269.9375270431486 2.460721344476809
0.0319 6369.707799608786 1.000188933435383 1.537388610515143 269.799302542894 2.435464903020204
0.032 6369.729119187876 1.00018843208246 1.53730356774679 269.6607252788075 2.410375462246122
0.0321 6369.750493069283 1.000187931039198 1.537218477858266 269.5217950496602 2.385452911280967
0.0322 6369.771921283912 1.000187430309841 1.537133340940824 269.3825116545721 2.360697129212892
0.0323 6369.793403862612 1.000186929898602 1.537048157086201 269.2428748930237 2.336107985142911
0.0324 6369.814940836175 1.000186429809659 1.536962926386726 269.1028845648619 2.3116853382358
0.0325 6369.836532235341 1.000185930047157 1.536877648935225 268.9625404702828 2.287429037767801
0.0326 6369.858178090791 1.000185430615207 1.536792324825026 268.8218424098603 2.26333892318346
0.0327 6369.879878433149 1.000184931517888 1.536706954150012 268.6807901845294 2.239414824145122
0.0328 6369.901633292986 1.000184432759244 1.536621537004529 268.5393835955914 2.21565656058744
0.0329 6369.923442700811 1.000183934343287 1.536536073483456 268.3976224447259 2.192063942773711
0.033 6369.945306687081 1.000183436273992 1.536450563682157 268.2555065339733 2.168636771348136
0.0331 6369.967225282191 1.000182938555307 1.536365007696449 268.113035665758 2.145374837395856
0.0332 6369.98919851648 1.00018244119114 1.536279405622687 267.9702096428831 2.122277922498884
0.0333 6370.011226420227 1.00018194418537 1.536193757557655 267.8270282685238 2.09934579879296
0.0334 6370.033309023655 1.000181447541841 1.536108063598608 267.6834913462457 2.076578229029052
0.0335 6370.055446356925 1.000180951264365 1.536022323843272 267.5395986799866 2.053974966630003
0.0336 6370.077638450143 1.00018045535672 1.535936538389802 267.3953500740689 2.031535755752769
0.0337 6370.099885333352 1.00017995982265 1.535850707336832 267.2507453332108 2.009260331351368
0.0338 6370.122187036537 1.000179464665866 1.535764830783416 267.105784262509 1.987148419236084
0.0339 6370.144543589621 1.000178969890049 1.535678908829025 266.9604666674621 1.96519973613986
0.034 6370.166955022469 1.000178475498844 1.535592941573564 266.8147923539531 1.943413989779136
0.0341 6370.189421364884 1.000177981495864 1.535506929117362 266.6687611282549 1.921790878919141
0.0342 6370.211942646609 1.000177487884688 1.535420871561162 266.5223727970427 1.900330093440777
0.0343 6370.234518897326 1.000176994668865 1.535334769006076 266.3756271673818 1.879031314404783
0.0344 6370.257150146655 1.000176501851908 1.535248621553662 266.2285240467453 1.857894214121005
0.0345 6370.279836424154 1.000176009437301 1.535162429305813 266.0810632429965 1.836918456213254
0.0346 6370.302577759322 1.000175517428491 1.535076192364847 265.9332445644067 1.816103695690056
0.0347 6370.325374181592 1.000175025828897 1.534989910833439 265.785067819655 1.795449579013537
0.0348 6370.348225720336 1.000174534641903 1.534903584814628 265.6365328178166 1.77495574416743
0.0349 6370.371132404866 1.000174043870861 1.534817214411811 265.4876393683688 1.754621820728319
0.035 6370.394094264429 1.000173553519092 1.534730799728755 265.3383872812145 1.734447429939948
0.0351 6370.417111328207 1.000173063589883 1.53464434086956 265.1887763666526 1.714432184780962
0.0352 6370.440183625325 1.00017257408649 1.534557837938671 265.03880643539 1.694575690039045
0.0353 6370.463311184836 1.000172085012137 1.534471291040863 264.8884772985651 1.674877542387195
0.0354 6370.486494035737 1.000171596370017 1.534384700281226 264.7377887677125 1.655337330452872
0.0355 6370.509732206956 1.00017110816329 1.534298065765189 264.5867406547862 1.635954634895648
0.0356 6370.533025727362 1.000170620395086 1.534211387598466 264.4353327721486 1.61672902848084
0.0357 6370.556374625755 1.000170133068501 1.534124665887099 264.2835649325933 1.597660076158346
0.0358 6370.579778930873 1.000169646186602 1.534037900737403 264.1314369493278 1.578747335136792
0.0359 6370.603238671389 1.000169159752423 1.533951092256009 263.9789486359736 1.559990354960641
0.036 6370.62675387591 1.000168673768968 1.533864240549809 263.8260998065833 1.541388677590058
0.0361 6370.650324572981 1.00016818823921 1.533777345725982 263.6728902756239 1.522941837477009
0.0362 6370.673950791079 1.00016770316609 1.533690407891957 263.5193198579876 1.504649361645584
0.0363 6370.697632558617 1.000167218552521 1.533603427155452 263.3653883689925 1.486510769771448
0.0364 6370.721369903941 1.00016673440138 1.533516403624416 263.2110956243822 1.468525574261858
0.0365 6370.745162855334 1.000166250715521 1.533429337407035 263.056441440326 1.45069328033625
0.0366 6370.769011441013 1.00016576749776 1.533342228611786 262.9014256334129 1.433013386106709
0.0367 6370.792915689126 1.000165284750888 1.53325507734732 262.7460480206813 1.415485382663004
0.0368 6370.816875627756 1.000164802477664 1.53316788372255 262.5903084195833 1.398108754150724
0.0369 6370.840891284923 1.000164320680818 1.533080647846568 262.4342066480025 1.380882977856029
0.03700000000000001 6370.864962688576 1.000163839363049 1.532993369828727 262.2777425242542 1.363807524288859
0.0371 6370.889089866601 1.000163358527026 1.532906049778557 262.1209158670912 1.346881857267269
0.0372 6370.913272846817 1.000162878175391 1.532818687805778 261.9637264956917 1.33010543400033
0.0373 6370.937511656973 1.000162398310754 1.532731284020307 261.8061742296776 1.313477705174676
0.0374 6370.961806324755 1.000161918935698 1.532643838532261 261.6482588890902 1.296998115037113
0.0375 6370.986156877781 1.000161440052775 1.532556351451904 261.4899802944263 1.280666101483885
0.0376 6371.010563343599 1.000160961664511 1.532468822889683 261.3313382666082 1.264481096143545
0.0377 6371.035025749695 1.0001604837734 1.53238125295621 261.1723326269838 1.248442524463416
0.0378 6371.059544123484 1.000160006381909 1.532293641762241 261.0129631973563 1.232549805799394
0.0379 6371.084118492313 1.000159529492478 1.53220598941868 260.8532297999662 1.216802353501309
0.038 6371.108748883465 1.000159053107516 1.532118296036591 260.69313225748 1.201199574999368
0.0381 6371.133435324152 1.000158577229408 1.532030561727139 260.5326703930131 1.185740871894451
0.0382 6371.158177841522 1.000158101860507 1.531942786601639 260.3718440301067 1.170425640044123
0.0383 6371.182976462652 1.000157627003141 1.531854970771512 260.2106529927631 1.155253269654694
0.0384 6371.207831214552 1.00015715265961 1.531767114348301 260.0490971054104 1.140223145366809
0.0385 6371.232742124165 1.000156678832187 1.531679217443656 259.8871761929257 1.125334646347004
0.0386 6371.257709218365 1.000156205523117 1.531591280169318 259.7248900806297 1.110587146376743
0.03870000000000001 6371.282732523958 1.00015573273462 1.531503302637113 259.5622385942746 1.095980013941263
0.0388 6371.307812067683 1.000155260468887 1.531415284958968 259.3992215600618 1.081512612321383
0.0389 6371.33294787621 1.000154788728085 1.531327227246887 259.2358388046363 1.067184299683416
0.039 6371.358139976142 1.000154317514353 1.531239129612921 259.0720901550802 1.052994429169362
0.0391 6371.383388394011 1.000153846829805 1.531150992169207 258.9079754389253 1.038942348988907
0.0392 6371.408693156286 1.000153376676529 1.531062815027936 258.7434944841406 1.025027402509575
0.0393 6371.434054289362 1.000152907056586 1.530974598301339 258.5786471191444 1.011248928349146
0.0394 6371.459471819569 1.000152437972013 1.530886342101718 258.4134331727986 0.9976062604667422
0.0395 6371.484945773168 1.000151969424823 1.53079804654137 258.2478524744082 0.9840987282546233
0.0396 6371.51047617635 1.000151501417001 1.53070971173266 258.0819048537218 0.970725656630158
0.0397 6371.53606305524 1.00015103395051 1.530621337787953 257.9155901409371 0.9574863661284246
0.0398 6371.561706435893 1.000150567027286 1.530532924819637 257.7489081666953 0.9443801729940043
0.0399 6371.587406344298 1.000150100649243 1.530444472940113 257.5818587620632 0.9314063892720325
0.04 6371.613162806372 1.000149634818269 1.530355982261776 257.4144417585807 0.918564322904431
0.0401 6371.638975847965 1.00014916953623 1.530267452897041 257.2466569882248 0.9058532778197471
0.0402 6371.664845494862 1.000148704804966 1.530178884958283 257.0785042833985 0.8932725540250498
0.0403 6371.690771772774 1.000148240626296 1.530090278557876 256.9099834769717 0.8808214477018786
0.04040000000000001 6371.716754707346 1.000147777002014 1.530001633808175 256.7410944022516 0.8684992512968871
0.0405 6371.742794324156 1.000147313933892 1.529912950821493 256.5718368929832 0.8563052536148188
0.0406 6371.768890648715 1.000146851423679 1.529824229710115 256.4022107833547 0.8442387399119452
0.0407 6371.795043706458 1.000146389473102 1.529735470586284 256.2322159080212 0.8322989919907321
0.0408 6371.821253522761 1.000145928083864 1.529646673562194 256.0618521020518 0.8204852882890985
0.0409 6371.847520122927 1.000145467257647 1.529557838749978 255.8911192009767 0.808796903976798
0.041 6371.87384353219 1.000145006996113 1.529468966261702 255.7200170407635 0.7972331110467665
0.0411 6371.900223775719 1.000144547300899 1.529380056209396 255.5485454578233 0.7857931784085306
0.0412 6371.926660878613 1.000144088173625 1.529291108704972 255.3767042890162 0.7744763719815401
0.0413 6371.953154865902 1.000143629615885 1.529202123860297 255.2044933716401 0.7632819547872726
0.0414 6371.979705762549 1.000143171629255 1.529113101787117 255.0319125434302 0.752209187042082
0.0415 6372.006313593451 1.000142714215292 1.529024042597119 254.858961642571 0.7412573262507067
0.04160000000000001 6372.032978383432 1.000142257375529 1.528934946401875 254.6856405076904 0.7304256272985242
0.0417 6372.059700157254 1.00014180111148 1.528845813312864 254.511948977848 0.7197133425433619
0.0418 6372.086478939608 1.000141345424642 1.52875664344142 254.3378868925464 0.7091197219086717
0.0419 6372.113314755118 1.000140890316489 1.528667436898789 254.163454091732 0.698644012975805
0.042 6372.140207628339 1.000140435788477 1.528578193796112 253.9886504157943 0.6882854610761378
0.04210000000000001 6372.167157583761 1.000139981842043 1.528488914244341 253.8134757055544 0.6780433093823459
0.0422 6372.194164645804 1.000139528478606 1.52839959835435 253.637929802277 0.6679167990009114
0.0423 6372.221228838821 1.000139075699564 1.528310246236845 253.4620125476639 0.6579051690633826
0.0424 6372.2483501871 1.000138623506299 1.528220858002391 253.2857237838488 0.648007656817456
0.0425 6372.27552871486 1.000138171900175 1.528131433761392 253.1090633534085 0.638223497718843
0.0426 6372.302764446254 1.000137720882536 1.528041973624118 252.9320310993515 0.62855192552157
0.0427 6372.330057405365 1.000137270454711 1.527952477700644 252.7546268651298 0.6189921723693513
0.0428 6372.357407616212 1.00013682061801 1.527862946100892 252.5768504946208 0.6095434688850944
0.0429 6372.384815102747 1.000136371373727 1.527773378934608 252.3987018321453 0.6002050442620551
0.043 6372.412279888855 1.000135922723139 1.527683776311358 252.2201807224441 0.590976126352513
0.0431 6372.439801998353 1.000135474667506 1.527594138340516 252.0412870107069 0.5818559417589405
0.0432 6372.467381454994 1.000135027208072 1.527504465131259 251.8620205425376 0.5728437159214913
0.04330000000000001 6372.495018282463 1.000134580346067 1.527414756792589 251.6823811639891 0.5639386732088102
0.0434 6372.522712504379 1.000134134082702 1.527325013433281 251.5023687215343 0.555140037005199
0.0435 6372.550464144296 1.000133688419174 1.527235235161916 251.3219830620773 0.5464470297995402
0.0436 6372.5782732257 1.000133243356667 1.52714542208686 251.1412240329481 0.5378588732729733
0.0437 6372.606139772014 1.000132798896346 1.527055574316251 250.9600914819083 0.5293747883867705
0.0438 6372.634063806593 1.000132355039365 1.526965691958009 250.778585257145 0.5209939954692615
0.0439 6372.662045352728 1.000131911786861 1.526875775119826 250.596705207265 0.5127157143023825
0.044 6372.690084433645 1.000131469139959 1.526785823909159 250.4144511813068 0.5045391642086279
0.0441 6372.718181072502 1.00013102709977 1.52669583843324 250.2318230287345 0.4964635641367526
0.0442 6372.746335292394 1.000130585667389 1.526605818799035 250.0488205994378 0.4884881327473202
0.0443 6372.774547116352 1.0001301448439 1.526515765113263 249.8654437437143 0.4806120884970445
0.0444 6372.802816567339 1.000129704630375 1.526425677482411 249.6816923122991 0.4728346497247272
0.0445 6372.831143668257 1.000129265027869 1.526335556012684 249.4975661563293 0.4651550347339206
0.0446 6372.859528441943 1.00012882603743 1.526245400810027 249.3130651273735 0.4575724618778897
0.0447 6372.887970911166 1.00012838766009 1.52615521198013 249.1281890774202 0.4500861496423101
0.0448 6372.916471098637 1.000127949896869 1.526064989628407 248.9429378588596 0.442695316727266
0.0449 6372.945029027 1.000127512748777 1.525974733859974 248.757311324502 0.4353991821301769
0.04500000000000001 6372.973644718833 1.000127076216812 1.525884444779695 248.571309327583 0.4281969652276794
0.0451 6373.002318196654 1.000126640301962 1.525794122492119 248.3849317217463 0.4210878858560491
0.0452 6373.031049482917 1.000126205005202 1.525703767101532 248.1981783610375 0.4140711643915774
0.0453 6373.059838600011 1.000125770327496 1.525613378711911 248.0110490999281 0.4071460218314853
0.0454 6373.088685570264 1.000125336269801 1.525522957426931 247.8235437932852 0.4003116798722645
0.0455 6373.11759041594 1.000124902833061 1.52543250334996 247.6356622963903 0.3935673609892124
0.0456 6373.14655315924 1.000124470018212 1.52534201658407 247.4474044649381 0.3869122885146931
0.0457 6373.175573822306 1.000124037826178 1.525251497232021 247.2587701550141 0.3803456867149763
0.0458 6373.204652427214 1.000123606257876 1.525160945396231 247.0697592231112 0.3738667808679414
0.0459 6373.233788995979 1.000123175314213 1.525070361178836 246.8803715261364 0.367474797339705
0.046 6373.262983550555 1.000122744996087 1.524979744681627 246.6906069213927 0.3611689636598097
0.0461 6373.292236112834 1.00012231530439 1.524889096006049 246.5004652665792 0.3549485085964019
0.0462 6373.321546704646 1.000121886240001 1.524798415253268 246.3099464198029 0.348812662231127
0.0463 6373.350915347761 1.000121457803795 1.524707702524059 246.1190502395551 0.3427606560322081
0.0464 6373.380342063887 1.000121029996637 1.524616957918884 245.9277765847349 0.3367917229283848
0.0465 6373.409826874673 1.000120602819387 1.524526181537857 245.7361253146258 0.330905097380654
0.0466 6373.439369801705 1.000120176272895 1.524435373480756 245.5440962889191 0.3251000154548039
0.04670000000000001 6373.46897086651 1.000119750358005 1.524344533846994 245.3516893676846 0.3193757148916077
0.0468 6373.498630090557 1.000119325075556 1.524253662735618 245.158904411382 0.3137314351775886
0.0469 6373.52834749525 1.000118900426378 1.524162760245365 244.9657412808732 0.3081664176150321
0.047 6373.55812310194 1.000118476411296 1.524071826474561 244.7721998373926 0.3026799053900703
0.0471 6373.587956931912 1.000118053031129 1.523980861521199 244.5782799425705 0.2972711436415827
0.0472 6373.617849006398 1.00011763028669 1.523889865482885 244.3839814584156 0.2919393795281577
0.0473 6373.647799346566 1.000117208178787 1.523798838456878 244.189304247321 0.286683862294983
0.0474 6373.677807973528 1.000116786708223 1.523707780540042 243.9942481720699 0.281503843339954
0.0475 6373.707874908338 1.000116365875794 1.523616691828879 243.7988130958059 0.276398576278081
0.0476 6373.738000171989 1.000115945682295 1.523525572419506 243.6029988820691 0.2713673170068482
0.0477 6373.768183785421 1.000115526128513 1.52343442240765 243.4068053947657 0.2664093237690696
0.0478 6373.79842576951 1.000115107215232 1.523343241888676 243.2102324981864 0.2615238572161912
0.04790000000000001 6373.82872614508 1.000114688943232 1.52325203095755 243.0132800569826 0.2567101804697456
0.048 6373.859084932895 1.000114271313291 1.523160789708826 242.8159479361838 0.2519675591830441
0.0481 6373.889502153662 1.00011385432618 1.523069518236704 242.6182360011979 0.2472952616015986
0.0482 6373.919977828033 1.000113437982669 1.522978216634963 242.4201441177878 0.2426925586221752
0.0483 6373.950511976602 1.000113022283525 1.522886884996992 242.2216721520884 0.238158723852018
0.04840000000000001 6373.981104619907 1.000112607229511 1.52279552341577 242.0228199706015 0.2336930336666698
0.0485 6374.011755778432 1.000112192821388 1.522704131983892 241.8235874401952 0.2292947672670981
0.0486 6374.042465472601 1.000111779059915 1.522612710793536 241.6239744280923 0.2249632067357231
0.0487 6374.073233722787 1.000111365945848 1.522521259936476 241.4239808018823 0.2206976370921201
0.0488 6374.104060549306 1.000110953479941 1.522429779504077 241.2236064295092 0.2164973463473513
0.0489 6374.13494597242 1.000110541662948 1.522338269587284 241.0228511792719 0.2123616255577026
0.049 6374.165890012335 1.00011013049562 1.522246730276637 240.8217149198239 0.2082897688775552
0.0491 6374.196892689202 1.000109719978706 1.52215516166227 240.6201975201851 0.2042810736116184
0.0492 6374.227954023121 1.000109310112956 1.522063563833883 240.4182988497126 0.2003348402654637
0.0493 6374.259074034136 1.000108900899118 1.521971936880761 240.2160187781182 0.1964503725961378
0.0494 6374.290252742237 1.000108492337938 1.521880280891782 240.0133571754621 0.1926269776614141
0.0495 6374.321490167362 1.000108084430165 1.52178859595538 239.810313912148 0.1888639658681695
0.04960000000000001 6374.352786329396 1.000107677176544 1.521696882159578 239.6068888589278 0.1851606510200921
0.0497 6374.384141248169 1.000107270577823 1.52160513959198 239.4030818869027 0.1815163503643794
0.0498 6374.415554943462 1.000106864634748 1.521513368339748 239.1988928674986 0.1779303846371241
0.0499 6374.447027435 1.000106459348066 1.521421568489629 238.9943216725022 0.1744020781088555
0.05 6374.478558742459 1.000106054718525 1.521329740127928 238.7893681740137 0.1709307586277177
0.05010000000000001 6374.510148885463 1.000105650746874 1.521237883340531 238.5840322444936 0.1675157576633883
0.0502 6374.541797883583 1.000105247433862 1.521145998212885 238.3783137567101 0.1641564103483722
0.0503 6374.573505756341 1.000104844780239 1.521054084830004 238.1722125837858 0.160852055520076
0.0504 6374.605272523206 1.000104442786758 1.520962143276466 237.9657285991628 0.1576020357605912
0.0505 6374.637098203598 1.000104041454171 1.520870173636425 237.7588616766142 0.1544056974363479
0.0506 6374.668982816886 1.000103640783234 1.520778175993576 237.551611690238 0.1512623907365607
0.0507 6374.70092638239 1.000103240774703 1.520686150431207 237.3439785144636 0.1481714697109398
0.0508 6374.732928919379 1.000102841429337 1.520594097032155 237.1359620240395 0.1451322923062127
0.0509 6374.764990447072 1.000102442747898 1.520502015878808 236.9275620940333 0.1421442204019107
0.051 6374.797110984641 1.000102044731148 1.520409907053124 236.718778599832 0.1392066198452307
0.0511 6374.829290551209 1.000101647379854 1.520317770636626 236.5096114171419 0.1363188604849721
0.0512 6374.861529165848 1.000101250694783 1.520225606710396 236.3000604219882 0.1334803162045479
0.05130000000000001 6374.893826847584 1.000100854676708 1.520133415355054 236.0901254907038 0.1306903649539151
0.0514 6374.926183615394 1.000100459326402 1.520041196650821 235.8798064999409 0.1279483887809018
0.0515 6374.958599488205 1.000100064644644 1.519948950677438 235.6691033266646 0.1252537738613661
0.0516 6374.991074484902 1.000099670632214 1.519856677514217 235.4580158481361 0.1226059105282913
0.0517 6375.023608624319 1.000099277289896 1.519764377240041 235.2465439419237 0.1200041933003421
0.05180000000000001 6375.056201925244 1.000098884618477 1.519672049933337 235.034687485915 0.1174480209094783
0.0519 6375.088854406416 1.000098492618751 1.519579695672093 234.8224463582932 0.1149367963272133
0.052 6375.121566086533 1.000098101291511 1.51948731453385 234.609820437537 0.1124699267902548
0.0521 6375.154336984241 1.000097710637557 1.519394906595731 234.3968096024327 0.1100468238253569
0.0522 6375.187167118145 1.000097320657694 1.519302471934388 234.183413732056 0.1076669032729099
0.0523 6375.220056506802 1.000096931352728 1.519210010626041 233.9696327057844 0.1053295853099565
0.0524 6375.253005168725 1.000096542723471 1.51911752274648 233.7554664032849 0.103034294472024
0.0525 6375.286013122382 1.000096154770742 1.519025008371037 233.5409147045201 0.1007804596742434
0.0526 6375.319080386193 1.000095767495359 1.518932467574627 233.3259774897482 0.09856751423148813
0.0527 6375.352206978539 1.000095380898151 1.518839900431699 233.1106546394993 0.09639489587736784
0.0528 6375.385392917752 1.000094994979947 1.518747307016285 232.8949460346111 0.09426204678292298
0.0529 6375.418638222125 1.000094609741583 1.518654687401958 232.6788515561869 0.0921684135736363
0.05300000000000001 6375.451942909905 1.000094225183901 1.518562041661874 232.4623710856202 0.09011344734620302
0.0531 6375.485306999294 1.000093841307746 1.518469369868735 232.245504504588 0.08809660368410498
0.0532 6375.518730508454 1.000093458113969 1.518376672094821 232.0282516950509 0.08611734267235037
0.0533 6375.552213455503 1.000093075603428 1.518283948411957 231.81061253923 0.08417512891111498
0.0534 6375.585755858518 1.000092693776984 1.518191198891552 231.5925869196298 0.08226943152893273
0.05350000000000001 6375.619357735532 1.000092312635505 1.518098423604583 231.3741747190446 0.08039972419482695
0.0536 6375.653019104535 1.000091932179864 1.518005622621567 231.1553758205231 0.07856548512921506
0.0537 6375.68673998348 1.000091552410939 1.517912796012629 230.9361901073797 0.07676619711436174
0.0538 6375.720520390274 1.000091173329617 1.51781994384743 230.7166174632188 0.07500134750404347
0.0539 6375.754360342787 1.000090794936788 1.517727066195208 230.4966577718868 0.07327042823177389
0.054 6375.788259858845 1.000090417233347 1.517634163124806 230.2763109175083 0.0715729358188479
0.0541 6375.822218956235 1.000090040220197 1.517541234704589 230.0555767844738 0.06990837138114377
0.05420000000000001 6375.856237652704 1.000089663898248 1.517448281002529 229.8344552574221 0.06827624063504523
0.0543 6375.890315965959 1.000089288268413 1.517355302086177 229.6129462212697 0.06667605390287565
0.0544 6375.924453913666 1.000088913331614 1.517262298022646 229.3910495611698 0.06510732611697037
0.0545 6375.958651513454 1.000088539088777 1.517169268878624 229.1687651625474 0.06356957682348265
0.0546 6375.992908782911 1.000088165540836 1.517076214720414 228.9460929110759 0.062062330184935
0.05470000000000001 6376.027225739587 1.000087792688731 1.516983135613858 228.7230326926828 0.06058511498216672
0.0548 6376.061602400994 1.000087420533408 1.516890031624413 228.4995843935379 0.05913746461534989
0.0549 6376.096038784603 1.000087049075818 1.516796902817112 228.2757479000774 0.05771891710443084
0.055 6376.130534907851 1.000086678316922 1.516703749256566 228.0515230989676 0.05632901508839027
0.0551 6376.165090788134 1.000086308257685 1.516610571006999 227.8269098771292 0.05496730582409417
0.05520000000000001 6376.199706442811 1.000085938899077 1.516517368132202 227.6019081217254 0.05363334118413172
0.0553 6376.234381889206 1.000085570242079 1.516424140695585 227.3765177201616 0.05232667765395183
0.0554 6376.269117144603 1.000085202287675 1.516330888760125 227.1507385600797 0.05104687632819568
0.0555 6376.303912226253 1.000084835036855 1.51623761238842 226.9245705293582 0.04979350290630193
0.0556 6376.338767151366 1.00008446849062 1.516144311642654 226.6980135161238 0.04856612768741891
0.0557 6376.373681937118 1.000084102649973 1.516050986584618 226.4710674087336 0.04736432556440553
0.0558 6376.40865660065 1.000083737515926 1.51595763727572 226.2437320957755 0.04618767601719486
0.05590000000000001 6376.443691159066 1.000083373089497 1.515864263776959 226.0160074660679 0.04503576310542559
0.056 6376.478785629435 1.00008300937171 1.515770866148937 225.7878934086715 0.04390817546040639
0.0561 6376.513940028791 1.000082646363597 1.515677444451886 225.5593898128599 0.04280450627615923
0.0562 6376.549154374132 1.000082284066195 1.515583998745641 225.3304965681431 0.0417243533000228
0.0563 6376.584428682423 1.00008192248055 1.515490529089652 225.1012135642499 0.0406673188223528
0.05640000000000001 6376.619762970594 1.000081561607712 1.515397035542995 224.8715406911396 0.03963300966567509
0.0565 6376.655157255539 1.000081201448739 1.515303518164354 224.6414778389961 0.03862103717307242
0.0566 6376.690611554121 1.000080842004694 1.515209977012062 224.4110248982105 0.03763101719585265
0.0567 6376.726125883167 1.000080483276649 1.515116412144052 224.1801817594159 0.03666257008078429
0.0568 6376.761700259471 1.000080125265682 1.515022823617895 223.9489483134406 0.03571532065632177
0.05690000000000001 6376.797334699793 1.000079767972875 1.514929211490804 223.7173244513436 0.03478889821854026
0.057 6376.833029220863 1.00007941139932 1.514835575819612 223.4853100643908 0.03388293651618637
0.0571 6376.868783839375 1.000079055546112 1.514741916660798 223.2529050440606 0.03299707373522712
0.0572 6376.904598571992 1.000078700414355 1.514648234070478 223.0201092820506 0.03213095248277904
0.0573 6376.940473435345 1.000078346005157 1.514554528104409 222.7869226702591 0.03128421977034181
0.0574 6376.976408446031 1.000077992319636 1.514460798817997 222.5533451007972 0.03045652699654821
0.0575 6377.012403620618 1.000077639358912 1.514367046266303 222.3193764659831 0.0296475299292593
0.05760000000000001 6377.04845897564 1.000077287124113 1.514273270504033 222.0850166583417 0.02885688868710471
0.0577 6377.084574527599 1.000076935616374 1.514179471585544 221.8502655706051 0.02808426772045623
0.0578 6377.120750292969 1.000076584836836 1.514085649564852 221.6151230957001 0.02732933579180547
0.0579 6377.156986288191 1.000076234786644 1.513991804495653 221.3795891267608 0.02659176595567405
0.058 6377.193282529674 1.00007588546695 1.513897936431274 221.1436635571162 0.02587123553790911
0.05810000000000001 6377.2296390338 1.000075536878914 1.513804045424739 220.907346280302 0.02516742611452741
0.0582 6377.266055816916 1.000075189023698 1.513710131528728 220.6706371900435 0.02448002348995325
0.0583 6377.302532895345 1.000074841902473 1.513616194795591 220.4335361802549 0.02380871767480754
0.0584 6377.339070285375 1.000074495516414 1.513522235277367 220.1960431450633 0.0231532028632659
0.0585 6377.375668003265 1.000074149866702 1.513428253025765 219.958157978779 0.02251317740978072
0.05860000000000001 6377.412326065246 1.000073804954523 1.513334248092186 219.7198805759016 0.02188834380543297
0.0587 6377.44904448752 1.00007346078107 1.513240220527704 219.4812108311197 0.02127840865380322
0.05880000000000001 6377.485823286259 1.00007311734754 1.513146170383107 219.2421486393172 0.0206830826464038
0.0589 6377.522662477604 1.000072774655135 1.513052097708854 219.0026938955729 0.02010208053765272
0.059 6377.559562077673 1.000072432705062 1.512958002555105 218.7628464951252 0.0195351211193331
0.0591 6377.59652210255 1.000072091498535 1.512863884971727 218.5226063334256 0.0189819271948469
0.0592 6377.633542568294 1.000071751036772 1.51276974500828 218.2819733060909 0.01844222555281651
0.05930000000000001 6377.670623490932 1.000071411320995 1.512675582714046 218.0409473089388 0.01791574694048311
0.0594 6377.707764886469 1.000071072352431 1.51258139813801 217.7995282379528 0.01740222603655516
0.0595 6377.744966770877 1.000070734132311 1.512487191328866 217.5577159892995 0.0169014014238009
0.0596 6377.782229160102 1.000070396661874 1.512392962335032 217.3155104593346 0.01641301556124463
0.0597 6377.819552070065 1.000070059942359 1.512298711204642 217.0729115445796 0.01593681475594855
0.05980000000000001 6377.856935516656 1.000069723975012 1.512204437985561 216.829919141739 0.01547254913453576
0.0599 6377.894379515741 1.000069388761082 1.51211014272538 216.5865331476829 0.01501997261430856
0.06 6377.931884083158 1.000069054301823 1.512015825471415 216.3427534594706 0.01457884287412381
0.0601 6377.969449234719 1.000068720598492 1.511921486270722 216.098579974327 0.01414892132486694
0.0602 6378.007074986207 1.00006838765235 1.511827125170107 215.8540125896542 0.0137299730796921
0.0603 6378.044761353382 1.000068055464663 1.511732742216094 215.609051203014 0.01332176692392038
0.0604 6378.082508351977 1.000067724036699 1.511638337454974 215.3636957121515 0.01292407528472986
0.06050000000000001 6378.120315997696 1.000067393369729 1.511543910932782 215.1179460149773 0.01253667420050672
0.0606 6378.158184306222 1.000067063465031 1.511449462695293 214.8718020095556 0.01215934328995261
0.0607 6378.196113293209 1.00006673432388 1.51135499278807 214.6252635941399 0.01179186572101788
0.0608 6378.234102974287 1.000066405947561 1.511260501256403 214.3783306671315 0.01143402817948022
0.0609 6378.27215336506 1.000066078337355 1.511165988145367 214.131003127109 0.01108562083740706
0.06100000000000001 6378.310264481106 1.000065751494552 1.511071453499794 213.8832808728106 0.01074643732133265
0.0611 6378.348436337978 1.000065425420441 1.510976897364296 213.63516380314 0.01041627468026652
0.0612 6378.386668951208 1.000065100116313 1.510882319783258 213.3866518171488 0.01009493335347767
0.0613 6378.424962336298 1.000064775583464 1.510787720800843 213.137744814066 0.009782217138158422
0.0614 6378.463316508727 1.00006445182319 1.510693100460987 212.888442693274 0.009477933156846238
0.06150000000000001 6378.501731483952 1.00006412883679 1.510598458807434 212.6387453543151 0.009181891824723494
0.0616 6378.540207277401 1.000063806625565 1.510503795883707 212.3886526968912 0.008893906816758376
0.0617 6378.578743904483 1.000063485190817 1.510409111733118 212.1381646208578 0.008613795034698554
0.0618 6378.617341380579 1.00006316453385 1.510314406398775 211.8872810262359 0.008341376573954801
0.0619 6378.655999721048 1.000062844655969 1.510219679923601 211.6360018131885 0.008076474690325193
0.062 6378.694718941224 1.00006252555848 1.510124932350319 211.3843268820441 0.007818915766661648
0.0621 6378.733499056419 1.000062207242692 1.510030163721449 211.1322561332789 0.007568529279391709
0.06220000000000001 6378.772340081919 1.000061889709912 1.509935374079337 210.8797894675289 0.007325147764981832
0.0623 6378.811242032987 1.000061572961451 1.509840563466143 210.6269267855836 0.007088606786302279
0.0624 6378.850204924865 1.000061256998617 1.509745731923845 210.3736679883745 0.006858744898917922
0.0625 6378.889228772771 1.000060941822722 1.509650879494232 210.1200129769867 0.006635403617341116
0.0626 6378.928313591899 1.000060627435075 1.50955600621895 209.8659616526592 0.006418427381222208
0.06270000000000001 6378.967459397418 1.000060313836988 1.509461112139441 209.6115139167845 0.006207663521499048
0.06280000000000001 6379.006666204478 1.00006000102977 1.509366197297003 209.3566696708912 0.006002962226501225
0.0629 6379.045934028205 1.000059689014732 1.509271261732777 209.1014288166674 0.005804176508066417
0.063 6379.085262883702 1.000059377793184 1.509176305487725 208.8457912559373 0.005611162167605662
0.0631 6379.124652786049 1.000059067366435 1.509081328602667 208.5897568906847 0.005423777762202319
0.06320000000000001 6379.164103750302 1.000058757735793 1.508986331118276 208.3333256230352 0.005241884570684681
0.06330000000000001 6379.2036157915 1.000058448902566 1.508891313075059 208.0764973552504 0.005065346559723518
0.0634 6379.243188924654 1.00005814086806 1.508796274513411 207.8192719897514 0.00489403034997321
0.0635 6379.282823164755 1.000057833633579 1.508701215473561 207.5616494290956 0.004727805182212232
0.0636 6379.322518526772 1.000057527200429 1.508606135995599 207.303629575982 0.004566542883545631
0.06370000000000001 6379.362275025653 1.00005722156991 1.508511036119508 207.0452123332574 0.004410117833656319
0.06380000000000001 6379.402092676322 1.000056916743322 1.508415915885113 206.7863976039047 0.004258406931103408
0.0639 6379.441971493683 1.000056612721962 1.508320775332135 206.5271852910604 0.00411128955970462
0.064 6379.481911492617 1.000056309507128 1.508225614500158 206.2675752979911 0.003968647554968846
0.0641 6379.521912687983 1.000056007100112 1.508130433428652 206.0075675281113 0.003830365170635443
0.06420000000000001 6379.561975094621 1.000055705502205 1.508035232156973 205.7471618849653 0.003696329045284155
0.06430000000000001 6379.602098727346 1.000055404714694 1.507940010724371 205.4863582722513 0.003566428169065379
0.0644 6379.642283600954 1.000055104738866 1.507844769169971 205.2251565937976 0.003440553850511644
0.0645 6379.682529730219 1.000054805576001 1.507749507532804 204.9635567535742 0.003318599683481203
0.0646 6379.722837129894 1.000054507227378 1.5076542258518 204.7015586556871 0.003200461514213478
0.06470000000000001 6379.763205814709 1.000054209694272 1.507558924165798 204.4391622043903 0.003086037408520989
0.0648 6379.803635799375 1.000053912977956 1.507463602513517 204.1763673040617 0.002975227619100823
0.0649 6379.84412709858 1.000053617079695 1.507368260933616 203.9131738592272 0.002867934553009491
0.065 6379.884679726993 1.000053322000753 1.507272899464642 203.6495817745425 0.00276406273926903
0.06510000000000001 6379.925293699261 1.000053027742391 1.507177518145067 203.3855909548055 0.002663518796641558
0.06520000000000001 6379.96596903001 1.000052734305861 1.507082117013285 203.1212013049379 0.002566211401554793
0.0653 6380.006705733845 1.000052441692416 1.506986696107592 202.8564127300095 0.002472051256212351
0.0654 6380.047503825349 1.0000521499033 1.506891255466247 202.5912251352319 0.002380951056867594
0.0655 6380.088363319087 1.000051858939752 1.506795795127404 202.3256384259347 0.002292825462273685
0.06560000000000001 6380.129284229602 1.00005156880301 1.506700315129147 202.0596525075897 0.002207591062337513
0.06570000000000001 6380.170266571415 1.000051279494302 1.506604815509528 201.7932672858045 0.002125166346956407
0.0658 6380.211310359027 1.000050991014853 1.506509296306498 201.5264826663227 0.002045471675055961
0.0659 6380.252415606921 1.000050703365881 1.506413757557967 201.2592985550122 0.001968429243829104
0.066 6380.293582329556 1.000050416548599 1.506318199301805 200.9917148578883 0.001893963058195578
0.06610000000000001 6380.334810541371 1.000050130564213 1.506222621575792 200.7237314810908 0.001821998900462769
0.06620000000000001 6380.376100256786 1.000049845413925 1.506127024417685 200.4553483308895 0.001752464300215807
0.0663 6380.417451490199 1.000049561098927 1.506031407865193 200.1865653137078 0.001685288504436945
0.0664 6380.458864255988 1.000049277620407 1.505935771955961 199.9173823360755 0.001620402447837041
0.0665 6380.500338568512 1.000048994979545 1.50584011672762 199.6477993046705 0.001557738723444495
0.06660000000000001 6380.541874442109 1.000048713177516 1.505744442217737 199.3778161262943 0.001497231553417015
0.06670000000000001 6380.583471891094 1.000048432215484 1.505648748463862 199.1074327078908 0.001438816760106955
0.0668 6380.625130929765 1.000048152094609 1.505553035503513 198.8366489565277 0.001382431737366343
0.0669 6380.666851572398 1.000047872816042 1.505457303374165 198.5654647794148 0.001328015422111571
0.067 6380.708633833249 1.000047594380927 1.505361552113276 198.29388008388 0.001275508266135163
0.06710000000000001 6380.750477726555 1.000047316790399 1.505265781758274 198.0218947773932 0.001224852208186677
0.06720000000000001 6380.79238326653 1.000047040045586 1.505169992346569 197.7495087675542 0.001175990646309389
0.0673 6380.834350467371 1.000046764147607 1.505074183915555 197.476721962087 0.001128868410444961
0.0674 6380.876379343253 1.000046489097572 1.504978356502612 197.2035342688577 0.00108343173531194
0.0675 6380.918469908329 1.000046214896585 1.504882510145098 196.929945595862 0.001039628233551808
0.06760000000000001 6380.960622176736 1.000045941545739 1.504786644880359 196.6559558512143 0.0009974068691513379
0.06770000000000001 6381.002836162588 1.000045669046118 1.504690760745737 196.3815649431766 0.0009567179311500522
0.0678 6381.045111879979 1.000045397398798 1.504594857778583 196.106772780135 0.0009175130076205667
0.0679 6381.087449342984 1.000045126604844 1.50449893601622 195.8315792706056 0.0008797449599375938
0.068 6381.129848565654 1.000044856665315 1.504402995495983 195.5559843232467 0.0008433678973337701
0.06810000000000001 6381.172309562026 1.000044587581255 1.504307036255217 195.2799878468285 0.0008083371517384574
0.0682 6381.214832346112 1.000044319353702 1.504211058331255 195.0035897502693 0.0007746092529157746
0.0683 6381.257416931907 1.000044051983684 1.504115061761447 194.7267899426055 0.000742141903886628
0.0684 6381.300063333381 1.000043785472218 1.504019046583146 194.4495883330213 0.000710893956652416
0.06850000000000001 6381.34277156449 1.000043519820311 1.503923012833718 194.1719848308134 0.0006808253882069646
0.06860000000000001 6381.385541639166 1.000043255028958 1.503826960550549 193.89397934542 0.0006518972768535107
0.0687 6381.428373571321 1.000042991099145 1.50373088977103 193.6155717864157 0.0006240717788162521
0.0688 6381.471267374846 1.000042728031847 1.503634800532582 193.3367620634989 0.0005973121051515811
0.0689 6381.514223063617 1.000042465828028 1.503538692872633 193.0575500864924 0.0005715824989617879
0.06900000000000001 6381.557240651482 1.000042204488642 1.503442566828637 192.7779357653666 0.000546848212912912
0.06910000000000001 6381.600320152274 1.000041944014628 1.503346422438086 192.4979190102162 0.0005230754870510432
0.0692 6381.643461579805 1.000041684406917 1.503250259738479 192.2174997312658 0.0005002315269251047
0.0693 6381.686664947866 1.000041425666429 1.503154078767353 191.9366778388702 0.0004782844820131922
0.0694 6381.729930270228 1.000041167794068 1.503057879562277 191.6554532435201 0.0004572034244539082
0.06950000000000001 6381.77325756064 1.000040910790731 1.502961662160847 191.3738258558423 0.0004369583280820328
0.06960000000000001 6381.816646832832 1.0000406546573 1.502865426600699 191.0917955865933 0.0004175200477688243
0.0697 6381.860098100514 1.000040399394646 1.502769172919503 190.8093623466601 0.0003988602990678651
