0 6365.5 1.000278618853515 1.561987039194843 293.15 2.104505980605016
0.0001 6365.505639529569 1.000278457022206 1.5619052165384 293.1133430578033 2.099732487480338
0.0002 6365.511331152565 1.000278293787325 1.561823384495038 293.0763475083294 2.094924514304763
0.0003 6365.517074875179 1.000278129151151 1.561741542964019 293.0390133113373 2.090082304443707
0.0004 6365.522870703669 1.000277963115979 1.561659691844967 293.0013404261484 2.085206102787009
0.0005 6365.52871864436 1.000277795684125 1.561577831038153 292.9633288116587 2.080296155733124
0.0006000000000000001 6365.53461870364 1.00027762685792 1.561495960444344 292.9249784263383 2.075352711171674
0.0007 6365.540570887964 1.000277456639715 1.561414079964834 292.8862892282317 2.070376018465899
0.0008 6365.546575203852 1.000277285031879 1.56133218950144 292.8472611749638 2.065366328435752
0.0009000000000000001 6365.552631657886 1.000277112036798 1.561250288956371 292.8078942237397 2.060323893340153
0.001 6365.558740256716 1.000276937656877 1.561168378232447 292.7681883313447 2.055248966859126
0.0011 6365.564901007054 1.000276761894536 1.561086457232935 292.7281434541504 2.050141804076597
0.0012 6365.571113915674 1.000276584752217 1.561004525861475 292.6877595481204 2.045002661463097
0.0013 6365.577378989417 1.000276406232377 1.560922584022288 292.6470365687868 2.0398317968546
0.0014 6365.583696235185 1.00027622633749 1.560840631620082 292.6059744712974 2.034629469440295
0.0015 6365.590065659942 1.000276045070051 1.560758668559803 292.5645732103802 2.029395939739733
0.0016 6365.596487270715 1.000275862432567 1.560676694747082 292.5228327403555 2.024131469585902
0.0017 6365.602961074594 1.000275678427568 1.560594710087783 292.4807530151414 2.018836322107455
0.0018 6365.609487078731 1.000275493057599 1.560512714488306 292.4383339882482 2.013510761709354
0.0019 6365.616065290339 1.000275306325221 1.560430707855461 292.3955756127961 2.008155054056403
0.002 6365.622695716692 1.000275118233015 1.560348690096476 292.3524778415029 2.002769466052969
0.0021 6365.629378365125 1.000274928783577 1.560266661118936 292.309040626685 1.997354265824122
0.0022 6365.636113243037 1.000274737979522 1.560184620830843 292.2652639202623 1.991909722697418
0.0023 6365.642900357881 1.000274545823481 1.560102569140658 292.2211476737706 1.986436107185341
0.0024 6365.649739717179 1.000274352318102 1.560020505957157 292.1766918383377 1.980933690963241
0.0025 6365.656631328506 1.000274157466051 1.559938431189563 292.131896364713 1.975402746853816
0.0026 6365.663575199499 1.000273961270008 1.559856344747489 292.0867612032561 1.969843548806363
0.0027 6365.670571337856 1.000273763732675 1.559774246540829 292.0412863039359 1.964256371877436
0.0028 6365.677619751334 1.000273564856766 1.559692136479971 291.9954716163314 1.958641492211425
0.0029 6365.684720447747 1.000273364645013 1.559610014475616 291.9493170896434 1.952999187022514
0.003 6365.691873434972 1.000273163100167 1.559527880438816 291.9028226726822 1.947329734573665
0.0031 6365.699078720941 1.000272960224993 1.55944573428106 291.8559883138859 1.941633414159144
0.0032 6365.706336313645 1.000272756022273 1.559363575914131 291.8088139613081 1.935910506083373
0.0033 6365.713646221134 1.000272550494806 1.559281405250234 291.7612995626304 1.930161291642591
0.0034 6365.721008451516 1.000272343645408 1.559199222201856 291.7134450651437 1.92438605310287
0.0035 6365.728423012957 1.000272135476909 1.559117026681899 291.6652504157786 1.918585073683791
0.0036 6365.735889913681 1.000271925992158 1.559034818603558 291.6167155610755 1.912758637534907
0.0037 6365.743409161966 1.000271715194018 1.558952597880472 291.56784044722 1.906907029719989
0.0038 6365.750980766152 1.00027150308537 1.558870364426466 291.5186250200135 1.901030536193388
0.0039 6365.758604734632 1.000271289669111 1.558788118155873 291.4690692248909 1.895129443782024
0.004 6365.766281075858 1.000271074948152 1.558705858983257 291.4191730069205 1.889204040165181
0.0041 6365.774009798338 1.000270858925421 1.558623586823635 291.3689363108041 1.883254613854254
0.004200000000000001 6365.781790910634 1.000270641603863 1.55854130159221 291.318359080877 1.877281454172445
0.0043 6365.789624421368 1.000270422986437 1.558459003204608 291.267441261108 1.871284851234401
0.0044 6365.797510339215 1.000270203076119 1.558376691576801 291.2161827950994 1.865265095925822
0.004500000000000001 6365.805448672907 1.0002699818759 1.558294366625056 291.1645836261044 1.859222479885077
0.0046 6365.81343943123 1.000269759388787 1.558212028265955 291.1126436970043 1.853157295479936
0.0047 6365.821482623026 1.000269535617801 1.558129676416489 291.0603629503311 1.847069835789783
0.0048 6365.829578257192 1.000269310565982 1.558047310993867 291.0077413282505 1.840960394582962
0.0049 6365.83772634268 1.000269084236381 1.557964931915686 290.9547787725795 1.834829266298213
0.005 6365.845926888495 1.000268856632067 1.557882539099888 290.9014752247803 1.828676746023301
0.0051 6365.854179903699 1.000268627756125 1.557800132464674 290.8478306259543 1.822503129473637
0.005200000000000001 6365.862485397408 1.000268397611651 1.557717711928613 290.7938449168486 1.81630871297222
0.0053 6365.870843378788 1.000268166201761 1.557635277410541 290.7395180378788 1.810093793431557
0.0054 6365.879253857063 1.000267933529582 1.557552828829702 290.6848499290885 1.80385866832811
0.005500000000000001 6365.887716841511 1.00026769959826 1.557470366105556 290.6298405301781 1.797603635684846
0.0056 6365.896232341459 1.000267464410951 1.557387889157983 290.574489780517 1.791328994051688
0.0057 6365.90480036629 1.00026722797083 1.557305397907107 290.518797619114 1.785035042481252
0.0058 6365.91342092544 1.000266990281084 1.557222892273361 290.4627639846411 1.778722080510604
0.0059 6365.922094028398 1.000266751344916 1.557140372177544 290.4063888154154 1.7723904081383
0.006 6365.930819684704 1.000266511165544 1.557057837540741 290.349672049423 1.766040325806078
0.0061 6365.939597903952 1.000266269746198 1.556975288284325 290.292613624313 1.759672134377175
0.006200000000000001 6365.948428695788 1.000266027090125 1.55689272433003 290.2352134773799 1.753286135113337
0.0063 6365.957312069909 1.000265783200586 1.556810145599852 290.177471545593 1.746882629657081
0.0064 6365.966248036065 1.000265538080854 1.556727552016161 290.1193877655786 1.74046192000866
0.006500000000000001 6365.975236604057 1.000265291734219 1.556644943501551 290.0609620736321 1.734024308506308
0.0066 6365.984277783736 1.000265044163982 1.556562319979021 290.0021944057179 1.72757009780515
0.0067 6365.993371585006 1.000264795373462 1.556479681371814 289.9430846974632 1.721099590855459
0.0068 6366.002518017822 1.000264545365989 1.556397027603508 289.8836328841584 1.714613090881562
0.006900000000000001 6366.011717092189 1.000264294144907 1.556314358597966 289.8238389007687 1.708110901362022
0.007 6366.020968818164 1.000264041713576 1.556231674279352 289.7637026819342 1.701593326008516
0.0071 6366.030273205852 1.000263788075365 1.556148974572235 289.7032241619639 1.695060668744067
0.007200000000000001 6366.03963026541 1.000263533233662 1.556066259401351 289.6424032748358 1.688513233681928
0.0073 6366.049040007046 1.000263277191866 1.555983528691824 289.5812399542027 1.681951325105102
0.0074 6366.058502441015 1.000263019953389 1.555900782369085 289.5197341334041 1.675375247446479
0.007500000000000001 6366.068017577623 1.000262761521656 1.555818020358844 289.4578857454484 1.66878530526581
0.0076 6366.077585427227 1.000262501900108 1.555735242587122 289.3956947230248 1.662181803229863
0.0077 6366.087206000231 1.000262241092197 1.555652448980242 289.3331609984974 1.655565046090679
0.007800000000000001 6366.096879307089 1.000261979101388 1.55556963946489 289.2702845039229 1.648935338666351
0.007900000000000001 6366.106605358304 1.00026171593116 1.555486813967963 289.2070651710209 1.642292985816808
0.008 6366.116384164429 1.000261451585005 1.555403972416728 289.1435029312096 1.635638292426479
0.0081 6366.126215736062 1.000261186066426 1.555321114738715 289.0795977155939 1.628971563381963
0.008200000000000001 6366.136100083853 1.000260919378942 1.555238240861832 289.0153494549535 1.622293103549749
0.0083 6366.146037218497 1.000260651526081 1.555155350714203 288.9507580797666 1.615603217757645
0.008400000000000001 6366.15602715074 1.000260382511387 1.555072444224329 288.8858235201923 1.608902210771912
0.008500000000000001 6366.166069891372 1.000260112338416 1.554989521320959 288.820545706082 1.602190387277491
0.0086 6366.176165451234 1.000259841010733 1.554906581933194 288.7549245669801 1.595468051857029
0.008700000000000001 6366.186313841213 1.00025956853192 1.554823625990412 288.6889600321173 1.588735508969319
0.008800000000000001 6366.196515072244 1.000259294905568 1.554740653422274 288.622652030417 1.581993062928981
0.0089 6366.206769155306 1.000259020135282 1.554657664158812 288.5560004905132 1.575241017887361
0.009000000000000001 6366.217076101429 1.000258744224679 1.55457465813032 288.4890053407142 1.568479677808059
0.0091 6366.227435921686 1.000258467177387 1.554491635267381 288.4216665090393 1.561709346449687
0.0092 6366.2378486272 1.000258188997047 1.554408595500903 288.3539839231997 1.554930327343266
0.009300000000000001 6366.248314229137 1.000257909687311 1.554325538762127 288.2859575106116 1.548142923772639
0.0094 6366.25883273871 1.000257629251844 1.554242464982538 288.2175871983835 1.541347438752556
0.0095 6366.269404167178 1.000257347694321 1.554159374093962 288.1488729133461 1.534544175010913
0.009600000000000001 6366.280028525845 1.00025706501843 1.554076266028554 288.0798145820048 1.527733434963395
0.0097 6366.290705826063 1.000256781227871 1.55399314071871 288.0104121305934 1.520915520698132
0.0098 6366.301436079225 1.000256496326353 1.553909998097206 287.940665485038 1.514090733951617
0.009900000000000001 6366.312219296772 1.000256210317598 1.553826838097041 287.8705745709811 1.507259376090499
0.01 6366.32305549019 1.000255923205341 1.553743660651593 287.8001393137637 1.500421748089367
0.0101 6366.33394467101 1.000255634993324 1.553660465694482 287.7293596384369 1.493578150511471
0.0102 6366.344886850804 1.000255345685304 1.553577253159699 287.6582354697742 1.48672888348948
0.0103 6366.355882041192 1.000255055285048 1.553494022981477 287.5867667322535 1.47987424670342
0.0104 6366.366930253836 1.000254763796332 1.553410775094407 287.5149533500688 1.473014539361545
0.0105 6366.378031500442 1.000254471222945 1.553327509433335 287.4427952471245 1.466150060179543
0.0106 6366.389185792762 1.000254177568686 1.553244225933482 287.3702923470472 1.459281107361497
0.0107 6366.400393142588 1.000253882837364 1.553160924530316 287.2974445731796 1.452407978579207
0.0108 6366.411653561759 1.0002535870328 1.553077605159613 287.224251848569 1.445530970951037
0.0109 6366.422967062154 1.000253290158824 1.552994267757477 287.1507140959965 1.438650381024718
0.011 6366.434333655698 1.000252992219279 1.55291091226031 287.0768312379654 1.431766504756301
0.0111 6366.445753354355 1.000252693218014 1.55282753860482 287.0026031966894 1.424879637489203
0.0112 6366.457226170136 1.000252393158893 1.552744146728024 286.9280298941161 1.417990073936623
0.0113 6366.46875211509 1.000252092045786 1.552660736567241 286.8531112519153 1.411098108160721
0.0114 6366.48033120131 1.000251789882577 1.552577308060108 286.7778471914847 1.404204033553516
0.0115 6366.491963440933 1.000251486673156 1.552493861144541 286.7022376339386 1.397308142816228
0.0116 6366.503648846135 1.000251182421426 1.552410395758792 286.6262825001248 1.390410727941412
0.0117 6366.515387429134 1.000250877131298 1.552326911841408 286.5499817106314 1.383512080194055
0.0118 6366.527179202189 1.000250570806693 1.552243409331246 286.4733351857684 1.376612490090616
0.0119 6366.539024177604 1.000250263451543 1.552159888167455 286.3963428455739 1.36971224738031
0.012 6366.550922367719 1.000249955069788 1.552076348289544 286.319004609826 1.362811641026982
0.0121 6366.562873784918 1.000249645665377 1.551992789637242 286.2413203980308 1.355910959188944
0.0122 6366.574878441625 1.00024933524227 1.551909212150643 286.16329012944 1.349010489201538
0.0123 6366.586936350302 1.000249023804436 1.55182561577017 286.0849137230338 1.342110517556629
0.0124 6366.599047523456 1.000248711355851 1.55174200043649 286.0061910975377 1.33521132988533
0.0125 6366.611211973629 1.000248397900504 1.551658366090614 285.9271221714115 1.328313210938208
0.0126 6366.623429713407 1.000248083442389 1.551574712673861 285.8477068628548 1.321416444567144
0.0127 6366.635700755412 1.000247767985512 1.551491040127861 285.7679450898189 1.314521313707788
0.0128 6366.64802511231 1.000247451533886 1.551407348394539 285.6878367699832 1.30762810035904
0.0129 6366.660402796802 1.000247134091532 1.551323637416131 285.6073818207846 1.300737085567224
0.013 6366.672833821631 1.000246815662482 1.551239907135188 285.5265801593999 1.293848549406282
0.0131 6366.685318199576 1.000246496250776 1.551156157494564 285.4454317027579 1.286962770960601
0.0132 6366.697855943457 1.000246175860461 1.551072388437419 285.3639363675269 1.280080028305937
0.0133 6366.710447066133 1.000245854495594 1.550988599907218 285.282094070133 1.27320059849294
0.0134 6366.723091580499 1.000245532160239 1.550904791847761 285.199904726754 1.266324757528777
0.0135 6366.73578949949 1.000245208858468 1.550820964203129 285.1173682533134 1.259452780358875
0.0136 6366.748540836078 1.000244884594364 1.550737116917711 285.0344845654926 1.252584940850257
0.0137 6366.761345603273 1.000244559372014 1.55065324993623 284.9512535787243 1.245721511773497
0.0138 6366.774203814122 1.000244233195515 1.550569363203683 284.867675208205 1.238862764786262
0.0139 6366.78711548171 1.000243906068973 1.550485456665434 284.7837493688829 1.232008970415011
0.014 6366.80008061916 1.000243577996499 1.55040153026706 284.6994759754579 1.225160398037793
0.0141 6366.813099239631 1.000243248982214 1.550317583954537 284.6148549423991 1.218317315868601
0.0142 6366.826171356318 1.000242919030246 1.550233617674107 284.5298861839336 1.211479990939429
0.0143 6366.839296982454 1.000242588144729 1.550149631372341 284.4445696140518 1.204648689083891
0.0144 6366.852476131307 1.000242256329806 1.550065624996095 284.3589051465077 1.197823674920481
0.0145 6366.865708816183 1.000241923589627 1.549981598492554 284.2728926948129 1.191005211835497
0.0146 6366.878995050422 1.000241589928349 1.549897551809211 284.1865321722543 1.18419356196795
0.0147 6366.892334847401 1.000241255350136 1.549813484893866 284.0998234918942 1.177388986193187
0.0148 6366.905728220533 1.000240919859161 1.549729397694583 284.0127665665349 1.170591744103866
0.0149 6366.919175183264 1.0002405834596 1.549645290159842 283.9253613087834 1.163802093998944
0.015 6366.932675749078 1.000240246155639 1.549561162238337 283.8376076309927 1.157020292863064
0.0151 6366.946229931494 1.00023990795147 1.549477013879084 283.749505445291 1.150246596353023
0.0152 6366.959837744062 1.000239568851291 1.54939284503146 283.6610546635937 1.143481258782946
0.0153 6366.973499200373 1.000239228859308 1.549308655645104 283.572255197574 1.136724533106431
0.0154 6366.987214314046 1.000238887979732 1.549224445669953 283.4831069586979 1.129976670903808
0.0155 6367.000983098739 1.000238546216782 1.5491402150563 283.3936098581952 1.123237922364575
0.0156 6367.014805568141 1.000238203574682 1.549055963754727 283.3037638070826 1.116508536274011
0.0157 6367.028681735977 1.000237860057662 1.548971691716111 283.2135687161466 1.109788759996811
0.0158 6367.042611616004 1.000237515669961 1.54888739889166 283.1230244959723 1.103078839464391
0.0159 6367.056595222014 1.000237170415819 1.548803085232885 283.0321310569087 1.09637901915749
0.016 6367.07063256783 1.000236824299487 1.548718750691574 282.9408883091036 1.089689542094195
0.0161 6367.084723667312 1.00023647732522 1.548634395219846 282.8492961624742 1.083010649813295
0.0162 6367.098868534347 1.000236129497277 1.548550018770189 282.7573545267427 1.076342582362557
0.0163 6367.113067182861 1.000235780819926 1.548465621295278 282.6650633114008 1.069685578281966
0.0164 6367.12731962681 1.000235431297438 1.548381202748196 282.5724224257332 1.063039874591433
0.0165 6367.14162588018 1.000235080934091 1.548296763082295 282.4794317788295 1.056405706777753
0.0166 6367.155985956992 1.000234729734169 1.548212302251236 282.3860912795489 1.049783308778345
0.0167 6367.170399871298 1.000234377701959 1.548127820208987 282.2924008365611 1.043172912970642
0.0168 6367.184867637182 1.000234024841755 1.54804331690985 282.1983603583175 1.03657475015657
0.0169 6367.199389268759 1.000233671157856 1.547958792308398 282.1039697530681 1.029989049550552
0.017 6367.213964780176 1.000233316654567 1.547874246359518 282.0092289288563 1.023416038765988
0.0171 6367.22859418561 1.000232961336196 1.547789679018431 281.914137793536 1.016855943803533
0.0172 6367.243277499269 1.000232605207057 1.547705090240656 281.8186962547487 1.010308989036678
0.0173 6367.258014735395 1.000232248271469 1.547620479982009 281.7229042199345 1.003775397199945
0.0174 6367.272805908256 1.000231890533757 1.547535848198601 281.6267615963328 0.9972553893764313
0.0175 6367.287651032154 1.000231531998247 1.547451194846869 281.5302682909995 0.9907491849867002
0.0176 6367.302550121419 1.000231172669274 1.547366519883548 281.4334242107778 0.9842570017746459
0.0177 6367.317503190412 1.000230812551174 1.547281823265706 281.3362292623218 0.9777790557971239
0.0178 6367.332510253523 1.00023045164829 1.54719710495067 281.2386833521022 0.9713155614125241
0.0179 6367.347571325172 1.000230089964968 1.547112364896113 281.1407863863827 0.9648667312675597
0.018 6367.36268641981 1.000229727505558 1.54702760306 281.0425382712382 0.9584327762869825
0.0181 6367.377855551913 1.000229364274415 1.546942819400608 280.9439389125658 0.9520139056630451
0.0182 6367.393078735991 1.000229000275898 1.546858013876488 280.8449882160561 0.9456103268424394
0.0183 6367.408355986581 1.000228635514369 1.546773186446544 280.745686087222 0.9392222455172676
0.0184 6367.423687318247 1.000228269994196 1.546688337069955 280.6460324313933 0.9328498656138594
0.0185 6367.439072745584 1.000227903719749 1.546603465706197 280.5460271537048 0.9264933892814032
0.0186 6367.454512283213 1.000227536695403 1.546518572315083 280.4456701591138 0.9201530168826443
0.0187 6367.470005945785 1.000227168925534 1.546433656856704 280.3449613524002 0.9138289469836088
0.0188 6367.485553747977 1.000226800414526 1.546348719291468 280.2439006381491 0.907521376342403
0.0189 6367.501155704495 1.000226431166762 1.546263759580088 280.1424879207856 0.9012304999015239
0.019 6367.516811830073 1.000226061186633 1.546178777683539 280.0407231045282 0.8949565107751821
0.0191 6367.532522139471 1.000225690478529 1.546093773563171 279.9386060934415 0.8886996002430524
0.0192 6367.548286647477 1.000225319046845 1.546008747180596 279.8361367914011 0.8824599577387036
0.0193 6367.564105368905 1.000224946895981 1.545923698497722 279.733315102117 0.8762377708418578
0.0194 6367.579978318598 1.000224574030337 1.545838627476756 279.6301409291158 0.8700332252683
0.0195 6367.595905511422 1.000224200454319 1.545753534080248 279.5266141757587 0.8638465048621249
0.0196 6367.611886962272 1.000223826172332 1.545668418270997 279.4227347452296 0.8576777915863812
0.0197 6367.627922686071 1.000223451188789 1.545583280012123 279.3185025405409 0.8515272655149705
0.0198 6367.644012697761 1.000223075508101 1.545498119267079 279.2139174645512 0.8453951048254126
0.0199 6367.660157012318 1.000222699134685 1.545412935999569 279.108979419936 0.8392814857890122
0.02 6367.676355644739 1.000222322072959 1.545327730173607 279.0036883091992 0.8331865827636685
0.0201 6367.692608610047 1.000221944327344 1.545242501753539 278.8980440346971 0.8271105681875256
0.0202 6367.708915923291 1.000221565902263 1.54515725070397 278.7920464986086 0.82105361256973
0.0203 6367.725277599545 1.000221186802142 1.545071976989844 278.6856956029586 0.8150158844844558
0.0204 6367.741693653908 1.000220807031409 1.544986680576332 278.578991249601 0.8089975505627423
0.0205 6367.758164101502 1.000220426594494 1.544901361429011 278.4719333402358 0.8029987754865445
0.0206 6367.774688957476 1.00022004549583 1.544816019513669 278.3645217764091 0.7970197219819526
0.0207 6367.791268237001 1.000219663739851 1.544730654796409 278.2567564594959 0.7910605508116291
0.0208 6367.807901955273 1.000219281330995 1.544645267243653 278.1486372907233 0.7851214207697421
0.0209 6367.824590127514 1.000218898273698 1.544559856822107 278.0401641711586 0.7792024886751147
0.021 6367.841332768968 1.000218514572402 1.544474423498748 277.9313370017097 0.7733039093652326
0.0211 6367.858129894901 1.000218130231547 1.5443889672409 277.8221556831426 0.7674258356914003
0.0212 6367.874981520605 1.000217745255579 1.544303488016137 277.7126201160694 0.7615684185124774
0.0213 6367.891887661393 1.000217359648943 1.544217985792342 277.6027302009428 0.7557318066891529
0.0214 6367.908848332603 1.000216973416085 1.544132460537688 277.4924858380795 0.7499161470799813
0.0215 6367.925863549595 1.000216586561453 1.544046912220656 277.3818869276305 0.7441215845347882
0.0216 6367.942933327752 1.000216199089497 1.543961340810007 277.270933369611 0.7383482618914021
0.0217 6367.960057682478 1.000215811004668 1.543875746274794 277.1596250638944 0.7325963199706964
0.0218 6367.977236629201 1.000215422311419 1.543790128584373 277.0479619101942 0.726865897571235
0.0219 6367.99447018337 1.000215033014202 1.543704487708357 276.9359438080941 0.7211571314665597
0.022 6368.011758360457 1.000214643117472 1.5436188236167 276.8235706570298 0.7154701564002273
0.0221 6368.029101175955 1.000214252625685 1.543533136279606 276.7108423562894 0.7098051050819727
0.0222 6368.04649864538 1.000213861543297 1.543447425667589 276.5977588050308 0.7041621081849539
0.0223 6368.063950784267 1.000213469874764 1.543361691751433 276.4843199022642 0.698541294341408
0.0224 6368.081457608173 1.000213077624547 1.543275934502232 276.3705255468757 0.6929427901405745
0.0225 6368.099019132676 1.000212684797102 1.543190153891369 276.2563756376034 0.6873667201244672
0.0226 6368.116635373376 1.000212291396889 1.543104349890487 276.1418700730554 0.6818132067858967
0.0227 6368.134306345893 1.000211897428369 1.543018522471536 276.0270087516982 0.676282370565238
0.0228 6368.152032065866 1.000211502896002 1.542932671606756 275.9117915718738 0.6707743298488327
0.0229 6368.169812548956 1.000211107804249 1.542846797268638 275.7962184317884 0.665289200966158
0.023 6368.187647810844 1.000210712157571 1.542760899430024 275.6802892295121 0.6598270981877757
0.0231 6368.205537867232 1.00021031596043 1.542674978063964 275.5640038629912 0.6543881337240354
0.0232 6368.223482733839 1.000209919217288 1.542589033143846 275.4473622300474 0.6489724177234055
0.0233 6368.241482426405 1.000209521932607 1.542503064643306 275.3303642283666 0.643580058270466
0.0234 6368.25953696069 1.000209124110848 1.542417072536283 275.2130097555167 0.6382111613854718
0.0235 6368.277646352471 1.000208725756474 1.542331056797007 275.0952987089353 0.6328658310227459
0.0236 6368.295810617548 1.000208326873948 1.542245017399958 274.9772309859358 0.627544169070093
0.0237 6368.314029771737 1.000207927467731 1.542158954319905 274.8588064837076 0.6222462753481416
0.0238 6368.332303830873 1.000207527542284 1.542072867531923 274.7400250993277 0.6169722476104078
0.0239 6368.350632810809 1.00020712710207 1.541986757011329 274.6208867297431 0.6117221815422411
0.024 6368.369016727418 1.00020672615155 1.541900622733747 274.5013912717826 0.6064961707612938
0.0241 6368.38745559659 1.000206324695185 1.541814464675045 274.3815386221626 0.6012943068179123
0.0242 6368.405949434235 1.000205922737434 1.541728282811409 274.2613286774753 0.5961166791949576
0.0243 6368.424498256277 1.000205520282759 1.541642077119276 274.1407613342006 0.5909633753088543
0.0244 6368.443102078661 1.000205117335618 1.541555847575359 274.0198364887063 0.5858344805103212
0.0245 6368.461760917348 1.00020471390047 1.541469594156631 273.8985540372358 0.5807300780848013
0.0246 6368.480474788317 1.000204309981773 1.541383316840393 273.776913875938 0.5756502492548417
0.0247 6368.499243707564 1.000203905583986 1.541297015604153 273.6549159008317 0.5705950731799271
0.0248 6368.518067691101 1.000203500711563 1.541210690425717 273.5325600078412 0.5655646269594893
0.0249 6368.536946754959 1.000203095368961 1.541124341283191 273.4098460927665 0.5605589856334039
0.025 6368.555880915183 1.000202689560634 1.541037968154898 273.2867740513074 0.5555782221848874
0.0251 6368.574870187837 1.000202283291036 1.540951571019479 273.1633437790568 0.5506224075423652
0.0252 6368.593914589 1.00020187656462 1.540865149855807 273.0395551715018 0.5456916105817832
0.0253 6368.613014134767 1.000201469385837 1.540778704643039 272.9154081240166 0.5407858981288839
0.0254 6368.632168841248 1.000201061759137 1.540692235360611 272.7909025318871 0.5359053349628449
0.0255 6368.651378724571 1.000200653688969 1.54060574198821 272.6660382902868 0.5310499838182376
0.0256 6368.670643800879 1.000200245179782 1.540519224505795 272.5408152942886 0.5262199053885891
0.0257 6368.689964086329 1.00019983623602 1.540432682893579 272.415233438859 0.5214151583294403
0.0258 6368.709339597096 1.000199426862131 1.540346117132063 272.2892926188759 0.5166357992625054
0.0259 6368.728770349367 1.000199017062556 1.54025952720198 272.1629927291168 0.511881882778883
0.026 6368.748256359346 1.000198606841738 1.540172913084354 272.0363336642525 0.5071534614427036
0.0261 6368.767797643251 1.000198196204117 1.540086274760448 271.9093153188654 0.5024505857958524
0.0262 6368.787394217316 1.000197785154132 1.539999612211806 271.7819375874432 0.4977733043619871
0.0263 6368.807046097788 1.00019737369622 1.539912925420211 271.6542003643789 0.4931216636509727
0.0264 6368.826753300928 1.000196961834816 1.539826214367727 271.5261035439711 0.4884957081635067
0.0265 6368.846515843013 1.000196549574354 1.539739479036652 271.3976470204178 0.483895480395725
0.0266 6368.866333740331 1.000196136919264 1.539652719409569 271.2688306878462 0.4793210208452606
0.0267 6368.886207009188 1.000195723873978 1.539565935469292 271.1396544402768 0.4747723680151587
0.0268 6368.906135665901 1.000195310442921 1.539479127198906 271.0101181716417 0.4702495584198922
0.0269 6368.926119726801 1.000194896630521 1.539392294581743 270.880221775796 0.46575262659133
0.027 6368.946159208231 1.0001944824412 1.539305437601378 270.7499651465004 0.4612816050838588
0.0271 6368.96625412655 1.00019406787938 1.539218556241692 270.6193481774266 0.4568365244805238
0.0272 6368.986404498127 1.00019365294948 1.539131650486726 270.4883707621756 0.4524174133997398
0.0273 6369.006610339346 1.000193237655917 1.539044720320866 270.3570327942479 0.4480242985005812
0.0274 6369.026871666605 1.000192822003106 1.53895776572868 270.225334167067 0.4436572044900605
0.0275 6369.047188496311 1.000192405995459 1.538870786695034 270.0932747739797 0.4393161541297749
0.0276 6369.067560844885 1.000191989637387 1.538783783204994 269.96085450825 0.4350011682425413
0.0277 6369.08798872876 1.000191572933296 1.538696755243913 269.8280732630591 0.4307122657194107
0.0278 6369.108472164383 1.000191155887592 1.538609702797377 269.6949309315113 0.4264494635270505
0.0279 6369.12901116821 1.000190738504677 1.538522625851207 269.5614274066342 0.4222127767151059
0.028 6369.149605756712 1.000190320788952 1.538435524391484 269.4275625813724 0.4180022184235543
0.0281 6369.170255946368 1.000189902744812 1.538348398404526 269.2933363486057 0.4138177998909771
0.0282 6369.190961753672 1.000189484376654 1.538261247876898 269.1587486011312 0.4096595304618855
0.0283 6369.211723195128 1.000189065688869 1.538174072795396 269.0237992316687 0.4055274175949703
0.0284 6369.232540287249 1.000188646685847 1.538086873147053 268.8884881328794 0.4014214668718699
0.0285 6369.253413046563 1.000188227371972 1.537999648919164 268.7528151973414 0.3973416820048409
0.0286 6369.274341489606 1.00018780775163 1.537912400099252 268.6167803175621 0.3932880648456892
0.0287 6369.295325632925 1.0001873878292 1.537825126675061 268.4803833859895 0.3892606153948501
0.0288 6369.316365493079 1.000186967609061 1.537737828634593 268.3436242949891 0.3852593318095821
0.0289 6369.337461086637 1.000186547095586 1.53765050596609 268.2065029368613 0.3812842104135596
0.029 6369.358612430176 1.000186126293148 1.537563158657998 268.0690192038531 0.3773352457064315
0.0291 6369.379819540289 1.000185705206114 1.537475786699032 267.9311729881232 0.373412430372184
0.0292 6369.401082433572 1.000185283838851 1.53738839007811 267.7929641817826 0.3695157552898786
0.0293 6369.422401126635 1.000184862195721 1.537300968784393 267.6543926768717 0.3656452095426759
0.0294 6369.443775636097 1.000184440281081 1.537213522807294 267.5154583653715 0.3618007804280334
0.0295 6369.465205978586 1.00018401809929 1.537126052136414 267.3761611391923 0.3579824534673954
0.0296 6369.486692170739 1.000183595654698 1.537038556761623 267.2365008901969 0.354190212417017
0.0297 6369.508234229204 1.000183172951655 1.536951036672989 267.0964775101714 0.3504240392774809
0.0298 6369.529832170638 1.000182749994507 1.536863491860819 266.9560908908546 0.3466839143049795
0.0299 6369.551486011705 1.000182326787597 1.53677592231564 266.8153409239202 0.3429698160214625
0.03 6369.573195769079 1.000181903335262 1.536688328028222 266.6742275009886 0.3392817212257281
0.0301 6369.594961459442 1.00018147964184 1.536600708989536 266.5327505136273 0.3356196050043419
0.0302 6369.616783099487 1.00018105571166 1.536513065190789 266.3909098533326 0.3319834407422484
0.0303 6369.638660705914 1.000180631549054 1.536425396623376 266.2487054115594 0.3283732001347501
0.0304 6369.660594295429 1.000180207158344 1.536337703278978 266.1061370797096 0.3247888531985496
0.0305 6369.682583884751 1.000179782543853 1.536249985149439 265.9632047491199 0.3212303682829522
0.0306 6369.704629490602 1.000179357709897 1.536162242226839 265.8199083110857 0.3176977120820945
0.0307 6369.726731129716 1.000178932660791 1.536074474503466 265.6762476568432 0.3141908496462737
0.0308 6369.748888818834 1.000178507400845 1.535986681971855 265.5322226775814 0.3107097443941485
0.0309 6369.7711025747 1.000178081934365 1.535898864624721 265.387833264448 0.307254358124918
0.031 6369.793372414073 1.000177656265653 1.535811022455007 265.2430793085254 0.3038246510299287
0.0311 6369.815698353714 1.000177230399009 1.535723155455874 265.0979607008607 0.300420581705688
0.0312 6369.838080410393 1.000176804338727 1.535635263620683 264.9524773324478 0.2970421071658733
0.0313 6369.860518600885 1.000176378089099 1.535547346943017 264.8066290942451 0.293689182854305
0.0314 6369.883012941977 1.000175951654411 1.535459405416655 264.6604158771519 0.290361762657084
0.0315 6369.905563450458 1.000175525038946 1.535371439035605 264.5138375720261 0.2870597989158141
0.0316 6369.928170143125 1.000175098246984 1.535283447794057 264.3668940696842 0.2837832424405284
0.0317 6369.950833036783 1.000174671282799 1.535195431686448 264.2195852609133 0.2805320425229963
0.0318 6369.973552148241 1.000174244150662 1.535107390707363 264.0719110364352 0.2773061469491056
0.0319 6369.996327494317 1.000173816854841 1.535019324851634 263.9238712869422 0.2741055020129342
0.032 6370.019159091833 1.000173389399599 1.534931234114292 263.7754659030855 0.2709300525298837
0.0321 6370.042046957619 1.000172961789193 1.534843118490554 263.6266947754747 0.2677797418501899
0.0322 6370.06499110851 1.000172534027878 1.534754977975848 263.4775577946838 0.2646545118726676
0.0323 6370.087991561348 1.000172106119905 1.534666812565795 263.3280548512397 0.2615543030581917
0.0324 6370.111048332977 1.000171678069519 1.534578622256232 263.1781858356516 0.2584790544441437
0.0325 6370.134161440249 1.000171249880963 1.534490407043177 263.0279506383812 0.2554287036577335
0.0326 6370.157330900024 1.000170821558474 1.53440216692285 262.8773491498431 0.252403186930051
0.0327 6370.180556729163 1.000170393106286 1.534313901891659 262.72638126044 0.2494024391109208
0.0328 6370.203838944535 1.000169964528626 1.534225611946228 262.5750468605214 0.246426393682308
0.0329 6370.227177563012 1.00016953582972 1.534137297083352 262.4233458404191 0.2434749827733592
0.033 6370.250572601473 1.000169107013787 1.534048957300042 262.2712780904234 0.2405481371743639
0.0331 6370.274024076801 1.000168678085044 1.533960592593465 262.1188435007952 0.2376457863515081
0.0332 6370.297532005882 1.000168249047702 1.533872202961016 261.9660419617657 0.2347678584614839
0.0333 6370.321096405611 1.000167819905966 1.533783788400256 261.8128733635307 0.2319142803660778
0.0334 6370.344717292883 1.000167390664041 1.533695348908941 261.6593375962624 0.2290849776471773
0.0335 6370.368394684599 1.000166961326123 1.533606884485009 261.5054345501034 0.2262798746215264
0.0336 6370.392128597666 1.000166531896407 1.533518395126596 261.3511641151725 0.2234988943557827
0.0337 6370.415919048991 1.00016610237908 1.533429880832011 261.1965261815593 0.2207419586814373
0.0338 6370.439766055489 1.000165672778326 1.533341341599761 261.0415206393235 0.2180089882099241
0.0339 6370.463669634078 1.000165243098326 1.533252777428513 260.8861473784954 0.2152999023478038
0.034 6370.487629801678 1.000164813343254 1.533164188317126 260.7304062890934 0.2126146193123264
0.0341 6370.511646575216 1.000164383517281 1.533075574264657 260.5742972610946 0.209953056146242
0.0342 6370.535719971619 1.000163953624571 1.532986935270325 260.417820184476 0.2073151287339047
0.0343 6370.559850007819 1.000163523669287 1.532898271333524 260.2609749491734 0.2047007518160232
0.0344 6370.584036700752 1.000163093655584 1.532809582453824 260.1037614451105 0.2021098390056871
0.0345 6370.608280067357 1.000162663587614 1.532720868631002 259.9461795621818 0.199542302803655
0.0346 6370.632580124574 1.000162233469524 1.532632129864975 259.7882291902696 0.1969980546142908
0.0347 6370.656936889349 1.000161803305455 1.532543366155831 259.6299102192328 0.194477004761071
0.0348 6370.681350378629 1.000161373099545 1.532454577503875 259.4712225389125 0.1919790625024378
0.0349 6370.705820609365 1.000160942855927 1.532365763909537 259.3121660391261 0.1895041360475156
0.035 6370.73034759851 1.000160512578727 1.532276925373437 259.1527406096851 0.1870521325722482
0.0351 6370.754931363021 1.000160082272069 1.532188061896376 258.9929461403657 0.1846229582348496
0.0352 6370.779571919854 1.00015965194007 1.532099173479303 258.8327825209498 0.1822165181923929
0.0353 6370.804269285971 1.000159221586844 1.53201026012335 258.6722496411898 0.1798327166162658
0.0354 6370.829023478334 1.000158791216499 1.5319213218298 258.5113473908262 0.1774714567084807
0.0355 6370.85383451391 1.000158360833138 1.531832358600121 258.3500756595821 0.1751326407176653
0.0356 6370.878702409665 1.000157930440859 1.53174337043593 258.1884343371802 0.1728161699554339
0.0357 6370.903627182567 1.000157500043756 1.53165435733902 258.0264233133138 0.1705219448121094
0.0358 6370.928608849589 1.000157069645917 1.531565319311339 257.8640424776703 0.1682498647732482
0.0359 6370.953647427703 1.000156639251426 1.531476256354997 257.7012917199312 0.1659998284358465
0.036 6370.978742933884 1.000156208864361 1.531387168472264 257.5381709297543 0.1637717335243344
0.0361 6371.003895385106 1.000155778488795 1.531298055665566 257.3746799968093 0.1615654769073261
0.0362 6371.029104798349 1.000155348128797 1.531208917937509 257.2108188107303 0.159380954613263
0.0363 6371.054371190592 1.000154917788431 1.53111975529083 257.0465872611516 0.1572180618472062
0.0364 6371.079694578813 1.000154487471755 1.531030567728431 256.8819852377131 0.1550766930072321
0.0365 6371.105074979996 1.000154057182821 1.530941355253364 256.7170126300256 0.1529567417003093
0.0366 6371.130512411121 1.000153626925679 1.53085211786886 256.5516693277112 0.1508581007591939
0.0367 6371.156006889172 1.000153196704372 1.530762855578274 256.3859552203807 0.1487806622584862
0.0368 6371.181558431134 1.000152766522937 1.530673568385127 256.2198701976266 0.1467243175309377
0.0369 6371.207167053993 1.000152336385408 1.530584256293098 256.0534141490479 0.1446889571841296
0.03700000000000001 6371.232832774733 1.000151906295812 1.530494919305995 255.8865869642372 0.1426744711167081
0.0371 6371.258555610341 1.000151476258172 1.530405557427793 255.7193885327814 0.140680748534774
0.0372 6371.284335577806 1.000151046276506 1.530316170662601 255.5518187442616 0.1387076779682712
0.0373 6371.310172694112 1.000150616354825 1.530226759014711 255.3838774882705 0.136755147287578
0.0374 6371.33606697625 1.000150186497138 1.530137322488508 255.2155646543773 0.1348230437194722
0.0375 6371.362018441206 1.000149756707445 1.53004786108857 255.046880132163 0.132911253863917
0.0376 6371.388027105969 1.000149326989744 1.529958374819586 254.8778238112026 0.1310196637102176
0.0377 6371.414092987527 1.000148897348027 1.529868863686404 254.7083955810771 0.1291481586535045
0.0378 6371.440216102867 1.000148467786279 1.529779327694023 254.5385953313615 0.1272966235109362
0.0379 6371.466396468979 1.000148038308482 1.529689766847575 254.3684229516369 0.1254649425381495
0.038 6371.49263410285 1.000147608918612 1.529600181152311 254.1978783314725 0.1236529994453692
0.0381 6371.518929021468 1.000147179620638 1.529510570613664 254.0269613604549 0.1218606774140033
0.0382 6371.545281241821 1.000146750418528 1.529420935237166 253.8556719281654 0.1200878591126446
0.0383 6371.571690780895 1.00014632131624 1.529331275028524 253.6840099241848 0.1183344267133656
0.0384 6371.598157655675 1.000145892317729 1.529241589993547 253.5119752381119 0.1166002619080995
0.0385 6371.62468188315 1.000145463426944 1.5291518801382 253.3395677595275 0.1148852459244504
0.0386 6371.651263480301 1.000145034647831 1.529062145468577 253.1667873780424 0.1131892595423081
0.03870000000000001 6371.677902464116 1.000144605984327 1.528972385990922 252.9936339832492 0.1115121831094786
0.0388 6371.704598851576 1.000144177440365 1.528882601711588 252.8201074647585 0.1098538965581024
0.0389 6371.731352659663 1.000143749019876 1.52879279263706 252.6462077121927 0.1082142794206176
0.039 6371.75816390536 1.000143320726779 1.528702958773986 252.4719346151622 0.106593210845523
0.0391 6371.785032605647 1.000142892564994 1.528613100129108 252.2972880632955 0.1049905696135996
0.0392 6371.811958777502 1.000142464538432 1.52852321670933 252.1222679462384 0.1034062341537992
0.0393 6371.838942437903 1.000142036651 1.528433308521662 251.946874153631 0.1018400825588754
0.0394 6371.865983603826 1.000141608906599 1.528343375573257 251.7711065751313 0.1002919926013947
0.0395 6371.893082292246 1.000141181309124 1.528253417871372 251.5949651004029 0.09876184174937279
0.0396 6371.920238520138 1.000140753862466 1.52816343542342 251.4184496191036 0.09724950718186455
0.0397 6371.947452304472 1.000140326570511 1.528073428236916 251.2415600209328 0.09575486580500177
0.0398 6371.974723662219 1.000139899437136 1.52798339631952 251.0642961955776 0.09427779426710703
0.0399 6372.002052610347 1.000139472466217 1.527893339679 250.8866580327434 0.09281816897445959
0.04 6372.029439165824 1.000139045661623 1.527803258323246 250.708645422147 0.09137586610669156
0.0401 6372.056883345613 1.000138619027215 1.527713152260291 250.5302582535172 0.08995076163217063
0.0402 6372.084385166678 1.000138192566852 1.527623021498258 250.3514964165946 0.08854273132331515
0.0403 6372.111944645979 1.000137766284386 1.527532866045422 250.1723598011375 0.08715165077188533
0.04040000000000001 6372.139561800474 1.000137340183664 1.527442685910165 249.992848296922 0.08577739540415454
0.0405 6372.167236647119 1.000136914268525 1.527352481100983 249.8129617937242 0.08441984049587406
0.0406 6372.194969202871 1.000136488542807 1.527262251626495 249.6327001813378 0.08307886118743595
0.0407 6372.22275948468 1.00013606301034 1.527171997495436 249.4520633495803 0.08175433249886077
0.0408 6372.250607509494 1.000135637674947 1.52708171871666 249.2710511882868 0.08044612934461744
0.0409 6372.278513294263 1.000135212540448 1.526991415299132 249.0896635872926 0.07915412654828168
0.041 6372.306476855929 1.000134787610656 1.526901087251937 248.9079004364625 0.07787819885745162
0.0411 6372.334498211434 1.000134362889378 1.526810734584291 248.7257616256787 0.07661822095827588
0.0412 6372.362577377718 1.000133938380418 1.52672035730549 248.5432470448358 0.0753740674899412
0.0413 6372.390714371715 1.000133514087572 1.526629955424954 248.3603565838515 0.07414561305919316
0.0414 6372.418909210361 1.00013309001463 1.526539528952245 248.1770901326557 0.07293273225460321
0.0415 6372.447161910584 1.000132666165378 1.526449077897011 247.9934475812018 0.07173529966090279
0.04160000000000001 6372.475472489314 1.000132242543597 1.526358602268996 247.809428819461 0.07055318987310288
0.0417 6372.503840963474 1.000131819153059 1.526268102078082 247.6250337374221 0.06938627751055723
0.0418 6372.532267349986 1.000131395997534 1.526177577334243 247.4402622250917 0.06823443723092759
0.0419 6372.560751665768 1.000130973080785 1.526087028047578 247.2551141725061 0.06709754374412041
0.042 6372.589293927735 1.000130550406567 1.525996454228302 247.069589469725 0.06597547182600878
0.04210000000000001 6372.617894152798 1.000130127978635 1.525905855886692 246.8836880068142 0.06486809633198444
0.0422 6372.646552357866 1.000129705800731 1.525815233033188 246.6974096738689 0.06377529221065439
0.0423 6372.675268559844 1.000129283876598 1.525724585678291 246.5107543610142 0.06269693451728248
0.0424 6372.704042775633 1.000128862209968 1.525633913832648 246.3237219583865 0.06163289842702219
0.0425 6372.73287502213 1.000128440804571 1.52554321750698 246.1363123561522 0.06058305924824536
0.0426 6372.761765316232 1.00012801966413 1.525452496712121 245.9485254444952 0.05954729243558821
0.0427 6372.790713674825 1.000127598792361 1.525361751459022 245.760361113635 0.05852547360304884
0.0428 6372.8197201148 1.000127178192977 1.525270981758722 245.5718192538028 0.05751747853674131
0.0429 6372.848784653037 1.000126757869682 1.525180187622363 245.3828997552595 0.05652318320776076
0.043 6372.877907306416 1.000126337826175 1.52508936906122 245.1936025082954 0.0555424637848308
0.0431 6372.907088091812 1.000125918066152 1.524998526086616 245.0039274032246 0.05457519664680058
0.0432 6372.936327026095 1.0001254985933 1.524907658710026 244.8138743303847 0.05362125839505386
0.04330000000000001 6372.965624126133 1.000125079411302 1.524816766942982 244.6234431801371 0.05268052586579482
0.0434 6372.994979408788 1.000124660523833 1.524725850797165 244.4326338428785 0.0517528761422671
0.0435 6373.024392890919 1.000124241934565 1.524634910284311 244.2414462090236 0.05083818656670172
0.0436 6373.053864589381 1.000123823647161 1.524543945416286 244.0498801690222 0.04993633475231189
0.0437 6373.083394521023 1.000123405665281 1.52445295620503 243.8579356133481 0.04904719859501589
0.0438 6373.112982702692 1.000122987992577 1.524361942662603 243.6656124325044 0.04817065628511607
0.0439 6373.142629151227 1.000122570632697 1.524270904801147 243.4729105170239 0.04730658631881831
0.044 6373.172333883466 1.000122153589281 1.524179842632921 243.279829757469 0.04645486750961951
0.0441 6373.202096916241 1.000121736865964 1.524088756170247 243.0863700444314 0.04561537899956172
0.0442 6373.23191826638 1.000121320466375 1.523997645425584 242.8925312685268 0.04478800027032735
0.0443 6373.261797950706 1.000120904394137 1.523906510411445 242.698313320412 0.04397261115429957
0.0444 6373.291735986036 1.000120488652868 1.523815351140487 242.5037160907676 0.04316909184533325
0.0445 6373.321732389183 1.000120073246177 1.523724167625424 242.3087394703097 0.04237732290951501
0.0446 6373.351787176955 1.000119658177671 1.523632959879078 242.1133833497896 0.0415971852957325
0.0447 6373.381900366158 1.000119243450947 1.523541727914354 241.9176476199708 0.04082856034601178
0.0448 6373.412071973589 1.000118829069598 1.52345047174428 241.7215321716698 0.04007132980597241
0.0449 6373.442302016042 1.000118415037212 1.523359191381942 241.5250368957267 0.03932537583485723
0.04500000000000001 6373.472590510305 1.000118001357369 1.523267886840542 241.3281616830171 0.0385905810155839
0.0451 6373.502937473161 1.000117588033642 1.523176558133371 241.1309064244523 0.03786682836460562
0.0452 6373.53334292139 1.000117175069601 1.523085205273809 240.9332710109669 0.0371540013415845
0.0453 6373.563806871764 1.000116762468806 1.522993828275333 240.7352553335371 0.03645198385902813
0.0454 6373.594329341049 1.000116350234815 1.522902427151497 240.5368592831804 0.0357606602917119
0.0455 6373.624910346009 1.000115938371177 1.522811001915968 240.338082750944 0.03507991548591421
0.0456 6373.655549903399 1.000115526881434 1.522719552582497 240.1389256279043 0.03440963476854767
0.0457 6373.686248029973 1.000115115769124 1.522628079164913 239.9393878051736 0.033749703956161
0.0458 6373.717004742474 1.000114705037778 1.52253658167716 239.7394691739172 0.03310000936382771
0.0459 6373.747820057643 1.000114294690921 1.522445060133245 239.5391696253181 0.03246043781371048
0.046 6373.778693992216 1.00011388473207 1.522353514547287 239.3384890505948 0.03183087664365243
0.0461 6373.80962656292 1.000113475164737 1.52226194493347 239.1374273410191 0.03121121371561145
0.0462 6373.84061778648 1.000113065992428 1.522170351306106 238.9359843878805 0.03060133742377704
0.0463 6373.871667679611 1.000112657218641 1.522078733679561 238.7341600825274 0.03000113670277341
0.0464 6373.902776259027 1.00011224884687 1.521987092068317 238.5319543163263 0.02941050103545654
0.0465 6373.933943541431 1.0001118408806 1.521895426486907 238.3293669806966 0.02882932046079011
0.0466 6373.965169543525 1.000111433323311 1.521803736950001 238.1263979670874 0.02825748558139135
0.04670000000000001 6373.996454282001 1.000111026178475 1.521712023472325 237.9230471669952 0.02769488757104374
0.0468 6374.027797773547 1.000110619449561 1.521620286068698 237.7193144719457 0.02714141818195449
0.0469 6374.059200034844 1.000110213140027 1.521528524754028 237.5151997735123 0.02659696975195628
0.047 6374.090661082568 1.000109807253328 1.521436739543336 237.3107029633096 0.02606143521148753
0.0471 6374.122180933387 1.000109401792909 1.521344930451691 237.1058239329876 0.02553470809041897
0.0472 6374.153759603962 1.000108996762212 1.521253097494276 236.9005625742437 0.02501668252477092
0.0473 6374.185397110953 1.000108592164669 1.521161240686339 236.6949187788049 0.02450725326319881
0.0474 6374.217093471008 1.000108188003708 1.521069360043253 236.4888924384512 0.02400631567342758
0.0475 6374.24884870077 1.000107784282749 1.520977455580437 236.2824834449924 0.02351376574841171
0.0476 6374.280662816877 1.000107381005204 1.52088552731343 236.0756916902973 0.02302950011246905
0.0477 6374.312535835958 1.000106978174481 1.520793575257829 235.8685170662701 0.02255341602712935
0.0478 6374.344467774638 1.000106575793979 1.520701599429349 235.6609594648506 0.02208541139688597
0.04790000000000001 6374.376458649534 1.000106173867092 1.52060959984376 235.4530187780318 0.0216253847748299
0.048 6374.408508477255 1.000105772397205 1.520517576516947 235.2446948978421 0.0211732353680471
0.0481 6374.440617274407 1.000105371387697 1.520425529464864 235.0359877163572 0.02072886304292642
0.0482 6374.472785057585 1.000104970841941 1.520333458703564 234.8268971256942 0.02029216833027198
0.0483 6374.50501184338 1.000104570763301 1.520241364249178 234.6174230180294 0.01986305243030917
0.04840000000000001 6374.537297648375 1.000104171155136 1.520149246117922 234.4075652855626 0.01944141721742483
0.0485 6374.569642489145 1.000103772020796 1.520057104326109 234.1973238205586 0.01902716524491039
0.0486 6374.60204638226 1.000103373363627 1.51996493889012 233.986698515312 0.018620199749393
0.0487 6374.634509344281 1.000102975186965 1.51987274982645 233.7756892621763 0.0182204246552419
0.0488 6374.667031391763 1.000102577494139 1.519780537151673 233.5642959535406 0.0178277445787157
0.0489 6374.699612541253 1.000102180288472 1.519688300882426 233.3525184818531 0.01744206483204563
0.049 6374.732252809294 1.00010178357328 1.51959604103546 233.1403567395913 0.01706329142726594
0.0491 6374.764952212415 1.00010138735187 1.5195037576276 232.9278106193041 0.01669133108001978
0.0492 6374.797710767144 1.000100991627544 1.519411450675762 232.7148800135636 0.01632609121305275
0.0493 6374.83052849 1.000100596403594 1.519319120196941 232.5015648150014 0.01596747995970142
0.0494 6374.863405397493 1.000100201683307 1.519226766208236 232.2878649162961 0.01561540616714506
0.0495 6374.896341506126 1.000099807469962 1.51913438872682 232.0737802101797 0.01526977939953685
0.04960000000000001 6374.929336832395 1.000099413766829 1.519041987769953 231.8593105894314 0.01493050994096395
0.0497 6374.962391392788 1.000099020577173 1.518949563354987 231.6444559468777 0.01459750879826772
0.0498 6374.995505203785 1.000098627904249 1.518857115499363 231.4292161753982 0.01427068770372266
0.0499 6375.028678281859 1.000098235751307 1.5187646442206 231.2135911679142 0.01394995911753907
0.05 6375.061910643477 1.000097844121586 1.518672149536317 230.9975808173998 0.01363523623025347
0.05010000000000001 6375.095202305093 1.00009745301832 1.518579631464217 230.7811850168945 0.01332643296496901
0.0502 6375.128553283158 1.000097062444736 1.518487090022076 230.564403659473 0.01302346397938953
0.0503 6375.161963594113 1.00009667240405 1.518394525227784 230.3472366382633 0.01272624466777663
0.0504 6375.195433254391 1.000096282899473 1.518301937099297 230.1296838464585 0.01243469116275024
0.0505 6375.228962280418 1.000095893934207 1.518209325654672 229.9117451772812 0.01214872033688121
0.0506 6375.262550688612 1.000095505511446 1.518116690912051 229.6934205240249 0.01186824980424383
0.0507 6375.296198495378 1.000095117634377 1.518024032889657 229.4747097800422 0.0115931979217521
0.0508 6375.329905717122 1.000094730306178 1.517931351605817 229.2556128387095 0.01132348379032768
0.0509 6375.363672370232 1.000094343530019 1.517838647078946 229.0361295934916 0.01105902725605174
0.051 6375.397498471095 1.000093957309063 1.517745919327528 228.8162599378833 0.01079974891102208
0.0511 6375.431384036087 1.000093571646465 1.517653168370148 228.5960037654321 0.0105455700941747
0.0512 6375.465329081575 1.000093186545368 1.517560394225493 228.3753609697627 0.01029641289196363
0.05130000000000001 6375.499333623917 1.000092802008913 1.517467596912323 228.1543314445411 0.01005220013883593
0.0514 6375.533397679465 1.000092418040229 1.517374776449491 227.9329150834805 0.009812855417620021
0.0515 6375.567521264558 1.000092034642435 1.517281932855956 227.711111780371 0.009578303059803308
0.0516 6375.601704395533 1.000091651818647 1.517189066150739 227.4889214290323 0.00934846814559325
0.0517 6375.635947088713 1.000091269571967 1.517096176352982 227.2663439233669 0.009123276503953063
0.05180000000000001 6375.670249360413 1.000090887905493 1.517003263481896 227.0433791573186 0.00890265471240648
0.0519 6375.704611226939 1.00009050682231 1.516910327556798 226.8200270248961 0.008686530096780009
0.052 6375.73903270459 1.0000901263255 1.51681736859708 226.5962874201617 0.008474830730780238
0.0521 6375.773513809658 1.000089746418131 1.516724386622245 226.3721602372246 0.008267485435450299
0.0522 6375.808054558419 1.000089367103265 1.516631381651873 226.147645370277 0.008064423778537921
0.0523 6375.842654967146 1.000088988383956 1.516538353705643 225.9227427135523 0.007865576073666789
0.0524 6375.877315052101 1.000088610263247 1.516445302803334 225.6974521613432 0.007670873379439862
0.0525 6375.912034829537 1.000088232744173 1.516352228964797 225.4717736080073 0.007480247498408353
0.0526 6375.946814315698 1.000087855829762 1.516259132209998 225.2457069479614 0.007293630975909353
0.0527 6375.981653526817 1.00008747952303 1.516166012558989 225.0192520756872 0.007110957098794037
0.0528 6376.016552479121 1.000087103826986 1.516072870031915 224.7924088857138 0.006932159894018635
0.0529 6376.051511188823 1.00008672874463 1.515979704649006 224.5651772726472 0.006757174127156609
0.05300000000000001 6376.086529672132 1.000086354278951 1.515886516430612 224.3375571311407 0.006585935300748418
0.0531 6376.121607945242 1.000085980432931 1.515793305397149 224.1095483559242 0.006418379652583504
0.0532 6376.156746024343 1.000085607209541 1.51570007156915 223.8811508417692 0.00625444415382083
0.0533 6376.191943925611 1.000085234611744 1.515606814967226 223.6523644835301 0.006094066507055373
0.0534 6376.227201665214 1.000084862642494 1.515513535612101 223.4231891761082 0.00593718514421927
0.05350000000000001 6376.262519259311 1.000084491304733 1.515420233524581 223.193624814476 0.005783739224417703
0.0536 6376.29789672405 1.000084120601397 1.515326908725584 222.9636712936771 0.005633668631641087
0.0537 6376.333334075568 1.000083750535411 1.515233561236108 222.7333285088079 0.005486913972361533
0.0538 6376.368831329996 1.000083381109688 1.515140191077253 222.5025963550241 0.005343416573042356
0.0539 6376.404388503453 1.000083012327136 1.515046798270226 222.2714747275585 0.005203118477552819
0.054 6376.440005612045 1.000082644190649 1.514953382836329 222.0399635217085 0.005065962444464108
0.0541 6376.475682671872 1.000082276703115 1.51485994479695 221.8080626328309 0.004931891944251621
0.05420000000000001 6376.511419699023 1.000081909867409 1.514766484173597 221.5757719563534 0.0048008511564111
0.0543 6376.547216709574 1.000081543686397 1.514673000987861 221.3430913877686 0.0046727849664693
0.0544 6376.583073719595 1.000081178162935 1.51457949526144 221.1100208226343 0.004547638962905044
0.0545 6376.618990745142 1.000080813299871 1.514485967016126 220.8765601565791 0.004425359433981872
0.0546 6376.654967802263 1.000080449100041 1.514392416273817 220.6427092852908 0.004305893364481448
0.05470000000000001 6376.691004906996 1.000080085566269 1.514298843056515 220.4084681045282 0.004189188432361437
0.0548 6376.727102075364 1.000079722701374 1.51420524738631 220.1738365101327 0.004075193005326037
0.0549 6376.763259323386 1.000079360508159 1.514111629285413 219.938814397993 0.00396385613728895
0.055 6376.799476667064 1.00007899898942 1.514017988776111 219.7034016640808 0.003855127564788303
0.0551 6376.835754122396 1.000078638147942 1.513924325880825 219.4675982044267 0.003748957703291551
0.05520000000000001 6376.872091705362 1.000078277986499 1.513830640622053 219.2314039151501 0.003645297643445713
0.0553 6376.908489431935 1.000077918507855 1.513736933022415 218.9948186924233 0.003544099147220425
0.0554 6376.944947318078 1.000077559714764 1.513643203104614 218.757842432496 0.003445314644001811
0.0555 6376.981465379741 1.000077201609967 1.513549450891478 218.5204750316824 0.003348897226596399
0.0556 6377.018043632864 1.000076844196196 1.513455676405925 218.2827163863857 0.003254800647177314
0.0557 6377.054682093375 1.000076487476173 1.513361879670987 218.0445663930622 0.003162979313135933
0.0558 6377.091380777193 1.000076131452606 1.513268060709799 217.806024948245 0.003073388282888797
0.05590000000000001 6377.128139700223 1.000075776128196 1.513174219545602 217.56709194855 0.002985983261609717
0.056 6377.16495887836 1.00007542150563 1.513080356201738 217.3277672906582 0.002900720596887994
0.0561 6377.201838327488 1.000075067587585 1.51298647070166 217.0880508713275 0.002817557274334387
0.0562 6377.238778063478 1.000074714376727 1.512892563068942 216.8479425873924 0.002736450913120821
0.0563 6377.275778102193 1.00007436187571 1.512798633327227 216.6074423357467 0.002657359761454567
0.05640000000000001 6377.312838459479 1.000074010087178 1.512704681500315 216.3665500133847 0.002580242692013935
0.0565 6377.349959151176 1.000073659013762 1.512610707612075 216.1252655173538 0.002505059197298416
0.0566 6377.38714019311 1.000073308658083 1.512516711686501 215.8835887447843 0.002431769384949749
0.0567 6377.424381601093 1.000072959022749 1.512422693747714 215.6415195928952 0.002360333973012016
0.0568 6377.461683390929 1.000072610110359 1.512328653819904 215.3990579589644 0.002290714285130574
0.05690000000000001 6377.499045578407 1.000072261923496 1.512234591927397 215.1562037403527 0.002222872245718045
0.057 6377.536468179307 1.000071914464736 1.512140508094641 214.9129568345037 0.002156770375065578
0.0571 6377.573951209393 1.00007156773664 1.512046402346168 214.6693171389437 0.002092371784408695
0.0572 6377.611494684421 1.000071221741759 1.511952274706632 214.4252845512641 0.002029640170944978
0.0573 6377.649098620132 1.00007087648263 1.511858125200813 214.180858969139 0.001968539812819365
0.0574 6377.686763032258 1.00007053196178 1.511763953853579 213.9360402903252 0.001909035564064338
0.0575 6377.724487936513 1.000070188181723 1.511669760689929 213.6908284126683 0.00185109284950312
0.05760000000000001 6377.762273348604 1.000069845144961 1.51157554573497 213.4452232340731 0.001794677659608091
0.0577 6377.800119284224 1.000069502853983 1.511481309013917 213.1992246525446 0.001739756545341108
0.0578 6377.838025759052 1.000069161311268 1.511387050552103 212.9528325661589 0.001686296612944004
0.0579 6377.875992788758 1.000068820519279 1.511292770374985 212.706046873075 0.001634265518707491
0.058 6377.914020388994 1.00006848048047 1.511198468508116 212.4588674715404 0.001583631463708817
0.05810000000000001 6377.952108575403 1.000068141197281 1.511104144977181 212.2112942598795 0.001534363188517904
0.0582 6377.990257363615 1.000067802672139 1.511009799807971 211.9633271364995 0.001486429967881101
0.0583 6378.028466769246 1.000067464907458 1.510915433026402 211.7149659999021 0.0014398016053814
0.0584 6378.066736807899 1.00006712790564 1.510821044658494 211.4662107486541 0.001394448428068107
0.0585 6378.105067495166 1.000066791669076 1.510726634730394 211.2170612814228 0.001350341281077705
0.05860000000000001 6378.143458846623 1.00006645620014 1.51063220326837 210.9675174969524 0.001307451522224243
0.0587 6378.181910877834 1.000066121501196 1.51053775029879 210.7175792940815 0.001265751016579516
0.05880000000000001 6378.220423604351 1.000065787574595 1.510443275848156 210.4672465717198 0.001225212131030057
0.0589 6378.258997041711 1.000065454422673 1.510348779943084 210.2165192288775 0.001185807728828605
0.059 6378.297631205439 1.000065122047755 1.510254262610311 209.9653971646475 0.001147511164124826
0.0591 6378.336326111044 1.00006479045215 1.510159723876692 209.7138802782114 0.001110296276488787
0.0592 6378.375081774026 1.000064459638156 1.510065163769202 209.4619684688336 0.001074137385422976
0.05930000000000001 6378.413898209866 1.000064129608058 1.509970582314932 209.209661635873 0.001039009284868908
0.0594 6378.452775434034 1.000063800364124 1.509875979541101 208.9569596787773 0.001004887237704598
0.0595 6378.491713461988 1.000063471908613 1.509781355475048 208.7038624970768 0.0009717469702372897
0.0596 6378.53071230917 1.000063144243766 1.509686710144222 208.4503699903966 0.0009395646666951686
0.0597 6378.569771991007 1.000062817371814 1.509592043576209 208.1964820584561 0.0009083169637155162
0.05980000000000001 6378.608892522914 1.000062491294972 1.509497355798709 207.9421986010578 0.0008779809448311106
0.0599 6378.648073920292 1.000062166015443 1.509402646839542 207.6875195181045 0.0008485341349614201
0.06 6378.687316198527 1.000061841535412 1.509307916726663 207.4324447095759 0.000819954494901415
0.0601 6378.72661937299 1.000061517857054 1.509213165488134 207.1769740755639 0.0007922204158212676
0.0602 6378.765983459039 1.00006119498253 1.509118393152157 206.9211075162433 0.0007653107137640461
0.0603 6378.805408472019 1.000060872913984 1.509023599747045 206.6648449318776 0.0007392046241544749
0.0604 6378.844894427257 1.000060551653548 1.508928785301235 206.4081862228308 0.0007138817963164101
0.06050000000000001 6378.884441340067 1.000060231203338 1.508833949843304 206.1511312895672 0.0006893222879986369
0.0606 6378.924049225749 1.000059911565458 1.508739093401935 205.8936800326341 0.0006655065599100652
0.0607 6378.963718099589 1.000059592741994 1.508644216005948 205.6358323526732 0.0006424154702701823
0.0608 6379.003447976856 1.000059274735022 1.508549317684286 205.3775881504388 0.0006200302693734394
0.0609 6379.043238872805 1.0000589575466 1.508454398466015 205.1189473267676 0.0005983325941643827
0.06100000000000001 6379.083090802678 1.000058641178771 1.508359458380333 204.8599097825912 0.0005773044628327907
0.0611 6379.123003781699 1.000058325633567 1.508264497456549 204.6004754189534 0.0005569282694265181
0.0612 6379.16297782508 1.000058010913 1.508169515724129 204.3406441369806 0.0005371867784792238
0.0613 6379.203012948014 1.000057697019072 1.508074513212635 204.0804158379059 0.0005180631196622763
0.0614 6379.243109165683 1.000057383953767 1.507979489951776 203.8197904230627 0.0004995407824553046
0.06150000000000001 6379.283266493249 1.000057071719054 1.50788444597138 203.5587677938792 0.0004816036108390743
0.0616 6379.323484945863 1.000056760316889 1.507789381301402 203.2973478518896 0.0004642357980129624
0.0617 6379.363764538659 1.000056449749211 1.507694295971931 203.0355304987173 0.0004474218811348857
0.0618 6379.404105286754 1.000056140017944 1.507599190013177 202.7733156360977 0.0004311467360895519
0.0619 6379.44450720525 1.000055831124997 1.507504063455491 202.5107031658725 0.0004153955722813041
0.062 6379.484970309236 1.000055523072264 1.507408916329346 202.2476929899666 0.0004001539274537146
0.0621 6379.52549461378 1.000055215861622 1.507313748665342 201.9842850104286 0.0003854076625417351
0.06220000000000001 6379.566080133939 1.000054909494934 1.507218560494204 201.720479129396 0.0003711429565489725
0.0623 6379.606726884752 1.000054603974048 1.507123351846801 201.4562752491128 0.0003573463014587757
0.0624 6379.647434881241 1.000054299300793 1.507028122754123 201.191673271935 0.0003440044971761416
0.0625 6379.688204138413 1.000053995476986 1.506932873247288 200.9266731003135 0.0003311046465009837
0.0626 6379.72903467126 1.000053692504426 1.506837603357557 200.6612746368113 0.0003186341501366432
0.06270000000000001 6379.769926494754 1.000053390384898 1.5067423131163 200.395477784098 0.0003065807017314981
0.06280000000000001 6379.810879623856 1.000053089120168 1.506647002555036 200.1292824449378 0.0002949322829555241
0.0629 6379.851894073505 1.000052788711988 1.506551671705409 199.8626885222187 0.0002836771586146833
0.063 6379.892969858626 1.000052489162095 1.506456320599201 199.5956959189297 0.0002728038717996888
0.0631 6379.934106994128 1.000052190472207 1.506360949268313 199.3283045381658 0.0002623012390737036
0.06320000000000001 6379.975305494903 1.000051892644029 1.506265557744783 199.0605142831286 0.0002521583456980658
0.06330000000000001 6380.016565375826 1.000051595679246 1.506170146060787 198.792325057132 0.000242364540897276
0.0634 6380.057886651754 1.000051299579529 1.506074714248622 198.5237367636022 0.0002329094331634699
0.0635 6380.099269337526 1.000051004346533 1.505979262340732 198.2547493060778 0.0002237828856013142
0.0636 6380.14071344797 1.000050709981896 1.505883790369668 197.9853625881918 0.0002149750113133982
0.06370000000000001 6380.18221899789 1.000050416487238 1.505788298368143 197.7155765137135 0.0002064761688292819
0.06380000000000001 6380.223786002078 1.000050123864164 1.505692786368976 197.4453909864945 0.0001982769575737251
0.0639 6380.265414475303 1.000049832114262 1.505597254405149 197.1748059105288 0.0001903682133813827
0.064 6380.307104432321 1.000049541239103 1.505501702509742 196.9038211899104 0.0001827410040517502
0.0641 6380.348855887871 1.00004925124024 1.505406130715991 196.6324367288402 0.0001753866249495937
0.06420000000000001 6380.390668856671 1.000048962119212 1.505310539057263 196.3606524316368 0.0001682965946499413
0.06430000000000001 6380.432543353424 1.000048673877539 1.505214927567047 196.0884682027435 0.0001614626506277906
0.0644 6380.474479392814 1.000048386516724 1.505119296278976 195.8158839467095 0.000154876744992608
0.0645 6380.516476989509 1.000048100038254 1.505023645226807 195.5428995681908 0.0001485310402691502
0.0646 6380.558536158156 1.000047814443597 1.50492797444444 195.2695149719851 0.0001424179052252757
0.06470000000000001 6380.600656913388 1.000047529734206 1.504832283965898 194.9957300629789 0.0001365299107443045
0.0648 6380.642839269815 1.000047245911516 1.504736573825347 194.7215447462003 0.0001308598257467619
0.0649 6380.685083242034 1.000046962976943 1.504640844057086 194.4469589267782 0.0001254006131573074
0.065 6380.72738884462 1.000046680931888 1.504545094695529 194.1719725099714 0.0001201454259207856
0.06510000000000001 6380.769756092132 1.000046399777734 1.504449325775249 193.8965854011393 0.0001150876030649671
0.06520000000000001 6380.81218499911 1.000046119515846 1.504353537330946 193.6207975057831 0.0001102206658127876
0.0653 6380.854675580074 1.000045840147571 1.504257729397434 193.3446087295164 0.0001055383137416224
0.0654 6380.897227849528 1.000045561674239 1.504161902009681 193.068018978065 0.0001010344209917601
0.0655 6380.939841821955 1.000045284097164 1.504066055202787 192.7910281572907 9.670303252403254e-05
0.06560000000000001 6380.982517511821 1.000045007417638 1.503970189011981 192.5136361731619 9.253836042554348e-05
0.06570000000000001 6381.025254933573 1.00004473163694 1.503874303472615 192.2358429317768 8.853478026537464e-05
0.0658 6381.068054101637 1.000044456756327 1.503778398620195 191.9576483393579 8.468682749905251e-05
0.0659 6381.110915030422 1.000044182777043 1.503682474490346 191.6790523022577 8.098919392254247e-05
0.066 6381.153837734318 1.000043909700308 1.503586531118832 191.4000547269351 7.743672417529182e-05
0.06610000000000001 6381.196822227696 1.00004363752733 1.503490568541536 191.1206555199791 7.402441229341209e-05
0.06620000000000001 6381.239868524906 1.000043366259294 1.503394586794502 190.8408545881088 7.074739831205691e-05
0.0663 6381.282976640281 1.00004309589737 1.50329858591389 190.5606518381732 6.760096491736514e-05
0.0664 6381.326146588133 1.000042826442708 1.503202565935986 190.2800471771337 6.458053414778238e-05
0.0665 6381.369378382755 1.000042557896443 1.503106526897223 189.9990405120938 6.168166414545526e-05
0.06660000000000001 6381.41267203842 1.000042290259687 1.503010468834154 189.7176317502689 5.890004595648162e-05
0.06670000000000001 6381.456027569382 1.000042023533538 1.502914391783475 189.4358207990166 5.623150038123631e-05
0.0668 6381.499444989875 1.000041757719072 1.502818295782013 189.1536075658126 5.367197487352434e-05
0.0669 6381.542924314113 1.00004149281735 1.502722180866729 188.8709919582628 5.121754048937082e-05
0.067 6381.586465556291 1.000041228829411 1.502626047074706 188.5879738841089 4.886438888489911e-05
0.06710000000000001 6381.630068730582 1.00004096575628 1.50252989444317 188.3045532512168 4.660882936309267e-05
0.06720000000000001 6381.673733851141 1.000040703598959 1.502433723009472 188.0207299675825 4.444728596959573e-05
0.0673 6381.717460932102 1.000040442358434 1.502337532811095 187.7365039413379 4.237629463722005e-05
0.0674 6381.761249987579 1.000040182035672 1.502241323885657 187.4518750807391 4.039250037885136e-05
0.0675 6381.805101031664 1.00003992263162 1.502145096270914 187.1668432941841 3.84926545289043e-05
0.06760000000000001 6381.849014078432 1.000039664147208 1.502048850004738 186.881408490195 3.667361203264011e-05
0.06770000000000001 6381.892989141933 1.000039406583347 1.50195258512514 186.5955705774358 3.493232878361144e-05
0.0678 6381.937026236201 1.000039149940927 1.501856301670275 186.3093294646945 3.326585900851135e-05
0.0679 6381.981125375247 1.000038894220822 1.501759999678395 186.0226850608955 3.167135269958571e-05
0.068 6382.025286573062 1.000038639423887 1.501663679187909 185.7356372750986 3.014605309406094e-05
0.06810000000000001 6382.069509843614 1.000038385550955 1.501567340237359 185.4481860165059 2.868729420040609e-05
0.0682 6382.113795200854 1.000038132602843 1.501470982865397 185.1603311944494 2.729249837100222e-05
0.0683 6382.158142658708 1.000037880580347 1.501374607110824 184.8720727183971 2.595917392108648e-05
0.0684 6382.202552231084 1.000037629484247 1.501278213012555 184.583410497953 2.468491279351128e-05
0.06850000000000001 6382.247023931867 1.0000373793153 1.501181800609644 184.2943444428628 2.346738826902967e-05
0.06860000000000001 6382.291557774922 1.000037130074246 1.501085369941275 184.0048744630084 2.230435272167247e-05
0.0687 6382.336153774091 1.000036881761807 1.500988921046747 183.7150004684075 2.119363541893166e-05
0.0688 6382.380811943195 1.000036634378682 1.50089245396551 183.4247223692317 2.013314036640149e-05
0.0689 6382.425532296036 1.000036387925555 1.500795968737118 183.1340400757648 1.912084419620521e-05
0.06900000000000001 6382.470314846391 1.000036142403087 1.500699465401276 182.842953498456 1.815479409937181e-05
0.06910000000000001 6382.515159608019 1.000035897811924 1.50060294399779 182.5514625478789 1.723310580105798e-05
0.0692 6382.560066594653 1.000035654152688 1.500506404566615 182.2595671347548 1.63539615787678e-05
0.0693 6382.605035820007 1.000035411425984 1.500409847147823 181.9672671699526 1.551560832282028e-05
0.0694 6382.650067297773 1.000035169632398 1.500313271781621 181.6745625644775 1.471635563868116e-05
0.06950000000000001 6382.695161041619 1.000034928772495 1.500216678508332 181.3814532294763 1.395457399079436e-05
0.06960000000000001 6382.740317065194 1.000034688846823 1.500120067368403 181.0879390762378 1.322869288738337e-05
0.0697 6382.785535382124 1.000034449855908 1.500023438402422 180.7940200161928 1.253719910577477e-05
