0 6365.5 1.000265703138311 1.565453140916256 300.15 0.3566536171029408
0.0001 6365.503433066685 1.00026561783025 1.565368831665317 300.127685066548 0.3561865736956325
0.0002 6365.506919803919 1.000265531210965 1.565284520231594 300.1050212745257 0.3557127744254328
0.0003 6365.510460213229 1.000265443281457 1.565200206495632 300.0820086140133 0.355232243929023
0.0004 6365.51405429622 1.000265354042739 1.565115890340848 300.0586470745706 0.3547450071739455
0.0005 6365.517702054575 1.000265263495842 1.565031571652795 300.0349366452609 0.3542510894573322
0.0006000000000000001 6365.52140349005 1.000265171641807 1.564947250319442 300.0108773146748 0.3537505164046063
0.0007 6365.525158604475 1.000265078481689 1.564862926230988 299.9864690709118 0.3532433139673006
0.0008 6365.528967399753 1.000264984016558 1.564778599279537 299.9617119016046 0.3527295084217128
0.0009000000000000001 6365.532829877857 1.000264888247499 1.56469426935924 299.9366057939309 0.3522091263672912
0.001 6365.536746040828 1.000264791175608 1.564609936365962 299.9111507346187 0.3516821947248739
0.0011 6365.540715890779 1.000264692801997 1.56452560019741 299.8853467099351 0.3511487407345383
0.0012 6365.544739429887 1.00026459312779 1.564441260752911 299.8591937057335 0.3506087919546512
0.0013 6365.548816660397 1.000264492154127 1.564356917933268 299.8326917074177 0.3500623762591832
0.0014 6365.552947584619 1.00026438988216 1.564272571640874 299.8058406999779 0.3495095218364683
0.0015 6365.557132204925 1.000264286313057 1.564188221779437 299.7786406679846 0.3489502571870841
0.0016 6365.561370523756 1.000264181447998 1.56410386825412 299.7510915955885 0.3483846111218346
0.0017 6365.56566254361 1.000264075288176 1.564019510971265 299.7231934665382 0.3478126127600734
0.0018 6365.570008267046 1.000263967834802 1.563935149838469 299.6949462641982 0.3472342915280043
0.0019 6365.574407696692 1.000263859089096 1.563850784764526 299.6663499715013 0.3466496771556285
0.002 6365.578860835227 1.000263749052296 1.563766415659289 299.6374045710257 0.3460587996762114
0.0021 6365.583367685395 1.000263637725651 1.563682042433704 299.6081100449359 0.345461689422946
0.0022 6365.587928249996 1.000263525110426 1.563597664999591 299.5784663750236 0.3448583770276497
0.0023 6365.592542531892 1.000263411207898 1.563513283270006 299.5484735427025 0.344248893418474
0.0024 6365.597210533997 1.000263296019359 1.563428897158718 299.5181315290196 0.3436332698179527
0.0025 6365.601932259286 1.000263179546116 1.563344506580453 299.4874403146436 0.3430115377405498
0.0026 6365.60670771079 1.000263061789488 1.563260111450708 299.4563998798648 0.3423837289904295
0.0027 6365.611536891595 1.000262942750808 1.563175711686029 299.4250102046307 0.34174987565992
0.0028 6365.616419804843 1.000262822431424 1.563091307203436 299.3932712685222 0.3411100101267622
0.0029 6365.621356453729 1.000262700832697 1.563006897920966 299.3611830507597 0.3404641650519356
0.003 6365.626346841507 1.000262577956002 1.562922483757157 299.3287455302028 0.3398123733773463
0.0031 6365.631390971481 1.000262453802729 1.562838064631383 299.2959586853743 0.3391546683239698
0.0032 6365.636488847008 1.000262328374281 1.56275364046367 299.2628224944482 0.338491083389259
0.0033 6365.6416404715 1.000262201672074 1.562669211174639 299.2293369352495 0.3378216523447731
0.0034 6365.646845848422 1.000262073697539 1.562584776685597 299.1955019852547 0.337146409233787
0.0035 6365.652104981291 1.00026194445212 1.562500336918381 299.1613176216091 0.3364653883692353
0.0036 6365.657417873673 1.000261813937277 1.562415891795411 299.1267838211269 0.335778624331282
0.0037 6365.662784529189 1.00026168215448 1.562331441239754 299.0919005602735 0.3350861519645193
0.0038 6365.66820495151 1.000261549105217 1.562246985174832 299.0566678151835 0.3343880063758561
0.0039 6365.673679144359 1.000261414790985 1.562162523524807 299.0210855616659 0.3336842229321491
0.004 6365.679207111508 1.0002612792133 1.562078056214197 298.9851537751991 0.3329748372575828
0.0041 6365.684788856778 1.000261142373689 1.561993583168025 298.9488724309421 0.3322598852313821
0.004200000000000001 6365.690424384044 1.000261004273692 1.561909104311785 298.9122415037167 0.3315394029849249
0.0043 6365.696113697226 1.000260864914865 1.561824619571457 298.8752609680317 0.3308134268996516
0.0044 6365.701856800296 1.000260724298775 1.561740128873418 298.8379307980766 0.3300819936043746
0.004500000000000001 6365.707653697275 1.000260582427005 1.561655632144543 298.8002509677157 0.3293451399725725
0.0046 6365.71350439223 1.000260439301151 1.561571129312054 298.7622214505058 0.3286029031201297
0.0047 6365.719408889281 1.000260294922823 1.561486620303593 298.7238422196728 0.3278553204022501
0.0048 6365.725367192594 1.000260149293644 1.561402105047131 298.685113248141 0.3271024294113938
0.0049 6365.731379306381 1.00026000241525 1.561317583471174 298.6460345085214 0.3263442679743889
0.005 6365.737445234905 1.000259854289292 1.561233055504468 298.6066059731178 0.3255808741498726
0.0051 6365.743564982474 1.000259704917435 1.56114852107613 298.5668276139203 0.3248122862254871
0.005200000000000001 6365.749738553445 1.000259554301356 1.561063980115696 298.5266994026059 0.3240385427151766
0.0053 6365.755965952221 1.000259402442746 1.560979432552919 298.486221310562 0.3232596823569224
0.0054 6365.762247183253 1.000259249343311 1.560894878318041 298.4453933088565 0.3224757441094362
0.005500000000000001 6365.768582251037 1.000259095004768 1.560810317341487 298.404215368262 0.3216867671498663
0.0056 6365.774971160116 1.000258939428851 1.560725749554038 298.3626874592436 0.3208927908708034
0.0057 6365.781413915081 1.000258782617303 1.560641174886836 298.3208095519707 0.3200938548777275
0.005800000000000001 6365.787910520568 1.000258624571885 1.560556593271255 298.2785816163113 0.3192899989860997
0.0059 6365.794460981256 1.000258465294369 1.560472004638969 298.2360036218378 0.3184812632186654
0.006 6365.801065301874 1.00025830478654 1.560387408921996 298.1930755378211 0.3176676878025191
0.0061 6365.807723487194 1.000258143050198 1.560302806052585 298.1497973332424 0.3168493131664922
0.006200000000000001 6365.814435542035 1.000257980087156 1.56021819596319 298.1061689767756 0.3160261799379662
0.0063 6365.821201471258 1.000257815899239 1.560133578586731 298.0621904368226 0.3151983289406795
0.0064 6365.828021279773 1.000257650488288 1.560048953856162 298.0178616814777 0.3143658011911804
0.006500000000000001 6365.834894972531 1.000257483856155 1.559964321704802 297.9731826785459 0.3135286378962716
0.0066 6365.841822554531 1.000257316004706 1.559879682066276 297.9281533955481 0.312686880450219
0.0067 6365.848804030815 1.000257146935821 1.559795034874377 297.8827737997038 0.311840570431504
0.006800000000000001 6365.855839406469 1.000256976651393 1.559710380063096 297.8370438579549 0.310989749600339
0.006900000000000001 6365.862928686623 1.000256805153327 1.559625717566735 297.7909635369532 0.3101344598955064
0.007 6365.870071876452 1.000256632443544 1.55954104731983 297.7445328030611 0.3092747434314082
0.0071 6365.877268981175 1.000256458523974 1.559456369257139 297.6977516223632 0.3084106424953225
0.007200000000000001 6365.884520006053 1.000256283396565 1.559371683313634 297.6506199606541 0.3075421995442108
0.0073 6365.891824956392 1.000256107063274 1.559286989424459 297.603137783451 0.3066694572019505
0.0074 6365.899183837541 1.000255929526074 1.559202287525074 297.555305055981 0.3057924582561221
0.007500000000000001 6365.906596654893 1.000255750786951 1.559117577551045 297.5071217431936 0.3049112456552202
0.0076 6365.914063413884 1.000255570847901 1.559032859438239 297.4585878097545 0.3040258625055284
0.0077 6365.921584119993 1.000255389710937 1.558948133122682 297.4097032200456 0.3031363520680926
0.007800000000000001 6365.92915877874 1.000255207378083 1.558863398540612 297.3604679381887 0.3022427577561144
0.007900000000000001 6365.936787395692 1.000255023851376 1.55877865562843 297.3108819280041 0.301345123131152
0.008 6365.944469976454 1.000254839132867 1.558693904322838 297.2609451530519 0.300443491900816
0.0081 6365.952206526676 1.000254653224619 1.558609144560588 297.2106575766087 0.2995379079152751
0.008200000000000001 6365.959997052051 1.000254466128708 1.558524376278764 297.160019161667 0.2986284151641835
0.0083 6365.967841558313 1.000254277847224 1.558439599414562 297.1090298709654 0.2977150577741298
0.008400000000000001 6365.975740051239 1.000254088382268 1.558354813905351 297.0576896669467 0.2967978800048021
0.008500000000000001 6365.983692536647 1.000253897735956 1.558270019688727 297.0059985117936 0.2958769262465253
0.0086 6365.991699020399 1.000253705910416 1.558185216702466 296.9539563674051 0.2949522410167312
0.008700000000000001 6365.999759508398 1.000253512907788 1.558100404884488 296.9015631954143 0.2940238689571597
0.008800000000000001 6366.007874006586 1.000253318730226 1.558015584172932 296.8488189571939 0.2930918548308399
0.0089 6366.01604252095 1.000253123379896 1.557930754506093 296.7957236138271 0.2921562435184376
0.009000000000000001 6366.024265057517 1.000252926858976 1.557845915822459 296.742277126143 0.2912170800157459
0.0091 6366.032541622355 1.00025272916966 1.557761068060631 296.6884794546926 0.2902744094301242
0.0092 6366.040872221576 1.000252530314151 1.557676211159466 296.6343305597551 0.2893282769774546
0.009300000000000001 6366.04925686133 1.000252330294666 1.557591345057934 296.5798304013555 0.2883787279792947
0.0094 6366.05769554781 1.000252129113434 1.557506469695202 296.524978939235 0.2874258078592002
0.0095 6366.066188287248 1.0002519267727 1.557421585010534 296.4697761328865 0.2864695621401757
0.009600000000000001 6366.074735085919 1.000251723274716 1.557336690943488 296.4142219415252 0.2855100364409862
0.0097 6366.083335950139 1.000251518621751 1.557251787433643 296.3583163241 0.2845472764731869
0.0098 6366.091990886261 1.000251312816085 1.557166874420829 296.3020592393058 0.2835813280381418
0.009900000000000001 6366.100699900683 1.000251105860009 1.557081951845013 296.2454506455596 0.2826122370234312
0.01 6366.109462999842 1.00025089775583 1.55699701964632 296.1884905010301 0.2816400494001645
0.0101 6366.118280190213 1.000250688505864 1.556912077765044 296.131178763614 0.2806648112193809
0.0102 6366.127151478316 1.000250478112441 1.556827126141596 296.0735153909481 0.2796865686090504
0.0103 6366.136076870705 1.000250266577903 1.556742164716596 296.0155003404146 0.2787053677709704
0.0104 6366.14505637398 1.000250053904605 1.556657193430757 295.9571335691302 0.2777212549773572
0.0105 6366.154089994778 1.000249840094913 1.556572212225044 295.8984150339451 0.2767342765676378
0.0106 6366.163177739775 1.000249625151207 1.556487221040416 295.8393446914614 0.2757444789455347
0.0107 6366.172319615689 1.000249409075878 1.556402219818184 295.7799224980212 0.2747519085756502
0.0108 6366.181515629277 1.000249191871329 1.556317208499645 295.7201484097003 0.2737566119801512
0.0109 6366.190765787335 1.000248973539977 1.5562321870263 295.6600223823206 0.2727586357357462
0.011 6366.200070096699 1.000248754084249 1.556147155339821 295.5995443714554 0.2717580264705611
0.0111 6366.209428564243 1.000248533506585 1.556062113382007 295.5387143324182 0.2707548308607183
0.0112 6366.218841196884 1.000248311809438 1.555977061094805 295.4775322202562 0.2697490956270163
0.0113 6366.228308001573 1.000248088995272 1.555891998420319 295.4159979897744 0.268740867532094
0.0114 6366.237828985305 1.000247865066562 1.5558069253008 295.3541115955176 0.2677301933769107
0.0115 6366.247404155111 1.000247640025798 1.555721841678605 295.2918729917764 0.2667171199976179
0.0116 6366.257033518063 1.000247413875479 1.555636747496312 295.2292821325931 0.2657016942624271
0.0117 6366.266717081269 1.000247186618119 1.555551642696531 295.16633897175 0.2646839630681912
0.0118 6366.276454851879 1.00024695825624 1.555466527222165 295.1030434627868 0.2636639733374646
0.0119 6366.286246837079 1.000246728792379 1.555381401016101 295.0393955589892 0.2626417720150848
0.012 6366.296093044094 1.000246498229084 1.555296264021514 294.9753952133887 0.261617406064948
0.0121 6366.30599348019 1.000246266568915 1.555211116181591 294.9110423787623 0.2605909224667857
0.0122 6366.31594815267 1.000246033814443 1.555125957439748 294.8463370076451 0.2595623682131302
0.0123 6366.325957068874 1.00024579996825 1.555040787739515 294.7812790523175 0.2585317903059043
0.0124 6366.336020236181 1.000245565032933 1.554955607024558 294.7158684648238 0.2574992357534834
0.0125 6366.346137662009 1.000245329011098 1.554870415238684 294.650105196942 0.2564647515670103
0.0126 6366.356309353813 1.000245091905363 1.554785212325835 294.583989200214 0.2554283847576475
0.0127 6366.366535319086 1.000244853718358 1.554699998230149 294.5175204259389 0.2543901823332713
0.0128 6366.376815565362 1.000244614452724 1.554614772895784 294.45069882515 0.2533501912948927
0.0129 6366.387150100207 1.000244374111115 1.554529536267169 294.3835243486559 0.2523084586340984
0.013 6366.397538931228 1.000244132696195 1.554444288288768 294.315996947017 0.2512650313294778
0.0131 6366.407982066071 1.000243890210639 1.554359028905274 294.2481165705393 0.2502199563433337
0.0132 6366.418479512417 1.000243646657137 1.554273758061413 294.1798831692926 0.2491732806187635
0.0133 6366.429031277984 1.000243402038385 1.554188475702133 294.111296693104 0.2481250510763752
0.0134 6366.439637370531 1.000243156357095 1.554103181772526 294.0423570915467 0.2470753146109228
0.0135 6366.450297797852 1.000242909615988 1.554017876217731 293.9730643139632 0.2460241180884858
0.0136 6366.461012567777 1.000242661817798 1.553932558983107 293.9034183094476 0.2449715083430238
0.0137 6366.471781688176 1.000242412965268 1.553847230014114 293.8334190268578 0.2439175321733847
0.0138 6366.482605166953 1.000242163061153 1.55376188925637 293.763066414809 0.2428622363400507
0.0139 6366.493483012049 1.000241912108221 1.553676536655615 293.6923604216803 0.2418056675620681
0.014 6366.504415231447 1.000241660109249 1.553591172157738 293.6213009955962 0.2407478725136301
0.0141 6366.51540183316 1.000241407067026 1.553505795708726 293.5498880844629 0.2396888978214599
0.0142 6366.52644282524 1.000241152984352 1.553420407254763 293.4781216359378 0.23862879006123
0.0143 6366.537538215779 1.000240897864038 1.553335006742113 293.4060015974363 0.2375675957545182
0.0144 6366.548688012902 1.000240641708906 1.553249594117198 293.3335279161373 0.2365053613657721
0.0145 6366.55989222477 1.00024038452179 1.553164169326589 293.2607005389949 0.2354421332993614
0.0146 6366.571150859582 1.000240126305533 1.553078732317011 293.187519412715 0.2343779578961229
0.0147 6366.582463925573 1.00023986706299 1.552993283035238 293.1139844837729 0.2333128814305172
0.0148 6366.593831431015 1.000239606797027 1.552907821428283 293.0400956984016 0.2322469501073642
0.0149 6366.605253384214 1.000239345510521 1.552822347443196 292.9658530026094 0.2311802100590139
0.015 6366.616729793513 1.000239083206359 1.552736861027278 292.8912563421681 0.2301127073420992
0.0151 6366.62826066729 1.00023881988744 1.55265136212787 292.816305662613 0.2290444879344682
0.0152 6366.639846013962 1.000238555556672 1.552565850692488 292.741000909249 0.2279755977322123
0.0153 6366.651485841978 1.000238290216974 1.552480326668788 292.6653420271445 0.2269060825465334
0.0154 6366.663180159825 1.000238023871278 1.552394790004541 292.5893289611371 0.2258359881007895
0.0155 6366.674928976026 1.000237756522525 1.552309240647618 292.5129616558342 0.2247653600274666
0.0156 6366.686732299136 1.000237488173664 1.552223678546151 292.4362400556182 0.2236942438652431
0.0157 6366.698590137749 1.00023721882766 1.552138103648296 292.3591641046295 0.2226226850557341
0.0158 6366.710502500494 1.000236948487484 1.552052515902342 292.2817337467894 0.2215507289408265
0.0159 6366.722469396033 1.000236677156118 1.551966915256783 292.203948925783 0.2204784207594458
0.016 6366.734490833066 1.000236404836558 1.5518813016602 292.1258095850707 0.219405805644747
0.0161 6366.746566820326 1.000236131531805 1.551795675061341 292.0473156678821 0.2183329286210712
0.0162 6366.75869736658 1.000235857244875 1.551710035409059 291.9684671172284 0.2172598346011561
0.0163 6366.770882480633 1.000235581978792 1.551624382652357 291.8892638758842 0.2161865683829561
0.0164 6366.783122171324 1.000235305736591 1.551538716740389 291.8097058863935 0.2151131746467997
0.0165 6366.795416447526 1.000235028521316 1.551453037622378 291.7297930910817 0.2140396979526362
0.0166 6366.807765318146 1.000234750336022 1.551367345247775 291.6495254320492 0.2129661827370548
0.0167 6366.820168792127 1.000234471183775 1.551281639566123 291.5689028511723 0.2118926733103981
0.0168 6366.832626878446 1.000234191067651 1.551195920527101 291.4879252901022 0.210819213853889
0.0169 6366.845139586114 1.000233909990734 1.551110188080527 291.4065926902598 0.2097458484166938
0.017 6366.857706924177 1.00023362795612 1.551024442176347 291.324904992853 0.2086726209133107
0.0171 6366.870328901713 1.000233344966915 1.550938682764666 291.2428621388652 0.2075995751205817
0.0172 6366.883005527838 1.000233061026234 1.550852909795697 291.1604640690551 0.2065267546748767
0.0173 6366.895736811699 1.000232776137202 1.550767123219823 291.0777107239568 0.2054542030692915
0.0174 6366.908522762479 1.000232490302955 1.550681322987534 290.9946020438855 0.2043819636509384
0.0175 6366.921363389394 1.000232203526637 1.550595509049468 290.9111379689379 0.2033100796181731
0.0176 6366.934258701694 1.000231915811404 1.550509681356392 290.8273184389917 0.2022385940178378
0.0177 6366.947208708661 1.000231627160419 1.550423839859248 290.7431433937062 0.2011675497425204
0.0178 6366.960213419612 1.000231337576857 1.550337984509057 290.6586127725217 0.200096989527829
0.0179 6366.9732728439 1.000231047063902 1.550252115257014 290.573726514648 0.1990269559495343
0.018 6366.986386990909 1.000230755624748 1.550166232054456 290.488484559094 0.1979574914212513
0.0181 6366.999555870055 1.000230463262597 1.550080334852833 290.4028868446438 0.1968886381914636
0.0182 6367.01277949079 1.000230169980663 1.549994423603733 290.316933309863 0.1958204383409403
0.0183 6367.026057862598 1.000229875782168 1.54990849825893 290.2306238931159 0.1947529337803136
0.0184 6367.039390994995 1.000229580670341 1.549822558770291 290.1439585325305 0.1936861662470137
0.0185 6367.052778897532 1.000229284648427 1.549736605089809 290.0569371660398 0.192620177303175
0.0186 6367.066221579794 1.000228987719674 1.549650637169636 289.9695597313402 0.1915550083325367
0.0187 6367.079719051395 1.000228689887342 1.549564654962105 289.8818261659329 0.1904907005383795
0.0188 6367.093271321985 1.0002283911547 1.549478658419616 289.7937364071007 0.1894272949406823
0.0189 6367.106878401244 1.000228091525027 1.549392647494738 289.7052903919133 0.1883648323736606
0.019 6367.120540298889 1.00022779100161 1.549306622140196 289.6164880572218 0.1873033534831796
0.0191 6367.134257024664 1.000227489587745 1.549220582308828 289.5273293396821 0.1862428987245406
0.0192 6367.148028588351 1.000227187286739 1.549134527953604 289.4378141757196 0.1851835083595796
0.0193 6367.16185499976 1.000226884101906 1.549048459027686 289.3479425015588 0.1841252224545615
0.0194 6367.175736268735 1.000226580036571 1.548962375484318 289.2577142532231 0.1830680808777391
0.0195 6367.189672405152 1.000226275094065 1.548876277276917 289.1671293665112 0.1820121232966564
0.0196 6367.20366341892 1.000225969277731 1.548790164359022 289.0761877770209 0.180957389176028
0.0197 6367.217709319978 1.00022566259092 1.548704036684325 288.9848894201431 0.1799039177752895
0.0198 6367.2318101183 1.00022535503699 1.548617894206652 288.8932342310499 0.1788517481461042
0.0199 6367.245965823888 1.000225046619311 1.548531736879979 288.8012221447301 0.1778009191304322
0.02 6367.260176446778 1.00022473734126 1.548445564658382 288.7088530959421 0.1767514693576712
0.0201 6367.274441997039 1.000224427206222 1.548359377496174 288.6161270192491 0.1757034372427675
0.0202 6367.288762484768 1.000224116217593 1.548273175347675 288.5230438490074 0.1746568609838057
0.0203 6367.303137920097 1.000223804378774 1.548186958167481 288.4296035193723 0.1736117785598225
0.0204 6367.317568313186 1.000223491693179 1.548100725910225 288.3358059642923 0.1725682277285086
0.0205 6367.332053674229 1.000223178164228 1.548014478530716 288.2416511175087 0.1715262460239996
0.0206 6367.346594013452 1.000222863795349 1.547928215983943 288.1471389125621 0.1704858707547553
0.0207 6367.36118934111 1.000222548589979 1.547841938224988 288.0522692827861 0.1694471390013291
0.0208 6367.375839667488 1.000222232551566 1.547755645209096 287.9570421613311 0.1684100876144835
0.0209 6367.390545002903 1.000221915683562 1.54766933689165 287.8614574811285 0.1673747532126816
0.021 6367.405305357706 1.000221597989431 1.547583013228174 287.765515174909 0.1663411721801854
0.0211 6367.420120742276 1.000221279472642 1.54749667417435 287.669215175208 0.1653093806650455
0.0212 6367.434991167022 1.000220960136676 1.547410319685964 287.5725574143602 0.1642794145769853
0.0213 6367.449916642384 1.000220639985019 1.547323949718983 287.4755418245048 0.1632513095854367
0.0214 6367.464897178834 1.000220319021167 1.547237564229514 287.3781683375804 0.1622251011174732
0.0215 6367.479932786872 1.000219997248622 1.547151163173813 287.2804368853302 0.1612008243558918
0.0216 6367.495023477032 1.000219674670898 1.547064746508236 287.1823473992907 0.1601785142371335
0.0217 6367.510169259876 1.000219351291513 1.54697831418931 287.0838998108092 0.1591582054495371
0.0218 6367.525370145994 1.000219027113995 1.546891866173728 286.9850940510377 0.1581399324313687
0.0219 6367.540626146011 1.000218702141879 1.546805402418324 286.8859300509274 0.1571237293688776
0.022 6367.555937270578 1.000218376378709 1.546718922880021 286.7864077412463 0.1561096301946193
0.0221 6367.571303530377 1.000218049828036 1.546632427515934 286.6865270525494 0.1550976685853197
0.0222 6367.586724936121 1.000217722493419 1.546545916283331 286.5862879152145 0.1540878779604279
0.0223 6367.602201498552 1.000217394378425 1.546459389139594 286.4856902594123 0.153080291480032
0.0224 6367.617733228441 1.000217065486627 1.54637284604228 286.3847340151364 0.1520749420433987
0.0225 6367.633320136587 1.000216735821609 1.546286286949075 286.283419112185 0.1510718622870603
0.0226 6367.648962233823 1.00021640538696 1.546199711817798 286.1817454801497 0.1500710845829921
0.0227 6367.664659531008 1.000216074186277 1.546113120606433 286.0797130484506 0.1490726410372813
0.0228 6367.68041203903 1.000215742223165 1.546026513273113 285.9773217463065 0.1480765634881787
0.0229 6367.696219768809 1.000215409501236 1.545939889776091 285.8745715027416 0.1470828835045293
0.023 6367.712082731291 1.00021507602411 1.545853250073802 285.7714622466082 0.1460916323843966
0.0231 6367.728000937454 1.000214741795414 1.545766594124815 285.6679939065519 0.1451028411531424
0.0232 6367.743974398301 1.000214406818782 1.545679921887806 285.564166411047 0.1441165405622173
0.0233 6367.760003124868 1.000214071097856 1.545593233321658 285.4599796883607 0.1431327610872978
0.0234 6367.776087128216 1.000213734636284 1.545506528385385 285.3554336665947 0.1421515329271816
0.0235 6367.792226419437 1.000213397437724 1.545419807038103 285.2505282736614 0.1411728860020914
0.0236 6367.80842100965 1.000213059505837 1.545333069239148 285.1452634372726 0.1401968499521226
0.0237 6367.824670910007 1.000212720844295 1.545246314947946 285.0396390849563 0.1392234541359942
0.0238 6367.840976131682 1.000212381456774 1.545159544124089 284.9336551440696 0.1382527276297676
0.0239 6367.85733668588 1.00021204134696 1.54507275672732 284.82731154178 0.1372846992253196
0.024 6367.873752583835 1.000211700518543 1.544985952717539 284.7206082050719 0.1363193974290634
0.0241 6367.890223836808 1.000211358975221 1.544899132054772 284.6135450607466 0.1353568504606421
0.0242 6367.906750456089 1.0002110167207 1.544812294699218 284.5061220354218 0.1343970862516494
0.0243 6367.923332452994 1.000210673758692 1.544725440611197 284.398339055538 0.1334401324444321
0.0244 6367.939969838869 1.000210330092914 1.544638569751224 284.2901960473527 0.1324860163908132
0.0245 6367.956662625085 1.000209985727093 1.544551682079898 284.1816929369455 0.1315347651509494
0.0246 6367.973410823045 1.000209640664961 1.544464777558014 284.0728296502074 0.130586405492061
0.0247 6367.990214444176 1.000209294910256 1.544377856146507 283.9636061128575 0.1296409638874488
0.0248 6368.007073499933 1.000208948466723 1.544290917806443 283.8540222504379 0.128698466515331
0.0249 6368.023988001798 1.000208601338114 1.544203962499085 283.7440779883131 0.1277589392577612
0.025 6368.040957961282 1.000208253528188 1.544116990185789 283.6337732516644 0.1268224076995253
0.0251 6368.057983389923 1.000207905040708 1.544030000828097 283.5231079655017 0.1258888971272174
0.0252 6368.075064299283 1.000207555879447 1.543942994387684 283.4120820546576 0.1249584325281936
0.0253 6368.092200700955 1.00020720604818 1.543855970826398 283.3006954437932 0.1240310385896542
0.0254 6368.109392606556 1.000206855550693 1.543768930106194 283.1889480573863 0.123106739697607
0.0255 6368.126640027731 1.000206504390774 1.543681872189224 283.0768398197491 0.1221855599361055
0.0256 6368.143942976151 1.00020615257222 1.543594797037782 282.9643706550168 0.1212675230862702
0.0257 6368.161301463516 1.000205800098833 1.543507704614278 282.8515404871467 0.1203526526254388
0.0258 6368.17871550155 1.000205446974422 1.543420594881309 282.7383492399252 0.1194409717263923
0.0259 6368.196185102004 1.000205093202799 1.543333467801625 282.6247968369729 0.11853250325661
0.026 6368.213710276656 1.000204738787786 1.543246323338102 282.5108832017389 0.1176272697774569
0.0261 6368.231291037308 1.00020438373321 1.54315916145378 282.3966082574951 0.1167252935434037
0.0262 6368.248927395792 1.000204028042902 1.543071982111863 282.2819719273538 0.1158265965014622
0.0263 6368.266619363962 1.000203671720699 1.54298478527571 282.1669741342497 0.1149312002903702
0.0264 6368.2843669537 1.000203314770447 1.542897570908779 282.0516148009523 0.1140391262400389
0.0265 6368.302170176915 1.000202957195994 1.542810338974749 281.9358938500535 0.1131503953708451
0.0266 6368.32002904554 1.000202599001195 1.542723089437411 281.8198112039917 0.1122650283932277
0.0267 6368.337943571534 1.000202240189912 1.54263582226074 281.7033667850277 0.111383045706948
0.0268 6368.355913766882 1.000201880766011 1.542548537408825 281.5865605152688 0.1105044674007427
0.0269 6368.373939643593 1.000201520733363 1.542461234845934 281.469392316645 0.1096293132516476
0.027 6368.392021213704 1.000201160095847 1.542373914536483 281.3518621109264 0.1087576027246632
0.0271 6368.410158489274 1.000200798857345 1.54228657644503 281.2339698197178 0.1078893549722728
0.0272 6368.428351482391 1.000200437021745 1.542199220536328 281.1157153644584 0.107024588834034
0.0273 6368.446600205165 1.000200074592941 1.542111846775221 280.9970986664279 0.1061633228362437
0.0274 6368.464904669733 1.000199711574833 1.542024455126739 280.8781196467343 0.1053055751915039
0.0275 6368.483264888256 1.000199347971324 1.541937045556089 280.758778226338 0.1044513637985738
0.0276 6368.501680872919 1.000198983786324 1.541849618028588 280.639074326028 0.1036007062419098
0.0277 6368.520152635932 1.000198619023747 1.541762172509745 280.5190078664394 0.1027536197915338
0.0278 6368.538680189533 1.000198253687513 1.541674708965181 280.3985787680362 0.1019101214026789
0.0279 6368.55726354598 1.000197887781547 1.541587227360701 280.2777869511282 0.101070227715715
0.028 6368.575902717556 1.000197521309779 1.541499727662283 280.1566323358837 0.1002339550560601
0.0281 6368.594597716571 1.000197154276142 1.541412209836044 280.0351148422877 0.09940131943375369
0.0282 6368.613348555358 1.000196786684577 1.541324673848204 279.9132343901714 0.0985723365435532
0.0283 6368.632155246273 1.000196418539029 1.541237119665222 279.7909908992241 0.09774702176493322
0.0284 6368.651017801698 1.000196049843445 1.541149547253657 279.6683842889637 0.09692539016183398
0.0285 6368.669936234037 1.000195680601781 1.541061956580247 279.5454144787603 0.09610745648280154
0.0286 6368.688910555719 1.000195310817995 1.540974347611873 279.4220813878245 0.09529323516091752
0.0287 6368.707940779197 1.00019494049605 1.540886720315582 279.2983849352189 0.09448274031391662
0.0288 6368.727026916947 1.000194569639914 1.540799074658567 279.1743250398466 0.09367598574417727
0.0289 6368.746168981468 1.00019419825356 1.540711410608203 279.049901620457 0.09287298493885957
0.029 6368.765366985283 1.000193826340964 1.54062372813197 278.9251145956577 0.09207375107010915
0.0291 6368.784620940942 1.000193453906108 1.540536027197543 278.7999638838786 0.09127829699498771
0.0292 6368.803930861011 1.000193080952977 1.540448307772767 278.6744494034318 0.09048663525603806
0.0293 6368.823296758083 1.000192707485563 1.540360569825595 278.5485710724578 0.08969877808116117
0.0294 6368.842718644778 1.000192333507859 1.540272813324159 278.4223288089432 0.08891473738397726
0.0295 6368.862196533732 1.000191959023863 1.540185038236773 278.2957225307449 0.08813452476424757
0.0296 6368.881730437607 1.000191584037579 1.540097244531882 278.168752155554 0.08735815150795868
0.0297 6368.901320369089 1.000191208553014 1.540009432178084 278.0414176009198 0.08658562858780378
0.0298 6368.920966340887 1.000190832574178 1.539921601144157 277.9137187842379 0.08581696666347376
0.0299 6368.940668365727 1.000190456105088 1.539833751399003 277.7856556227738 0.08505217608219222
0.03 6368.960426456366 1.000190079149761 1.539745882911701 277.6572280336217 0.08429126687888883
0.0301 6368.980240625576 1.000189701712221 1.539657995651504 277.5284359337574 0.08353424877696765
0.0302 6369.000110886155 1.000189323796495 1.539570089587792 277.3992792399912 0.08278113118850565
0.0303 6369.020037250924 1.000188945406614 1.53948216469012 277.2697578689916 0.08203192321490242
0.0304 6369.040019732724 1.000188566546612 1.539394220928195 277.1398717372971 0.08128663364748424
0.0305 6369.060058344418 1.000188187220527 1.53930625827189 277.0096207612863 0.08054527096789947
0.0306 6369.080153098891 1.000187807432401 1.539218276691214 276.8790048572081 0.07980784334888293
0.0307 6369.100304009053 1.000187427186281 1.539130276156364 276.7480239411574 0.07907435865474433
0.0308 6369.120511087832 1.000187046486214 1.539042256637661 276.6166779290933 0.07834482444212032
0.0309 6369.140774348179 1.000186665336254 1.53895421810563 276.4849667368388 0.07761924796065307
0.031 6369.161093803064 1.000186283740457 1.538866160530916 276.3528902800812 0.07689763615369684
0.0311 6369.181469465484 1.000185901702883 1.538778083884339 276.2204484743537 0.0761799956589575
0.0312 6369.201901348453 1.000185519227593 1.538689988136871 276.0876412350539 0.07546633280935428
0.0313 6369.222389465007 1.000185136318655 1.538601873259645 275.954468477455 0.07475665363387368
0.0314 6369.242933828204 1.000184752980139 1.538513739223947 275.8209301166766 0.07405096385823011
0.0315 6369.263534451121 1.000184369216116 1.538425586001234 275.6870260677141 0.07334926890587064
0.0316 6369.284191346859 1.000183985030663 1.538337413563132 275.5527562454153 0.07265157389872434
0.0317 6369.304904528538 1.000183600427858 1.538249221881387 275.4181205645035 0.07195788365822779
0.0318 6369.325674009298 1.000183215411784 1.538161010927946 275.2831189395605 0.07126820270616126
0.03190000000000001 6369.346499802303 1.000182829986526 1.53807278067488 275.1477512850319 0.07058253526563607
0.032 6369.367381920732 1.000182444156172 1.537984531094456 275.0120175152391 0.06990088526213691
0.0321 6369.388320377791 1.000182057924813 1.537896262159052 274.8759175443619 0.06922325632444151
0.0322 6369.409315186701 1.000181671296542 1.537807973841275 274.7394512864438 0.06854965178568787
0.0323 6369.430366360705 1.000181284275456 1.537719666113816 274.6026186554162 0.0678800746845529
0.0324 6369.451473913068 1.000180896865654 1.537631338949579 274.4654195650568 0.06721452776613758
0.0325 6369.472637857073 1.00018050907124 1.537542992321598 274.3278539290249 0.06655301348325668
0.0326 6369.493858206022 1.000180120896316 1.537454626203098 274.1899216608557 0.06589553399754933
0.0327 6369.515134973241 1.00017973234499 1.53736624056743 274.0516226739368 0.06524209118053363
0.0328 6369.536468172069 1.000179343421372 1.537277835388128 273.9129568815491 0.0645926866149962
0.0329 6369.557857815873 1.000178954129575 1.537189410638871 273.773924196826 0.06394732159601445
0.033 6369.579303918033 1.000178564473714 1.537100966293509 273.6345245327883 0.06330599713236669
0.0331 6369.600806491951 1.000178174457904 1.53701250232605 273.494757802321 0.06266871394769034
0.0332 6369.622365551048 1.000177784086266 1.536924018710665 273.3546239181909 0.06203547248185728
0.0333 6369.643981108764 1.000177393362921 1.536835515421689 273.2141227930346 0.06140627289223777
0.0334 6369.665653178559 1.000177002291993 1.53674699243359 273.0732543393646 0.06078111505507067
0.0335 6369.687381773912 1.000176610877609 1.536658449721029 272.9320184695692 0.06015999856683053
0.03360000000000001 6369.70916690832 1.000176219123897 1.536569887258824 272.7904150959188 0.05954292274564491
0.0337 6369.7310085953 1.000175827034986 1.536481305021934 272.6484441305532 0.05892988663265797
0.0338 6369.752906848385 1.000175434615009 1.536392702985493 272.5061054855004 0.05832088899354695
0.0339 6369.774861681131 1.000175041868101 1.536304081124801 272.363399072652 0.05771592831988331
0.034 6369.796873107109 1.000174648798397 1.536215439415308 272.2203248037935 0.05711500283074555
0.0341 6369.818941139911 1.000174255410036 1.536126777832618 272.0768825905801 0.05651811047412799
0.0342 6369.841065793145 1.000173861707157 1.536038096352535 271.9330723445549 0.05592524892854797
0.0343 6369.863247080441 1.000173467693903 1.535949394950962 271.7888939771368 0.05533641560455169
0.0344 6369.885485015441 1.000173073374415 1.535860673604036 271.6443473996322 0.05475160764634058
0.0345 6369.907779611811 1.00017267875284 1.535771932287985 271.4994325232295 0.05417082193334681
0.0346 6369.930130883232 1.000172283833324 1.53568317097925 271.3541492589928 0.05359405508183221
0.0347 6369.952538843404 1.000171888620014 1.5355943896544 271.208497517874 0.05302130344658001
0.03480000000000001 6369.975003506044 1.000171493117061 1.535505588290185 271.0624772107125 0.05245256312255978
0.0349 6369.997524884887 1.000171097328615 1.535416766863517 270.9160882482355 0.05188782994661395
0.035 6370.020102993684 1.000170701258828 1.53532792535146 270.769330541052 0.05132709949914315
0.0351 6370.042737846208 1.000170304911855 1.535239063731252 270.6222039996468 0.05077036710581379
0.0352 6370.065429456245 1.000169908291851 1.535150181980263 270.4747085344101 0.05021762783942015
0.03530000000000001 6370.088177837598 1.00016951140297 1.535061280076078 270.3268440556138 0.04966887652156403
0.0354 6370.110983004091 1.000169114249372 1.534972357996381 270.1786104734059 0.04912410772442461
0.0355 6370.133844969562 1.000168716835214 1.534883415719063 270.0300076978455 0.04858331577269967
0.0356 6370.156763747867 1.000168319164656 1.534794453222163 269.8810356388616 0.04804649474528329
0.0357 6370.17973935288 1.000167921241859 1.534705470483879 269.7316942062829 0.04751363847722383
0.0358 6370.202771798487 1.000167523070984 1.534616467482579 269.5819833098316 0.04698474056157028
0.0359 6370.225861098597 1.000167124656193 1.534527444196785 269.4319028591175 0.04645979435123886
0.036 6370.249007267133 1.000166726001649 1.534438400605195 269.2814527636382 0.0459387929609199
0.0361 6370.272210318031 1.000166327111518 1.534349336686635 269.1306329327966 0.04542172926906388
0.0362 6370.29547026525 1.000165927989963 1.534260252420139 268.9794432758775 0.04490859591974216
0.0363 6370.318787122759 1.00016552864115 1.534171147784881 268.8278837020652 0.04439938532466885
0.0364 6370.342160904548 1.000165129069245 1.534082022760179 268.6759541204373 0.04389408966515854
0.03650000000000001 6370.365591624621 1.000164729278416 1.533992877325554 268.5236544399653 0.04339270089412204
0.0366 6370.389079296996 1.000164329272828 1.533903711460657 268.3709845695261 0.04289521073811739
0.0367 6370.412623935711 1.00016392905665 1.533814525145306 268.2179444178781 0.04240161069930169
0.0368 6370.436225554817 1.000163528634051 1.533725318359494 268.0645338936914 0.04191189205757314
0.0369 6370.459884168381 1.000163128009199 1.533636091083361 267.9107529055235 0.0414260458725562
0.03700000000000001 6370.483599790486 1.000162727186261 1.533546843297239 267.7566013618433 0.04094406298575454
0.0371 6370.50737243523 1.000162326169409 1.533457574981592 267.6020791710074 0.04046593402256946
0.0372 6370.531202116726 1.00016192496281 1.533368286117055 267.4471862412837 0.03999164939448239
0.0373 6370.555088849104 1.000161523570636 1.53327897668441 267.2919224808219 0.03952119930108752
0.0374 6370.579032646509 1.000161121997053 1.533189646664662 267.1362877976948 0.0390545737323565
0.0375 6370.603033523097 1.000160720246234 1.533100296038898 266.9802820998688 0.03859176247070036
0.0376 6370.627091493045 1.000160318322347 1.533010924788434 266.8239052952098 0.03813275509315488
0.0377 6370.65120657054 1.000159916229563 1.532921532894685 266.6671572914892 0.03767754097357876
0.0378 6370.675378769787 1.000159513972049 1.532832120339299 266.5100379963836 0.03722610928484718
0.0379 6370.699608105004 1.000159111553977 1.532742687104038 266.3525473174753 0.03677844900105896
0.038 6370.723894590424 1.000158708979514 1.532653233170836 266.194685162246 0.03633454889973987
0.0381 6370.748238240294 1.00015830625283 1.532563758521808 266.0364514380884 0.03589439756410896
0.03820000000000001 6370.772639068876 1.000157903378094 1.5324742631392 265.8778460523071 0.03545798338532266
0.0383 6370.797097090445 1.000157500359472 1.532384747005461 265.7188689121057 0.03502529456469886
0.0384 6370.821612319293 1.000157097201134 1.53229521010317 265.5595199245935 0.03459631911600247
0.0385 6370.846184769723 1.000156693907246 1.532205652415081 265.3997989968028 0.03417104486777248
0.0386 6370.870814456053 1.000156290481975 1.532116073924111 265.2397060356537 0.03374945946551771
0.03870000000000001 6370.895501392615 1.000155886929487 1.532026474613351 265.0792409480013 0.03333155037414396
0.0388 6370.920245593756 1.000155483253948 1.53193685446603 264.9184036405881 0.03291730488014098
0.0389 6370.945047073833 1.000155079459521 1.531847213465566 264.7571940200859 0.03250671009401242
0.039 6370.969905847221 1.000154675550372 1.531757551595518 264.595611993066 0.03209975295253082
0.0391 6370.994821928305 1.000154271530663 1.531667868839624 264.4336574660168 0.03169642022112412
0.0392 6371.019795331486 1.000153867404557 1.53157816518177 264.2713303453442 0.03129669849622502
0.0393 6371.044826071176 1.000153463176215 1.531488440606037 264.1086305373591 0.03090057420760045
0.0394 6371.069914161801 1.000153058849798 1.531398695096619 263.9455579482959 0.03050803362076224
0.0395 6371.0950596178 1.000152654429464 1.531308928637924 263.7821124843002 0.0301190628393131
0.0396 6371.120262453626 1.000152249919372 1.531219141214488 263.618294051429 0.02973364780733
0.0397 6371.145522683743 1.00015184532368 1.53112933281103 263.4541025556681 0.02935177431179609
0.0398 6371.17084032263 1.000151440646543 1.531039503412409 263.2895379029031 0.02897342798492869
0.03990000000000001 6371.196215384776 1.000151035892116 1.530949653003687 263.1245999989545 0.02859859430666592
0.04 6371.221647884685 1.000150631064553 1.530859781570041 262.9592887495481 0.02822725860700883
0.0401 6371.24713783687 1.000150226168005 1.530769889096855 262.7936040603448 0.02785940606850484
0.0402 6371.272685255861 1.000149821206624 1.530679975569644 262.6275458369049 0.02749502172859059
0.0403 6371.298290156196 1.000149416184558 1.530590040974108 262.4611139847237 0.02713409048209856
0.04040000000000001 6371.323952552428 1.000149011105955 1.530500085296093 262.2943084092198 0.02677659708366277
0.0405 6371.349672459121 1.000148605974963 1.530410108521625 262.1271290157168 0.02642252615011848
0.0406 6371.37544989085 1.000148200795724 1.530320110636876 261.9595757094738 0.02607186216300748
0.0407 6371.401284862204 1.000147795572382 1.530230091628191 261.7916483956727 0.02572458947099802
0.0408 6371.427177387783 1.000147390309078 1.530140051482084 261.6233469794128 0.02538069229232216
0.0409 6371.453127482197 1.000146985009952 1.530049990185221 261.4546713657222 0.02504015471725318
0.041 6371.479135160067 1.00014657967914 1.529959907724447 261.2856214595644 0.02470296071057244
0.04110000000000001 6371.50520043603 1.000146174320779 1.529869804086741 261.1161971658079 0.02436909411396885
0.0412 6371.531323324729 1.000145768939002 1.529779679259277 260.9463983892623 0.02403853864857063
0.0413 6371.557503840822 1.000145363537941 1.529689533229381 260.7762250346603 0.02371127791737248
0.0414 6371.583741998978 1.000144958121725 1.529599365984527 260.605677006646 0.02338729540767817
0.0415 6371.610037813873 1.000144552694483 1.529509177512377 260.4347542098279 0.02306657449366729
0.04160000000000001 6371.636391300198 1.000144147260339 1.529418967800738 260.2634565487141 0.02274909843873798
0.0417 6371.662802472653 1.000143741823416 1.529328736837587 260.0917839277535 0.02243485039805289
0.0418 6371.68927134595 1.000143336387835 1.529238484611084 259.919736251324 0.02212381342098415
0.0419 6371.715797934811 1.000142930957715 1.529148211109507 259.747313423727 0.02181597045357057
0.042 6371.742382253968 1.000142525537173 1.529057916321338 259.5745153492102 0.02151130434102693
0.04210000000000001 6371.769024318162 1.00014212013032 1.528967600235201 259.4013419319448 0.0212097978301678
0.0422 6371.795724142148 1.00014171474127 1.528877262839894 259.2277930760369 0.02091143357189385
0.0423 6371.822481740689 1.000141309374129 1.528786904124384 259.0538686855215 0.02061619412364556
0.0424 6371.849297128558 1.000140904033006 1.528696524077778 258.8795686643747 0.02032406195188536
0.0425 6371.876170320539 1.000140498722002 1.528606122689356 258.7048929164956 0.02003501943452771
0.0426 6371.903101331425 1.000140093445218 1.528515699948573 258.5298413457361 0.01974904886344574
0.0427 6371.93009017602 1.000139688206753 1.528425255845048 258.3544138558713 0.01946613244687683
0.04280000000000001 6371.957136869136 1.000139283010701 1.528334790368542 258.1786103506169 0.01918625231190353
0.0429 6371.984241425594 1.000138877861155 1.528244303509007 258.0024307336415 0.01890939050691973
0.043 6372.011403860227 1.000138472762203 1.528153795256527 257.8258749085252 0.01863552900400968
0.0431 6372.038624187878 1.000138067717933 1.528063265601372 257.6489427787946 0.01836464970144481
0.0432 6372.065902423396 1.000137662732427 1.527972714533974 257.4716342479291 0.01809673442612753
0.04330000000000001 6372.09323858164 1.000137257809765 1.527882142044926 257.2939492193372 0.01783176493598582
0.0434 6372.120632677481 1.000136852954024 1.527791548124966 257.1158875963741 0.01756972292242607
0.0435 6372.148084725796 1.000136448169279 1.527700932765022 256.9374492823243 0.01731059001272729
0.0436 6372.175594741472 1.000136043459599 1.527610295956178 256.7586341804307 0.01705434777249886
0.0437 6372.203162739404 1.000135638829052 1.527519637689679 256.5794421938771 0.01680097770806265
0.0438 6372.230788734497 1.000135234281702 1.527428957956913 256.3998732257704 0.01655046126883054
0.0439 6372.258472741663 1.000134829821608 1.527338256749473 256.2199271791882 0.01630277984976632
0.044 6372.286214775825 1.000134425452828 1.527247534059092 256.0396039571368 0.01605791479371559
0.0441 6372.314014851912 1.000134021179415 1.527156789877643 255.8589034625755 0.01581584739381944
0.0442 6372.341872984861 1.000133617005419 1.527066024197206 255.6778255984044 0.01557655889587136
0.0443 6372.36978918962 1.000133212934886 1.526975237009998 255.4963702674703 0.01534003050069038
0.0444 6372.397763481143 1.000132808971858 1.526884428308406 255.3145373725728 0.01510624336648522
0.04450000000000001 6372.425795874391 1.000132405120374 1.526793598084987 255.1323268164582 0.01487517861119445
0.0446 6372.453886384336 1.000132001384468 1.526702746332441 254.9497385018138 0.01464681731481818
0.0447 6372.482035025956 1.000131597768172 1.526611873043641 254.7667723312856 0.01442114052177022
0.0448 6372.510241814236 1.000131194275512 1.526520978211638 254.583428207466 0.01419812924318309
0.0449 6372.538506764169 1.000130790910511 1.526430061829634 254.3997060329006 0.01397776445922551
0.04500000000000001 6372.566829890757 1.000130387677189 1.526339123890984 254.2156057100814 0.01376002712139529
0.0451 6372.595211209006 1.00012998457956 1.526248164389231 254.0311271414593 0.01354489815482282
0.0452 6372.623650733934 1.000129581621635 1.526157183318049 253.8462702294318 0.01333235846053568
0.0453 6372.652148480561 1.000129178807419 1.526066180671307 253.6610348763551 0.01312238891773993
0.0454 6372.680704463919 1.000128776140917 1.525975156443016 253.4754209845263 0.01291497038605614
0.0455 6372.709318699044 1.000128373626125 1.525884110627356 253.2894284562129 0.0127100837077971
0.0456 6372.737991200979 1.000127971267037 1.525793043218671 253.1030571936352 0.01250770971017989
0.04570000000000001 6372.766721984775 1.000127569067641 1.525701954211466 252.9163070989602 0.01230782920753988
0.0458 6372.795511065489 1.000127167031923 1.525610843600419 252.7291780743193 0.01211042300355761
0.0459 6372.824358458184 1.000126765163863 1.525519711380359 252.5416700218028 0.01191547189344668
0.046 6372.85326417793 1.000126363467436 1.525428557546282 252.3537828434536 0.01172295666612925
0.0461 6372.882228239804 1.000125961946612 1.525337382093344 252.1655164412731 0.01153285810641047
0.04620000000000001 6372.911250658888 1.000125560605358 1.525246185016863 251.9768707172274 0.01134515699713876
0.0463 6372.940331450272 1.000125159447635 1.525154966312339 251.7878455732351 0.01115983412133441
0.0464 6372.969470629049 1.0001247584774 1.5250637259754 251.5984409111796 0.0109768702643277
0.0465 6372.998668210322 1.000124357698603 1.524972464001881 251.4086566329087 0.01079624621587035
0.0466 6373.027924209197 1.000123957115192 1.524881180387733 251.2184926402227 0.01061794277222132
0.04670000000000001 6373.057238640787 1.000123556731108 1.524789875129096 251.0279488348868 0.01044194073824025
0.0468 6373.086611520209 1.000123156550289 1.524698548222278 250.8370251186424 0.01026822092946473
0.0469 6373.116042862587 1.000122756576664 1.524607199663735 250.6457213931834 0.01009676417413953
0.047 6373.145532683051 1.000122356814161 1.524515829450093 250.4540375601686 0.009927551315263109
0.0471 6373.175080996735 1.000121957266701 1.524424437578146 250.261973521221 0.009760563212607026
0.0472 6373.204687818778 1.000121557938199 1.524333024044842 250.0695291779401 0.009595780744729093
0.0473 6373.234353164328 1.000121158832566 1.524241588847292 249.8767044318664 0.009433184810929628
0.04740000000000001 6373.264077048532 1.000120759953706 1.52415013198277 249.6834991845402 0.00927275633327165
0.0475 6373.293859486546 1.00012036130552 1.524058653448727 249.4899133374487 0.009114476258488479
0.0476 6373.32370049353 1.000119962891902 1.523967153242748 249.2959467920554 0.008958325559944342
0.0477 6373.353600084648 1.00011956471674 1.523875631362605 249.1015994497883 0.008804285239542794
0.0478 6373.38355827507 1.000119166783917 1.523784087806236 248.906871212046 0.008652336329632131
0.04790000000000001 6373.41357507997 1.00011876909731 1.523692522571721 248.7117619801974 0.008502459894888046
0.048 6373.443650514525 1.000118371660791 1.52360093565731 248.5162716555877 0.008354637034182627
0.0481 6373.473784593919 1.000117974478225 1.523509327061419 248.3204001395269 0.008208848882421601
0.0482 6373.503977333338 1.000117577553473 1.523417696782632 248.124147333301 0.008065076612381142
0.0483 6373.534228747973 1.000117180890388 1.523326044819691 247.9275131381727 0.007923301436516657
0.04840000000000001 6373.56453885302 1.000116784492817 1.523234371171496 247.7304974553689 0.00778350460874445
0.0485 6373.594907663678 1.000116388364605 1.523142675837116 247.5331001860931 0.007645667426221432
0.0486 6373.625335195149 1.000115992509585 1.523050958815774 247.3353212315309 0.00750977123110077
0.0487 6373.655821462639 1.000115596931588 1.522959220106868 247.1371604928444 0.00737579741225976
0.0488 6373.68636648136 1.000115201634437 1.522867459709946 246.9386178711601 0.007243727407004539
0.0489 6373.716970266524 1.00011480662195 1.522775677624735 246.7396932675928 0.00711354270277879
0.049 6373.747632833349 1.000114411897937 1.522683873851103 246.5403865832335 0.006985224838828261
0.04910000000000001 6373.778354197056 1.000114017466204 1.522592048389094 246.3406977191379 0.006858755407845894
0.0492 6373.809134372868 1.000113623330548 1.522500201238919 246.1406265763557 0.006734116057622894
0.0493 6373.839973376013 1.000113229494762 1.522408332400935 245.9401730559129 0.006611288492648781
0.0494 6373.870871221721 1.00011283596263 1.522316441875672 245.7393370588119 0.006490254475702425
0.0495 6373.901827925224 1.000112442737931 1.522224529663832 245.5381184860434 0.006370995829429253
0.04960000000000001 6373.932843501758 1.000112049824437 1.522132595766255 245.3365172385742 0.006253494437883126
0.0497 6373.963917966562 1.000111657225913 1.522040640183971 245.1345332173477 0.006137732248054518
0.0498 6373.995051334876 1.000111264946117 1.521948662918148 244.9321663233071 0.006023691271390668
0.0499 6374.026243621946 1.000110872988802 1.521856663970137 244.7294164573544 0.005911353585257262
0.05 6374.057494843015 1.000110481357712 1.521764643341433 244.5262835204034 0.005800701334432053
0.05010000000000001 6374.088805013334 1.000110090056585 1.521672601033703 244.3227674133321 0.00569171673252048
0.0502 6374.120174148152 1.000109699089151 1.52158053704878 244.1188680370132 0.005584382063392281
0.0503 6374.151602262723 1.000109308459135 1.521488451388656 243.914585292301 0.00547867968257334
0.0504 6374.183089372301 1.000108918170253 1.521396344055476 243.7099190800444 0.00537459201862815
0.0505 6374.214635492142 1.000108528226214 1.52130421505156 243.5048693010743 0.005272101574507795
0.0506 6374.246240637507 1.000108138630721 1.521212064379386 243.299435856204 0.005171190928882106
0.0507 6374.277904823654 1.000107749387468 1.521119892041596 243.0936186462467 0.005071842737458012
0.05080000000000001 6374.309628065847 1.000107360500145 1.521027698040983 242.8874175719919 0.004974039734255108
0.0509 6374.341410379348 1.000106971972429 1.520935482380521 242.6808325342353 0.004877764732884511
0.051 6374.373251779422 1.000106583807995 1.520843245063327 242.4738634337545 0.004783000627779528
0.0511 6374.405152281336 1.000106196010507 1.520750986092695 242.2665101713154 0.004689730395418015
0.0512 6374.437111900357 1.000105808583623 1.520658705472076 242.0587726476782 0.004597937095521678
0.05130000000000001 6374.469130651753 1.000105421530993 1.520566403205083 241.8506507636029 0.004507603872232353
0.0514 6374.501208550795 1.000105034856259 1.520474079295488 241.6421444198317 0.004418713955255066
0.0515 6374.533345612752 1.000104648563056 1.520381733747233 241.4332535171128 0.00433125066099624
0.0516 6374.565541852895 1.000104262655011 1.520289366564414 241.2239779561827 0.004245197393660923
0.0517 6374.597797286498 1.000103877135742 1.52019697775129 241.0143176377659 0.00416053764633488
0.05180000000000001 6374.630111928832 1.000103492008861 1.520104567312285 240.8042724625929 0.004077255002050573
0.0519 6374.662485795171 1.000103107277969 1.520012135251979 240.5938423313882 0.00399533313481784
0.05200000000000001 6374.694918900788 1.000102722946663 1.519919681575136 240.3830271448763 0.003914755810638622
0.0521 6374.727411260958 1.000102339018529 1.519827206286649 240.1718268037702 0.003835506888491674
0.0522 6374.759962890955 1.000101955497145 1.519734709391595 239.9602412087942 0.003757570321307473
0.0523 6374.792573806052 1.000101572386082 1.5196421908952 239.7482702606611 0.003680930156901963
0.0524 6374.825244021524 1.000101189688901 1.519549650802878 239.5359138600956 0.003605570538904656
0.05250000000000001 6374.857973552645 1.000100807409158 1.519457089120162 239.3231719078102 0.003531475707646153
0.0526 6374.890762414689 1.000100425550397 1.519364505852783 239.1100443045237 0.003458630001037374
0.0527 6374.92361062293 1.000100044116155 1.519271901006619 238.8965309509548 0.003387017855416901
0.0528 6374.956518192641 1.000099663109959 1.519179274587721 238.6826317478339 0.003316623806381098
0.0529 6374.989485139095 1.000099282535331 1.519086626602273 238.4683465958796 0.003247432489579142
0.05300000000000001 6375.022511477565 1.000098902395782 1.518993957056659 238.2536753958283 0.003179428641502355
0.0531 6375.055597223322 1.000098522694813 1.518901265957394 238.0386180484105 0.003112597100232863
0.0532 6375.088742391635 1.000098143435919 1.518808553311175 237.8231744543745 0.003046922806184122
0.0533 6375.121946997775 1.000097764622584 1.518715819124857 237.6073445144624 0.002982390802803445
0.0534 6375.155211057012 1.000097386258283 1.518623063405456 237.3911281294226 0.002918986237262459
0.05350000000000001 6375.188534584613 1.000097008346486 1.518530286160121 237.174525200015 0.002856694361122348
0.0536 6375.221917595845 1.00009663089065 1.518437487396202 236.9575356270055 0.002795500530972513
0.05370000000000001 6375.255360105974 1.000096253894223 1.51834466712121 236.7401593111721 0.002735390209049609
0.0538 6375.288862130261 1.000095877360646 1.518251825342785 236.5223961533042 0.002676348963831819
0.0539 6375.32242368397 1.000095501293349 1.518158962068755 236.3042460541973 0.002618362470608643
0.054 6375.356044782362 1.000095125695754 1.518066077307106 236.0857089146469 0.002561416512028002
0.0541 6375.389725440697 1.000094750571274 1.517973171065971 235.8667846354723 0.002505496978628145
0.05420000000000001 6375.42346567423 1.00009437592331 1.517880243353668 235.6474731175043 0.002450589869337351
0.0543 6375.457265498219 1.000094001755258 1.517787294178659 235.4277742615799 0.002396681291952718
0.0544 6375.491124927916 1.0000936280705 1.517694323549564 235.2076879685477 0.002343757463599375
0.0545 6375.525043978571 1.000093254872412 1.517601331475174 234.987214139286 0.002291804711169755
0.0546 6375.559022665437 1.000092882164357 1.517508317964456 234.7663526746613 0.002240809471726444
0.05470000000000001 6375.593061003758 1.000092509949693 1.517415283026502 234.5451034755755 0.002190758292903721
0.0548 6375.627159008778 1.000092138231763 1.517322226670591 234.3234664429423 0.002141637833269994
0.0549 6375.66131669574 1.000091767013905 1.517229148906159 234.1014414776931 0.002093434862675111
0.055 6375.695534079882 1.000091396299444 1.517136049742808 233.8790284807654 0.002046136262571755
0.0551 6375.729811176442 1.000091026091696 1.517042929190289 233.6562273531262 0.001999729026322564
0.05520000000000001 6375.764148000654 1.000090656393968 1.51694978725851 233.4330379957481 0.001954200259475265
0.0553 6375.798544567748 1.000090287209556 1.516856623957575 233.2094603096397 0.001909537180027283
0.05540000000000001 6375.833000892952 1.000089918541746 1.5167634392977 232.985494195815 0.001865727118656592
0.0555 6375.86751699149 1.000089550393813 1.5166702332893 232.7611395553121 0.001822757518940846
0.0556 6375.902092878586 1.000089182769025 1.516577005942928 232.5363962891923 0.001780615937551485
0.0557 6375.936728569456 1.000088815670637 1.516483757269314 232.3112642985351 0.001739290044425618
0.0558 6375.971424079317 1.000088449101893 1.516390487279336 232.0857434844373 0.00169876762291807
0.05590000000000001 6376.00617942338 1.00008808306603 1.516297195984045 231.8598337480315 0.001659036569935645
0.056 6376.04099461685 1.000087717566271 1.516203883394644 231.6335349904738 0.001620084896045231
0.0561 6376.075869674934 1.000087352605831 1.5161105495225 231.406847112932 0.001581900725561602
0.0562 6376.11080461283 1.000086988187913 1.516017194379153 231.1797700166038 0.001544472296619875
0.0563 6376.145799445736 1.000086624315711 1.515923817976269 230.9523036027161 0.001507787961224502
0.05640000000000001 6376.180854188843 1.000086260992407 1.515830420325711 230.7244477725197 0.001471836185277243
0.0565 6376.215968857341 1.000085898221172 1.515737001439485 230.496202427283 0.001436605548585355
0.0566 6376.251143466413 1.000085536005167 1.515643561329768 230.2675674683159 0.001402084744854533
0.0567 6376.286378031238 1.000085174347543 1.515550100008883 230.0385427969517 0.001368262581655785
0.0568 6376.321672566993 1.000084813251439 1.515456617489318 229.8091283145476 0.001335127980375776
0.05690000000000001 6376.357027088847 1.000084452719982 1.515363113783737 229.5793239224962 0.001302669976149613
0.057 6376.392441611967 1.000084092756291 1.51526958890495 229.3491295222137 0.001270877717771145
0.05710000000000001 6376.427916151515 1.000083733363471 1.515176042865919 229.1185450151519 0.001239740467587795
0.0572 6376.463450722647 1.000083374544618 1.515082475679787 228.8875703027919 0.001209247601374223
0.0573 6376.499045340515 1.000083016302815 1.514988887359841 228.6562052866506 0.001179388608189136
0.0574 6376.534700020266 1.000082658641134 1.514895277919543 228.4244498682682 0.00115015309021155
0.0575 6376.570414777042 1.000082301562639 1.514801647372502 228.1923039492266 0.001121530762562793
0.05760000000000001 6376.606189625977 1.000081945070377 1.514707995732494 227.9597674311489 0.001093511453108251
0.0577 6376.642024582205 1.000081589167388 1.514614323013453 227.72684021567 0.00106608510223805
0.0578 6376.67791966085 1.0000812338567 1.514520629229467 227.4935222044782 0.001039241762638852
0.0579 6376.713874877032 1.000080879141327 1.514426914394802 227.2598132992911 0.001012971599040554
0.058 6376.749890245867 1.000080525024274 1.514333178523864 227.0257134018619 0.0009872648879495768
0.05810000000000001 6376.785965782463 1.000080171508532 1.514239421631227 226.7912224139913 0.0009621120173659179
0.0582 6376.822101501923 1.000079818597083 1.514145643731625 226.5563402375032 0.0009375034864798001
0.05830000000000001 6376.858297419344 1.000079466292896 1.514051844839963 226.3210667742632 0.0009134299053565372
0.0584 6376.894553549818 1.000079114598926 1.51395802497128 226.0854019261841 0.0008898819946038674
0.0585 6376.930869908429 1.000078763518121 1.513864184140797 225.8493455952142 0.0008668505850216317
0.05860000000000001 6376.967246510256 1.000078413053412 1.513770322363874 225.6128976833373 0.0008443266172371101
0.0587 6377.003683370373 1.000078063207721 1.513676439656063 225.3760580925786 0.000822301141325482
0.05880000000000001 6377.040180503845 1.000077713983957 1.513582536033037 225.1388267250103 0.0008007653164150585
0.0589 6377.076737925731 1.000077365385017 1.513488611510654 224.9012034827464 0.0007797104102764808
0.059 6377.113355651085 1.000077017413786 1.513394666104932 224.6631882679479 0.0007591277988983265
0.0591 6377.150033694952 1.000076670073137 1.513300699832028 224.4247809828115 0.000739008966046727
0.0592 6377.186772072372 1.000076323365929 1.513206712708275 224.185981529581 0.0007193455028128707
0.05930000000000001 6377.223570798379 1.000075977295011 1.513112704750159 223.9467898105357 0.0007001291071445387
0.0594 6377.260429887997 1.000075631863219 1.513018675974339 223.7072057280201 0.0006813515833672899
0.0595 6377.297349356245 1.000075287073375 1.512924626397603 223.467229184408 0.0006630048416869576
0.0596 6377.334329218134 1.000074942928289 1.512830556036926 223.2268600821325 0.0006450808976841454
0.0597 6377.371369488667 1.000074599430761 1.512736464909433 222.9860983236621 0.0006275718717916465
0.05980000000000001 6377.408470182843 1.000074256583575 1.512642353032389 222.7449438115185 0.0006104699887623305
0.0599 6377.44563131565 1.000073914389503 1.512548220423252 222.5033964482767 0.0005937675771232151
0.06000000000000001 6377.482852902068 1.000073572851307 1.512454067099614 222.2614561365589 0.0005774570686169779
0.0601 6377.520134957073 1.000073231971731 1.512359893079242 222.0191227790286 0.0005615309976316268
0.0602 6377.557477495629 1.000072891753513 1.512265698380031 221.7763962784146 0.0005459820006204624
0.0603 6377.594880532694 1.00007255219937 1.512171483020084 221.5332765374868 0.0005308028155074948
0.0604 6377.632344083219 1.000072213312014 1.512077247017606 221.2897634590744 0.0005159862810844764
0.06050000000000001 6377.669868162147 1.000071875094138 1.511982990391002 221.0458569460478 0.0005015253363948225
0.0606 6377.707452784409 1.000071537548425 1.511888713158822 220.8015569013427 0.0004874130201094721
0.0607 6377.745097964931 1.000071200677543 1.51179441533977 220.5568632279477 0.0004736424698902293
0.0608 6377.782803718632 1.000070864484149 1.511700096952703 220.311775828893 0.000460206921743165
0.0609 6377.820570060419 1.000070528970885 1.511605758016651 220.0662946072797 0.0004470997093644908
0.06100000000000001 6377.858397005192 1.00007019414038 1.511511398550783 219.8204194662502 0.0004343142634736361
0.0611 6377.896284567843 1.000069859995249 1.511417018574454 219.5741503090179 0.0004218441111402496
0.0612 6377.934232763254 1.000069526538096 1.511322618107141 219.3274870388494 0.0004096828750996811
0.0613 6377.972241606298 1.000069193771508 1.51122819716851 219.0804295590646 0.0003978242730607063
0.0614 6378.010311111841 1.000068861698062 1.511133755778356 218.8329777730363 0.0003862621170048066
0.06150000000000001 6378.048441294737 1.000068530320319 1.511039293956651 218.5851315842086 0.0003749903124780383
0.0616 6378.086632169833 1.000068199640826 1.510944811723523 218.3368908960846 0.000364002857873564
0.06170000000000001 6378.124883751966 1.000067869662118 1.510850309099244 218.0882556122205 0.0003532938437068686
0.0618 6378.163196055964 1.000067540386716 1.510755786104258 217.8392256362375 0.0003428574518843537
0.0619 6378.201569096643 1.000067211817125 1.510661242759154 217.5898008718222 0.0003326879549642564
0.062 6378.240002888814 1.000066883955841 1.510566679084673 217.3399812227079 0.0003227797154100157
0.0621 6378.278497447276 1.000066556805339 1.510472095101738 217.0897665927054 0.0003131271848389661
0.06220000000000001 6378.317052786816 1.000066230368086 1.510377490831408 216.8391568856958 0.0003037249032631997
0.0623 6378.355668922215 1.000065904646533 1.510282866294884 216.5881520056022 0.0002945674983235576
0.0624 6378.394345868242 1.000065579643115 1.510188221513563 216.3367518564299 0.0002856496845204873
0.0625 6378.433083639655 1.000065255360256 1.510093556508961 216.0849563422438 0.0002769662624369008
0.0626 6378.471882251204 1.000064931800363 1.509998871302775 215.8327653671735 0.0002685121179568811
0.06270000000000001 6378.510741717628 1.000064608965832 1.509904165916833 215.5801788354196 0.0002602822214793422
0.06280000000000001 6378.549662053655 1.00006428685904 1.509809440373137 215.3271966512419 0.000252271627126348
0.0629 6378.588643274004 1.000063965482355 1.509714694693846 215.0738187189771 0.0002444754719479034
0.063 6378.627685393381 1.000063644838126 1.509619928901262 214.8200449430268 0.0002368889751215408
0.0631 6378.666788426483 1.000063324928689 1.509525143017842 214.5658752278636 0.0002295074371485013
0.06320000000000001 6378.705952387995 1.000063005756368 1.509430337066215 214.3113094780309 0.0002223262390459923
0.06330000000000001 6378.745177292594 1.000062687323468 1.509335511069152 214.0563475981375 0.0002153408415358206
0.0634 6378.784463154944 1.000062369632283 1.509240665049572 213.8009894928626 0.0002085467842301387
0.0635 6378.823809989698 1.00006205268509 1.509145799030564 213.5452350669629 0.0002019396848141988
0.0636 6378.863217811498 1.000061736484153 1.509050913035357 213.2890842252654 0.000195515238226063
0.06370000000000001 6378.902686634973 1.00006142103172 1.50895600708734 213.0325368726743 0.0001892692158341541
0.06380000000000001 6378.942216474744 1.000061106330024 1.508861081210062 212.7755929141648 0.0001831974646122743
0.0639 6378.981807345418 1.000060792381283 1.508766135427221 212.5182522547829 0.0001772959063127987
0.064 6379.021459261593 1.000060479187702 1.508671169762665 212.2605147996454 0.0001715605366381223
0.0641 6379.061172237854 1.000060166751469 1.508576184240397 212.0023804539522 0.0001659874244108499
0.06420000000000001 6379.100946288771 1.000059855074758 1.508481178884578 211.7438491229858 0.0001605727107424317
0.06430000000000001 6379.140781428908 1.000059544159726 1.508386153719518 211.4849207120996 0.0001553126082005221
0.0644 6379.180677672814 1.000059234008517 1.50829110876968 211.2255951267119 0.0001502033999757018
0.0645 6379.220635035025 1.000058924623259 1.50819604405968 210.965872272336 0.0001452414390483114
0.06460000000000001 6379.260653530068 1.000058616006064 1.508100959614293 210.7057520545558 0.000140423147353865
0.06470000000000001 6379.300733172455 1.000058308159031 1.508005855458436 210.4452343790439 0.0001357450149491603
0.0648 6379.340873976687 1.000058001084241 1.507910731617177 210.184319151538 0.0001312035991777218
0.0649 6379.381075957252 1.00005769478376 1.507815588115752 209.9230062778646 0.0001267955238364308
0.065 6379.421339128627 1.000057389259639 1.507720424979532 209.6612956639268 0.0001225174783420485
0.06510000000000001 6379.461663505274 1.000057084513915 1.507625242234048 209.3991872157225 0.000118366216898992
0.06520000000000001 6379.502049101644 1.000056780548608 1.50753003990498 209.1366808393144 0.0001143385576673123
0.0653 6379.542495932175 1.00005647736572 1.507434818018162 208.8737764408601 0.0001104313819327983
0.0654 6379.583004011292 1.000056174967242 1.507339576599577 208.6104739266056 0.0001066416332778777
0.0655 6379.623573353405 1.000055873355147 1.507244315675352 208.3467732028679 0.0001029663167539596
0.06560000000000001 6379.664203972916 1.000055572531391 1.50714903527178 208.0826741760469 9.940249805600332e-005
0.06570000000000001 6379.704895884208 1.000055272497915 1.507053735415296 207.8181767526488 9.594730269919211e-005
0.0658 6379.745649101656 1.000054973256646 1.506958416132475 207.5532808392389 9.259791519684334e-005
0.0659 6379.786463639616 1.000054674809493 1.506863077450061 207.287986342495 8.935157824201593e-005
0.066 6379.827339512437 1.00005437715835 1.506767719394936 207.0222931691595 8.620559189037754e-005
0.06610000000000001 6379.86827673445 1.000054080305093 1.506672341994134 206.7562012260759 8.315731274685727e-005
0.06620000000000001 6379.909275319972 1.000053784251586 1.506576945274828 206.4897104201817 8.020415315469245e-005
0.0663 6379.95033528331 1.000053488999673 1.506481529264369 206.2228206584858 7.734358038740473e-005
0.0664 6379.991456638754 1.000053194551183 1.506386093990226 205.9555318480974 7.457311584464879e-005
0.0665 6380.032639400582 1.00005290090793 1.50629063948003 205.6878438962202 7.189033425109783e-005
0.06660000000000001 6380.073883583054 1.000052608071711 1.506195165761563 205.4197567101468 6.929286285896207e-005
0.06670000000000001 6380.115189200423 1.000052316044306 1.506099672862747 205.1512701972523 6.677838065430195e-005
0.0668 6380.15655626692 1.000052024827479 1.506004160811663 204.8823842650185 6.434461756756168e-005
0.0669 6380.197984796768 1.000051734422979 1.505908629636525 204.6130988210097 6.19893536877544e-005
0.067 6380.239474804172 1.000051444832536 1.505813079365701 204.3434137728849 5.97104184812439e-005
0.06710000000000001 6380.281026303323 1.000051156057866 1.505717510027721 204.0733290283978 5.750569001481924e-005
0.06720000000000001 6380.322639308401 1.000050868100667 1.505621921651222 203.8028444953965 5.537309418332584e-005
0.0673 6380.364313833565 1.000050580962621 1.505526314265041 203.5319600818297 5.331060394204161e-005
0.0674 6380.406049892964 1.000050294645394 1.505430687898119 203.2606756957347 5.131623854375595e-005
0.0675 6380.447847500732 1.000050009150634 1.505335042579556 202.9889912452435 4.938806278096974e-005
0.06760000000000001 6380.489706670985 1.000049724479972 1.505239378338605 202.7169066386003 4.752418623327404e-005
0.06770000000000001 6380.531627417826 1.000049440635025 1.505143695204664 202.4444217841323 4.572276251963862e-005
0.0678 6380.573609755344 1.00004915761739 1.505047993207258 202.1715365902668 4.398198855640291e-005
0.0679 6380.61565369761 1.00004887542865 1.504952272376077 201.8982509655378 4.23001038206592e-005
0.06800000000000001 6380.657759258682 1.000048594070369 1.504856532740952 201.6245648185681 4.067538961909693e-005
0.06810000000000001 6380.699926452602 1.000048313544095 1.504760774331847 201.3504780580864 3.910616836278919e-005
0.0682 6380.742155293396 1.00004803385136 1.504664997178885 201.0759905929284 3.759080284769398e-005
0.0683 6380.784445795074 1.000047754993676 1.504569201312328 200.8011023320181 3.612769554100155e-005
0.0684 6380.826797971632 1.000047476972541 1.504473386762573 200.525813184392 3.471528787375394e-005
0.06850000000000001 6380.869211837048 1.000047199789435 1.504377553560167 200.2501230591869 3.335205953940822e-005
0.06860000000000001 6380.911687405288 1.00004692344582 1.504281701735807 199.9740318656285 3.203652779865166e-005
0.0687 6380.954224690297 1.000046647943142 1.504185831320321 199.6975395130725 3.076724679079991e-005
0.0688 6380.996823706008 1.000046373282831 1.504089942344671 199.4206459109513 2.954280685116284e-005
0.0689 6381.039484466335 1.000046099466296 1.503994034839994 199.1433509688217 2.836183383538816e-005
0.06900000000000001 6381.082206985178 1.000045826494932 1.503898108837533 198.8656545963407 2.722298845006033e-005
0.06910000000000001 6381.12499127642 1.000045554370116 1.503802164368694 198.5875567032721 2.612496559010048e-005
0.0692 6381.167837353927 1.000045283093206 1.503706201465014 198.3090571994738 2.506649368283308e-005
0.0693 6381.21074523155 1.000045012665546 1.503610220158171 198.0301559949284 2.404633403901946e-005
0.0694 6381.25371492312 1.000044743088459 1.503514220479993 197.7508529997184 2.306328021055759e-005
0.06950000000000001 6381.296746442456 1.000044474363253 1.503418202462438 197.4711481240332 2.211615735523847e-005
0.06960000000000001 6381.339839803359 1.000044206491217 1.503322166137604 197.1910412781684 2.120382160847611e-005
0.0697 6381.38299501961 1.000043939473624 1.503226111537733 196.9105323725379 2.032515946212698e-005
0.0698 6381.426212104975 1.000043673311727 1.503130038695197 196.6296213176619 1.947908715033758e-005
0.0699 6381.469491073205 1.000043408006765 1.503033947642527 196.3483080241671 1.866455004258822e-005
0.07000000000000001 6381.51283193803 1.000043143559955 1.502937838412372 196.0665924028043 1.788052204398509e-005
0.07010000000000001 6381.556234713166 1.000042879972501 1.502841711037522 195.784474364419 1.712600500265813e-005
0.0702 6381.599699412311 1.000042617245586 1.502745565550911 195.5019538199807 1.640002812460704e-005
0.0703 6381.643226049145 1.000042355380376 1.502649401985607 195.2190306805595 1.57016473957142e-005
0.0704 6381.686814637331 1.00004209437802 1.502553220374818 194.9357048573496 1.502994501122791e-005
0.07050000000000001 6381.730465190514 1.000041834239649 1.502457020751876 194.6519762616575 1.438402881252722e-005
0.07060000000000001 6381.774177722323 1.000041574966375 1.502360803150264 194.3678448049021 1.376303173131718e-005
0.0707 6381.817952246367 1.000041316559293 1.502264567603594 194.0833103986146 1.316611124124472e-005
0.0708 6381.861788776238 1.000041059019481 1.502168314145619 193.7983729544502 1.259244881697591e-005
0.07090000000000001 6381.90568732551 1.000040802347998 1.502072042810217 193.5130323841826 1.204124940068684e-005
0.07100000000000001 6381.949647907742 1.000040546545885 1.501975753631409 193.2272885996798 1.151174087599072e-005
0.0711 6381.993670536468 1.000040291614166 1.501879446643343 192.9411415129579 1.100317354948235e-005
0.0712 6382.037755225211 1.000040037553845 1.501783121880304 192.6545910361273 1.051481963956038e-005
0.0713 6382.081901987473 1.000039784365911 1.501686779376717 192.3676370814286 1.004597277289561e-005
0.07140000000000001 6382.126110836736 1.000039532051331 1.501590419167126 192.0802795612148 9.595947488283296e-006
0.07150000000000001 6382.170381786467 1.000039280611058 1.501494041286221 191.7925183879628 9.164078748022755e-006
0.0716 6382.214714850113 1.000039030046024 1.501397645768818 191.504353474268 8.749721456737713e-006
0.0717 6382.259110041101 1.000038780357144 1.501301232649863 191.2157847328439 8.352249987667462e-006
0.0718 6382.303567372841 1.000038531545314 1.501204801964433 190.926812076534 7.971057716421671e-006
0.07190000000000001 6382.348086858724 1.000038283611413 1.501108353747738 190.6374354182943 7.605556562127735e-006
0.07200000000000001 6382.392668512122 1.000038036556302 1.501011888035122 190.3476546712049 7.255176536034472e-006
0.0721 6382.437312346388 1.000037790380821 1.500915404862055 190.0574697484757 6.919365297499952e-006
0.0722 6382.482018374857 1.000037545085795 1.500818904264139 189.7668805634293 6.59758771732353e-006
0.0723 6382.526786610843 1.000037300672028 1.500722386277097 189.4758870295181 6.289325448465681e-006
0.07240000000000001 6382.571617067643 1.000037057140309 1.500625850936789 189.1844890603187 5.994076504056729e-006
0.07250000000000001 6382.616509758534 1.000036814491404 1.500529298279208 188.892686569532 5.711354842699527e-006
0.0726 6382.661464696771 1.000036572726065 1.50043272834046 188.6004794709887 5.440689961030933e-006
0.0727 6382.706481895594 1.000036331845023 1.500336141156787 188.307867678638 5.181626493484377e-006
0.0728 6382.751561368223 1.000036091848992 1.50023953676456 188.014851106553 4.933723819249913e-006
0.07290000000000001 6382.796703127855 1.000035852738666 1.500142915200271 187.721429668943 4.696555676377204e-006
0.07300000000000001 6382.841907187671 1.000035614514722 1.500046276500533 187.4276032801412 4.469709782955799e-006
0.0731 6382.887173560829 1.000035377177817 1.499949620702112 187.133371854611 4.252787465363591e-006
0.0732 6382.93250226047 1.000035140728592 1.499852947841864 186.838735306946 4.045403293516815e-006
0.0733 6382.977893299714 1.000034905167666 1.499756257956787 186.5436935518577 3.847184723069898e-006
0.07340000000000001 6383.023346691662 1.000034670495642 1.499659551084003 186.2482465041998 3.657771744547527e-006
0.07350000000000001 6383.068862449392 1.000034436713103 1.499562827260752 185.9523940789499 3.476816539302477e-006
0.0736 6383.114440585967 1.000034203820615 1.499466086524402 185.6561361912158 3.303983142291004e-006
0.0737 6383.160081114424 1.000033971818725 1.499369328912441 185.3594727562412 3.138947111592082e-006
0.0738 6383.205784047785 1.000033740707959 1.499272554462484 185.0624036894 2.981395204606496e-006
0.07390000000000001 6383.251549399047 1.000033510488827 1.499175763212259 184.7649289061959 2.831025060887734e-006
0.07400000000000001 6383.297377181191 1.000033281161819 1.499078955199621 184.467048322257 2.687544891536705e-006
0.0741 6383.343267407175 1.000033052727407 1.498982130462546 184.168761853365 2.550673175117392e-006
0.0742 6383.389220089935 1.000032825186044 1.498885289039131 183.8700694154198 2.420138359981234e-006
0.07430000000000001 6383.43523524239 1.000032598538164 1.498788430967585 183.5709709244633 2.295678572995022e-006
0.07440000000000001 6383.481312877436 1.000032372784182 1.49869155628625 183.2714662966672 2.177041334560433e-006
0.0745 6383.527453007949 1.000032147924497 1.498594665033567 182.9715554483336 2.06398327987955e-006
0.0746 6383.573655646782 1.000031923959485 1.498497757248114 182.671238295918 1.956269886399697e-006
0.0747 6383.61992080677 1.000031700889505 1.498400832968576 182.3705147559944 1.853675207336774e-006
0.07480000000000001 6383.666248500726 1.000031478714899 1.498303892233757 182.0693847452784 1.755981611250241e-006
0.07490000000000001 6383.712638741442 1.000031257435986 1.498206935082588 181.7678481806278 1.662979527565275e-006
0.075 6383.759091541687 1.000031037053072 1.498109961554089 181.4659049790361 1.574467197976545e-006
0.0751 6383.805606914211 1.000030817566438 1.498012971687429 181.1635550576269 1.490250433661381e-006
0.0752 6383.852184871743 1.00003059897635 1.497915965521868 180.8607983336718 1.410142378233089e-006
0.07530000000000001 6383.898825426989 1.000030381283055 1.497818943096789 180.5576347245723 1.333963276341665e-006
0.07540000000000001 6383.945528592634 1.000030164486779 1.497721904451683 180.2540641478776 1.261540247864863e-006
0.0755 6383.992294381342 1.000029948587731 1.497624849626173 179.9500865212789 1.192707067595967e-006
0.0756 6384.039122805753 1.000029733586101 1.497527778659965 179.6457017626034 1.127303950357206e-006
0.0757 6384.086013878489 1.000029519482059 1.49743069159291 179.3409097898201 1.065177341462352e-006
0.07580000000000001 6384.132967612148 1.000029306275756 1.497333588464938 179.03571052104 1.006179712445127e-006
0.07590000000000001 6384.179984019307 1.000029093967326 1.497236469316113 178.7301038745039 9.501693619731636e-007
0.076 6384.22706311252 1.000028882556882 1.497139334186601 178.4240897686185 8.970102218782575e-007
0.0761 6384.274204904321 1.000028672044519 1.497042183116681 178.1176681219143 8.465716681995719e-007
0.0762 6384.321409407219 1.000028462430313 1.496945016146741 177.8108388530758 7.987283371864547e-007
0.07630000000000001 6384.368676633704 1.000028253714321 1.496847833317272 177.5036018809232 7.533599461585964e-007
0.07640000000000001 6384.416006596242 1.000028045896581 1.496750634668874 177.1959571244246 7.103511191556268e-007
0.0765 6384.463399307278 1.000027838977112 1.496653420242266 176.887904502696 6.695912172880257e-007
0.0766 6384.510854779232 1.000027632955914 1.496556190078265 176.5794439349892 6.309741737086345e-007
0.0767 6384.558373024505 1.000027427832968 1.496458944217793 176.2705753407157 5.943983331294438e-007
0.07680000000000001 6384.605954055474 1.000027223608237 1.496361682701873 175.9612986394171 5.597662957910201e-007
0.07690000000000001 6384.653597884493 1.000027020281663 1.496264405571657 175.6516137507946 5.269847658172549e-007
0.077 6384.701304523894 1.000026817853171 1.496167112868369 175.3415205946911 4.95964403861388e-007
0.0771 6384.749073985986 1.000026616322665 1.496069804633361 175.0310190910917 4.666196839702434e-007
0.07720000000000001 6384.796906283056 1.000026415690033 1.495972480908077 174.7201091601349 4.388687545846153e-007
0.07730000000000001 6384.844801427367 1.000026215955141 1.495875141734072 174.4087907221132 4.126333035929326e-007
0.07740000000000001 6384.892759431161 1.000026017117837 1.495777787152996 174.0970636974547 3.878384273578996e-007
0.0775 6384.940780306656 1.000025819177951 1.495680417206597 173.7849280067356 3.644125036401709e-007
0.0776 6384.988864066047 1.000025622135293 1.495583031936731 173.4723835706976 3.422870683369302e-007
0.07770000000000001 6385.037010721505 1.000025425989654 1.495485631385359 173.1594303102182 3.213966959526378e-007
0.07780000000000001 6385.085220285178 1.000025230740806 1.495388215594532 172.8460681463406 3.016788837310649e-007
0.0779 6385.133492769193 1.000025036388504 1.495290784606407 172.5322970002438 2.83073939361986e-007
0.078 6385.181828185652 1.000024842932481 1.495193338463233 172.2181167932607 2.65524872192096e-007
0.0781 6385.230226546634 1.000024650372452 1.49509587720736 171.9035274468778 2.489772878585171e-007
0.07820000000000001 6385.278687864196 1.000024458708115 1.494998400881227 171.5885288827293 2.333792862693555e-007
0.07830000000000001 6385.327212150369 1.000024267939146 1.494900909527388 171.2731210226033 2.186813628562696e-007
0.0784 6385.375799417161 1.000024078065203 1.49480340318848 170.9573037884533 2.048363130232856e-007
0.0785 6385.424449676559 1.000023889085928 1.494705881907232 170.6410771023687 1.917991397152865e-007
0.0786 6385.473162940522 1.000023701000939 1.494608345726481 170.3244408866048 1.795269640367896e-007
0.07870000000000001 6385.521939220991 1.000023513809839 1.494510794689143 170.0073950635582 1.679789388428751e-007
0.07880000000000001 6385.570778529878 1.000023327512211 1.494413228838232 169.6899395557915 1.571161652341186e-007
0.0789 6385.619680879074 1.000023142107618 1.494315648216861 169.3720742860209 1.46901611880613e-007
0.079 6385.668646280446 1.000022957595605 1.494218052868222 169.0537991771042 1.373000371059089e-007
0.0791 6385.717674745835 1.000022773975698 1.494120442835623 168.7351141520711 1.282779136620331e-007
0.07920000000000001 6385.766766287062 1.000022591247404 1.494022818162432 168.4160191340988 1.198033561235934e-007
0.07930000000000001 6385.815920915919 1.000022409410212 1.493925178892116 168.096514046524 1.118460508355723e-007
0.0794 6385.865138644179 1.000022228463591 1.493827525068249 167.7765988128375 1.043771883459233e-007
0.0795 6385.914419483586 1.00002204840699 1.49372985673447 167.4562733566894 9.736939825743017e-008
0.0796 6385.963763445863 1.000021869239843 1.493632173934521 167.1355376018895 9.079668643294652e-008
0.07970000000000001 6386.013170542708 1.000021690961562 1.493534476712217 166.8143914724013 8.463437448961371e-008
0.07980000000000001 6386.062640785794 1.00002151357154 1.493436765111481 166.4928348923421 7.885904151882012e-008
0.0799 6386.112174186769 1.000021337069152 1.493339039176302 166.1708677860005 7.344846796952657e-008
0.08 6386.161770757261 1.000021161453757 1.493241298950757 165.848490077807 6.838158163232827e-008
0.08010000000000001 6386.211430508867 1.000020986724689 1.493143544479017 165.5257016923637 6.36384056656029e-008
0.08020000000000001 6386.261153453164 1.000020812881269 1.493045775805329 165.202502554432 5.920000860249848e-008
0.08030000000000001 6386.310939601704 1.000020639922798 1.492947992974016 164.8788925889274 5.504845628117127e-008
0.0804 6386.360788966012 1.000020467848554 1.492850196029506 164.5548717209248 5.116676564086028e-008
0.0805 6386.410701557588 1.000020296657803 1.492752385016278 164.2304398756763 4.753886032733561e-008
0.08060000000000001 6386.460677387912 1.000020126349787 1.492654559978924 163.9055969785703 4.414952805161019e-008
0.08070000000000001 6386.510716468435 1.000019956923732 1.492556720962081 163.5803429551723 4.098437964924977e-008
0.08080000000000001 6386.560818810584 1.000019788378844 1.492458868010498 163.2546777312017 3.802980978534308e-008
0.0809 6386.610984425763 1.000019620714312 1.492361001168977 162.9286012325432 3.527295925408169e-008
0.081 6386.661213325347 1.000019453929304 1.492263120482415 162.6021133852472 3.270167882131076e-008
0.08110000000000001 6386.711505520688 1.000019288022972 1.492165225995783 162.2752141155296 3.030449456012975e-008
0.08120000000000001 6386.761861023115 1.000019122994447 1.492067317754115 161.947903349754 2.807057463043046e-008
0.0813 6386.812279843929 1.000018958842844 1.49196939580254 161.6201810144615 2.59896974548887e-008
0.0814 6386.862761994409 1.000018795567257 1.491871460186245 161.2920470363409 2.405222124377516e-008
0.0815 6386.913307485805 1.000018633166764 1.491773510950499 160.9635013422702 2.224905482363351e-008
0.08160000000000001 6386.963916329343 1.000018471640421 1.491675548140647 160.6345438592692 2.057162972407128e-008
0.08170000000000001 6387.014588536225 1.00001831098727 1.4915775718021 160.3051745145352 1.90118734799624e-008
0.0818 6387.065324117628 1.00001815120633 1.491479581980343 159.9753932354191 1.756218410556873e-008
0.0819 6387.116123084701 1.000017992296606 1.491381578720932 159.6451999494433 1.621540569947983e-008
0.082 6387.166985448569 1.000017834257081 1.4912835620695 159.3145945843015 1.496480513944953e-008
0.08210000000000001 6387.217911220332 1.000017677086721 1.49118553207174 158.9835770678413 1.38040498275854e-008
0.08220000000000001 6387.268900411064 1.000017520784474 1.491087488773411 158.6521473280817 1.272718644751506e-008
0.0823 6387.319953031813 1.000017365349271 1.490989432220355 158.320305293213 1.172862069574687e-008
0.0824 6387.371069093602 1.000017210780021 1.490891362458464 157.9880508915852 1.080309795070681e-008
0.0825 6387.422248607429 1.000017057075619 1.490793279533709 157.6553840517139 9.945684843961462e-009
0.08260000000000001 6387.473491584263 1.000016904234938 1.490695183492124 157.3223047022919 9.151751698969771e-009
0.08270000000000001 6387.524798035051 1.000016752256836 1.490597074379796 156.9888127721719 8.416955803647808e-009
0.0828 6387.576167970712 1.000016601140151 1.490498952242898 156.6549081903717 7.737225484203834e-009
0.0829 6387.627601402141 1.000016450883703 1.490400817127647 156.3205908860808 7.108744948433221e-009
0.083 6387.679098340206 1.000016301486295 1.490302669080327 155.9858607886603 6.527939867654855e-009
0.08310000000000001 6387.730658795749 1.00001615294671 1.490204508147286 155.6507178276305 5.991463667395041e-009
0.08320000000000001 6387.782282779586 1.000016005263716 1.490106334374938 155.3151619326894 5.496184497898571e-009
0.0833 6387.833970302507 1.000015858436061 1.490008147809751 154.9791930337063 5.039172856274252e-009
0.0834 6387.885721375275 1.000015712462474 1.489909948498246 154.6428110607102 4.617689833094304e-009
0.08350000000000001 6387.937536008631 1.000015567341669 1.489811736487012 154.3060159439013 4.22917595712253e-009
0.08360000000000001 6387.989414213284 1.00001542307234 1.489713511822695 153.9688076136575 3.87124061261092e-009
0.08370000000000001 6388.04135599992 1.000015279653163 1.489615274551996 153.631186000522 3.541652004477167e-009
0.0838 6388.093361379199 1.000015137082798 1.489517024721668 153.2931510352095 3.238327647538376e-009
0.0839 6388.145430361754 1.000014995359887 1.489418762378518 152.9547026486001 2.95932535670351e-009
0.08400000000000001 6388.197562958193 1.000014854483051 1.489320487569423 152.6158407717456 2.702834715869252e-009
0.08410000000000001 6388.249759179096 1.000014714450898 1.489222200341295 152.276565335875 2.467169003996871e-009
0.08420000000000001 6388.302019035017 1.000014575262015 1.489123900741104 151.9368762723888 2.250757557608236e-009
0.0843 6388.354342536484 1.000014436914974 1.48902558881588 151.5967735128528 2.052138549694743e-009
0.0844 6388.406729693999 1.000014299408327 1.488927264612689 151.2562569890046 1.869952165747848e-009
0.08450000000000001 6388.459180518038 1.000014162740609 1.488828928178662 150.9153266327529 1.702934158307351e-009
0.08460000000000001 6388.511695019048 1.00001402691034 1.488730579560967 150.57398237619 1.549909762134161e-009
0.0847 6388.564273207451 1.00001389191602 1.488632218806828 150.2322241515675 1.409787952754742e-009
0.0848 6388.616915093643 1.000013757756132 1.488533845963515 149.8900518913205 1.281556031840923e-009
0.0849 6388.669620687992 1.000013624429143 1.488435461078343 149.5474655280494 1.164274523448082e-009
0.08500000000000001 6388.722390000842 1.0000134919335 1.488337064198679 149.2044649945264 1.057072365827432e-009
0.08510000000000001 6388.775223042509 1.000013360267636 1.488238655371923 148.8610502236946 9.591423840922748e-010
0.0852 6388.828119823281 1.000013229429965 1.488140234645526 148.5172211486751 8.697370296255417e-010
0.0853 6388.88108035342 1.000013099418884 1.488041802066988 148.1729777027716 7.881643726835617e-010
0.0854 6388.934104643162 1.000012970232774 1.487943357683846 147.828319819448 7.137843352049679e-010
0.08550000000000001 6388.987192702715 1.000012841869997 1.48784490154367 147.4832474323511 6.460051513996409e-010
0.08560000000000001 6389.040344542263 1.0000127143289 1.487746433694086 147.1377604752933 5.842800441784741e-010
0.0857 6389.093560171959 1.000012587607811 1.487647954182751 146.7918588822644 5.281041060324575e-010
0.0858 6389.146839601934 1.000012461705044 1.487549463057357 146.4455425874315 4.770113734386111e-010
0.0859 6389.200182842286 1.000012336618893 1.487450960365648 146.0988115251392 4.3057208436134e-010
0.08600000000000001 6389.253589903093 1.000012212347638 1.487352446155392 145.7516656298975 3.883901088774064e-010
0.08610000000000001 6389.307060794401 1.000012088889539 1.487253920474399 145.4041048363937 3.501005434072371e-010
0.0862 6389.360595526231 1.000011966242844 1.48715538337051 145.0561290794984 3.153674594599875e-010
0.0863 6389.414194108577 1.00001184440578 1.487056834891606 144.7077382942479 2.838817982226903e-010
0.08640000000000001 6389.467856551406 1.00001172337656 1.486958275085597 144.3589324158614 2.553594027357041e-010
0.08650000000000001 6389.521582864657 1.000011603153379 1.486859704000433 144.00971137973 2.295391797745365e-010
0.08660000000000001 6389.575373058244 1.000011483734416 1.486761121684085 143.6600751214158 2.061813839459453e-010
0.0867 6389.629227142052 1.000011365117834 1.486662528184565 143.3100235766646 1.850660168643681e-010
0.0868 6389.683145125939 1.000011247301781 1.486563923549905 142.959556681399 1.659913346231346e-010
0.08690000000000001 6389.737127019737 1.000011130284385 1.486465307828176 142.6086743717077 1.487724571148595e-010
0.08700000000000001 6389.791172833252 1.000011014063761 1.486366681067466 142.2573765838623 1.332400730794562e-010
0.08710000000000001 6389.84528257626 1.000010898638007 1.486268043315902 141.9056632543119 1.192392350648114e-010
