0 6365.5 1.000312996501124 1.565453140916256 300.15 11.76956936439705
0.0001 6365.503433066685 1.000312856301202 1.56537895075691 300.127685066548 11.75415693195587
0.0002 6365.506913362411 1.000312714249835 1.565304748941976 300.105063144328 11.73855042460541
0.0003 6365.510440894714 1.000312570349835 1.565230535223174 300.0821341843615 11.72275052667847
0.0004 6365.514015671288 1.000312424604046 1.565156309354895 300.0588981366294 11.70675793049541
0.0005 6365.517637699987 1.000312277015348 1.565082071094357 300.0353549500841 11.69057333633424
0.0006000000000000001 6365.52130698882 1.00031212758665 1.565007820201427 300.0115045726728 11.6741974524083
0.0007 6365.52502354595 1.000311976320898 1.564933556438424 299.9873469513262 11.65763099481912
0.0008 6365.528787379694 1.000311823221068 1.564859279570041 299.9628820319875 11.64087468753728
0.0009000000000000001 6365.532598498521 1.000311668290171 1.564784989363315 299.9381097596128 11.62392926236243
0.001 6365.536456911048 1.00031151153125 1.56471068558753 299.9130300781884 11.60679545889508
0.0011 6365.540362626041 1.000311352947381 1.564636368014045 299.8876429307314 11.58947402449564
0.0012 6365.544315652414 1.000311192541674 1.564562036416231 299.861948259307 11.57196571425533
0.0013 6365.548315999226 1.000311030317271 1.564487690569552 299.8359460050345 11.55427129095833
0.0014 6365.55236367568 1.000310866277347 1.564413330251221 299.8096361080815 11.53639152503558
0.0015 6365.556458691124 1.000310700425109 1.564338955240395 299.7830185076931 11.51832719454219
0.0016 6365.560601055049 1.000310532763798 1.564264565317955 299.7560931421807 11.5000790851063
0.0017 6365.564790777085 1.000310363296686 1.564190160266558 299.7288599489451 11.48164798990148
0.0018 6365.569027867003 1.00031019202708 1.564115739870317 299.7013188644827 11.46303470960674
0.0019 6365.573312334711 1.000310018958317 1.564041303915232 299.6734698243794 11.44424005235802
0.002 6365.577644190258 1.000309844093768 1.563966852188603 299.6453127633225 11.42526483371123
0.0021 6365.58202344383 1.000309667436836 1.563892384479484 299.6168476151069 11.40610987660097
0.0022 6365.586450105746 1.000309488990956 1.563817900578175 299.5880743126521 11.38677601130657
0.0023 6365.590924186463 1.000309308759595 1.563743400276542 299.5589927879913 11.36726407539792
0.0024 6365.59544569657 1.000309126746254 1.563668883367753 299.5296029722944 11.34757491370465
0.0025 6365.60001464679 1.000308942954463 1.563594349646401 299.4999047958621 11.32770937826507
0.0026 6365.60463104798 1.000308757387787 1.563519798908278 299.4698981881323 11.30766832828252
0.0027 6365.609294911125 1.000308570049819 1.563445230950659 299.4395830776856 11.28745263008139
0.0028 6365.614006247346 1.00030838094419 1.563370645571823 299.4089593922512 11.26706315706266
0.0029 6365.618765067889 1.000308190074555 1.563296042571512 299.3780270587189 11.2465007896629
0.003 6365.623571384132 1.000307997444608 1.563221421750455 299.3467860031391 11.22576641530503
0.0031 6365.628425207581 1.000307803058069 1.563146782910714 299.3152361507226 11.20486092834861
0.0032 6365.633326549869 1.000307606918693 1.563072125855353 299.2833774258528 11.18378523004757
0.0033 6365.638275422756 1.000307409030264 1.562997450388693 299.2512097520852 11.16254022849972
0.0034 6365.64327183813 1.000307209396599 1.562922756316045 299.2187330521537 11.14112683859967
0.0035 6365.648315808003 1.000307008021544 1.562848043443946 299.1859472479822 11.11954598199531
0.0036 6365.653407344511 1.000306804908978 1.562773311579779 299.152852260679 11.09779858703213
0.0037 6365.658546459916 1.000306600062811 1.562698560532117 299.1194480105481 11.07588558870877
0.0038 6365.663733166603 1.000306393486983 1.56262379011058 299.085734417078 11.05380792861676
0.0039 6365.668967477081 1.000306185185464 1.562549000125673 299.0517113989766 11.03156655491073
0.004 6365.674249403978 1.000305975162256 1.562474190388986 299.0173788741421 11.00916242223566
0.0041 6365.679578960048 1.00030576342139 1.562399360713049 298.9827367596862 10.98659649168856
0.004200000000000001 6365.684956158163 1.00030554996693 1.562324510911398 298.9477849719405 10.96386973076815
0.0043 6365.690381011316 1.000305334802968 1.56224964079847 298.9125234264442 10.9409831133125
0.0044 6365.695853532621 1.000305117933626 1.562174750189592 298.8769520379623 10.91793761945566
0.004500000000000001 6365.70137373531 1.000304899363058 1.562099838901156 298.8410707204852 10.89473423557226
0.0046 6365.706941632734 1.000304679095447 1.56202490675036 298.8048793872289 10.87137395422171
0.0047 6365.712557238362 1.000304457135004 1.561949953555327 298.7683779506468 10.84785777409977
0.0048 6365.71822056578 1.000304233485972 1.561874979135085 298.7315663224298 10.82418669998193
0.0049 6365.723931628692 1.000304008152624 1.561799983309571 298.6944444135 10.80036174266279
0.005 6365.729690440918 1.00030378113926 1.561724965899525 298.657012134035 10.77638391891389
0.0051 6365.735497016392 1.000303552450211 1.561649926726613 298.6192693934494 10.75225425141472
0.005200000000000001 6365.741351369168 1.000303322089837 1.56157486561333 298.5812161004072 10.72797376870228
0.0053 6365.747253513409 1.000303090062527 1.561499782383061 298.5428521628395 10.70354350512395
0.0054 6365.753203463396 1.000302856372699 1.561424676860001 298.5041774879263 10.67896450076745
0.005500000000000001 6365.759201233522 1.000302621024798 1.561349548869202 298.4651919821089 10.65423780140921
0.0056 6365.765246838293 1.000302384023301 1.561274398236481 298.4258955510953 10.62936445845864
0.0057 6365.771340292329 1.000302145372712 1.561199224788559 298.3862880998607 10.60434552889828
0.005800000000000001 6365.777481610362 1.000301905077563 1.56112402835297 298.3463695326472 10.57918207522363
0.0059 6365.783670807234 1.000301663142413 1.561048808758035 298.3061397529813 10.55387516539372
0.006 6365.789907897898 1.000301419571853 1.56097356583287 298.2655986636627 10.52842587276278
0.0061 6365.796192897419 1.000301174370498 1.560898299407416 298.2247461667756 10.50283527602639
0.006200000000000001 6365.802525820972 1.000300927542994 1.560823009312443 298.1835821636831 10.47710445915621
0.0063 6365.808906683839 1.000300679094012 1.560747695379471 298.1421065550447 10.45123451134912
0.0064 6365.815335501416 1.000300429028252 1.560672357440865 298.1003192407987 10.42522652695386
0.006500000000000001 6365.8218122892 1.000300177350443 1.560596995329666 298.0582201201977 10.39908160543053
0.0066 6365.828337062804 1.000299924065337 1.560521608879851 298.0158090917729 10.37280085126555
0.0067 6365.834909837944 1.000299669177717 1.560446197926088 297.973086053364 10.34638537392681
0.006800000000000001 6365.841530630443 1.000299412692392 1.560370762303793 297.930050902119 10.31983628779999
0.006900000000000001 6365.848199456234 1.000299154614196 1.560295301849291 297.8867035344823 10.29315471211737
0.007 6365.85491633135 1.000298894947994 1.560219816399572 297.8430438462245 10.26634177091183
0.0071 6365.861681271935 1.000298633698672 1.560144305792405 297.7990717324245 10.23939859294128
0.007200000000000001 6365.868494294236 1.000298370871147 1.560068769866344 297.7547870874695 10.21232631162391
0.0073 6365.875355414603 1.00029810647036 1.559993208460769 297.7101898050786 10.18512606498742
0.0074 6365.882264649494 1.000297840501279 1.559917621415726 297.6652797782912 10.15779899559636
0.007500000000000001 6365.889222015467 1.000297572968896 1.559842008572131 297.6200568994667 10.13034625048626
0.0076 6365.896227529183 1.000297303878232 1.559766369771545 297.5745210603085 10.10276898111203
0.0077 6365.903281207411 1.000297033234331 1.559690704856382 297.5286721518281 10.07506834325997
0.007800000000000001 6365.910383067016 1.000296761042263 1.559615013669816 297.4825100643988 10.04724549701337
0.007900000000000001 6365.917533124964 1.000296487307125 1.559539296055731 297.4360346877314 10.01930160667118
0.008 6365.92473139833 1.000296212034036 1.559463551858795 297.3892459108573 9.991237840670111
0.0081 6365.931977904282 1.000295935228144 1.559387780924403 297.3421436221692 9.963055371542025
0.008200000000000001 6365.939272660091 1.000295656894618 1.5593119830988 297.2947277094094 9.934755375838977
0.0083 6365.946615683128 1.000295377038653 1.559236158228939 297.2469980596701 9.90633903406512
0.008400000000000001 6365.954006990863 1.000295095665471 1.559160306162417 297.1989545593932 9.877807530608379
0.008500000000000001 6365.961446600864 1.000294812780314 1.559084426747778 297.1505970943821 9.849162053678857
0.0086 6365.968934530801 1.000294528388451 1.559008519834236 297.1019255497957 9.820403795236466
0.008700000000000001 6365.976470798436 1.000294242495174 1.558932585271657 297.0529398101666 9.791533950932239
0.008800000000000001 6365.984055421633 1.000293955105799 1.558856622910896 297.0036397593884 9.762553720031958
0.0089 6365.991688418349 1.000293666225667 1.558780632603358 296.9540252807286 9.733464305353433
0.009000000000000001 6365.999369806642 1.00029337586014 1.558704614201305 296.9040962568278 9.704266913196635
0.0091 6366.007099604662 1.000293084014605 1.558628567557713 296.8538525696998 9.674962753273507
0.0092 6366.014877830657 1.000292790694471 1.558552492526322 296.8032941007322 9.645553038637637
0.009300000000000001 6366.022704502968 1.000292495905171 1.558476388961646 296.7524207307091 9.616038985627386
0.0094 6366.030579640032 1.000292199652161 1.558400256718956 296.7012323397943 9.586421813784666
0.0095 6366.038503260379 1.000291901940919 1.558324095654267 296.6497288075365 9.556702745787343
0.009600000000000001 6366.046475382633 1.000291602776945 1.558247905624337 296.5979100128874 9.526883007388109
0.0097 6366.054496025511 1.000291302165761 1.558171686486747 296.545775834178 9.496963827329378
0.0098 6366.062565207823 1.000291000112914 1.558095438099737 296.4933261491482 9.46694643728851
0.009900000000000001 6366.070682948471 1.000290696623968 1.558019160322431 296.4405608349406 9.436832071802423
0.01 6366.078849266448 1.000290391704514 1.557942853014587 296.3874797680891 9.406621968188706
0.0101 6366.087064180838 1.000290085360161 1.557866516036764 296.334082824554 9.376317366493433
0.0102 6366.095327710817 1.000289777596539 1.557790149250382 296.2803698796928 9.34591950940176
0.0103 6366.10363987565 1.000289468419302 1.557713752517462 296.2263408082775 9.315429642175257
0.0104 6366.112000694691 1.000289157834124 1.557637325700915 296.171995484507 9.284849012585566
0.0105 6366.120410187386 1.000288845846697 1.557560868664367 296.1173337819886 9.254178870831272
0.0106 6366.128868373267 1.000288532462738 1.557484381272178 296.0623555737624 9.223420469477851
0.0107 6366.137375271956 1.000288217687981 1.557407863389546 296.007060732289 9.192575063377515
0.0108 6366.14593090316 1.000287901528182 1.557331314882395 295.9514491294616 9.161643909602129
0.0109 6366.154535286676 1.000287583989117 1.557254735617427 295.8955206366057 9.130628267369332
0.011 6366.163188442389 1.000287265076581 1.557178125462074 295.8392751244736 9.099529397965279
0.0111 6366.171890390266 1.000286944796389 1.557101484284613 295.7827124632735 9.068348564686758
0.0112 6366.180641150363 1.000286623154375 1.557024811954024 295.7258325226402 9.037087032750534
0.0113 6366.189440742822 1.000286300156394 1.556948108340109 295.6686351716588 9.005746069231899
0.0114 6366.198289187866 1.000285975808318 1.556871373313418 295.6111202788705 8.974326942993224
0.0115 6366.207186505806 1.00028565011604 1.556794606745269 295.5532877122608 8.942830924602669
0.0116 6366.216132717035 1.000285323085469 1.556717808507794 295.4951373392713 8.911259286265747
0.0117 6366.225127842031 1.000284994722534 1.55664097847385 295.4366690267997 8.879613301750252
0.0118 6366.234171901353 1.000284665033184 1.556564116517081 295.3778826412057 8.847894246314265
0.0119 6366.243264915644 1.000284334023382 1.556487222511995 295.3187780483112 8.816103396630838
0.012 6366.252406905627 1.000284001699114 1.556410296333759 295.2593551134236 8.784242030725249
0.0121 6366.261597892109 1.000283668066378 1.556333337858416 295.1996137012947 8.752311427877203
0.0122 6366.270837895975 1.000283333131195 1.556256346962721 295.1395536761619 8.720312868567421
0.0123 6366.280126938194 1.000282996899599 1.556179323524256 295.0791749017425 8.688247634398634
0.0124 6366.28946503981 1.000282659377644 1.556102267421401 295.0184772412334 8.656117008019708
0.0125 6366.298852221953 1.000282320571399 1.556025178533266 294.9574605573056 8.623922273046551
0.0126 6366.308288505825 1.000281980486951 1.555948056739819 294.8961247121391 8.591664714004791
0.0127 6366.317773912711 1.000281639130402 1.555870901921793 294.8344695673762 8.559345616228661
0.0128 6366.327308463974 1.000281296507873 1.555793713960646 294.7724949841685 8.526966265809733
0.0129 6366.336892181051 1.000280952625497 1.55571649273874 294.7102008231708 8.494527949517352
0.013 6366.346525085458 1.000280607489427 1.555639238139153 294.6475869445238 8.462031954713059
0.0131 6366.356207198789 1.000280261105829 1.555561950045779 294.5846532078716 8.429479569283414
0.0132 6366.365938542712 1.000279913480885 1.555484628343324 294.5213994723735 8.39687208156959
0.0133 6366.375719138971 1.000279564620793 1.555407272917273 294.457825596692 8.36421078028466
0.0134 6366.385549009383 1.000279214531765 1.555329883653917 294.3939314390112 8.33149695444612
0.0135 6366.395428175842 1.000278863220029 1.555252460440346 294.3297168570242 8.298731893293141
0.0136 6366.405356660317 1.000278510691826 1.555175003164459 294.2651817079394 8.265916886212917
0.0137 6366.415334484846 1.000278156953413 1.555097511714919 294.2003258484982 8.233053222672961
0.0138 6366.425361671545 1.000277802011061 1.555019985981238 294.1351491349573 8.200142192135301
0.0139 6366.435438242598 1.000277445871053 1.554942425853747 294.0696514231121 8.167185083991674
0.014 6366.445564220264 1.000277088539688 1.554864831223511 294.0038325682853 8.134183187480701
0.0141 6366.455739626871 1.000276730023278 1.554787201982454 293.9376924253382 8.10113779161701
0.0142 6366.46596448482 1.000276370328149 1.554709538023316 293.8712308486714 8.068050185114384
0.0143 6366.476238816581 1.000276009460636 1.554631839239644 293.804447692224 8.034921656308919
0.0144 6366.486562644695 1.000275647427094 1.55455410552576 293.737342809486 8.001753493088055
0.0145 6366.49693599177 1.000275284233884 1.554476336776828 293.669916053498 7.968546982813692
0.0146 6366.507358880484 1.000274919887384 1.55439853288883 293.6021672768515 7.935303412245355
0.0147 6366.517831333586 1.00027455439398 1.554320693758562 293.5340963316884 7.902024067463423
0.0148 6366.528353373891 1.000274187760076 1.554242819283577 293.4657030697075 7.868710233795248
0.0149 6366.53892502428 1.000273819992081 1.554164909362358 293.3969873421819 7.835363195747013
0.015 6366.5495463077 1.000273451096421 1.554086963894115 293.3279489999471 7.801984236921213
0.0151 6366.560217247168 1.00027308107953 1.554008982778939 293.2585878934073 7.768574639942838
0.0152 6366.570937865764 1.000272709947856 1.553930965917658 293.1889038725348 7.735135686382728
0.0153 6366.581708186634 1.000272337707854 1.553852913211999 293.1188967868824 7.701668656686688
0.0154 6366.592528232988 1.000271964365993 1.553774824564508 293.0485664855772 7.668174830096076
0.0155 6366.603398028101 1.000271589928753 1.553696699878501 292.9779128173444 7.634655484582599
0.0156 6366.614317595311 1.00027121440262 1.553618539058188 292.9069356304775 7.601111896757804
0.0157 6366.62528695802 1.000270837794094 1.553540342008549 292.8356347728681 7.567545341810802
0.0158 6366.636306139692 1.000270460109684 1.553462108635419 292.7640100919997 7.533957093429152
0.0159 6366.647375163855 1.000270081355907 1.55338383884545 292.6920614349423 7.500348423719965
0.016 6366.658494054094 1.000269701539291 1.553305532546156 292.6197886483873 7.466720603150349
0.0161 6366.66966283406 1.000269320666374 1.553227189645791 292.5471915786123 7.433074900454832
0.0162 6366.680881527462 1.000268938743698 1.553148810053574 292.4742700714991 7.399412582567788
0.0163 6366.692150158069 1.00026855577782 1.553070393679471 292.4010239725507 7.365734914555813
0.0164 6366.703468749711 1.000268171775302 1.552991940434242 292.3274531268802 7.332043159536542
0.0165 6366.714837326274 1.000267786742715 1.552913450229599 292.2535573792223 7.298338578608504
0.0166 6366.726255911705 1.000267400686637 1.552834922978011 292.1793365739158 7.264622430767607
0.0167 6366.73772453001 1.000267013613655 1.552756358592782 292.1047905549384 7.230895972847991
0.0168 6366.749243205248 1.000266625530363 1.552677756988089 292.02991916589 7.197160459438748
0.0169 6366.760811961538 1.000266236443362 1.552599118078893 291.9547222500036 7.163417142814223
0.017 6366.772430823056 1.000265846359262 1.552520441781085 291.879199650134 7.129667272853848
0.0171 6366.784099814033 1.000265455284676 1.552441728011281 291.8033512087872 7.095912096980635
0.0172 6366.795818958753 1.000265063226228 1.552362976687031 291.7271767681085 7.062152860081257
0.0173 6366.807588281557 1.000264670190546 1.552284187726664 291.6506761698828 7.028390804431648
0.0174 6366.819407806839 1.000264276184263 1.55220536104942 291.573849255546 6.994627169627991
0.0175 6366.831277559049 1.000263881214021 1.552126496575284 291.4966958661793 6.960863192510044
0.0176 6366.843197562688 1.000263485286465 1.552047594225159 291.419215842527 6.927100107095026
0.0177 6366.855167842309 1.000263088408248 1.551968653920782 291.3414090249906 6.893339144501277
0.0178 6366.86718842252 1.000262690586026 1.551889675584708 291.2632752536227 6.859581532872221
0.0179 6366.879259327976 1.000262291826461 1.551810659140364 291.1848143681567 6.825828497315854
0.018 6366.891380583388 1.000261892136219 1.551731604512034 291.1060262079772 6.792081259818849
0.0181 6366.903552213516 1.000261491521971 1.551652511624778 291.0269106121494 6.758341039186431
0.0182 6366.915774243166 1.000261089990394 1.551573380404558 290.9474674194197 6.724609050969605
0.0183 6366.928046697199 1.000260687548166 1.551494210778212 290.8676964682089 6.690886507390189
0.0184 6366.940369600521 1.000260284201971 1.551415002673354 290.787597596613 6.657174617268611
0.0185 6366.952742978089 1.000259879958495 1.551335756018495 290.7071706424202 6.623474585959426
0.0186 6366.965166854906 1.00025947482443 1.551256470742995 290.6264154431118 6.589787615279511
0.0187 6366.977641256022 1.000259068806469 1.551177146777021 290.5453318358553 6.556114903434084
0.0188 6366.990166206536 1.000258661911308 1.551097784051659 290.4639196575171 6.522457644950401
0.0189 6367.00274173159 1.000258254145646 1.551018382498781 290.3821787446676 6.488817030609177
0.019 6367.015367856373 1.000257845516184 1.550938942051154 290.3001089335761 6.455194247371418
0.0191 6367.028044606122 1.000257436029627 1.550859462642343 290.2177100602102 6.421590478308005
0.0192 6367.040772006112 1.000257025692681 1.550779944206822 290.1349819602714 6.388006902543972
0.0193 6367.05355008167 1.000256614512051 1.550700386679899 290.0519244691481 6.354444695169336
0.0194 6367.06637885816 1.000256202494449 1.550620789997703 289.9685374219624 6.320905027188717
0.0195 6367.079258360993 1.000255789646583 1.550541154097249 289.8848206535471 6.287389065442446
0.0196 6367.09218861562 1.000255375975166 1.550461478916376 289.8007739984686 6.25389797254705
0.0197 6367.105169647535 1.000254961486909 1.550381764393831 289.7163972910215 6.22043290682413
0.0198 6367.118201482274 1.000254546188525 1.550302010469165 289.6316903652167 6.186995022227312
0.0199 6367.131284145413 1.000254130086727 1.550222217082752 289.5466530548168 6.153585468288232
0.02 6367.144417662566 1.000253713188228 1.550142384175909 289.4612851933183 6.120205390041713
0.0201 6367.157602059391 1.000253295499742 1.550062511690733 289.3755866139576 6.08685592796069
0.0202 6367.170837361584 1.00025287702798 1.549982599570177 289.2895571497051 6.053538217886873
0.0203 6367.184123594876 1.000252457779656 1.549902647758108 289.2031966333065 6.020253390980026
0.0204 6367.19746078504 1.000252037761481 1.549822656199167 289.1165048972415 5.987002573635515
0.0205 6367.210848957886 1.000251616980163 1.549742624838908 289.0294817737416 5.953786887425183
0.0206 6367.22428813926 1.000251195442414 1.549662553623695 288.9421270948077 5.92060744903846
0.0207 6367.237778355047 1.00025077315494 1.549582442500766 288.8544406921923 5.887465370210268
0.0208 6367.251319631165 1.000250350124447 1.549502291418208 288.7664223974292 5.854361757667286
0.0209 6367.264911993568 1.000249926357638 1.549422100324962 288.67807204181 5.821297713054438
0.021 6367.278555468245 1.000249501861215 1.549341869170828 288.5893894564073 5.788274332879614
0.0211 6367.292250081221 1.000249076641878 1.549261597906426 288.5003744720633 5.755292708445455
0.0212 6367.305995858553 1.000248650706323 1.549181286483267 288.4110269194074 5.722353925792557
0.0213 6367.319792826331 1.000248224061243 1.5491009348537 288.3213466288502 5.689459065634276
0.0214 6367.33364101068 1.000247796713328 1.549020542970902 288.2313334305835 5.65660920329416
0.0215 6367.347540437753 1.000247368669266 1.548940110788931 288.1409871546042 5.623805408652431
0.0216 6367.361491133741 1.00024693993574 1.548859638262695 288.0503076306844 5.591048746073449
0.0217 6367.375493124861 1.000246510519431 1.548779125347913 287.9592946884012 5.558340274355175
0.0218 6367.389546437363 1.000246080427012 1.548698572001182 287.8679481571425 5.525681046670337
0.0219 6367.403651097525 1.000245649665157 1.54861797817995 287.7762678660891 5.493072110499586
0.022 6367.417807131656 1.00024521824053 1.548537343842523 287.6842536442331 5.460514507577878
0.0221 6367.432014566094 1.000244786159796 1.548456668948015 287.5919053203887 5.428009273839029
0.0222 6367.446273427206 1.000244353429611 1.548375953456419 287.4992227231636 5.395557439346201
0.0223 6367.460583741385 1.000243920056626 1.548295197328579 287.4062056809997 5.363160028247829
0.0224 6367.474945535052 1.000243486047488 1.548214400526171 287.3128540221618 5.330818058715224
0.0225 6367.489358834657 1.000243051408839 1.54813356301169 287.2191675747312 5.298532542882819
0.0226 6367.503823666674 1.000242616147313 1.548052684748522 287.1251461666178 5.266304486795071
0.0227 6367.518340057603 1.000242180269539 1.547971765700877 287.030789625578 5.234134890355749
0.0228 6367.532908033971 1.00024174378214 1.547890805833803 286.9360977791906 5.202024747263547
0.0229 6367.547527622327 1.000241306691732 1.547809805113204 286.841070454875 5.169975044962406
0.023 6367.562198849247 1.000240869004924 1.5477287635058 286.7457074798966 5.137986764588222
0.0231 6367.576921741328 1.000240430728319 1.547647680979173 286.6500086813675 5.106060880914046
0.0232 6367.591696325192 1.000239991868512 1.54756655750173 286.5539738862516 5.074198362297794
0.0233 6367.606522627483 1.000239552432091 1.547485393042748 286.4576029213594 5.042400170626538
0.0234 6367.621400674868 1.000239112425635 1.547404187572306 286.3608956133593 5.010667261267221
0.0235 6367.636330494033 1.000238671855717 1.547322941061315 286.2638517887839 4.979000583015885
0.0236 6367.651312111688 1.000238230728901 1.547241653481544 286.1664712740297 4.94740107804547
0.0237 6367.666345554561 1.000237789051743 1.547160324805599 286.0687538953515 4.915869681852288
0.0238 6367.681430849402 1.00023734683079 1.547078955006902 285.9706994788857 4.884407323212592
0.0239 6367.696568022979 1.000236904072582 1.546997544059715 285.8723078506386 4.853014924128178
0.024 6367.711757102079 1.000236460783646 1.546916091939143 285.7735788364865 4.821693399776438
0.0241 6367.726998113509 1.000236016970505 1.546834598621082 285.6745122621936 4.79044365846659
0.0242 6367.742291084092 1.000235572639669 1.546753064082315 285.5751079533997 4.759266601587054
0.0243 6367.75763604067 1.000235127797639 1.546671488300378 285.475365735644 4.728163123564587
0.0244 6367.773033010099 1.000234682450907 1.546589871253701 285.3752854343537 4.697134111812808
0.0245 6367.788482019256 1.000234236605956 1.546508212921498 285.2748668748376 4.666180446683267
0.0246 6367.803983095028 1.000233790269255 1.546426513283834 285.1741098823158 4.635303001428035
0.0247 6367.819536264322 1.000233343447267 1.546344772321567 285.0730142819078 4.604502642150021
0.0248 6367.835141554057 1.000232896146442 1.546262990016396 284.971579898633 4.573780227757617
0.0249 6367.850798991167 1.000232448373218 1.546181166350834 284.8698065574157 4.543136609921732
0.025 6367.8665086026 1.000232000134024 1.546099301308211 284.7676940830978 4.512572633035179
0.0251 6367.882270415318 1.000231551435278 1.546017394872649 284.6652423004324 4.482089134167295
0.0252 6367.898084456294 1.000231102283385 1.545935447029124 284.5624510340898 4.451686943022756
0.0253 6367.913950752513 1.000230652684739 1.545853457763401 284.4593201086635 4.421366881900991
0.0254 6367.929869330974 1.000230202645721 1.545771427062057 284.3558493486702 4.391129765654441
0.0255 6367.945840218684 1.000229752172703 1.545689354912495 284.2520385785555 4.360976401649197
0.0256 6367.961863442662 1.000229301272041 1.545607241302887 284.1478876226942 4.330907589724541
0.0257 6367.97793902994 1.00022884995008 1.545525086222258 284.0433963053901 4.300924122153131
0.0258 6367.994067007555 1.000228398213152 1.545442889660414 283.9385644508938 4.271026783606923
0.0259 6368.010247402555 1.000227946067579 1.545360651607937 283.8333918833909 4.241216351115201
0.026 6368.026480241997 1.000227493519665 1.545278372056257 283.7278784270196 4.211493594031737
0.0261 6368.042765552947 1.000227040575703 1.545196050997573 283.6220239058474 4.181859273990873
0.0262 6368.059103362475 1.000226587241974 1.545113688424888 283.515828143912 4.152314144882592
0.0263 6368.075493697661 1.000226133524744 1.54503128433201 283.4092909652039 4.122858952811536
0.0264 6368.091936585592 1.000225679430263 1.544948838713497 283.3024121936545 4.093494436058537
0.0265 6368.108432053359 1.000225224964771 1.544866351564771 283.1951916531656 4.06422132505422
0.0266 6368.12498012806 1.00022477013449 1.544783822881956 283.0876291676094 4.035040342345016
0.0267 6368.141580836798 1.000224314945631 1.54470125266204 282.979724560811 4.005952202555108
0.0268 6368.15823420668 1.000223859404387 1.544618640902734 282.8714776565774 3.976957612361906
0.0269 6368.174940264818 1.000223403516939 1.544535987602571 282.7628882786866 3.948057270460937
0.027 6368.191699038325 1.000222947289451 1.544453292760848 282.6539562508864 3.919251867534709
0.0271 6368.208510554321 1.000222490728072 1.544370556377643 282.5446813969132 3.890542086226926
0.0272 6368.225374839926 1.000222033838937 1.544287778453797 282.4350635404798 3.86192860110956
0.0273 6368.242291922263 1.000221576628165 1.544204958990936 282.3251025052927 3.833412078658414
0.0274 6368.259261828455 1.000221119101858 1.544122097991465 282.2147981150409 3.804993177221635
0.0275 6368.27628458563 1.000220661266102 1.544039195458534 282.1041501934077 3.776672546995128
0.0276 6368.293360220913 1.00022020312697 1.543956251396076 281.9931585640642 3.748450829994081
0.0277 6368.310488761431 1.000219744690515 1.54387326580877 281.8818230506994 3.720328660034225
0.0278 6368.327670234309 1.000219285962776 1.543790238702082 281.7701434769905 3.69230666269876
0.0279 6368.344904666674 1.000218826949773 1.543707170082217 281.6581196666206 3.664385455318059
0.028 6368.362192085648 1.000218367657512 1.543624059956145 281.5457514432904 3.636565646948503
0.0281 6368.379532518355 1.000217908091981 1.543540908331565 281.433038630695 3.608847838343247
0.0282 6368.396925991913 1.000217448259148 1.543457715216978 281.3199810525647 3.581232621939808
0.0283 6368.414372533443 1.000216988164969 1.543374480621559 281.2065785326239 3.55372058182799
0.0284 6368.431872170056 1.000216527815379 1.543291204555302 281.0928308946385 3.526312293740274
0.0285 6368.449424928864 1.000216067216295 1.543207887028887 280.9787379623862 3.49900832502418
0.0286 6368.467030836973 1.000215606373618 1.54312452805378 280.8642995596741 3.471809234626877
0.0287 6368.484689921486 1.00021514529323 1.543041127642144 280.7495155103392 3.444715573076229
0.0288 6368.5024022095 1.000214683980996 1.542957685806906 280.6343856382536 3.417727882463982
0.0289 6368.520167728105 1.000214222442762 1.542874202561689 280.5189097673191 3.390846696426928
0.029 6368.537986504388 1.000213760684353 1.542790677920901 280.403087721479 3.364072540132991
0.0291 6368.555858565427 1.000213298711581 1.542707111899598 280.2869193247237 3.337405930266617
0.0292 6368.573783938296 1.000212836530235 1.542623504513633 280.1704044010793 3.310847375010859
0.0293 6368.591762650057 1.000212374146086 1.542539855779527 280.0535427746307 3.284397374038365
0.0294 6368.609794727769 1.000211911564886 1.542456165714569 279.9363342694986 3.25805641849232
0.0295 6368.627880198482 1.000211448792368 1.542372434336689 279.8187787098685 3.231824990980241
0.0296 6368.646019089234 1.000210985834246 1.542288661664592 279.7008759199792 3.205703565559132
0.0297 6368.664211427056 1.000210522696214 1.542204847717645 279.5826257241346 3.179692607726727
0.0298 6368.682457238971 1.000210059383947 1.54212099251595 279.4640279466856 3.153792574406981
0.0299 6368.700756551991 1.000209595903099 1.542037096080313 279.3450824120604 3.128003913946739
0.03 6368.719109393115 1.000209132259305 1.541953158432207 279.2257889447518 3.102327066104032
0.0301 6368.737515789334 1.000208668458179 1.541869179593822 279.1061473693297 3.076762462042331
0.0302 6368.755975767626 1.000208204505317 1.541785159588037 278.9861575104291 3.051310524320474
0.0303 6368.774489354961 1.000207740406292 1.541701098438398 278.8658191927556 3.02597166688723
0.0304 6368.79305657829 1.000207276166659 1.541616996169176 278.7451322411156 3.000746295081526
0.0305 6368.811677464557 1.00020681179195 1.541532852805284 278.6240964803804 2.975634805619757
0.0306 6368.83035204069 1.000206347287679 1.541448668372323 278.5027117355161 2.950637586597564
0.0307 6368.849080333605 1.000205882659336 1.541364442896596 278.3809778315653 2.925755017482518
0.0308 6368.867862370204 1.000205417912392 1.54128017640504 278.2588945936712 2.900987469116122
0.0309 6368.886698177375 1.000204953052297 1.541195868925271 278.136461847066 2.876335303709285
0.031 6368.905587781987 1.00020448808448 1.541111520485574 278.013679417082 2.851798874843423
0.0311 6368.924531210901 1.000204023014346 1.541027131114897 277.8905471291463 2.827378527468733
0.0312 6368.943528490957 1.000203557847283 1.540942700842844 277.7670648087805 2.803074597904507
0.0313 6368.962579648981 1.000203092588654 1.540858229699638 277.6432322816244 2.778887413844828
0.0314 6368.981684711781 1.0002026272438 1.54077371771622 277.5190493734243 2.754817294358023
0.0315 6369.000843706151 1.000202161818044 1.540689164924104 277.3945159100211 2.730864549887014
0.0316 6369.020056658865 1.000201696316683 1.540604571355507 277.2696317173799 2.707029482258462
0.0317 6369.03932359668 1.000201230744994 1.54051993704324 277.1443966215778 2.683312384684625
0.0318 6369.058644546338 1.000200765108233 1.540435262020757 277.0188104488046 2.659713541768348
0.03190000000000001 6369.078019534557 1.00020029941163 1.540350546322167 276.89287302538 2.636233229512155
0.032 6369.097448588041 1.000199833660396 1.540265789982192 276.766584177736 2.612871715321434
0.0321 6369.116931733471 1.000199367859719 1.540180993036153 276.6399437324407 2.589629258016164
0.0322 6369.136468997511 1.000198902014763 1.540096155520045 276.5129515161801 2.566506107835718
0.0323 6369.156060406805 1.000198436130672 1.540011277470409 276.3856073557707 2.543502506449942
0.0324 6369.175705987973 1.000197970212565 1.539926358924459 276.2579110781766 2.520618686971993
0.0325 6369.195405767619 1.000197504265538 1.539841399919987 276.1298625104799 2.497854873963438
0.0326 6369.215159772322 1.000197038294667 1.53975640049538 276.0014614799051 2.475211283449758
0.0327 6369.234968028644 1.000196572305003 1.53967136068964 275.8727078138121 2.452688122931293
0.0328 6369.25483056312 1.000196106301572 1.539586280542376 275.7436013397208 2.430285591400139
0.0329 6369.274747402264 1.000195640289382 1.539501160093742 275.6141418852811 2.408003879348524
0.033 6369.294718572571 1.000195174273412 1.539415999384548 275.4843292782906 2.385843168786259
0.0331 6369.314744100506 1.000194708258622 1.539330798456123 275.3541633467124 2.363803633258841
0.0332 6369.334824012516 1.000194242249947 1.539245557350422 275.2236439186457 2.341885437858276
0.0333 6369.354958335023 1.000193776252298 1.539160276109933 275.0927708223493 2.320088739243769
0.0334 6369.375147094425 1.000193310270564 1.539074954777753 274.9615438862355 2.298413685658138
0.0335 6369.395390317094 1.000192844309608 1.538989593397525 274.8299629388883 2.27686041694892
0.03360000000000001 6369.41568802938 1.000192378374274 1.538904192013437 274.6980278090335 2.255429064582458
0.0337 6369.436040257603 1.000191912469376 1.538818750670271 274.5657383255801 2.234119751670397
0.0338 6369.456447028063 1.00019144659971 1.538733269413344 274.4330943175909 2.212932592985327
0.0339 6369.47690836703 1.000190980770043 1.538647748288538 274.3000956143059 2.191867694985839
0.034 6369.497424300748 1.000190514985123 1.53856218734225 274.1667420451366 2.170925155837538
0.0341 6369.517994855437 1.000190049249671 1.538476586621431 274.0330334396602 2.15010506543487
0.0342 6369.538620057288 1.000189583568384 1.538390946173575 273.8989696276311 2.129407505426503
0.0343 6369.559299932465 1.000189117945937 1.538305266046711 273.764550438981 2.108832549239554
0.0344 6369.580034507103 1.000188652386979 1.538219546289379 273.6297757038309 2.088380262106387
0.0345 6369.600823807312 1.000188186896135 1.538133786950664 273.4946452524731 2.068050701087635
0.0346 6369.621667859172 1.000187721478008 1.538047988080135 273.3591589153833 2.047843915100509
0.0347 6369.642566688734 1.000187256137173 1.53796214972791 273.2233165232323 2.027759944947771
0.03480000000000001 6369.663520322019 1.000186790878184 1.537876271944606 273.0871179068739 2.007798823343908
0.0349 6369.684528785024 1.000186325705569 1.537790354781322 272.9505628973456 1.987960574943857
0.035 6369.705592103709 1.000185860623832 1.537704398289692 272.8136513258913 1.968245216375863
0.0351 6369.726710304009 1.000185395637453 1.537618402521819 272.6763830239387 1.948652756268172
0.0352 6369.747883411828 1.000184930750888 1.537532367530316 272.538757823116 1.929183195282465
0.03530000000000001 6369.769111453038 1.000184465968566 1.537446293368268 272.4007755552528 1.909836526145421
0.0354 6369.790394453482 1.000184001294896 1.537360180089236 272.2624360523677 1.890612733679367
0.0355 6369.811732438971 1.000183536734257 1.537274027747303 272.123739146692 1.871511794838597
0.0356 6369.833125435282 1.000183072291009 1.537187836396956 271.9846846706699 1.852533678743032
0.0357 6369.854573468165 1.000182607969483 1.537101606093207 271.8452724569291 1.83367834670861
0.0358 6369.876076563334 1.000182143773989 1.53701533689149 271.7055023383276 1.814945752288853
0.0359 6369.897634746474 1.00018167970881 1.536929028847731 271.5653741479185 1.796335841305863
0.036 6369.919248043236 1.000181215778204 1.536842682018279 271.4248877189679 1.77784855188924
0.0361 6369.940916479235 1.000180751986408 1.536756296459945 271.2840428849721 1.759483814515566
0.0362 6369.962640080058 1.000180288337631 1.536669872230009 271.1428394796229 1.74124155204162
0.0363 6369.984418871255 1.000179824836057 1.536583409386143 271.0012773368425 1.723121679747566
0.0364 6370.006252878344 1.000179361485849 1.536496907986489 270.8593562907657 1.70512410537386
0.03650000000000001 6370.028142126806 1.000178898291143 1.536410368089593 270.7170761757583 1.687248729163388
0.0366 6370.050086642093 1.000178435256049 1.536323789754454 270.5744368263985 1.669495443899771
0.0367 6370.072086449618 1.000177972384655 1.536237173040456 270.4314380774835 1.651864134949346
0.0368 6370.09414157476 1.000177509681024 1.536150518007443 270.2880797640586 1.634354680306655
0.0369 6370.116252042864 1.000177047149194 1.536063824715625 270.1443617213821 1.616966950632551
0.03700000000000001 6370.138417879241 1.000176584793177 1.535977093225625 270.0002837849369 1.599700809298842
0.0371 6370.160639109161 1.000176122616963 1.535890323598494 269.8558457904541 1.582556112434888
0.0372 6370.182915757864 1.000175660624516 1.535803515895654 269.7110475738836 1.565532708968465
0.0373 6370.20524785055 1.000175198819775 1.535716670178923 269.5658889714235 1.5486304406743
0.0374 6370.227635412385 1.000174737206656 1.535629786510498 269.4203698194968 1.53184914221694
0.0375 6370.250078468498 1.00017427578905 1.535542864952969 269.2744899547628 1.51518864119842
0.0376 6370.272577043981 1.000173814570823 1.535455905569294 269.128249214123 1.498648758205815
0.0377 6370.295131163887 1.000173353555817 1.535368908422802 268.9816474347334 1.482229306860016
0.0378 6370.317740853236 1.000172892747849 1.535281873577177 268.8346844539686 1.465930093859808
0.0379 6370.340406137005 1.000172432150712 1.5351948010965 268.6873601094693 1.449750919035825
0.038 6370.363127040137 1.000171971768176 1.535107691045141 268.5396742391066 1.433691575395838
0.0381 6370.385903587538 1.000171511603985 1.53502054348789 268.391626681006 1.417751849177176
0.03820000000000001 6370.408735804071 1.000171051661859 1.534933358489839 268.2432172735411 1.401931519896454
0.0383 6370.431623714565 1.000170591945494 1.534846136116445 268.094445855328 1.38623036039989
0.0384 6370.454567343808 1.000170132458563 1.534758876433464 267.9453122652488 1.370648136917314
0.0385 6370.47756671655 1.000169673204712 1.53467157950704 267.7958163424222 1.355184609111095
0.0386 6370.500621857503 1.000169214187567 1.534584245403569 267.6459579262327 1.339839530131834
0.03870000000000001 6370.523732791337 1.000168755410726 1.534496874189829 267.4957368563072 1.324612646669048
0.0388 6370.546899542686 1.000168296877765 1.534409465932888 267.3451529725388 1.309503699007253
0.0389 6370.570122136142 1.000167838592237 1.534322020700117 267.1942061150747 1.294512421078926
0.039 6370.593400596257 1.000167380557668 1.534234538559207 267.0428961243282 1.279638540520378
0.0391 6370.616734947543 1.000166922777565 1.534147019578134 266.8912228409726 1.264881778726343
0.0392 6370.640125214472 1.000166465255405 1.534059463825182 266.7391861059294 1.250241850904552
0.0393 6370.663571421478 1.000166007994648 1.533971871368905 266.5867857603924 1.235718466134226
0.0394 6370.687073592952 1.000165550998726 1.53388424227816 266.4340216458094 1.221311327421049
0.0395 6370.710631753243 1.000165094271048 1.533796576622077 266.2808936039177 1.207020131757661
0.0396 6370.734245926663 1.000164637815001 1.533708874470051 266.1274014766913 1.192844570176266
0.0397 6370.757916137478 1.000164181633948 1.533621135891758 265.9735451063938 1.178784327811706
0.0398 6370.781642409916 1.000163725731229 1.533533360957137 265.8193243355489 1.164839083957223
0.03990000000000001 6370.805424768162 1.000163270110158 1.533445549736383 265.6647390069464 1.151008512124012
0.04 6370.829263236362 1.000162814774031 1.533357702299931 265.509788963648 1.137292280101175
0.0401 6370.853157838617 1.000162359726116 1.533269818718474 265.3544740489873 1.123690050015563
0.0402 6370.877108598988 1.00016190496966 1.533181899062968 265.1987941065758 1.110201478392555
0.0403 6370.901115541493 1.000161450507889 1.533093943404564 265.0427489802968 1.096826216216211
0.04040000000000001 6370.925178690107 1.000160996344003 1.533005951814699 264.8863385143058 1.083563908990366
0.0405 6370.949298068765 1.000160542481181 1.532917924364984 264.72956255303 1.07041419680013
0.0406 6370.973473701357 1.000160088922578 1.532829861127291 264.5724209411804 1.057376714374742
0.0407 6370.997705611732 1.000159635671329 1.532741762173688 264.4149135237402 1.044451091148831
0.0408 6371.021993823696 1.000159182730543 1.532653627576467 264.257040145976 1.03163695132601
0.0409 6371.04633836101 1.000158730103311 1.532565457408119 264.0988006534325 1.018933913941361
0.041 6371.070739247396 1.000158277792698 1.532477251741348 263.9401948919261 1.006341592924316
0.04110000000000001 6371.095196506529 1.000157825801747 1.532389010649047 263.7812227075632 0.9938595971637494
0.0412 6371.119710162042 1.000157374133483 1.532300734204289 263.6218839467277 0.9814875305710465
0.0413 6371.144280237525 1.000156922790904 1.532212422480359 263.4621784560876 0.9692249921449121
0.0414 6371.168906756524 1.000156471776989 1.53212407555071 263.3021060825944 0.9570715760360242
0.0415 6371.193589742541 1.000156021094695 1.532035693488977 263.1416666734834 0.9450268716120001
0.04160000000000001 6371.218329219036 1.000155570746956 1.531947276368947 262.980860076268 0.9330904635222295
0.0417 6371.243125209421 1.000155120736687 1.531858824264601 262.8196861387627 0.9212619317651865
0.0418 6371.267977737069 1.000154671066779 1.531770337250064 262.6581447090542 0.9095408517520697
0.0419 6371.292886825305 1.000154221740104 1.531681815399634 262.4962356355189 0.8979267943742384
0.042 6371.317852497413 1.00015377275951 1.531593258787732 262.3339587668169 0.8864193260691571
0.04210000000000001 6371.34287477663 1.000153324127827 1.531504667488951 262.1713139519037 0.875018008887863
0.0422 6371.367953686151 1.000152875847862 1.531416041578008 262.0083010400189 0.8637224005609925
0.0423 6371.393089249124 1.000152427922403 1.531327381129767 261.8449198806915 0.8525320545663105
0.0424 6371.418281488656 1.000151980354216 1.531238686219224 261.6811703237344 0.8414465201956424
0.0425 6371.443530427805 1.000151533146046 1.53114995692149 261.5170522192678 0.8304653426240176
0.0426 6371.468836089586 1.000151086300619 1.531061193311814 261.35256541769 0.8195880629754143
0.0427 6371.494198496971 1.00015063982064 1.530972395465538 261.1877097696887 0.8088142183915289
0.04280000000000001 6371.519617672886 1.000150193708795 1.530883563458126 261.0224851262414 0.7981433420999187
0.0429 6371.54509364021 1.000149747967748 1.530794697365168 260.8568913386329 0.7875749634834504
0.043 6371.570626421781 1.000149302600143 1.530705797262336 260.690928258426 0.7771086081468726
0.0431 6371.596216040389 1.000148857608607 1.530616863225383 260.5245957374731 0.766743797986244
0.0432 6371.621862518779 1.000148412995746 1.530527895330184 260.357893627934 0.7564800512588201
0.04330000000000001 6371.647565879653 1.000147968764145 1.530438893652685 260.1908217822582 0.7463168826508575
0.0434 6371.673326145665 1.000147524916372 1.53034985826891 260.023380053179 0.7362538033463298
0.0435 6371.699143339425 1.000147081454975 1.530260789254976 259.8555682937371 0.726290321097539
0.0436 6371.725017483498 1.000146638382482 1.53017168668705 259.6873863572627 0.7164259402933151
0.0437 6371.750948600404 1.000146195701403 1.53008255064139 259.5188340973758 0.706660162028421
0.0438 6371.776936712616 1.00014575341423 1.529993381194292 259.3499113679981 0.6969924841737136
0.0439 6371.802981842562 1.000145311523436 1.529904178422133 259.1806180233465 0.6874224014453436
0.044 6371.829084012627 1.000144870031473 1.529814942401324 259.0109539179219 0.6779494054737196
0.0441 6371.855243245148 1.000144428940779 1.529725673208333 258.8409189065386 0.6685729848748501
0.0442 6371.881459562415 1.000143988253771 1.529636370919676 258.6705128443003 0.6592926253187346
0.0443 6371.907732986676 1.000143547972849 1.52954703561189 258.4997355866066 0.650107809599472
0.0444 6371.93406354013 1.000143108100395 1.529457667361571 258.3285869891523 0.6410180177050625
0.04450000000000001 6371.960451244935 1.000142668638773 1.529368266245316 258.1570669079223 0.6320227268869222
0.0446 6371.986896123199 1.000142229590331 1.529278832339772 257.9851751992086 0.6231214117306465
0.0447 6372.013398196985 1.000141790957397 1.529189365721596 257.8129117195989 0.6143135442252048
0.0448 6372.039957488313 1.000141352742284 1.529099866467449 257.6402763259647 0.6055985938321679
0.0449 6372.066574019155 1.000140914947287 1.529010334654021 257.4672688754907 0.5969760275570145
0.04500000000000001 6372.093247811438 1.000140477574686 1.528920770357996 257.2938892256515 0.5884453100176895
0.0451 6372.119978887043 1.00014004062674 1.528831173656066 257.1201372342229 0.5800059035149265
0.0452 6372.146767267805 1.000139604105697 1.528741544624912 256.9460127592646 0.5716572681010662
0.0453 6372.173612975515 1.000139168013784 1.52865188334123 256.7715156591497 0.5633988616511069
0.0454 6372.200516031919 1.000138732353214 1.528562189881671 256.5966457925291 0.5552301399305547
0.0455 6372.227476458711 1.000138297126184 1.528472464322891 256.4214030183788 0.5471505566671161
0.0456 6372.254494277548 1.000137862334875 1.52838270674152 256.2457871959408 0.5391595636173199
0.04570000000000001 6372.281569510035 1.000137427981451 1.528292917214183 256.0697981847706 0.531256610637997
0.0458 6372.308702177736 1.000136994068063 1.528203095817422 255.8934358447131 0.5234411457543592
0.0459 6372.335892302166 1.000136560596844 1.528113242627798 255.7167000359208 0.5157126152298417
0.046 6372.363139904795 1.000136127569913 1.528023357721824 255.53959061883 0.5080704636339763
0.0461 6372.390445007049 1.000135694989375 1.527933441175948 255.3621074541842 0.5005141339122111
0.04620000000000001 6372.417807630306 1.000135262857318 1.527843493066591 255.1842504030109 0.4930430674535246
0.0463 6372.445227795903 1.000134831175817 1.527753513470115 255.006019326633 0.4856567041594219
0.0464 6372.472705525127 1.000134399946932 1.527663502462833 254.8274140866751 0.478354482512481
0.0465 6372.500240839221 1.000133969172709 1.527573460121002 254.648434545063 0.4711358396444663
0.0466 6372.527833759385 1.000133538855179 1.527483386520784 254.4690805640006 0.4640002114033172
0.04670000000000001 6372.555484306769 1.00013310899636 1.527393281738328 254.2893520059992 0.4569470324220923
0.0468 6372.583192502481 1.000132679598256 1.527303145849666 254.1092487338714 0.4499757361862458
0.0469 6372.610958367584 1.000132250662857 1.527212978930771 253.9287706107019 0.4430857550998094
0.047 6372.638781923094 1.000131822192139 1.527122781057546 253.7479174998888 0.4362765205540948
0.0471 6372.666663189983 1.000131394188067 1.527032552305802 253.5666892651078 0.4295474629931964
0.0472 6372.694602189178 1.00013096665259 1.526942292751252 253.3850857703422 0.4228980119817226
0.0473 6372.722598941561 1.000130539587646 1.526852002469523 253.2031068798532 0.4163275962700629
0.04740000000000001 6372.750653467968 1.000130112995161 1.52676168153617 253.0207524582091 0.4098356438615711
0.0475 6372.778765789191 1.000129686877046 1.526671330026609 252.8380223702565 0.4034215820773245
0.0476 6372.806935925978 1.000129261235201 1.526580948016185 252.654916481143 0.3970848376225195
0.0477 6372.835163899031 1.000128836071514 1.526490535580128 252.4714346563004 0.3908248366511007
0.0478 6372.863449729007 1.000128411387862 1.526400092793549 252.2875767614559 0.3846410048311318
0.04790000000000001 6372.891793436518 1.000127987186107 1.526309619731461 252.1033426626321 0.3785327674094315
0.048 6372.920195042134 1.000127563468102 1.526219116468746 251.9187322261299 0.3724995492753159
0.0481 6372.948654566379 1.000127140235689 1.526128583080153 251.7337453185395 0.3665407750250093
0.0482 6372.97717202973 1.000126717490696 1.526038019640345 251.5483818067527 0.360655869025686
0.0483 6373.005747452626 1.000126295234942 1.525947426223826 251.3626415579332 0.3548442554778472
0.04840000000000001 6373.034380855456 1.000125873470236 1.525856802904959 251.1765244395346 0.349105358478875
0.0485 6373.063072258567 1.000125452198373 1.525766149758014 250.9900303193116 0.3434386020859972
0.0486 6373.091821682262 1.00012503142114 1.525675466857085 250.8031590652971 0.3378434103777946
0.0487 6373.120629146799 1.000124611140313 1.525584754276133 250.6159105458077 0.3323192075162589
0.0488 6373.149494672394 1.000124191357658 1.525494012088979 250.4282846294376 0.3268654178081056
0.0489 6373.178418279218 1.00012377207493 1.525403240369289 250.2402811850828 0.3214814657665477
0.049 6373.207399987398 1.000123353293877 1.525312439190574 250.0519000819112 0.3161667761711125
0.04910000000000001 6373.236439817019 1.000122935016232 1.525221608626211 249.8631411893742 0.3109207741282654
0.0492 6373.265537788121 1.000122517243725 1.525130748749395 249.6740043772132 0.3057428851314226
0.0493 6373.2946939207 1.000122099978071 1.525039859633167 249.4844895154473 0.300632535120046
0.0494 6373.323908234712 1.000121683220981 1.5249489413504 249.2945964743734 0.2955891505386432
0.0495 6373.353180750065 1.000121266974152 1.524857993973805 249.1043251245782 0.2906121583956311
0.04960000000000001 6373.382511486628 1.000120851239276 1.524767017575916 248.9136753369202 0.2857009863209645
0.0497 6373.411900464225 1.000120436018035 1.524676012229111 248.7226469825358 0.2808550626239429
0.0498 6373.441347702639 1.000120021312102 1.524584978005565 248.5312399328453 0.276073816350537
0.0499 6373.470853221609 1.000119607123144 1.52449391497727 248.3394540595408 0.2713566773397959
0.05 6373.50041704083 1.000119193452817 1.524402823216085 248.1472892346041 0.2667030762805098
0.05010000000000001 6373.530039179957 1.000118780302771 1.52431170279362 247.954745330277 0.2621124447662274
0.0502 6373.559719658601 1.000118367674649 1.52422055378135 247.7618222190912 0.2575842153512199
0.0503 6373.589458496332 1.000117955570084 1.524129376250512 247.5685197738443 0.2531178216046582
0.0504 6373.619255712677 1.000117543990703 1.524038170272185 247.3748378675999 0.2487126981648681
0.0505 6373.649111327121 1.000117132938126 1.523946935917244 247.1807763737114 0.244368280793593
0.0506 6373.679025359107 1.000116722413967 1.523855673256349 246.986335165804 0.2400840064287809
0.0507 6373.708997828037 1.000116312419831 1.523764382359973 246.7915141177572 0.2358593132368807
0.05080000000000001 6373.739028753273 1.000115902957317 1.523673063298383 246.5963131037282 0.2316936406655158
0.0509 6373.76911815413 1.000115494028019 1.523581716141644 246.4007319981582 0.2275864294951988
0.051 6373.799266049887 1.000115085633522 1.523490340959602 246.2047706757365 0.2235371218896386
0.0511 6373.829472459779 1.000114677775407 1.523398937821901 246.0084290114363 0.2195451614469959
0.0512 6373.859737403001 1.000114270455248 1.523307506797971 245.8117068804967 0.2156099932494547
0.05130000000000001 6373.890060898707 1.000113863674614 1.523216047957013 245.6146041584051 0.2117310639122624
0.0514 6373.920442966011 1.000113457435068 1.523124561368027 245.4171207209269 0.2079078216331422
0.0515 6373.950883623986 1.000113051738166 1.523033047099781 245.2192564440933 0.204139716240291
0.0516 6373.981382891661 1.000112646585462 1.522941505220834 245.0210112042017 0.2004261992400377
0.0517 6374.011940788029 1.000112241978501 1.522849935799509 244.8223848778097 0.1967667238638073
0.05180000000000001 6374.042557332043 1.000111837918825 1.522758338903901 244.6233773417229 0.1931607451143979
0.0519 6374.073232542611 1.000111434407973 1.522666714601883 244.4239884730308 0.1896077198125169
0.05200000000000001 6374.103966438606 1.000111031447474 1.522575062961109 244.2242181490595 0.186107106641214
0.0521 6374.134759038861 1.000110629038857 1.522483384048973 244.024066247407 0.1826583661912063
0.0522 6374.165610362165 1.000110227183646 1.522391677932649 243.8235326459252 0.1792609610046354
0.0523 6374.196520427272 1.000109825883359 1.522299944679094 243.6226172227324 0.1759143556187271
0.0524 6374.227489252894 1.000109425139511 1.522208184354998 243.4213198561891 0.1726180166082375
0.05250000000000001 6374.258516857705 1.000109024953614 1.522116397026815 243.2196404249161 0.1693714126279725
0.0526 6374.289603260341 1.000108625327174 1.522024582760781 243.0175788077821 0.1661740144541871
0.0527 6374.320748479397 1.000108226261695 1.521932741622868 242.8151348839223 0.1630252950258272
0.0528 6374.35195253343 1.000107827758676 1.521840873678819 242.612308532708 0.1599247294843904
0.0529 6374.383215440957 1.000107429819616 1.521748978994108 242.4090996337767 0.1568717952140736
0.05300000000000001 6374.414537220461 1.000107032446007 1.521657057633984 242.2055080670024 0.1538659718803676
0.0531 6374.445917890383 1.000106635639339 1.521565109663444 242.0015337125132 0.1509067414687293
0.0532 6374.477357469126 1.0001062394011 1.521473135147227 241.7971764506796 0.1479935883221601
0.0533 6374.508855975057 1.000105843732774 1.521381134149824 241.5924361621322 0.1451259991785596
0.0534 6374.540413426503 1.000105448635845 1.52128910673548 241.3873127277324 0.1423034632067513
0.05350000000000001 6374.572029841755 1.00010505411179 1.521197052968174 241.1818060285954 0.1395254720426072
0.0536 6374.603705239066 1.000104660162088 1.521104972911637 240.9759159460731 0.1367915198239314
0.05370000000000001 6374.635439636652 1.000104266788213 1.521012866629346 240.7696423617598 0.1341011032250104
0.0538 6374.667233052692 1.000103873991638 1.520920734184523 240.5629851575039 0.1314537214905652
0.0539 6374.699085505327 1.000103481773833 1.520828575640115 240.3559442153727 0.1288488764684279
0.054 6374.730997012664 1.000103090136268 1.520736391058826 240.1485194176875 0.126286072642466
0.0541 6374.762967592768 1.00010269908041 1.520644180503108 239.9407106470061 0.1237648171641449
0.05420000000000001 6374.794997263673 1.000102308607724 1.520551944035116 239.7325177861229 0.1212846198836519
0.0543 6374.827086043375 1.000101918719674 1.520459681716789 239.5239407180628 0.1188449933802734
0.0544 6374.859233949833 1.000101529417723 1.520367393609771 239.3149793260872 0.1164454529922389
0.0545 6374.89144100097 1.000101140703332 1.520275079775451 239.1056334936937 0.1140855168458117
0.0546 6374.923707214674 1.000100752577962 1.520182740274955 238.8959031046169 0.1117647058837003
0.05470000000000001 6374.956032608798 1.00010036504307 1.520090375169158 238.6857880428155 0.1094825438926618
0.0548 6374.988417201157 1.000099978100117 1.519997984518643 238.4752881924791 0.1072385575306256
0.0549 6375.020861009534 1.000099591750559 1.519905568383751 238.2644034380277 0.1050322763530661
0.055 6375.053364051674 1.000099205995853 1.519813126824532 238.0531336641178 0.1028632328387521
0.0551 6375.08592634529 1.000098820837455 1.519720659900793 237.8414787556129 0.1007309624144535
0.05520000000000001 6375.118547908059 1.000098436276821 1.519628167672068 237.6294385976188 0.09863500347963326
0.0553 6375.151228757621 1.000098052315405 1.519535650197611 237.4170130754659 0.09657489742990523
0.05540000000000001 6375.183968911585 1.000097668954663 1.519443107536419 237.2042020746975 0.09455018867988398
0.0555 6375.216768387526 1.000097286196049 1.519350539747222 236.9910054810815 0.09256042468558184
0.0556 6375.249627202981 1.000096904041018 1.519257946888477 236.7774231806224 0.09060515596611067
0.0557 6375.282545375457 1.000096522491025 1.519165329018365 236.5634550595313 0.08868393612431959
0.0558 6375.315522922425 1.000096141547523 1.519072686194825 236.3491010042384 0.08679632186714349
0.05590000000000001 6375.348559861323 1.000095761211968 1.518980018475492 236.1343609013983 0.08494187302520607
0.056 6375.381656209558 1.000095381485814 1.51888732591776 235.9192346378726 0.08312015257153939
0.0561 6375.4148119845 1.000095002370518 1.518794608578727 235.7037221007475 0.08133072663993222
0.0562 6375.448027203489 1.000094623867534 1.518701866515257 235.4878231773222 0.07957316454234542
0.0563 6375.48130188383 1.000094245978319 1.51860909978392 235.2715377551084 0.07784703878575454
0.05640000000000001 6375.514636042795 1.000093868704329 1.518516308441027 235.0548657218309 0.07615192508831813
0.0565 6375.548029697628 1.000093492047022 1.518423492542619 234.8378069654212 0.07448740239482665
0.0566 6375.581482865534 1.000093116007856 1.518330652144463 234.6203613740298 0.07285305289161712
0.0567 6375.61499556369 1.000092740588289 1.518237787302064 234.4025288360139 0.07124846202063481
0.0568 6375.648567809241 1.000092365789782 1.518144898070675 234.1843092399316 0.06967321849288022
0.05690000000000001 6375.682199619299 1.000091991613794 1.518051984505244 233.9657024745542 0.06812691430131879
0.057 6375.715891010947 1.000091618061787 1.517959046660483 233.7467084288477 0.06660914473291543
0.05710000000000001 6375.74964200123 1.000091245135224 1.517866084590838 233.5273269920029 0.06511950838034063
0.0572 6375.783452607169 1.000090872835568 1.517773098350464 233.3075580533999 0.06365760715256529
0.0573 6375.817322845751 1.000090501164284 1.51768008799329 233.0874015026196 0.06222304628513566
0.0574 6375.85125273393 1.000090130122838 1.517587053572935 232.8668572294558 0.06081543434978493
0.0575 6375.885242288632 1.000089759712697 1.517493995142794 232.6459251238915 0.05943438326316743
0.05760000000000001 6375.919291526752 1.000089389935329 1.517400912755985 232.4246050761107 0.05807950829518012
0.0577 6375.953400465153 1.000089020792204 1.51730780646535 232.2028969765041 0.05675042807659652
0.0578 6375.987569120671 1.000088652284793 1.517214676323484 231.9808007156402 0.0554467646058516
0.0579 6376.021797510106 1.000088284414568 1.517121522382724 231.7583161843116 0.0541681432556492
0.058 6376.056085650233 1.000087917183004 1.517028344695136 231.5354432734829 0.05291419277834394
0.05810000000000001 6376.090433557798 1.000087550591575 1.516935143312534 231.3121818743133 0.05168454531115188
0.0582 6376.124841249513 1.000087184641759 1.516841918286469 231.0885318781633 0.05047883638062566
0.05830000000000001 6376.159308742065 1.000086819335033 1.51674866966824 230.8644931765765 0.04929670490638183
0.0584 6376.193836052108 1.000086454672879 1.51665539750889 230.6400656612976 0.048137793204406
0.0585 6376.228423196269 1.000086090656777 1.516562101859198 230.4152492242546 0.04700174698955743
0.05860000000000001 6376.263070191144 1.000085727288211 1.5164687827697 230.1900437575645 0.04588821537759358
0.0587 6376.297777053303 1.000085364568665 1.516375440290671 229.9644491535277 0.0447968508865326
0.05880000000000001 6376.332543799287 1.000085002499626 1.516282074472147 229.7384653046337 0.04372730943747682
0.0589 6376.367370445607 1.000084641082582 1.516188685363897 229.5120921035554 0.0426792503547855
0.059 6376.402257008745 1.000084280319023 1.516095273015446 229.2853294431546 0.04165233636571689
0.0591 6376.437203505158 1.00008392021044 1.516001837476082 229.0581772164709 0.04064623359940604
0.0592 6376.472209951273 1.000083560758327 1.515908378794826 228.8306353167267 0.0396606115853479
0.05930000000000001 6376.507276363488 1.000083201964178 1.515814897020481 228.6027036373279 0.03869514325128052
0.0594 6376.542402758177 1.00008284382949 1.515721392201576 228.3743820718518 0.03774950492045237
0.0595 6376.577589151682 1.000082486355761 1.515627864386414 228.1456705140648 0.03682337630845387
0.0596 6376.612835560321 1.00008212954449 1.515534313623064 227.9165688579109 0.0359164405193674
0.0597 6376.648142000384 1.000081773397181 1.515440739959346 227.6870769975052 0.03502838404139669
0.05980000000000001 6376.683508488132 1.000081417915335 1.51534714344283 227.4571948271404 0.03415889674199948
0.0599 6376.718935039803 1.000081063100458 1.515253524120881 227.2269222412805 0.03330767186243545
0.06000000000000001 6376.754421671605 1.000080708954057 1.515159882040585 226.9962591345669 0.03247440601182737
0.0601 6376.78996839972 1.00008035547764 1.515066217248849 226.7652054018184 0.03165879916067248
0.0602 6376.825575240305 1.000080002672716 1.514972529792305 226.5337609380193 0.03086055463379425
0.0603 6376.861242209488 1.000079650540798 1.514878819717365 226.3019256383253 0.03007937910284484
0.0604 6376.896969323376 1.000079299083399 1.514785087070223 226.0696993980577 0.02931498257825961
0.06050000000000001 6376.932756598043 1.000078948302032 1.514691331896845 225.8370821127209 0.02856707840078838
0.0606 6376.968604049543 1.000078598198214 1.514597554242976 225.6040736779731 0.02783538323237859
0.0607 6377.004511693899 1.000078248773464 1.514503754154111 225.370673989656 0.02711961704676267
0.0608 6377.040479547115 1.0000779000293 1.514409931675563 225.1368829437528 0.02641950311934239
0.0609 6377.076507625164 1.000077551967243 1.514316086852396 224.902700436436 0.02573476801687324
0.06100000000000001 6377.112595943997 1.000077204588814 1.514222219729471 224.6681263640202 0.02506514158639477
0.0611 6377.148744519538 1.000076857895538 1.514128330351435 224.4331606230029 0.02441035694396517
0.0612 6377.184953367687 1.000076511888939 1.514034418762718 224.1978031100356 0.02377015046273492
0.0613 6377.221222504319 1.000076166570542 1.513940485007529 223.9620537219292 0.0231442617606799
0.0614 6377.257551945283 1.000075821941876 1.513846529129885 223.7259123556604 0.02253243368789312
0.06150000000000001 6377.293941706406 1.000075478004468 1.513752551173591 223.4893789083593 0.02193441231339856
0.0616 6377.330391803489 1.000075134759848 1.513658551182238 223.2524532773217 0.02134994691160289
0.06170000000000001 6377.366902252307 1.000074792209547 1.513564529199218 223.015135360003 0.02077878994828386
0.0618 6377.403473068614 1.000074450355096 1.513470485267738 222.7774250540064 0.02022069706615779
0.0619 6377.440104268139 1.000074109198027 1.513376419430774 222.5393222570946 0.01967542707010264
0.062 6377.476795866586 1.000073768739875 1.513282331731132 222.30082686719 0.01914274191195646
0.0621 6377.513547879636 1.000073428982174 1.513188222211415 222.0619387823689 0.01862240667491637
0.06220000000000001 6377.550360322945 1.000073089926458 1.513094090914031 221.8226579008609 0.01811418955757263
0.0623 6377.587233212147 1.000072751574264 1.512999937881202 221.5829841210438 0.01761786185755901
0.0624 6377.624166562854 1.000072413927128 1.512905763154957 221.3429173414487 0.01713319795486458
0.0625 6377.661160390651 1.000072076986586 1.51281156677715 221.1024574607667 0.01665997529478767
0.0626 6377.698214711102 1.000071740754178 1.51271734878944 220.8616043778364 0.01619797437050588
0.06270000000000001 6377.735329539747 1.00007140523144 1.512623109233317 220.6203579916445 0.01574697870533105
0.06280000000000001 6377.772504892106 1.000071070419911 1.512528848150069 220.3787182013133 0.0153067748346101
0.0629 6377.80974078367 1.00007073632113 1.512434565580832 220.1366849061427 0.01487715228739743
0.063 6377.847037229914 1.000070402936635 1.512340261566564 219.8942580055567 0.01445790356763758
0.0631 6377.884394246287 1.000070070267966 1.512245936148041 219.651437399133 0.0140488241351907
0.06320000000000001 6377.921811848216 1.000069738316661 1.512151589365874 219.408222986597 0.01364971238649171
0.06330000000000001 6377.959290051104 1.000069407084259 1.512057221260512 219.1646146678221 0.01326036963492702
0.0634 6377.996828870335 1.000069076572299 1.511962831872239 218.9206123428234 0.01288060009091686
0.0635 6378.034428321268 1.000068746782319 1.511868421241167 218.6762159117578 0.01251021084173104
0.0636 6378.072088419242 1.000068417715858 1.511773989407256 218.4314252749304 0.01214901183104355
0.06370000000000001 6378.109809179572 1.000068089374454 1.511679536410311 218.1862403327817 0.01179681583819964
0.06380000000000001 6378.147590617554 1.000067761759643 1.511585062289969 217.9406609859005 0.01145343845726497
0.0639 6378.185432748459 1.000067434872962 1.511490567085739 217.6946871350173 0.01111869807580286
0.064 6378.223335587539 1.000067108715948 1.511396050836955 217.4483186809983 0.0107924158534158
0.0641 6378.261299150022 1.000066783290135 1.511301513582821 217.201555524858 0.01047441570008131
0.06420000000000001 6378.299323451115 1.000066458597057 1.511206955362389 216.9543975677524 0.01016452425424229
0.06430000000000001 6378.337408506007 1.000066134638248 1.511112376214569 216.7068447109558 0.00986257086066389
0.0644 6378.37555432986 1.00006581141524 1.511017776178127 216.4588968559082 0.009568387548172868
0.0645 6378.41376093782 1.000065488929563 1.510923155291705 216.2105539041676 0.009281809007082606
0.06460000000000001 6378.45202834501 1.000065167182747 1.510828513593788 215.961815757434 0.009002672566516351
0.06470000000000001 6378.490356566531 1.000064846176321 1.510733851122754 215.7126823175494 0.008730818171519068
0.0648 6378.528745617463 1.000064525911809 1.510639167916839 215.4631534864915 0.00846608835998959
0.0649 6378.567195512867 1.000064206390738 1.510544464014147 215.2132291663623 0.008208328239442069
0.065 6378.605706267783 1.00006388761463 1.510449739452664 214.9629092594117 0.007957385463646853
0.06510000000000001 6378.644277897229 1.000063569585005 1.510354994270257 214.7121936680136 0.007713110209071581
0.06520000000000001 6378.682910416202 1.000063252303385 1.510260228504664 214.4610822946896 0.007475355151228514
0.0653 6378.721603839679 1.000062935771284 1.510165442193509 214.2095750420857 0.0072439754408404
0.0654 6378.760358182619 1.000062619990218 1.510070635374321 213.9576718129778 0.007018828679909618
0.0655 6378.799173459957 1.0000623049617 1.509975808084477 213.7053725102777 0.006799774897667215
0.06560000000000001 6378.83804968661 1.000061990687237 1.509880960361286 213.4526770370334 0.006586676526404758
0.06570000000000001 6378.876986877474 1.000061677168339 1.509786092241926 213.1995852964168 0.006379398377192841
0.0658 6378.915985047424 1.000061364406509 1.509691203763479 212.9460971917418 0.006177807615528325
0.0659 6378.955044211317 1.000061052403249 1.509596294962926 212.6922126264407 0.005981773736858679
0.066 6378.994164383988 1.000060741160056 1.509501365877145 212.4379315040814 0.005791168542059067
0.06610000000000001 6379.033345580252 1.000060430678428 1.509406416542914 212.1832537283621 0.005605866112816021
0.06620000000000001 6379.072587814906 1.000060120959854 1.509311446996934 211.928179203111 0.005425742786949574
0.0663 6379.111891102726 1.000059812005825 1.509216457275797 211.6727078322805 0.005250677133672221
0.0664 6379.151255458469 1.000059503817825 1.509121447416021 211.416839519953 0.005080549928804235
0.0665 6379.190680896869 1.000059196397335 1.509026417454024 211.1605741703528 0.00491524412994728
0.06660000000000001 6379.230167432645 1.000058889745835 1.508931367426138 210.9039116878047 0.004754644851586099
0.06670000000000001 6379.269715080494 1.000058583864796 1.508836297368644 210.6468519767872 0.004598639340220818
0.0668 6379.309323855094 1.000058278755688 1.508741207317709 210.3893949418911 0.00444711694941474
0.0669 6379.3489937711 1.000057974419979 1.508646097309441 210.1315404878491 0.004299969114869732
0.067 6379.388724843155 1.000057670859127 1.508550967379877 209.8732885194944 0.004157089329449948
0.06710000000000001 6379.428517085875 1.00005736807459 1.508455817564977 209.614638941814 0.0040183731182564
0.06720000000000001 6379.468370513861 1.00005706606782 1.508360647900629 209.3555916599011 0.003883718013648362
0.0673 6379.508285141695 1.000056764840265 1.508265458422662 209.096146578985 0.003753023530317525
0.0674 6379.548260983936 1.000056464393366 1.508170249166846 208.8363036044192 0.003626191140356102
0.0675 6379.588298055128 1.000056164728562 1.508075020168872 208.5760626416694 0.003503124248349078
0.06760000000000001 6379.628396369792 1.000055865847283 1.507979771464398 208.3154235963492 0.003383728166518255
0.06770000000000001 6379.668555942434 1.000055567750958 1.507884503089004 208.0543863741785 0.003267910089865332
0.0678 6379.708776787537 1.000055270441008 1.507789215078234 207.7929508810074 0.003155579071387967
0.0679 6379.749058919568 1.000054973918848 1.507693907467559 207.53111702281 0.003046645997329705
0.06800000000000001 6379.789402352971 1.000054678185889 1.507598580292426 207.2688847056905 0.002941023562489115
0.06810000000000001 6379.829807102175 1.000054383243535 1.507503233588222 207.0062538358596 0.002838626245577121
0.0682 6379.870273181589 1.000054089093183 1.507407867390294 206.7432243196698 0.002739370284663783
0.0683 6379.910800605601 1.000053795736227 1.507312481733944 206.4797960635918 0.002643173652672779
0.0684 6379.951389388583 1.000053503174052 1.507217076654446 206.2159689742088 0.002549956032960945
0.06850000000000001 6379.992039544886 1.000053211408037 1.507121652187017 205.9517429582396 0.00245963879499084
0.06860000000000001 6380.032751088843 1.000052920439555 1.507026208366864 205.6871179225217 0.002372144970076436
0.0687 6380.073524034768 1.000052630269973 1.506930745229139 205.4220937740105 0.00228739922722911
0.0688 6380.114358396954 1.000052340900648 1.506835262808991 205.1566704197975 0.002205327849107752
0.0689 6380.155254189681 1.000052052332934 1.506739761141505 204.8908477670747 0.002125858708056123
0.06900000000000001 6380.196211427204 1.000051764568174 1.506644240261793 204.6246257231759 0.002048921242273158
0.06910000000000001 6380.237230123761 1.000051477607707 1.506548700204888 204.3580041955532 0.001974446432076885
0.0692 6380.278310293575 1.000051191452864 1.506453141005832 204.0909830917652 0.001902366776291664
0.0693 6380.319451950843 1.000050906104965 1.506357562699662 203.8235623195182 0.001832616268773193
0.0694 6380.360655109752 1.000050621565327 1.506261965321368 203.5557417866129 0.001765130375036046
0.06950000000000001 6380.401919784463 1.000050337835255 1.506166348905948 203.2875214009922 0.001699846009040679
0.06960000000000001 6380.443245989121 1.00005005491605 1.506070713488377 203.0189010707112 0.001636701510097414
0.0697 6380.484633737853 1.000049772809002 1.505975059103631 202.749880703955 0.001575636619923827
0.0698 6380.526083044766 1.000049491515392 1.505879385786674 202.4804602090211 0.001516592459839275
0.0699 6380.567593923949 1.000049211036496 1.505783693572458 202.2106394943311 0.001459511508116109
0.07000000000000001 6380.609166389473 1.000048931373578 1.505687982495939 201.9404184684248 0.001404337577480473
0.07010000000000001 6380.650800455388 1.000048652527894 1.505592252592083 201.6697970399781 0.001351015792775516
0.0702 6380.692496135728 1.000048374500694 1.505496503895826 201.3987751177673 0.001299492568775277
0.0703 6380.734253444507 1.000048097293214 1.505400736442147 201.1273526107046 0.00124971558817777
0.0704 6380.77607239572 1.000047820906686 1.505304950266 200.8555294278207 0.001201633779755958
0.07050000000000001 6380.817953003343 1.000047545342328 1.505209145402362 200.5833054782701 0.001155197296685341
0.07060000000000001 6380.859895281336 1.000047270601352 1.505113321886207 200.3106806713139 0.001110357495042799
0.0707 6380.901899243638 1.000046996684959 1.505017479752538 200.0376549163551 0.001067066912492822
0.0708 6380.943964904168 1.00004672359434 1.50492161903635 199.764228122909 0.001025279247144342
0.07090000000000001 6380.986092276829 1.000046451330676 1.504825739772678 199.490400200615 0.0009849493365991554
0.07100000000000001 6381.028281375503 1.000046179895139 1.50472984199655 199.2161710592308 0.0009460331371848914
0.0711 6381.070532214056 1.000045909288891 1.50463392574303 198.9415406086381 0.0009084877033799804
0.0712 6381.112844806333 1.000045639513083 1.504537991047191 198.666508758837 0.0008722711674297677
0.0713 6381.15521916616 1.000045370568855 1.504442037944143 198.3910754199577 0.0008373427191603872
0.07140000000000001 6381.197655307347 1.000045102457337 1.504346066469001 198.1152405022425 0.0008036625859865897
0.07150000000000001 6381.240153243683 1.000044835179648 1.50425007665692 197.839003916058 0.0007711920131235989
0.0716 6381.282712988938 1.000044568736898 1.504154068543084 197.5623655719008 0.0007398932440003201
0.0717 6381.325334556865 1.000044303130184 1.504058042162703 197.28532538038 0.0007097295008743258
0.0718 6381.368017961194 1.000044038360592 1.503961997551021 197.0078832522403 0.0006806649656579359
0.07190000000000001 6381.410763215641 1.000043774429197 1.503865934743305 196.7300390983331 0.0006526647609467794
0.07200000000000001 6381.453570333902 1.000043511337064 1.503769853774866 196.4517928296399 0.0006256949312641513
0.0721 6381.496439329651 1.000043249085245 1.50367375468106 196.1731443572661 0.0005997224245138459
0.0722 6381.539370216548 1.000042987674781 1.503577637497257 195.8940935924355 0.0005747150736464046
0.0723 6381.582363008231 1.0000427271067 1.503481502258894 195.614640446502 0.000550641578541681
0.07240000000000001 6381.625417718318 1.000042467382021 1.503385349001427 195.3347848309317 0.0005274714881048383
0.07250000000000001 6381.66853436041 1.000042208501748 1.503289177760374 195.0545266573325 0.000505175182583652
0.0726 6381.711712948089 1.000041950466873 1.503192988571282 194.773865837425 0.0004837238560992523
0.0727 6381.754953494917 1.000041693278379 1.503096781469749 194.4928022830417 0.0004630894993989761
0.0728 6381.798256014437 1.000041436937234 1.503000556491426 194.2113359061572 0.0004432448828316153
0.07290000000000001 6381.841620520174 1.000041181444392 1.502904313672006 193.9294666188702 0.0004241635395402006
0.07300000000000001 6381.885047025631 1.000040926800799 1.502808053047235 193.6471943333976 0.0004058197488777535
0.0731 6381.928535544297 1.000040673007384 1.502711774652905 193.3645189620687 0.0003881885200456609
0.0732 6381.972086089637 1.000040420065064 1.50261547852487 193.0814404173606 0.0003712455759575978
0.0733 6382.015698675098 1.000040167974746 1.502519164699037 192.7979586118626 0.0003549673373224147
0.07340000000000001 6382.05937331411 1.00003991673732 1.502422833211361 192.5140734582882 0.000339330906953904
0.07350000000000001 6382.10311002008 1.000039666353664 1.502326484097855 192.229784869481 0.0003243140543041192
0.0736 6382.146908806398 1.000039416824645 1.502230117394605 191.9450927584147 0.0003098952002205166
0.0737 6382.190769686434 1.000039168151113 1.502133733137742 191.6599970381811 0.0002960534019267594
0.0738 6382.234692673539 1.000038920333907 1.502037331363454 191.3744976219963 0.0002827683382286726
0.07390000000000001 6382.278677781044 1.00003867337385 1.501940912108009 191.0885944232122 0.0002700202949444367
0.07400000000000001 6382.322725022263 1.000038427271755 1.501844475407719 190.8022873552931 0.0002577901505569993
0.0741 6382.366834410484 1.000038182028417 1.501748021298971 190.5155763318511 0.0002460593620926511
0.0742 6382.411005958984 1.000037937644619 1.501651549818213 190.2284612666048 0.0002348099512194202
0.07430000000000001 6382.455239681014 1.000037694121131 1.501555061001958 189.9409420734086 0.0002240244905711627
0.07440000000000001 6382.499535589808 1.000037451458706 1.501458554886788 189.653018666247 0.0002136860902922155
0.0745 6382.543893698579 1.000037209658085 1.501362031509365 189.3646909592347 0.0002037783848037852
0.0746 6382.588314020522 1.000036968719993 1.501265490906401 189.0759588666105 0.0001942855197909005
0.0747 6382.63279656881 1.000036728645141 1.50116893311469 188.7868223027371 0.0001851921394095588
0.07480000000000001 6382.677341356598 1.000036489434227 1.501072358171091 188.4972811821134 0.0001764833737133121
0.07490000000000001 6382.72194839702 1.000036251087933 1.500975766112541 188.2073354193684 0.0001681448262973997
0.075 6382.766617703192 1.000036013606925 1.500879156976046 187.9169849292492 0.0001601625621599092
0.0751 6382.811349288209 1.000035776991855 1.500782530798695 187.6262296266449 0.0001525230957799737
0.0752 6382.856143165142 1.000035541243361 1.500685887617632 187.3350694265745 0.0001452133794098151
0.07530000000000001 6382.90099934705 1.000035306362065 1.500589227470102 187.0435042441753 0.0001382207915805432
0.07540000000000001 6382.945917846964 1.000035072348575 1.500492550393402 186.7515339947325 0.0001315331258213251
0.0755 6382.9908986779 1.000034839203481 1.500395856424928 186.4591585936495 0.0001251385795881348
0.0756 6383.035941852852 1.000034606927359 1.500299145602147 186.1663779564595 0.0001190257434031333
0.0757 6383.081047384794 1.000034375520772 1.500202417962587 185.873191998838 0.0001131835902021108
0.07580000000000001 6383.126215286678 1.000034144984263 1.500105673543883 185.5796006365962 0.0001076014648881405
0.07590000000000001 6383.171445571437 1.000033915318364 1.500008912383735 185.2856037856576 0.0001022690740899629
0.076 6383.216738251987 1.000033686523587 1.499912134519924 184.9912013620877 9.717647612475859e-005
0.0761 6383.262093341217 1.000033458600432 1.499815339990313 184.696393282088 9.231407116187236e-005
0.0762 6383.307510852 1.000033231549379 1.499718528832857 184.4011794620018 8.76725915866734e-005
0.07630000000000001 6383.352990797187 1.000033005370897 1.499621701085576 184.1055598182846 8.324309256200056e-005
0.07640000000000001 6383.398533189609 1.000032780065434 1.499524856786588 183.80953426754 7.901694278692675e-005
0.0765 6383.444138042076 1.000032555633426 1.499427995974087 183.5131027265073 7.498581544913404e-005
0.0766 6383.489805367377 1.000032332075291 1.499331118686355 183.2162651120501 7.114167936980796e-005
0.0767 6383.53553517828 1.00003210939143 1.499234224961755 182.9190213411797 6.747679033948318e-005
0.07680000000000001 6383.581327487533 1.000031887582228 1.499137314838738 182.6213713310375 6.398368264180554e-005
0.07690000000000001 6383.627182307862 1.000031666648056 1.499040388355837 182.3233149988949 6.06551607639683e-005
0.077 6383.673099651974 1.000031446589265 1.498943445551687 182.0248522621713 5.748429129166303e-005
0.0771 6383.719079532552 1.000031227406191 1.498846486464979 181.7259830384099 5.446439498577439e-005
0.07720000000000001 6383.765121962261 1.000031009099156 1.49874951113451 181.4267072453021 5.158903903964571e-005
0.07730000000000001 6383.811226953745 1.000030791668459 1.498652519599176 181.1270248006571 4.88520295136656e-005
0.07740000000000001 6383.857394519623 1.00003057511439 1.498555511897927 180.8269356224499 4.624740394624168e-005
0.0775 6383.903624672497 1.000030359437215 1.498458488069838 180.5264396287679 4.376942413725069e-005
0.0776 6383.949917424945 1.000030144637189 1.498361448154041 180.2255367378579 4.141256910353654e-005
0.07770000000000001 6383.996272789525 1.000029930714546 1.498264392189778 179.9242268680908 3.917152820254548e-005
0.07780000000000001 6384.042690778772 1.000029717669505 1.498167320216365 179.6225099379798 3.704119442295311e-005
0.0779 6384.089171405202 1.000029505502268 1.498070232273218 179.3203858661854 3.501665783938203e-005
0.078 6384.135714681309 1.00002929421302 1.497973128399832 179.0178545714924 3.309319922878505e-005
0.0781 6384.182320619563 1.000029083801926 1.497876008635797 178.7149159728396 3.126628384668016e-005
0.07820000000000001 6384.228989232417 1.000028874269139 1.497778873020792 178.4115699892894 2.95315553601111e-005
0.07830000000000001 6384.275720532297 1.00002866561479 1.497681721594582 178.1078165400703 2.788482993575271e-005
0.0784 6384.322514531611 1.000028457838996 1.497584554397026 177.8036555445286 2.63220904798127e-005
0.0785 6384.369371242743 1.000028250941854 1.49748737146807 177.4990869221705 2.483948102832793e-005
0.0786 6384.416290678056 1.000028044923445 1.497390172847753 177.1941105926379 2.343330128457446e-005
0.07870000000000001 6384.463272849892 1.000027839783834 1.4972929585762 176.888726475703 2.210000130163096e-005
0.07880000000000001 6384.510317770571 1.000027635523065 1.497195728693622 176.5829344912917 2.083617630767392e-005
0.0789 6384.557425452388 1.000027432141168 1.497098483240329 176.2767345594774 1.963856167129482e-005
0.079 6384.604595907621 1.000027229638153 1.497001222256718 175.9701266004639 1.850402800450973e-005
0.0791 6384.651829148522 1.000027028014014 1.496903945783265 175.6631105346086 1.742957640121631e-005
0.07920000000000001 6384.699125187321 1.000026827268727 1.496806653860557 175.3556862824165 1.641233380837195e-005
0.07930000000000001 6384.746484036226 1.000026627402249 1.496709346529257 175.0478537645289 1.544954852756817e-005
0.0794 6384.793905707425 1.00002642841452 1.496612023830114 174.7396129017346 1.453858584465772e-005
0.0795 6384.841390213083 1.000026230305464 1.496514685803975 174.4309636149586 1.367692378484923e-005
0.0796 6384.88893756534 1.000026033074985 1.496417332491773 174.1219058252913 1.28621489910398e-005
0.07970000000000001 6384.936547776315 1.00002583672297 1.496319963934534 173.8124394539531 1.209195272267063e-005
0.07980000000000001 6384.984220858104 1.000025641249288 1.496222580173364 173.5025644223241 1.136412697306403e-005
0.0799 6385.031956822782 1.00002544665379 1.49612518124947 173.1922806519145 1.067656070251427e-005
0.08 6385.079755682401 1.000025252936311 1.496027767204137 172.8815880643941 1.002723618504455e-005
0.08010000000000001 6385.127617448989 1.000025060096664 1.495930338078751 172.5704865815745 9.414225466203255e-006
0.08020000000000001 6385.175542134551 1.000024868134647 1.495832893914772 172.2589761254211 8.835686929721517e-006
0.08030000000000001 6385.22352975107 1.000024677050041 1.495735434753762 171.947056618047 8.289861970585833e-006
0.0804 6385.271580310508 1.000024486842606 1.495637960637359 171.6347279817013 7.775071772232923e-006
0.0805 6385.319693824799 1.000024297512086 1.495540471607304 171.3219901388046 7.289714185641035e-006
0.08060000000000001 6385.367870305861 1.000024109058206 1.495442967705408 171.0088430119016 6.832260707812087e-006
0.08070000000000001 6385.416109765584 1.000023921480674 1.495345448973581 170.6952865237025 6.401253557654465e-006
0.08080000000000001 6385.464412215835 1.000023734779179 1.495247915453809 170.3813205970713 5.995302846782339e-006
0.0809 6385.51277766846 1.000023548953391 1.495150367188181 170.0669451550078 5.613083843089268e-006
0.081 6385.56120613528 1.000023364002965 1.495052804218866 169.7521601206776 5.253334324947319e-006
0.08110000000000001 6385.609697628094 1.000023179927534 1.494955226588111 169.4369654173878 4.914852023717788e-006
0.08120000000000001 6385.658252158677 1.000022996726715 1.494857634338255 169.1213609685996 4.596492152522719e-006
0.0813 6385.706869738781 1.000022814400108 1.494760027511725 168.8053466979217 4.297165019073313e-006
0.0814 6385.755550380134 1.000022632947292 1.494662406151031 168.4889225291284 4.015833720484797e-006
0.0815 6385.804294094441 1.000022452367829 1.494564770298761 168.1720883861361 3.751511917927497e-006
0.08160000000000001 6385.853100893382 1.000022272661265 1.49446711999759 167.8548441930146 3.503261689125813e-006
0.08170000000000001 6385.901970788618 1.000022093827123 1.49436945529029 167.5371898739817 3.270191456618878e-006
0.0818 6385.950903791782 1.000021915864912 1.494271776219698 167.2191253534205 3.05145398980811e-006
0.0819 6385.999899914482 1.000021738774122 1.494174082828746 166.9006505558681 2.846244478771523e-006
0.082 6386.048959168306 1.000021562554223 1.494076375160444 166.5817654060091 2.653798677922392e-006
0.08210000000000001 6386.098081564817 1.000021387204669 1.493978653257885 166.262469828688 2.473391117593691e-006
0.08220000000000001 6386.147267115553 1.000021212724893 1.493880917164246 165.9427637489029 2.304333381631868e-006
0.0823 6386.19651583203 1.000021039114313 1.493783166922781 165.6226470918053 2.145972449151732e-006
0.0824 6386.245827725738 1.000020866372327 1.493685402576822 165.302119782701 1.997689098614273e-006
0.0825 6386.295202808146 1.000020694498314 1.493587624169785 164.9811817470489 1.858896372423738e-006
0.08260000000000001 6386.344641090695 1.000020523491637 1.493489831745171 164.6598329104799 1.729038100277841e-006
0.08270000000000001 6386.394142584805 1.000020353351639 1.493392025346552 164.3380731987662 1.607587479502037e-006
0.0828 6386.44370730187 1.000020184077646 1.493294205017581 164.0159025378461 1.4940457106998e-006
0.0829 6386.493335253261 1.000020015668963 1.493196370801995 163.6933208538052 1.387940686999623e-006
0.083 6386.543026450323 1.000019848124882 1.493098522743596 163.3703280729009 1.288825735282109e-006
0.08310000000000001 6386.592780904379 1.000019681444671 1.493000660886276 163.0469241215382 1.196278407739767e-006
0.08320000000000001 6386.642598626725 1.000019515627584 1.492902785273996 162.7231089262876 1.109899322214461e-006
0.0833 6386.692479628635 1.000019350672854 1.492804895950796 162.3988824138736 1.029311049736698e-006
0.0834 6386.742423921357 1.000019186579699 1.492706992960784 162.0742445111799 9.541570477601442e-007
0.08350000000000001 6386.792431516116 1.000019023347315 1.492609076348159 161.7491951452442 8.84100637593661e-007
0.08360000000000001 6386.842502424111 1.000018860974883 1.492511146157173 161.4237342432756 8.188240245817112e-007
0.08370000000000001 6386.892636656516 1.000018699461564 1.492413202432172 161.0978617326485 7.580273595966635e-007
0.0838 6386.942834224482 1.000018538806502 1.492315245217553 160.7715775408677 7.014278404505853e-007
0.0839 6386.993095139133 1.000018379008822 1.49221727455781 160.4448815956388 6.487588518878341e-007
0.08400000000000001 6387.043419411571 1.000018220067632 1.492119290497488 160.1177738247915 5.997691427823049e-007
0.08410000000000001 6387.093807052871 1.00001806198202 1.492021293081218 159.7902541563389 5.542220392899461e-007
0.08420000000000001 6387.144258074084 1.000017904751058 1.491923282353683 159.4623225184536 5.118946926510644e-007
0.0843 6387.194772486237 1.000017748373799 1.491825258359659 159.133978839462 4.72577360423155e-007
0.0844 6387.245350300329 1.000017592849278 1.491727221143969 158.8052230478619 4.360727199374566e-007
0.08450000000000001 6387.295991527338 1.000017438176512 1.491629170751521 158.4760550723048 4.021952127966048e-007
0.08460000000000001 6387.346696178213 1.000017284354499 1.491531107227283 158.1464748416137 3.707704192768406e-007
0.0847 6387.397464263882 1.000017131382222 1.491433030616291 157.8164822847651 3.416344615119381e-007
0.0848 6387.448295795246 1.000016979258642 1.491334940963641 157.4860773309014 3.146334343805838e-007
0.0849 6387.499190783179 1.000016827982706 1.491236838314507 157.155259909336 2.896228630376519e-007
0.08500000000000001 6387.550149238533 1.00001667755334 1.491138722714124 156.8240299495363 2.664671860620873e-007
0.08510000000000001 6387.601171172132 1.000016527969455 1.49104059420778 156.4923873811412 2.450392632284303e-007
0.0852 6387.652256594776 1.00001637922994 1.490942452840842 156.1603321339547 2.252199069282217e-007
0.0853 6387.703405517241 1.000016231333671 1.490844298658732 155.8278641379351 2.068974363021801e-007
0.0854 6387.754617950273 1.000016084279503 1.49074613170694 155.4949833232234 1.899672531724343e-007
0.08550000000000001 6387.805893904599 1.000015938066274 1.490647952031003 155.1616896201089 1.743314388830697e-007
0.08560000000000001 6387.857233390915 1.000015792692804 1.490549759676535 154.8279829590518 1.598983711970823e-007
0.0857 6387.908636419895 1.000015648157897 1.490451554689201 154.4938632706843 1.465823604127398e-007
0.0858 6387.960103002185 1.000015504460337 1.490353337114729 154.1593304857978 1.343033038942113e-007
0.0859 6388.011633148409 1.000015361598892 1.490255106998897 153.8243845353435 1.229863582369759e-007
0.08600000000000001 6388.06322686916 1.00001521957231 1.490156864387555 153.4890253504617 1.125616283129816e-007
0.08610000000000001 6388.11488417501 1.000015078379326 1.490058609326598 153.1532528624347 1.029638724616699e-007
0.0862 6388.166605076503 1.000014938018652 1.489960341861987 152.8170670027279 9.413222312615329e-008
0.0863 6388.218389584159 1.000014798488987 1.489862062039716 152.4804677029664 8.600992224721411e-008
0.08640000000000001 6388.270237708471 1.000014659789009 1.489763769905864 152.1434548949409 7.854407075919433e-008
0.08650000000000001 6388.322149459905 1.000014521917381 1.489665465506552 151.8060285106193 7.168539155080475e-008
0.08660000000000001 6388.374124848903 1.000014384872747 1.489567148887935 151.4681884821292 6.538800527654064e-008
0.0867 6388.426163885882 1.000014248653736 1.489468820096249 151.1299347417697 5.96092184282874e-008
0.0868 6388.478266581229 1.000014113258957 1.489370479177766 150.7912672220112 5.430932309589469e-008
0.08690000000000001 6388.53043294531 1.000013978687002 1.489272126178813 150.4521858554839 4.945140786751996e-008
0.08700000000000001 6388.582662988463 1.000013844936448 1.489173761145762 150.1126905749892 4.500117934141245e-008
0.08710000000000001 6388.634956720999 1.000013712005852 1.489075384125038 149.772781313506 4.092679373968699e-008
