0 6365.5 1.000321632100552 1.561980977456911 297.15 13.13174507617898
0.0001 6365.505643388474 1.000321383810825 1.561908861066188 297.1133179749203 13.10283811612031
0.0002 6365.511332691359 1.000321133739769 1.561836718982274 297.0763375061678 13.07375222870773
0.0003 6365.517067925193 1.000320881892199 1.561764551003296 297.0390584862438 13.04448860387872
0.0004 6365.522849106646 1.000320628272961 1.561692356928284 297.0014808067984 13.01504843820936
0.0005 6365.528676252516 1.000320372886934 1.561620136557303 296.9636043586482 12.98543293486419
0.0006000000000000001 6365.534549379729 1.000320115739027 1.561547889691241 296.9254290317643 12.95564330352253
0.0007 6365.540468505342 1.000319856834182 1.561475616131864 296.8869547152784 12.92568076031832
0.0008 6365.546433646537 1.000319596177368 1.561403315682064 296.8481812975064 12.89554652779319
0.0009000000000000001 6365.552444820626 1.000319333773588 1.561330988145521 296.8091086659305 12.86524183481705
0.001 6365.558502045045 1.000319069627877 1.561258633326757 296.7697367072054 12.83476791652661
0.0011 6365.564605337358 1.000318803745295 1.561186251031404 296.730065307176 12.80412601427267
0.0012 6365.570754715251 1.000318536130939 1.561113841065734 296.6900943508712 12.77331737554866
0.0013 6365.57695019654 1.00031826678993 1.561041403237188 296.6498237224922 12.7423432539143
0.0014 6365.583191799161 1.000317995727425 1.560968937353898 296.6092533054542 12.71120490895986
0.0015 6365.589479541177 1.000317722948606 1.560896443224989 296.5683829823505 12.6799036062108
0.0016 6365.595813440771 1.000317448458687 1.560823920660463 296.5272126349881 12.64844061708663
0.0017 6365.602193516251 1.000317172262912 1.560751369471161 296.4857421443702 12.61681721881847
0.0018 6365.608619786046 1.000316894366555 1.560678789468835 296.4439713907017 12.58503469438447
0.0019 6365.615092268707 1.000316614774916 1.560606180466189 296.4019002534072 12.55309433245371
0.002 6365.621610982905 1.000316333493328 1.560533542276696 296.3595286111193 12.52099742730736
0.0021 6365.628175947432 1.00031605052715 1.560460874714718 296.3168563416901 12.48874527877727
0.0022 6365.634787181201 1.000315765881773 1.560388177595619 296.2738833221914 12.45633919217542
0.0023 6365.641444703242 1.000315479562614 1.56031545073546 296.2306094289264 12.4237804782317
0.0024 6365.648148532705 1.00031519157512 1.560242693951302 296.1870345374181 12.39107045301369
0.0025 6365.654898688858 1.000314901924766 1.560169907061019 296.1431585224208 12.35821043786384
0.0026 6365.661695191087 1.000314610617054 1.560097089883347 296.0989812579322 12.32520175933617
0.0027 6365.668538058894 1.000314317657516 1.560024242237943 296.0545026171875 12.29204574911944
0.0028 6365.675427311899 1.000314023051712 1.55995136394529 296.0097224726591 12.2587437439643
0.0029 6365.682362969836 1.000313726805226 1.559878454826788 295.9646406960686 12.22529708561903
0.003 6365.689345052555 1.000313428923676 1.559805514704581 295.919257158393 12.1917071207604
0.0031 6365.696373580023 1.000313129412701 1.559732543401832 295.8735717298522 12.15797520091107
0.0032 6365.703448572319 1.000312828277971 1.559659540742471 295.8275842799275 12.12410268237861
0.0033 6365.710570049636 1.000312525525181 1.55958650655136 295.7812946773669 12.0900909261853
0.0034 6365.717738032281 1.000312221160054 1.559513440654132 295.7347027901736 12.05594129798464
0.0035 6365.724952540674 1.000311915188341 1.559440342877353 295.6878084856179 12.02165516799491
0.0036 6365.732213595347 1.000311607615817 1.559367213048463 295.6406116302427 11.98723391092805
0.0037 6365.739521216941 1.000311298448284 1.559294050995769 295.5931120898816 11.95267890592675
0.0038 6365.746875426212 1.000310987691571 1.559220856548404 295.5453097296235 11.91799153646251
0.0039 6365.754276244023 1.000310675351533 1.559147629536364 295.4972044138475 11.88317319028511
0.004 6365.76172369135 1.000310361434049 1.55907436979056 295.4487960062237 11.84822525934582
0.0041 6365.769217789277 1.000310045945026 1.559001077142747 295.4000843697007 11.81314913971185
0.004200000000000001 6365.776758558995 1.000309728890394 1.558927751425525 295.3510693665297 11.77794623150609
0.0043 6365.784346021807 1.000309410276112 1.558854392472413 295.3017508582524 11.74261793882097
0.0044 6365.791980199122 1.000309090108159 1.558781000117731 295.2521287057069 11.70716566964483
0.004500000000000001 6365.799661112454 1.000308768392544 1.558707574196733 295.2022027690458 11.67159083579638
0.0046 6365.807388783428 1.000308445135296 1.558634114545537 295.151972907718 11.63589485283358
0.0047 6365.815163233771 1.000308120342473 1.558560621001069 295.1014389804867 11.60007913998748
0.0048 6365.822984485319 1.000307794020153 1.558487093401195 295.0506008454234 11.56414512007904
0.0049 6365.83085256001 1.000307466174441 1.558413531584646 294.9994583599317 11.52809421945652
0.005 6365.83876747989 1.000307136811466 1.558339935390996 294.9480113807175 11.491927867895
0.0051 6365.846729267104 1.000306805937378 1.558266304660727 294.8962597638246 11.45564749854161
0.005200000000000001 6365.854737943904 1.000306473558354 1.558192639235143 294.8442033646228 11.419254547827
0.0053 6365.862793532645 1.000306139680593 1.558118938956528 294.7918420378081 11.38275045538507
0.0054 6365.870896055781 1.000305804310315 1.558045203667959 294.7391756374203 11.3461366639847
0.005500000000000001 6365.879045535872 1.000305467453767 1.557971433213392 294.6862040168311 11.30941461944066
0.0056 6365.887241995576 1.000305129117215 1.557897627437737 294.6329270287559 11.27258577054073
0.0057 6365.895485457652 1.000304789306951 1.557823786186718 294.5793445252601 11.23565156896844
0.0058 6365.903775944961 1.000304448029285 1.557749909306982 294.5254563577527 11.19861346921743
0.0059 6365.912113480461 1.000304105290553 1.557675996646027 294.4712623770041 11.16147292852182
0.006 6365.920498087209 1.000303761097112 1.55760204805232 294.4167624331407 11.12423140677008
0.0061 6365.928929788363 1.000303415455341 1.557528063375067 294.3619563756382 11.08689036641879
0.006200000000000001 6365.937408607176 1.000303068371638 1.557454042464542 294.3068440533578 11.04945127243435
0.0063 6365.945934566997 1.000302719852425 1.557379985171783 294.2514253145163 11.01191559219008
0.0064 6365.954507691277 1.000302369904144 1.557305891348798 294.1957000066976 10.97428479539148
0.006500000000000001 6365.963128003559 1.00030201853326 1.557231760848424 294.1396679768653 10.93656035400107
0.0066 6365.971795527482 1.000301665746256 1.557157593524394 294.083329071368 10.89874374215909
0.0067 6365.98051028678 1.000301311549635 1.557083389231442 294.0266831359276 10.86083643609202
0.0068 6365.989272305283 1.000300955949923 1.557009147825132 293.969730015663 10.82283991404474
0.006900000000000001 6365.998081606912 1.000300598953666 1.556934869161875 293.9124695550726 10.78475565618483
0.007 6366.006938215683 1.000300240567426 1.556860553099098 293.8549015980633 10.74658514453818
0.0071 6366.015842155705 1.00029988079779 1.55678619949505 293.7970259879156 10.70832986288121
0.007200000000000001 6366.024793451178 1.00029951965136 1.556711808208911 293.7388425673424 10.66999129669566
0.0073 6366.033792126395 1.00029915713476 1.556637379100752 293.68035117843 10.63157093304492
0.0074 6366.042838205739 1.000298793254631 1.556562912031619 293.621551662697 10.59307026052827
0.007500000000000001 6366.051931713682 1.000298428017634 1.556488406863414 293.5624438610652 10.55449076917655
0.0076 6366.061072674788 1.000298061430448 1.556413863458938 293.5030276138767 10.51583395037872
0.0077 6366.070261113709 1.000297693499772 1.556339281681968 293.4433027608887 10.47710129679287
0.007800000000000001 6366.079497055187 1.00029732423232 1.556264661397102 293.3832691412848 10.43829430226852
0.007900000000000001 6366.088780524051 1.000296953634826 1.556190002469969 293.3229265936692 10.39941446175742
0.008 6366.098111545217 1.000296581714042 1.556115304767074 293.2622749560904 10.36046327124317
0.0081 6366.107490143689 1.000296208476736 1.5560405681558 293.2013140660237 10.32144222764403
0.008200000000000001 6366.116916344556 1.000295833929694 1.555965792504491 293.1400437603883 10.28235282873854
0.0083 6366.126390172994 1.000295458079718 1.555890977682429 293.0784638755421 10.24319657307572
0.008400000000000001 6366.135911654264 1.00029508093363 1.555816123559805 293.0165742472872 10.20397495989286
0.008500000000000001 6366.145480813711 1.000294702498263 1.555741230007732 292.9543747108759 10.16468948903305
0.0086 6366.155097676766 1.000294322780472 1.555666296898286 292.8918651010225 10.12534166086642
0.008700000000000001 6366.16476226894 1.000293941787125 1.555591324104389 292.8290452518917 10.08593297619629
0.008800000000000001 6366.174474615829 1.000293559525105 1.555516311500036 292.7659149971099 10.04646493618018
0.0089 6366.184234743111 1.000293176001313 1.555441258960062 292.7024741697777 10.00693904225067
0.009000000000000001 6366.194042676545 1.000292791222664 1.555366166360227 292.6387226024575 9.967356796021377
0.0091 6366.203898441972 1.000292405196088 1.555291033577281 292.5746601271798 9.927719699204012
0.0092 6366.213802065312 1.000292017928532 1.555215860488881 292.5102865754724 9.888029253539905
0.009300000000000001 6366.223753572566 1.000291629426954 1.555140646973678 292.4456017783194 9.84828696068762
0.0094 6366.233752989815 1.00029123969833 1.555065392911175 292.3806055662025 9.808494322161652
0.0095 6366.243800343216 1.000290848749648 1.554990098181887 292.3152977690946 9.768652839241803
0.009600000000000001 6366.253895659008 1.00029045658791 1.554914762667271 292.2496782164488 9.728764012879028
0.0097 6366.264038963503 1.000290063220134 1.554839386249729 292.1837467372333 9.68882934363004
0.0098 6366.274230283093 1.000289668653348 1.554763968812577 292.1175031598958 9.64885033154874
0.009900000000000001 6366.284469644246 1.000289272894595 1.554688510240142 292.0509473123997 9.608828476120671
0.01 6366.294757073505 1.000288875950933 1.554613010417649 291.9840790222173 9.568765276172323
0.0101 6366.305092597488 1.000288477829428 1.554537469231331 291.9168981163306 9.52866222978404
0.0102 6366.315476242887 1.000288078537164 1.554461886568316 291.8494044212365 9.488520834206472
0.0103 6366.325908036468 1.000287678081232 1.554386262316741 291.7815977629592 9.448342585780507
0.0104 6366.336388005071 1.00028727646874 1.554310596365665 291.7134779670381 9.408128979843122
0.0105 6366.346916175609 1.000286873706804 1.55423488860515 291.6450448585396 9.367881510647367
0.0106 6366.357492575066 1.000286469802552 1.554159138926185 291.5762982620689 9.327601671282219
0.0107 6366.368117230499 1.000286064763126 1.554083347220713 291.5072380017585 9.287290953578575
0.0108 6366.378790169033 1.000285658595676 1.554007513381683 291.4378639012856 9.246950848032636
0.0109 6366.389511417866 1.000285251307365 1.553931637302998 291.3681757838721 9.206582843718882
0.011 6366.400281004263 1.000284842905364 1.553855718879494 291.2981734722906 9.166188428206505
0.0111 6366.411098955561 1.000284433396857 1.553779758007002 291.2278567888528 9.125769087465731
0.0112 6366.421965299164 1.000284022789036 1.55370375458235 291.1572255554328 9.085326305794606
0.0113 6366.432880062543 1.000283611089105 1.553627708503287 291.086279593473 9.044861565735527
0.0114 6366.443843273236 1.000283198304275 1.553551619668564 291.0150187239668 9.004376347978353
0.0115 6366.45485495885 1.000282784441768 1.553475487977891 290.9434427674759 8.963872131283921
0.0116 6366.465915147056 1.000282369508814 1.553399313331965 290.8715515441362 8.923350392400813
0.0117 6366.47702386559 1.000281953512653 1.553323095632483 290.7993448736642 8.882812605982133
0.0118 6366.488181142254 1.000281536460532 1.55324683478205 290.7268225753504 8.842260244495749
0.0119 6366.499387004913 1.000281118359708 1.553170530684323 290.6539844680659 8.801694778141371
0.012 6366.510641481496 1.000280699217445 1.553094183243902 290.5808303702737 8.761117674770906
0.0121 6366.521944599996 1.000280279041014 1.553017792366376 290.507360100023 8.720530399799085
0.0122 6366.533296388466 1.000279857837696 1.55294135795832 290.4335734749728 8.679934416130511
0.0123 6366.54469687502 1.000279435614776 1.552864879927291 290.3594703123684 8.639331184060751
0.0124 6366.556146087837 1.000279012379549 1.552788358181842 290.285050429059 8.598722161200392
0.0125 6366.567644055152 1.000278588139315 1.552711792631452 290.2103136415093 8.558108802395893
0.0126 6366.579190805263 1.00027816290138 1.552635183186713 290.1352597657882 8.517492559637647
0.0127 6366.590786366526 1.000277736673058 1.552558529759035 290.0598886175802 8.476874881981139
0.0128 6366.602430767355 1.000277309461669 1.552481832260974 289.9842000121915 8.436257215464986
0.0129 6366.614124036222 1.000276881274536 1.55240509060597 289.9081937645559 8.395641003029068
0.013 6366.625866201656 1.000276452118991 1.552328304708498 289.8318696892346 8.355027684429695
0.0131 6366.637657292244 1.000276022002369 1.55225147448404 289.7552276004166 8.314418696154966
0.0132 6366.649497336627 1.000275590932009 1.552174599849045 289.6782673119241 8.273815471343491
0.0133 6366.661386363503 1.000275158915258 1.552097680720935 289.6009886372307 8.233219439709444
0.0134 6366.673324401625 1.000274725959465 1.552020717018148 289.5233913894375 8.192632027446027
0.0135 6366.685311479798 1.000274292071982 1.551943708660154 289.4454753813146 8.152054657163294
0.0136 6366.697347626881 1.000273857260169 1.551866655567339 289.3672404252715 8.111488747788982
0.0137 6366.709432871789 1.000273421531386 1.551789557661183 289.2886863333746 8.070935714494334
0.0138 6366.721567243484 1.000272984892998 1.551712414864043 289.2098129173536 8.030396968613909
0.0139 6366.733750770985 1.000272547352371 1.551635227099382 289.1306199885952 7.989873917559537
0.014 6366.745983483359 1.000272108916878 1.55155799429161 289.0511073581669 7.94936796474969
0.0141 6366.758265409723 1.00027166959389 1.551480716366126 288.9712748367991 7.908880509517838
0.0142 6366.770596579245 1.000271229390784 1.551403393249349 288.8911222349092 7.868412947042214
0.0143 6366.782977021141 1.000270788314937 1.551326024868704 288.8106493625831 7.82796666825481
0.0144 6366.795406764677 1.000270346373728 1.551248611152594 288.7298560295998 7.78754305977157
0.0145 6366.807885839164 1.000269903574537 1.551171152030435 288.6487420454363 7.747143503813778
0.0146 6366.820414273963 1.000269459924747 1.55109364743267 288.5673072192388 7.706769378112124
0.0147 6366.832992098482 1.000269015431742 1.55101609729066 288.4855513598699 7.666422055849375
0.0148 6366.845619342171 1.000268570102903 1.550938501536879 288.4034742758903 7.626102905570834
0.0149 6366.858296034528 1.000268123945617 1.550860860104708 288.3210757755654 7.585813291106941
0.015 6366.871022205098 1.000267676967267 1.550783172928595 288.238355666865 7.545554571493283
0.0151 6366.883797883465 1.000267229175238 1.550705439943947 288.155313757475 7.505328100896643
0.0152 6366.896623099261 1.000266780576914 1.550627661087215 288.0719498548036 7.465135228538452
0.0153 6366.909497882157 1.000266331179678 1.550549836295793 287.9882637659811 7.424977298615671
0.0154 6366.922422261868 1.000265880990913 1.550471965508152 287.9042552978598 7.384855650222068
0.0155 6366.93539626815 1.000265430018001 1.550394048663716 287.8199242570262 7.34477161727548
0.0156 6366.948419930801 1.000264978268322 1.550316085702909 287.7352704497947 7.304726528436953
0.0157 6366.961493279658 1.000264525749254 1.550238076567202 287.6502936822257 7.264721707041444
0.0158 6366.974616344596 1.000264072468174 1.55016002119904 287.564993760125 7.224758471020422
0.0159 6366.987789155533 1.000263618432457 1.55008191954185 287.4793704890329 7.184838132819379
0.016 6367.001011742423 1.000263163649474 1.550003771540119 287.3934236742529 7.144961999335066
0.0161 6367.014284135256 1.000262708126595 1.549925577139271 287.3071531208342 7.105131371830985
0.0162 6367.027606364063 1.000262251871187 1.549847336285802 287.2205586335898 7.065347545869817
0.0163 6367.040978458908 1.000261794890612 1.549769048927144 287.1336400170961 7.025611811237941
0.0164 6367.054400449894 1.000261337192229 1.549690715011804 287.0463970756872 6.98592545186775
0.0165 6367.067872367155 1.000260878783396 1.549612334489198 286.9588296134901 6.946289745779165
0.0166 6367.081394240864 1.000260419671464 1.549533907309827 286.8709374343838 6.906705964986614
0.0167 6367.094966101224 1.000259959863781 1.549455433425169 286.782720342046 6.86717537544668
0.0168 6367.108587978472 1.000259499367689 1.549376912787701 286.6941781399299 6.827699236974037
0.0169 6367.122259902881 1.000259038190527 1.549298345350878 286.605310631276 6.788278803173867
0.017 6367.135981904752 1.000258576339629 1.549219731069195 286.5161176191117 6.748915321369443
0.0171 6367.14975401442 1.000258113822321 1.549141069898126 286.4265989062695 6.709610032537932
0.0172 6367.163576262249 1.000257650645927 1.549062361794144 286.336754295381 6.670364171236185
0.0173 6367.177448678633 1.000257186817763 1.548983606714735 286.2465835888823 6.631178965532237
0.0174 6367.191371293999 1.00025672234514 1.548904804618372 286.1560865890091 6.592055636932153
0.0175 6367.205344138796 1.000256257235361 1.548825955464504 286.0652630978251 6.552995400322679
0.0176 6367.219367243508 1.000255791495723 1.548747059213647 285.9741129171992 6.513999463891348
0.0177 6367.233440638643 1.000255325133517 1.548668115827249 285.882635848823 6.475069029064971
0.0178 6367.247564354736 1.000254858156028 1.548589125267756 285.7908316942165 6.436205290443494
0.0179 6367.261738422351 1.000254390570529 1.548510087498638 285.6987002547165 6.397409435726823
0.018 6367.275962872076 1.00025392238429 1.548431002484383 285.6062413315061 6.358682645659695
0.0181 6367.290237734521 1.000253453604572 1.548351870190389 285.5134547256147 6.320026093964427
0.0182 6367.304563040325 1.000252984238625 1.548272690583131 285.4203402378884 6.281440947261999
0.0183 6367.318938820149 1.000252514293695 1.548193463630028 285.3268976690314 6.242928365023311
0.0184 6367.333365104677 1.000252043777015 1.548114189299496 285.2331268196002 6.204489499501097
0.0185 6367.347841924616 1.000251572695813 1.548034867560971 285.1390274899976 6.166125495662541
0.0186 6367.362369310694 1.000251101057304 1.547955498384844 285.0445994804903 6.127837491132115
0.0187 6367.376947293661 1.000250628868697 1.547876081742517 284.9498425912033 6.089626616125282
0.0188 6367.391575904289 1.000250156137188 1.547796617606347 284.8547566221195 6.05149399338526
0.0189 6367.406255173368 1.000249682869966 1.547717105949707 284.7593413731096 6.013440738132147
0.019 6367.420985131707 1.000249209074209 1.547637546746961 284.6635966439025 5.975467957988903
0.0191 6367.435765810136 1.000248734757083 1.547557939973403 284.5675222341146 5.937576752931618
0.0192 6367.450597239504 1.000248259925744 1.547478285605381 284.4711179432264 5.899768215219192
0.0193 6367.465479450672 1.000247784587337 1.547398583620178 284.3743835706299 5.862043429351583
0.0194 6367.480412474525 1.000247308748998 1.547318833996057 284.2773189155868 5.824403471993783
0.0195 6367.495396341958 1.000246832417849 1.547239036712282 284.1799237772701 5.786849411932812
0.0196 6367.510431083888 1.000246355601 1.547159191749068 284.0821979547289 5.749382310005459
0.0197 6367.525516731242 1.000245878305551 1.547079299087617 283.9841412469294 5.712003219056369
0.0198 6367.540653314963 1.000245400538588 1.546999358710113 283.8857534527432 5.674713183876141
0.0199 6367.555840866008 1.000244922307185 1.546919370599697 283.7870343709473 5.637513241144725
0.02 6367.57107941535 1.000244443618404 1.546839334740478 283.6879838002241 5.600404419375496
0.0201 6367.58636899397 1.000243964479294 1.546759251117564 283.5886015391969 5.563387738873192
0.0202 6367.601709632862 1.00024348489689 1.546679119716988 283.4888873863946 5.526464211665899
0.0203 6367.617101363035 1.000243004878215 1.546598940525776 283.3888411402748 5.489634841459909
0.0204 6367.632544215504 1.000242524430275 1.54651871353191 283.2884625992245 5.452900623586338
0.0205 6367.648038221299 1.000242043560067 1.54643843872432 283.1877515615596 5.416262544948482
0.0206 6367.663583411454 1.000241562274569 1.546358116092938 283.0867078255486 5.379721583978397
0.0207 6367.679179817017 1.000241080580748 1.546277745628595 282.9853311893893 5.343278710576982
0.0208 6367.694827469042 1.000240598485556 1.5461973273231 282.8836214512261 5.306934886069804
0.0209 6367.710526398592 1.000240115995928 1.546116861169259 282.7815784091503 5.270691063157204
0.021 6367.726276636736 1.000239633118786 1.546036347160772 282.6792018612176 5.234548185871343
0.0211 6367.742078214549 1.000239149861036 1.54595578529231 282.5764916054308 5.198507189521396
0.0212 6367.757931163114 1.000238666229568 1.545875175559497 282.4734474397568 5.162569000652049
0.0213 6367.773835513519 1.000238182231256 1.545794517958886 282.3700691621274 5.126734536996401
0.0214 6367.789791296855 1.00023769787296 1.545713812487999 282.2663565704446 5.091004707431676
0.0215 6367.805798544218 1.000237213161522 1.545633059145286 282.162309462581 5.055380411933596
0.0216 6367.821857286709 1.000236728103767 1.54555225793012 282.0579276363914 5.019862541535566
0.0217 6367.837967555431 1.000236242706504 1.54547140884284 281.9532108897009 4.984451978280494
0.0218 6367.854129381488 1.000235756976525 1.545390511884706 281.848159020329 4.949149595185462
0.0219 6367.870342795988 1.000235270920607 1.545309567057899 281.7427718260773 4.913956256195055
0.022 6367.886607830039 1.000234784545506 1.545228574365551 281.6370491047472 4.878872816145436
0.0221 6367.90292451475 1.000234297857962 1.545147533811699 281.5309906541228 4.843900120717334
0.0222 6367.91929288123 1.000233810864698 1.545066445401313 281.4245962720055 4.80903900640744
0.0223 6367.935712960587 1.000233323572417 1.544985309140285 281.3178657561851 4.774290300479071
0.0224 6367.952184783929 1.000232835987807 1.544904125035434 281.2107989044633 4.739654820931177
0.0225 6367.968708382361 1.000232348117533 1.544822893094506 281.1033955146535 4.705133376460301
0.0226 6367.985283786987 1.000231859968245 1.544741613326122 280.9956553845867 4.670726766425247
0.0227 6368.001911028907 1.000231371546573 1.544660285739832 280.887578312106 4.636435780808764
0.0228 6368.018590139219 1.000230882859127 1.544578910346116 280.779164095078 4.60226120018572
0.0229 6368.035321149015 1.000230393912499 1.544497487156323 280.6704125314048 4.568203795691963
0.023 6368.052104089384 1.000229904713262 1.544416016182729 280.5613234190063 4.534264328984719
0.0231 6368.068938991409 1.000229415267966 1.544334497438527 280.4518965558435 4.500443552216805
0.0232 6368.085825886168 1.000228925583145 1.544252930937746 280.3421317399074 4.466742208000556
0.0233 6368.102764804733 1.00022843566531 1.544171316695381 280.2320287692359 4.433161029381727
0.0234 6368.119755778168 1.000227945520953 1.544089654727263 280.1215874419084 4.399700739806913
0.0235 6368.13679883753 1.000227455156546 1.544007945050142 280.0108075560578 4.366362053097217
0.0236 6368.153894013867 1.000226964578539 1.543926187681632 279.8996889098638 4.33314567341737
0.0237 6368.171041338221 1.000226473793361 1.543844382640252 279.7882313015656 4.300052295251032
0.0238 6368.188240841622 1.000225982807422 1.543762529945375 279.6764345294554 4.267082603371627
0.0239 6368.205492555095 1.000225491627107 1.543680629617271 279.5642983918846 4.234237272817571
0.024 6368.222796509648 1.000225000258782 1.543598681677064 279.4518226872873 4.201516968873456
0.0241 6368.240152736285 1.000224508708793 1.543516686146751 279.339007214145 4.16892234703483
0.0242 6368.257561265996 1.00022401698346 1.543434643049194 279.2258517710278 4.136454052996247
0.0243 6368.275022129755 1.000223525089083 1.54335255240814 279.1123561565945 4.10411272262798
0.0244 6368.292535358531 1.00022303303194 1.543270414248162 278.9985201695512 4.071898981941964
0.0245 6368.310100983274 1.000222540818287 1.54318822859468 278.8843436087162 4.039813447088915
0.0246 6368.327719034926 1.000222048454355 1.543105995473996 278.769826272979 4.007856724326007
0.0247 6368.345389544411 1.000221555946355 1.543023714913272 278.6549679613294 3.97602941000553
0.0248 6368.363112542637 1.000221063300474 1.542941386940464 278.5397684728576 3.944332090555992
0.0249 6368.380888060503 1.000220570522874 1.542859011584402 278.4242276067311 3.912765342457716
0.025 6368.398716128886 1.000220077619697 1.542776588874767 278.3083451622409 3.881329732238788
0.0251 6368.416596778651 1.000219584597059 1.542694118842015 278.1921209387673 3.850025816449165
0.0252 6368.434530040646 1.000219091461054 1.542611601517501 278.0755547358025 3.818854141651866
0.0253 6368.4525159457 1.00021859821775 1.542529036933348 277.9586463529512 3.787815244408555
0.0254 6368.470554524624 1.000218104873193 1.542446425122547 277.8413955899422 3.756909651269154
0.0255 6368.488645808214 1.000217611433405 1.542363766118877 277.7238022466107 3.726137878754538
0.0256 6368.506789827244 1.000217117904381 1.54228105995694 277.6058661229162 3.695500433349547
0.0257 6368.52498661247 1.000216624292095 1.542198306672149 277.4875870189479 3.66499781149368
0.0258 6368.543236194628 1.000216130602495 1.542115506300722 277.3689647349196 3.634630499569645
0.0259 6368.561538604435 1.000215636841502 1.542032658879672 277.2499990711748 3.604398973895899
0.026 6368.579893872585 1.000215143015016 1.541949764446825 277.130689828199 3.574303700721544
0.0261 6368.598302029752 1.000214649128909 1.541866823040802 277.0110368066138 3.544345136217604
0.0262 6368.616763106588 1.000214155189028 1.541783834700988 276.8910398071765 3.514523726470763
0.0263 6368.635277133724 1.000213661201197 1.541700799467566 276.7706986307925 3.484839907480963
0.0264 6368.653844141767 1.000213167171212 1.541617717381514 276.6500130785147 3.455294105156909
0.0265 6368.6724641613 1.000212673104844 1.541534588484571 276.5289829515499 3.425886735313959
0.0266 6368.691137222882 1.000212179007838 1.541451412819273 276.4076080512644 3.396618203672888
0.0267 6368.70986335705 1.000211684885913 1.541368190428887 276.2858881791725 3.367488905855305
0.0268 6368.728642594315 1.000211190744765 1.541284921357461 276.1638231369537 3.338499227387127
0.0269 6368.747474965162 1.000210696590058 1.541201605649812 276.0414127264474 3.309649543697272
0.027 6368.766360500051 1.000210202427434 1.541118243351512 275.9186567496703 3.280940220122846
0.0271 6368.785299229416 1.000209708262507 1.54103483450888 275.7955550087985 3.252371611906909
0.0272 6368.804291183665 1.000209214100866 1.540951379168945 275.6721073061798 3.223944064204137
0.0273 6368.823336393177 1.00020871994807 1.540867877379544 275.548313444351 3.195657912088667
0.0274 6368.842434888305 1.000208225809655 1.540784329189189 275.4241732260206 3.167513480554672
0.0275 6368.861586699373 1.000207731691126 1.540700734647191 275.299686454074 3.139511084523386
0.0276 6368.880791856678 1.000207237597966 1.540617093803504 275.1748529315922 3.111651028853627
0.0277 6368.900050390486 1.000206743535627 1.540533406708877 275.0496724618391 3.083933608346568
0.0278 6368.919362331036 1.000206249509533 1.540449673414755 274.9241448482679 3.056359107755455
0.0279 6368.938727708533 1.000205755525085 1.540365893973276 274.7982698945328 3.028927801797492
0.028 6368.958146553156 1.000205261587652 1.540282068437314 274.6720474044831 3.001639955162731
0.0281 6368.977618895052 1.000204767702578 1.540198196860432 274.5454771821632 2.974495822525222
0.0282 6368.997144764335 1.000204273875178 1.5401142792969 274.4185590318242 2.947495648557622
0.0283 6369.016724191089 1.000203780110741 1.54003031580168 274.2912927579245 2.920639667944128
0.0284 6369.036357205365 1.000203286414525 1.539946306430416 274.163678165129 2.893928105394363
0.0285 6369.056043837183 1.000202792791764 1.539862251239433 274.0357150583098 2.867361175658188
0.0286 6369.075784116528 1.00020229924766 1.539778150285769 273.9074032425696 2.84093908354631
0.0287 6369.095578073353 1.00020180578739 1.539694003627091 273.7787425232058 2.814662023939564
0.0288 6369.115425737577 1.0002013124161 1.539609811321765 273.6497327057526 2.788530181814987
0.0289 6369.135327139083 1.000200819138911 1.539525573428806 273.520373595963 2.762543732260582
0.029 6369.155282307722 1.000200325960912 1.539441290007879 273.3906649998083 2.736702840494714
0.0291 6369.175291273308 1.000199832887166 1.539356961119341 273.2606067234968 2.711007661889922
0.0292 6369.19535406562 1.000199339922706 1.539272586824164 273.1301985734671 2.685458341992869
0.0293 6369.215470714402 1.000198847072539 1.539188167183963 272.9994403563882 2.660055016546423
0.0294 6369.23564124936 1.000198354341639 1.539103702261025 272.8683318791599 2.634797811512654
0.0295 6369.255865700165 1.000197861734954 1.539019192118228 272.7368729489302 2.609686843100136
0.0296 6369.27614409645 1.000197369257404 1.538934636819088 272.6050633730778 2.58472221778529
0.0297 6369.296476467809 1.000196876913878 1.538850036427756 272.4729029592412 2.559904032343671
0.0298 6369.316862843801 1.000196384709237 1.538765391009012 272.3403915152957 2.535232373872013
0.0299 6369.337303253945 1.000195892648313 1.538680700628208 272.2075288493587 2.510707319816841
0.03 6369.357797727722 1.000195400735908 1.538595965351327 272.074314769808 2.486328938006095
0.0301 6369.378346294572 1.000194908976798 1.538511185244948 271.9407490852813 2.462097286678272
0.0302 6369.398948983899 1.000194417375726 1.538426360376255 271.8068316046587 2.438012414509308
0.0303 6369.419605825065 1.000193925937407 1.538341490813003 271.6725621370805 2.414074360646807
0.0304 6369.440316847391 1.000193434666528 1.538256576623543 271.5379404919589 2.390283154743964
0.0305 6369.461082080159 1.000192943567746 1.538171617876802 271.4029664789663 2.366638816990134
0.0306 6369.48190155261 1.000192452645689 1.538086614642282 271.267639908035 2.343141358144454
0.0307 6369.502775293942 1.000191961904954 1.53800156699004 271.1319605893754 2.319790779573371
0.0308 6369.523703333314 1.000191471350111 1.537916474990725 270.9959283334578 2.296587073282868
0.0309 6369.544685699841 1.0001909809857 1.537831338715497 270.8595429510364 2.273530221958689
0.031 6369.565722422595 1.00019049081623 1.537746158236102 270.7228042531314 2.250620199000315
0.0311 6369.586813530609 1.000190000846182 1.53766093362482 270.5857120510408 2.227856968560848
0.0312 6369.607959052869 1.000189511080007 1.537575664954474 270.4482661563524 2.205240485587654
0.0313 6369.629159018318 1.000189021522127 1.537490352298418 270.3104663809316 2.18277069585991
0.0314 6369.650413455858 1.000188532176933 1.537404995730518 270.172312536922 2.160447536029014
0.0315 6369.671722394345 1.00018804304879 1.537319595325185 270.0338044367567 2.138270933661718
0.0316 6369.69308586259 1.00018755414203 1.537234151157331 269.8949418931642 2.116240807283071
0.0317 6369.71450388936 1.000187065460957 1.537148663302372 269.755724719157 2.094357066417362
0.0318 6369.73597650338 1.000186577009844 1.537063131836256 269.6161527280314 2.072619611631836
0.0319 6369.757503733324 1.000186088792937 1.536977556835403 269.4762257333967 2.051028334585767
0.032 6369.779085607823 1.000185600814451 1.536891938376735 269.3359435491524 2.029583118072001
0.0321 6369.800722155463 1.00018511307857 1.536806276537666 269.195305989493 2.008283836063975
0.0322 6369.822413404782 1.000184625589453 1.53672057139607 269.054312868915 1.987130353763482
0.0323 6369.844159384273 1.000184138351224 1.536634823030319 268.9129640022278 1.966122527650073
0.0324 6369.865960122381 1.000183651367981 1.536549031519243 268.7712592045249 1.945260205525081
0.0325 6369.887815647505 1.000183164643792 1.536463196942124 268.6291982912188 1.924543226566124
0.0326 6369.909725987995 1.000182678182695 1.536377319378723 268.4867810780355 1.903971421376146
0.0327 6369.931691172153 1.0001821919887 1.536291398909243 268.3440073810083 1.883544612033276
0.0328 6369.953711228234 1.000181706065784 1.536205435614321 268.2008770164779 1.863262612142352
0.0329 6369.975786184446 1.000181220417899 1.536119429575034 268.0573898010983 1.843125226888017
0.033 6369.997916068946 1.000180735048965 1.536033380872923 267.9135455518489 1.823132253089354
0.0331 6370.020100909844 1.000180249962874 1.535947289589913 267.7693440860161 1.803283479251113
0.0332 6370.042340735197 1.000179765163488 1.535861155808361 267.6247852212176 1.78357868562145
0.0333 6370.064635573019 1.00017928065464 1.535774979611046 267.4798687753786 1.764017644243843
0.0334 6370.086985451268 1.000178796440133 1.535688761081165 267.334594566761 1.744600119017008
0.0335 6370.109390397856 1.000178312523743 1.535602500302277 267.1889624139343 1.725325865747522
0.0336 6370.131850440644 1.000177828909215 1.535516197358396 267.0429721358108 1.706194632211854
0.0337 6370.154365607443 1.000177345600266 1.535429852333864 266.8966235516222 1.687206158211206
0.0338 6370.17693592601 1.000176862600583 1.535343465313452 266.7499164809368 1.668360175632515
0.0339 6370.199561424055 1.000176379913825 1.535257036382292 266.6028507436425 1.649656408505523
0.034 6370.222242129235 1.000175897543622 1.535170565625879 266.45542615997 1.631094573065849
0.0341 6370.244978069158 1.000175415493575 1.53508405313008 266.307642550475 1.612674377813417
0.0342 6370.267769271375 1.000174933767256 1.534997498981133 266.159499736062 1.594395523576768
0.0343 6370.290615763392 1.00017445236821 1.534910903265599 266.0109975379549 1.576257703571383
0.0344 6370.313517572657 1.00017397129995 1.53482426607042 265.8621357777323 1.558260603466695
0.0345 6370.336474726569 1.000173490565964 1.534737587482853 265.7129142773036 1.540403901446446
0.0346 6370.359487252474 1.000173010169709 1.534650867590482 265.5633328589214 1.522687268274018
0.0347 6370.382555177664 1.000172530114617 1.534564106481249 265.4133913451868 1.505110367357622
0.0348 6370.40567852938 1.000172050404087 1.534477304243389 265.2630895590322 1.487672854813321
0.0349 6370.428857334809 1.000171571041494 1.534390460965477 265.1124273237446 1.47037437953351
0.035 6370.452091621084 1.000171092030181 1.534303576736387 264.9614044629537 1.453214583251824
0.0351 6370.475381415285 1.000170613373468 1.534216651645261 264.8100208006443 1.436193100611346
0.0352 6370.498726744439 1.000170135074643 1.534129685781593 264.6582761611438 1.419309559230703
0.0353 6370.522127635519 1.000169657136967 1.534042679235129 264.5061703691284 1.402563579772752
0.0354 6370.545584115442 1.000169179563674 1.53395563209592 264.3537032496291 1.38595477601378
0.0355 6370.569096211072 1.00016870235797 1.533868544454274 264.2008746280316 1.369482754912582
0.0356 6370.59266394922 1.000168225523034 1.53378141640079 264.0476843300702 1.353147116679446
0.0357 6370.616287356641 1.000167749062016 1.533694248026327 263.8941321818342 1.33694745484696
0.0358 6370.639966460034 1.00016727297804 1.533607039421988 263.7402180097791 1.320883356341892
0.0359 6370.663701286046 1.000166797274204 1.533519790679139 263.5859416407037 1.304954401553883
0.036 6370.687491861267 1.000166321953576 1.53343250188939 263.431302901767 1.28916016440898
0.0361 6370.711338212231 1.000165847019199 1.533345173144596 263.2763016205007 1.273500212442957
0.0362 6370.735240365419 1.000165372474088 1.533257804536847 263.1209376247792 1.257974106870925
0.0363 6370.759198347254 1.000164898321233 1.533170396158445 262.9652107428495 1.242581402663415
0.0364 6370.783212184105 1.000164424563595 1.533082948101927 262.8091208033192 1.227321648618702
0.0365 6370.807281902285 1.000163951204111 1.532995460460021 262.6526676351504 1.212194387436228
0.0366 6370.83140752805 1.00016347824569 1.53290793332571 262.4958510676719 1.197199155792181
0.0367 6370.855589087602 1.000163005691215 1.532820366792136 262.338670930585 1.182335484414873
0.0368 6370.879826607083 1.000162533543543 1.532732760952657 262.1811270539573 1.167602898159406
0.0369 6370.904120112584 1.000162061805505 1.532645115900814 262.0232192682055 1.153000916081676
0.03700000000000001 6370.928469630134 1.000161590479907 1.532557431730324 261.8649474041302 1.138529051517744
0.0371 6370.952875185709 1.000161119569529 1.532469708535105 261.706311292893 1.124186812158036
0.0372 6370.977336805228 1.000160649077123 1.53238194640922 261.5473107660158 1.109973700124179
0.0373 6371.001854514553 1.000160179005419 1.532294145446908 261.3879456554049 1.09588921204827
0.0374 6371.026428339487 1.00015970935712 1.532206305742565 261.2282157933331 1.081932839148761
0.0375 6371.051058305778 1.000159240134906 1.53211842739074 261.0681210124397 1.068104067308314
0.0376 6371.075744439118 1.000158771341428 1.532030510486127 260.9076611457307 1.054402377151987
0.0377 6371.10048676514 1.000158302979315 1.531942555123574 260.7468360265901 1.040827244126731
0.0378 6371.125285309418 1.000157835051172 1.53185456139804 260.5856454887806 1.027378138580137
0.0379 6371.150140097473 1.000157367559578 1.531766529404618 260.4240893664254 1.014054525838038
0.038 6371.175051154766 1.000156900507087 1.531678459238538 260.26216749402 1.000855866284875
0.0381 6371.2000185067 1.000156433896231 1.531590350995121 260.0998797064502 0.9877816154447604
0.0382 6371.225042178622 1.000155967729517 1.531502204769816 259.9372258389566 0.9748312240584763
0.0383 6371.250122195821 1.000155502009428 1.531414020658173 259.7742057271638 0.9620041381660169
0.0384 6371.275258583528 1.000155036738423 1.531325798755822 259.6108192070691 0.9492997991860025
0.0385 6371.300451366915 1.000154571918938 1.531237539158507 259.4470661150539 0.9367176439971904
0.0386 6371.325700571098 1.000154107553386 1.531149241962052 259.2829462878602 0.9242571050174628
0.03870000000000001 6371.351006221136 1.000153643644156 1.531060907262342 259.1184595626145 0.9119176102866692
0.0388 6371.376368342027 1.000153180193615 1.53097253515536 258.9536057768213 0.8996985835473571
0.0389 6371.401786958712 1.000152717204106 1.530884125737149 258.7883847683696 0.8875994443265737
0.039 6371.427262096076 1.000152254677951 1.530795679103789 258.6227963755031 0.8756196080152542
0.0391 6371.452793778945 1.000151792617447 1.53070719535146 258.4568404368555 0.8637584859525403
0.0392 6371.478382032085 1.000151331024872 1.530618674576338 258.2905167914449 0.8520154855071539
0.0393 6371.504026880207 1.00015086990248 1.530530116874689 258.123825278656 0.8403900101581135
0.0394 6371.529728347959 1.000150409252502 1.530441522342805 257.9567657382635 0.8288814595784962
0.0395 6371.555486459938 1.000149949077151 1.530352891076991 257.7893380104027 0.8174892297155906
0.0396 6371.581301240677 1.000149489378615 1.530264223173583 257.6215419355993 0.8062127128752382
0.0397 6371.607172714653 1.000149030159061 1.530175518728964 257.4533773547572 0.7950512978033897
0.0398 6371.633100906283 1.000148571420638 1.53008677783949 257.2848441091586 0.7840043697685545
0.0399 6371.65908583993 1.000148113165471 1.529998000601552 257.1159420404582 0.7730713106439365
0.04 6371.685127539894 1.000147655395664 1.529909187111548 256.9466709906891 0.7622514989903932
0.0401 6371.711226030419 1.000147198113303 1.529820337465852 256.7770308022745 0.751544310139777
0.0402 6371.737381335692 1.000146741320452 1.529731451760846 256.6070213180041 0.7409491162760432
0.0403 6371.76359347984 1.000146285019155 1.52964253009289 256.4366423810401 0.7304652865182942
0.04040000000000001 6371.789862486932 1.000145829211436 1.529553572558309 256.2658938349408 0.7200921870048629
0.0405 6371.816188380979 1.000145373899301 1.529464579253446 256.0947755236369 0.7098291809744559
0.0406 6371.842571185934 1.000144919084733 1.529375550274574 255.9232872914316 0.6996756288487749
0.0407 6371.869010925691 1.0001444647697 1.529286485717936 255.7514289830063 0.6896308883154443
0.0408 6371.895507624089 1.000144010956147 1.529197385679738 255.579200443421 0.6796943144105242
0.0409 6371.922061304905 1.000143557646001 1.529108250256151 255.4066015181196 0.6698652596012972
0.041 6371.948671991859 1.000143104841174 1.52901907954327 255.2336320529188 0.6601430738679688
0.0411 6371.975339708613 1.000142652543554 1.528929873637136 255.0602918940134 0.6505271047863092
0.0412 6372.002064478774 1.000142200755015 1.528840632633743 254.8865808879708 0.6410166976095362
0.0413 6372.028846325886 1.00014174947741 1.528751356628999 254.7124988817426 0.6316111953510589
0.0414 6372.05568527344 1.000141298712576 1.528662045718734 254.538045722641 0.6223099388651804
0.0415 6372.082581344866 1.000140848462332 1.528572699998724 254.3632212583742 0.6131122669308514
0.04160000000000001 6372.109534563536 1.00014039872848 1.528483319564623 254.1880253370172 0.6040175163317821
0.0417 6372.136544952767 1.000139949512804 1.52839390451202 254.0124578070171 0.5950250219383243
0.0418 6372.163612535815 1.000139500817071 1.528304454936416 253.8365185171996 0.5861341167891611
0.0419 6372.190737335882 1.000139052643032 1.52821497093317 253.6602073167686 0.5773441321725008
0.042 6372.217919376109 1.000138604992421 1.528125452597587 253.4835240552947 0.5686543977065032
0.04210000000000001 6372.245158679581 1.000138157866957 1.528035900024813 253.3064685827206 0.5600642414204027
0.0422 6372.272455269328 1.000137711268339 1.527946313309924 253.1290407493678 0.5515729898353949
0.0423 6372.299809168318 1.000137265198255 1.527856692547847 252.9512404059359 0.543179968044996
0.0424 6372.327220399463 1.000136819658375 1.527767037833372 252.7730674034909 0.5348844997946187
0.0425 6372.354688985622 1.000136374650353 1.527677349261193 252.5945215934597 0.5266859075612127
0.0426 6372.38221494959 1.00013593017583 1.527587626925839 252.4156028276651 0.5185835126345288
0.0427 6372.409798314112 1.00013548623643 1.527497870921721 252.2363109582728 0.5105766351940447
0.0428 6372.437439101872 1.000135042833763 1.527408081343079 252.0566458378329 0.5026645943899417
0.0429 6372.465137335497 1.000134599969425 1.527318258284021 251.8766073192677 0.494846708421338
0.043 6372.49289303756 1.000134157644997 1.527228401838499 251.6961952558603 0.487122294614262
0.0431 6372.520706230574 1.000133715862046 1.527138512100296 251.5154095012662 0.479490669500341
0.0432 6372.548576936999 1.000133274622126 1.527048589163036 251.3342499095073 0.4719511488943853
0.04330000000000001 6372.576505179235 1.000132833926775 1.526958633120187 251.1527163349723 0.4645030479718957
0.0434 6372.604490979629 1.000132393777522 1.526868644065023 250.9708086324102 0.4571456813459845
0.0435 6372.63253436047 1.000131954175878 1.526778622090648 250.7885266569427 0.449878363144654
0.0436 6372.66063534399 1.000131515123344 1.526688567289987 250.6058702640638 0.4427004070872049
0.0437 6372.688793952368 1.000131076621409 1.526598479755779 250.4228393096104 0.4356111265591222
0.0438 6372.717010207723 1.000130638671547 1.526508359580572 250.2394336497977 0.4286098346891351
0.0439 6372.745284132125 1.000130201275221 1.526418206856688 250.0556531411897 0.421695844423322
0.044 6372.77361574758 1.000129764433882 1.52632802167632 249.871497640729 0.4148684686010753
0.0441 6372.802005076045 1.00012932814897 1.526237804131385 249.6869670057066 0.4081270200284031
0.0442 6372.830452139418 1.000128892421912 1.526147554313624 249.5020610937803 0.4014708115525776
0.0443 6372.858956959544 1.000128457254124 1.526057272314576 249.3167797629625 0.3948991561352436
0.0444 6372.887519558212 1.000128022647012 1.525966958225545 249.1311228716203 0.3884113669255178
0.0445 6372.916139957158 1.00012758860197 1.525876612137621 248.9450902784755 0.382006757332621
0.0446 6372.944818178057 1.000127155120383 1.525786234141662 248.7586818426283 0.375684641098833
0.0447 6372.973554242538 1.000126722203623 1.525695824328312 248.5718974235041 0.3694443323693399
0.0448 6373.002348172169 1.000126289853054 1.525605382787977 248.3847368809005 0.3632851457650307
0.0449 6373.031199988467 1.000125858070028 1.525514909610828 248.1972000749641 0.357206396452365
0.04500000000000001 6373.060109712894 1.00012542685589 1.525424404886794 248.0092868661903 0.3512074002135455
0.0451 6373.089077366857 1.000124996211974 1.525333868705555 247.8209971154291 0.3452874735163522
0.0452 6373.11810297171 1.000124566139605 1.525243301156553 247.6323306838852 0.3394459335832439
0.0453 6373.147186548753 1.000124136640097 1.525152702328991 247.4432874331063 0.3336820984595609
0.0454 6373.176328119233 1.000123707714759 1.525062072311781 247.2538672249829 0.3279952870815619
0.0455 6373.205527704345 1.000123279364888 1.524971411193613 247.0640699217601 0.3223848193442479
0.0456 6373.234785325226 1.000122851591774 1.5248807190629 246.8738953860319 0.316850016168072
0.0457 6373.264101002964 1.0001224243967 1.524789996007796 246.6833434807353 0.3113901995650878
0.0458 6373.293474758593 1.000121997780938 1.524699242116185 246.492414069144 0.3060046927045298
0.0459 6373.322906613095 1.000121571745756 1.524608457475668 246.3011070148808 0.3006928199783014
0.046 6373.3523965874 1.000121146292411 1.524517642173596 246.1094221818993 0.2954539070650279
0.0461 6373.381944702382 1.000120721422155 1.524426796297023 245.9173594345137 0.2902872809948079
0.0462 6373.411550978867 1.000120297136234 1.524335919932719 245.7249186373637 0.2851922702115618
0.0463 6373.441215437626 1.000119873435882 1.524245013167195 245.5320996554314 0.2801682046362174
0.0464 6373.47093809938 1.000119450322333 1.524154076086651 245.3389023540302 0.2752144157284674
0.0465 6373.500718984797 1.00011902779681 1.524063108776997 245.1453265988224 0.2703302365486518
0.0466 6373.530558114496 1.000118605860531 1.523972111323874 244.9513722557775 0.2655150018174922
0.04670000000000001 6373.560455509042 1.000118184514709 1.523881083812603 244.7570391912258 0.2607680479775604
0.0468 6373.59041118895 1.000117763760551 1.523790026328218 244.5623272718225 0.2560887132518435
0.0469 6373.620425174685 1.000117343599256 1.52369893895544 244.3672363645481 0.2514763377025517
0.047 6373.650497486659 1.000116924032021 1.5236078217787 244.1717663367143 0.2469302632893868
0.0471 6373.680628145235 1.000116505060036 1.523516674882119 243.9759170559695 0.2424498339271096
0.0472 6373.710817170728 1.000116086684486 1.523425498349511 243.7796883902696 0.2380343955416141
0.0473 6373.741064583398 1.000115668906553 1.523334292264362 243.5830802079134 0.2336832961267953
0.0474 6373.771370403459 1.000115251727413 1.523243056709866 243.386092377519 0.2293958857993588
0.0475 6373.801734651072 1.000114835148236 1.523151791768886 243.1887247680296 0.2251715168536005
0.0476 6373.832157346354 1.000114419170192 1.523060497523977 242.9909772487016 0.2210095438150869
0.0477 6373.862638509365 1.000114003794443 1.522969174057354 242.7928496891285 0.2169093234943664
0.0478 6373.893178160122 1.000113589022151 1.522877821450939 242.5943419592053 0.2128702150387115
0.04790000000000001 6373.923776318591 1.000113174854471 1.522786439786294 242.395453929158 0.2088915799844902
0.048 6373.95443300469 1.000112761292556 1.522695029144684 242.196185469514 0.204972782307588
0.0481 6373.985148238288 1.000112348337557 1.522603589607014 241.9965364511262 0.2011131884741644
0.0482 6374.015922039206 1.000111935990621 1.522512121253878 241.7965067451604 0.1973121674899452
0.0483 6374.046754427216 1.000111524252892 1.52242062416555 241.596096223096 0.1935690909490062
0.04840000000000001 6374.077645422043 1.000111113125512 1.522329098421929 241.3953047567196 0.1898833330816898
0.0485 6374.108595043364 1.00011070260962 1.522237544102603 241.1941322181314 0.1862542708019823
0.0486 6374.139603310811 1.000110292706353 1.522145961286821 240.9925784797268 0.182681283753699
0.0487 6374.170670243964 1.000109883416845 1.522054350053493 240.7906434142327 0.1791637543568488
0.0488 6374.201795862361 1.000109474742231 1.521962710481163 240.5883268946535 0.1757010678516559
0.0489 6374.23298018549 1.000109066683643 1.521871042648048 240.385628794313 0.1722926123434755
0.049 6374.264223232794 1.000108659242209 1.521779346632041 240.1825489868364 0.1689377788458861
0.0491 6374.295525023669 1.000108252419058 1.521687622510647 239.9790873461505 0.1656359613233114
0.0492 6374.326885577466 1.000107846215319 1.521595870361047 239.7752437464718 0.1623865567326685
0.0493 6374.358304913488 1.000107440632117 1.521504090260067 239.5710180623299 0.159188965064794
0.0494 6374.389783050994 1.000107035670579 1.521412282284192 239.3664101685384 0.1560425893842254
0.0495 6374.421320009198 1.000106631331829 1.521320446509531 239.1614199402123 0.1529468358689406
0.04960000000000001 6374.452915807268 1.000106227616991 1.521228583011867 238.9560472527563 0.1499011138488353
0.0497 6374.484570464327 1.000105824527191 1.521136691866605 238.7502919818766 0.1469048358437587
0.0498 6374.516283999454 1.000105422063551 1.521044773148821 238.5441540035512 0.1439574176001374
0.0499 6374.548056431681 1.000105020227197 1.520952826933207 238.3376331940716 0.1410582781278291
0.05 6374.579887780002 1.000104619019252 1.520860853294104 238.1307294299894 0.138206839734809
0.05010000000000001 6374.611778063359 1.00010421844084 1.520768852305512 237.9234425881695 0.135402528062556
0.0502 6374.643727300654 1.000103818493087 1.520676824041063 237.7157725457486 0.132644772119302
0.0503 6374.675735510747 1.000103419177118 1.520584768574014 237.5077191801414 0.1299330043131406
0.0504 6374.707802712453 1.000103020494059 1.520492685977291 237.2992823690523 0.1272666604843887
0.0505 6374.739928924543 1.000102622445037 1.52040057632343 237.0904619904694 0.1246451799368945
0.0506 6374.772114165746 1.000102225031179 1.520308439684629 236.8812579226527 0.1220680054684675
0.0507 6374.804358454749 1.000101828253616 1.520216276132705 236.6716700441342 0.1195345834006496
0.0508 6374.836661810195 1.000101432113478 1.520124085739121 236.4616982337355 0.1170443636078788
0.0509 6374.869024250686 1.000101036611895 1.520031868574982 236.2513423705385 0.1145967995452656
0.051 6374.901445794783 1.000100641750002 1.51993962471102 236.0406023339086 0.1121913482761962
0.0511 6374.933926461004 1.000100247528935 1.519847354217597 235.8294780034715 0.10982747049856
0.0512 6374.966466267824 1.000099853949828 1.519755057164754 235.6179692591426 0.1075046305707738
0.05130000000000001 6374.99906523368 1.000099461013822 1.519662733622113 235.4060759810794 0.1052222965361308
0.0514 6375.031723376966 1.000099068722057 1.519570383658956 235.1937980497236 0.1029799401473217
0.0515 6375.064440716034 1.000098677075675 1.519478007344213 234.9811353457766 0.1007770368894243
0.0516 6375.097217269199 1.000098286075822 1.519385604746428 234.7680877502061 0.09861306600240496
0.0517 6375.130053054733 1.000097895723645 1.519293175933796 234.5546551442338 0.09648751050262767
0.05180000000000001 6375.162948090868 1.000097506020294 1.51920072097415 234.3408374093596 0.09439985720390817
0.0519 6375.195902395797 1.000097116966921 1.519108239934934 234.1266344273193 0.09234959673711637
0.052 6375.228915987675 1.000096728564683 1.519015732883264 233.9120460801154 0.09033622356967799
0.0521 6375.261988884613 1.000096340814735 1.518923199885877 233.6970722500158 0.08835923602396807
0.0522 6375.295121104687 1.00009595371824 1.518830641009141 233.4817128195372 0.08641813629474372
0.0523 6375.328312665933 1.000095567276361 1.518738056319077 233.2659676714383 0.08451243046589929
0.0524 6375.361563586347 1.000095181490264 1.518645445881322 233.049836688744 0.08264162852668222
0.0525 6375.394873883888 1.00009479636112 1.51855280976118 232.8333197547275 0.08080524438674097
0.0526 6375.428243576477 1.000094411890102 1.51846014802357 232.6164167528985 0.07900279589044819
0.0527 6375.461672681996 1.000094028078386 1.518367460733061 232.3991275670268 0.07723380483073052
0.0528 6375.495161218289 1.000093644927151 1.518274747953877 232.1814520811184 0.07549779696171614
0.0529 6375.528709203163 1.000093262437581 1.518182009749858 231.9633901794399 0.07379430201098695
0.05300000000000001 6375.562316654388 1.000092880610863 1.518089246184491 231.7449417464762 0.07212285369053623
0.0531 6375.595983589697 1.000092499448187 1.517996457320932 231.5261066669726 0.07048298970760335
0.0532 6375.629710026785 1.000092118950747 1.517903643221946 231.3068848258989 0.06887425177413885
0.0533 6375.663495983313 1.000091739119741 1.517810803949964 231.0872761084673 0.0672961856159124
0.0534 6375.697341476902 1.000091359956369 1.517717939567058 230.8672804001384 0.06574834098075799
0.05350000000000001 6375.73124652514 1.000090981461838 1.517625050134949 230.6468975865913 0.06423027164581259
0.0536 6375.765211145575 1.000090603637357 1.517532135715002 230.4261275537596 0.06274153542445854
0.0537 6375.799235355727 1.000090226484139 1.517439196368241 230.2049701877776 0.06128169417190628
0.0538 6375.833319173071 1.0000898500034 1.517346232155325 229.9834253750399 0.0598503137907933
0.0539 6375.867462615053 1.000089474196362 1.517253243136578 229.761493002154 0.05844696423532737
0.054 6375.901665699083 1.000089099064251 1.517160229371962 229.5391729559636 0.05707121951516652
0.0541 6375.935928442534 1.000088724608295 1.517067190921125 229.3164651235314 0.0557226576983017
0.05420000000000001 6375.970250862746 1.000088350829729 1.516974127843322 229.0933693921505 0.05440086091340075
0.0543 6376.004632977026 1.000087977729789 1.516881040197517 228.8698856493328 0.05310541535128812
0.0544 6376.039074802644 1.000087605309718 1.516787928042304 228.6460137828147 0.0518359112658185
0.0545 6376.073576356838 1.000087233570762 1.516694791435934 228.4217536805517 0.05059194297397292
0.0546 6376.108137656812 1.000086862514171 1.516601630436333 228.1971052307234 0.04937310885531974
0.05470000000000001 6376.142758719735 1.000086492141201 1.516508445101087 227.9720683217228 0.04817901135068275
0.0548 6376.177439562745 1.000086122453109 1.516415235487448 227.7466428421552 0.04700925696018732
0.0549 6376.212180202946 1.00008575345116 1.516322001652322 227.520828680851 0.04586345624068235
0.055 6376.246980657408 1.00008538513662 1.516228743652309 227.2946257268471 0.04474122380233209
0.0551 6376.281840943171 1.000085017510763 1.516135461543663 227.0680338693877 0.04364217830463375
0.05520000000000001 6376.31676107724 1.000084650574864 1.516042155382311 226.8410529979413 0.0425659424518544
0.0553 6376.351741076589 1.000084284330204 1.515948825223851 226.6136830021718 0.04151214298758303
0.0554 6376.386780958159 1.000083918778067 1.515855471123572 226.3859237719674 0.04048041068891534
0.0555 6376.42188073886 1.000083553919745 1.515762093136432 226.1577751974118 0.03947038035971916
0.0556 6376.457040435571 1.000083189756529 1.515668691317062 225.9292371687892 0.03848169082343342
0.0557 6376.492260065138 1.000082826289719 1.515575265719796 225.700309576603 0.03751398491528483
0.0558 6376.527539644378 1.000082463520616 1.515481816398629 225.4709923115455 0.03656690947367995
0.05590000000000001 6376.562879190075 1.000082101450528 1.515388343407247 225.2412852645101 0.03564011533116601
0.056 6376.598278718984 1.000081740080764 1.515294846799046 225.011188326603 0.03473325730477953
0.0561 6376.633738247829 1.000081379412641 1.515201326627087 224.7807013891137 0.0338459941856328
0.0562 6376.669257793301 1.000081019447477 1.515107782944136 224.5498243435444 0.03297798872814627
0.0563 6376.704837372064 1.000080660186597 1.515014215802664 224.3185570815866 0.03212890763849021
0.05640000000000001 6376.740477000751 1.000080301631328 1.514920625254815 224.086899495121 0.03129842156254842
0.0565 6376.776176695964 1.000079943783002 1.514827011352465 223.854851476235 0.03048620507337758
0.0566 6376.811936474278 1.000079586642955 1.514733374147166 223.6224129171936 0.02969193665794062
0.0567 6376.847756352237 1.000079230212528 1.514639713690176 223.3895837104627 0.0289152987034807
0.0568 6376.883636346355 1.000078874493064 1.514546030032482 223.1563637486914 0.0281559774832101
0.05690000000000001 6376.919576473119 1.000078519485912 1.514452323224759 222.922752924724 0.02741366314156806
0.057 6376.955576748986 1.000078165192424 1.514358593317411 222.6887511315939 0.02668804967889524
0.0571 6376.991637190383 1.000077811613954 1.514264840360549 222.4543582625118 0.02597883493557846
0.0572 6377.027757813711 1.000077458751865 1.514171064403998 222.2195742108778 0.02528572057576363
0.0573 6377.06393863534 1.000077106607519 1.514077265497309 221.9843988702868 0.02460841207054888
0.0574 6377.100179671616 1.000076755182282 1.513983443689761 221.7488321344935 0.02394661868057276
0.0575 6377.136480938853 1.000076404477528 1.513889599030345 221.5128738974535 0.02330005343834525
0.05760000000000001 6377.17284245334 1.000076054494629 1.513795731567787 221.276524053288 0.02266843312988856
0.0577 6377.209264231336 1.000075705234963 1.513701841350555 221.0397824963133 0.02205147827609851
0.0578 6377.245746289075 1.000075356699914 1.513607928426829 220.8026491210111 0.02144891311349345
0.0579 6377.282288642761 1.000075008890865 1.513513992844537 220.5651238220524 0.02086046557466182
0.058 6377.318891308573 1.000074661809204 1.51342003465135 220.3272064942738 0.02028586726815451
0.05810000000000001 6377.355554302663 1.000074315456323 1.513326053894684 220.088897032689 0.01972485345804337
0.0582 6377.392277641156 1.000073969833617 1.513232050621685 219.8501953324834 0.0191771630430206
0.0583 6377.429061340151 1.000073624942484 1.513138024879257 219.6111012890195 0.01864253853512013
0.0584 6377.465905415719 1.000073280784323 1.513043976714059 219.3716147978256 0.01812072603800263
0.0585 6377.502809883906 1.000072937360539 1.512949906172488 219.131735754613 0.01761147522491943
0.05860000000000001 6377.539774760729 1.000072594672538 1.512855813300716 218.8914640552588 0.01711453931622069
0.0587 6377.576800062186 1.000072252721729 1.512761698144666 218.6507995957935 0.01662967505651317
0.05880000000000001 6377.613885804241 1.000071911509524 1.51266756075002 218.4097422724311 0.01615664269154339
0.0589 6377.651032002839 1.000071571037338 1.512573401162236 218.1682919815452 0.01569520594462199
0.059 6377.688238673894 1.000071231306586 1.512479219426531 217.9264486196865 0.01524513199279233
0.0591 6377.7255058333 1.000070892318688 1.5123850155879 217.684212083548 0.01480619144256867
0.0592 6377.762833496923 1.000070554075065 1.512290789691101 217.4415822699997 0.0143781583054879
0.05930000000000001 6377.800221680603 1.000070216577142 1.512196541780682 217.1985590760831 0.01396080997327042
0.0594 6377.837670400156 1.000069879826341 1.512102271900976 216.9551423989877 0.01355392719265232
0.0595 6377.875179671374 1.000069543824093 1.512007980096085 216.7113321360683 0.01315729403999925
0.0596 6377.912749510026 1.000069208571824 1.511913666409907 216.4671281848335 0.01277069789558719
0.0597 6377.950379931852 1.000068874070967 1.511819330886129 216.2225304429634 0.01239392941765907
0.05980000000000001 6377.988070952571 1.000068540322954 1.511724973568221 215.9775388082916 0.0120267825161618
0.0599 6378.025822587877 1.000068207329218 1.511630594499474 215.7321531787996 0.01166905432625165
0.06 6378.063634853439 1.000067875091194 1.511536193722957 215.4863734526465 0.01132054518160701
0.0601 6378.101507764904 1.000067543610319 1.511441771281546 215.240199528121 0.01098105858739574
0.0602 6378.139441337894 1.00006721288803 1.511347327217929 214.9936313036895 0.01065040119315391
0.0603 6378.177435588007 1.000066882925765 1.511252861574599 214.7466686779543 0.01032838276532505
0.0604 6378.215490530819 1.000066553724964 1.511158374393857 214.4993115496771 0.0100148161596841
0.06050000000000001 6378.25360618188 1.000066225287067 1.511063865717819 214.2515598177796 0.009709517293531483
0.0606 6378.291782556719 1.000065897613514 1.510969335588436 214.003413381325 0.009412305117679742
0.0607 6378.330019670841 1.000065570705745 1.510874784047469 213.7548721395364 0.00912300158830706
0.0608 6378.368317539726 1.000065244565203 1.51078021113649 213.5059359917785 0.008841431638599807
0.0609 6378.406676178835 1.000064919193327 1.510685616896928 213.2566048375701 0.008567423150271883
0.06100000000000001 6378.445095603603 1.00006459459156 1.510591001370017 213.0068785765774 0.008300806924913782
0.0611 6378.483575829444 1.000064270761343 1.510496364596846 212.7567571086146 0.008041416655208473
0.0612 6378.522116871747 1.000063947704116 1.510401706618328 212.5062403336436 0.007789088896016394
0.0613 6378.560718745881 1.000063625421321 1.510307027475223 212.2553281517743 0.00754366303533832
0.0614 6378.599381467192 1.000063303914397 1.510212327208136 212.0040204632522 0.00730498126515437
0.06150000000000001 6378.638105051002 1.000062983184783 1.510117605857514 211.7523171684887 0.007072888552198605
0.0616 6378.676889512612 1.000062663233918 1.510022863463659 211.5002181680192 0.006847232608571262
0.0617 6378.715734867304 1.00006234406324 1.509928100066726 211.2477233625267 0.006627863862327086
0.0618 6378.754641130331 1.000062025674185 1.509833315706728 210.9948326528482 0.006414635427967848
0.0619 6378.793608316929 1.000061708068188 1.509738510423539 210.7415459399625 0.006207403076851115
0.062 6378.83263644231 1.000061391246682 1.509643684256892 210.4878631249843 0.006006025207545379
0.0621 6378.871725521666 1.000061075211099 1.509548837246388 210.2337841091702 0.005810362816143729
0.06220000000000001 6378.910875570167 1.000060759962871 1.509453969431506 209.9793087939128 0.005620279466524877
0.0623 6378.950086602961 1.000060445503424 1.509359080851583 209.7244370807524 0.005435641260593246
0.0624 6378.989358635174 1.000060131834187 1.509264171545838 209.4691688713714 0.005256316808479073
0.0625 6379.02869168191 1.000059818956581 1.509169241553389 209.2135040675879 0.005082177198721395
0.0626 6379.068085758253 1.000059506872031 1.509074290913202 208.9574425713562 0.004913095968445887
0.06270000000000001 6379.107540879265 1.000059195581954 1.508979319664157 208.7009842847782 0.004748949073548467
0.06280000000000001 6379.147057059988 1.000058885087767 1.508884327844999 208.4441291100801 0.004589614858862228
0.0629 6379.18663431544 1.000058575390883 1.508789315494393 208.1868769496417 0.004434974028372774
0.063 6379.226272660621 1.000058266492715 1.50869428265087 207.9292277059611 0.004284909615414917
0.0631 6379.265972110509 1.000057958394668 1.508599229352887 207.6711812816901 0.004139306952942491
0.06320000000000001 6379.30573268006 1.000057651098148 1.508504155638775 207.4127375796105 0.00399805364379978
0.06330000000000001 6379.34555438421 1.000057344604554 1.508409061546788 207.1538965026342 0.003861039531052597
0.0634 6379.385437237875 1.000057038915284 1.508313947115084 206.894657953815 0.003728156668377549
0.0635 6379.425381255948 1.000056734031731 1.508218812381725 206.6350218363367 0.003599299290497983
0.0636 6379.465386453305 1.000056429955285 1.508123657384696 206.3749880535191 0.003474363783696208
0.06370000000000001 6379.505452844796 1.000056126687329 1.508028482161888 206.114556508824 0.003353248656398837
0.06380000000000001 6379.545580445256 1.000055824229245 1.50793328675112 205.853727105837 0.00323585450983188
0.0639 6379.585769269495 1.000055522582409 1.50783807119013 205.5924997482801 0.003122084008777544
0.064 6379.626019332307 1.000055221748193 1.507742835516579 205.3308743400052 0.003011841852416999
0.0641 6379.666330648461 1.000054921727963 1.507647579768069 205.0688507850058 0.002905034745281552
0.06420000000000001 6379.706703232708 1.00005462252308 1.507552303982117 204.8064289874 0.002801571368298826
0.06430000000000001 6379.747137099776 1.000054324134903 1.507457008196182 204.5436088514533 0.002701362349969648
0.0644 6379.787632264379 1.000054026564781 1.507361692447659 204.280390281538 0.0026043202376395
0.0645 6379.828188741205 1.000053729814061 1.507266356773886 204.0167731821679 0.002510359468926232
0.0646 6379.868806544923 1.000053433884082 1.507171001212141 203.7527574579989 0.0024193963432652
0.06470000000000001 6379.909485690183 1.000053138776179 1.507075625799646 203.488343013811 0.002331348993586791
0.0648 6379.950226191614 1.000052844491679 1.506980230573587 203.2235297545084 0.002246137358144528
0.0649 6379.991028063824 1.000052551031906 1.506884815571074 202.9583175851429 0.002163683152499911
0.065 6380.031891321404 1.000052258398175 1.506789380829197 202.692706410873 0.002083909841641436
0.06510000000000001 6380.072815978922 1.000051966591795 1.506693926384986 202.4266961370048 0.002006742612290194
0.06520000000000001 6380.113802050927 1.000051675614068 1.506598452275442 202.1602866689744 0.001932108345352266
0.0653 6380.154849551947 1.00005138546629 1.506502958537526 201.8934779123423 0.001859935588546035
0.0654 6380.195958496492 1.000051096149751 1.506407445208154 201.6262697727988 0.001790154529208608
0.0655 6380.237128899051 1.00005080766573 1.506311912324228 201.3586621561702 0.001722696967282488
0.06560000000000001 6380.278360774092 1.000050520015504 1.506216359922613 201.0906549684013 0.001657496288481571
0.06570000000000001 6380.319654136065 1.000050233200338 1.506120788040129 200.8222481155784 0.001594487437657542
0.0658 6380.361008999399 1.000049947221491 1.506025196713605 200.5534415039064 0.001533606892348909
0.0659 6380.402425378505 1.000049662080214 1.50592958597983 200.2842350397199 0.001474792636537534
0.066 6380.44390328777 1.000049377777752 1.50583395587557 200.0146286294956 0.001417984134607481
0.06610000000000001 6380.485442741565 1.000049094315338 1.505738306437587 199.7446221798285 0.001363122305503237
0.06620000000000001 6380.52704375424 1.000048811694199 1.505642637702612 199.4742155974376 0.001310149497105579
0.0663 6380.568706340126 1.000048529915553 1.505546949707382 199.2034087891838 0.001259009460824061
0.0664 6380.610430513531 1.000048248980611 1.505451242488618 198.9322016620462 0.001209647326399707
0.0665 6380.652216288747 1.000047968890572 1.505355516083032 198.6605941231459 0.001162009576938726
0.06660000000000001 6380.694063680045 1.000047689646629 1.505259770527339 198.3885860797103 0.001116044024160769
0.06670000000000001 6380.735972701675 1.000047411249963 1.505164005858239 198.1161774391147 0.001071699783889328
0.0668 6380.777943367868 1.000047133701749 1.505068222112449 197.8433681088585 0.001028927251762286
0.0669 6380.819975692835 1.000046857003149 1.504972419326683 197.5701579965711 0.0009876780791823528
0.067 6380.862069690769 1.000046581155318 1.504876597537643 197.2965470100002 0.0009479051495022879
0.06710000000000001 6380.904225375841 1.0000463061594 1.504780756782068 197.0225350570353 0.0009095625544556217
0.06720000000000001 6380.946442762202 1.000046032016531 1.504684897096686 196.7481220456842 0.000872605570823195
0.0673 6380.988721863985 1.000045758727833 1.504589018518242 196.4733078840967 0.000836990637351765
0.0674 6381.031062695301 1.000045486294421 1.50449312108349 196.1980924805406 0.0008026753319137234
0.0675 6381.073465270245 1.000045214717399 1.504397204829218 195.922475743408 0.0007696183489208487
0.06760000000000001 6381.115929602888 1.00004494399786 1.504301269792212 195.6464575812269 0.0007377794769903962
0.06770000000000001 6381.158455707283 1.000044674136886 1.504205316009288 195.3700379026612 0.000707119576863456
0.0678 6381.201043597463 1.000044405135549 1.50410934351728 195.0932166164934 0.0006776005595771058
0.0679 6381.24369328744 1.000044136994909 1.504013352353051 194.8159936316414 0.0006491853648979043
0.068 6381.286404791209 1.000043869716015 1.503917342553487 194.5383688571418 0.0006218379400104203
0.06810000000000001 6381.329178122742 1.000043603299906 1.503821314155507 194.2603422021788 0.0005955232184708809
0.0682 6381.372013295992 1.000043337747608 1.503725267196047 193.9819135760489 0.0005702070994159794
0.0683 6381.414910324895 1.000043073060136 1.503629201712102 193.7030828881847 0.0005458564270403528
0.0684 6381.457869223362 1.000042809238493 1.503533117740665 193.4238500481487 0.0005224389703349703
0.06850000000000001 6381.500890005287 1.00004254628367 1.503437015318791 193.1442149656335 0.00049992340309094
0.06860000000000001 6381.543972684544 1.000042284196647 1.503340894483572 192.8641775504619 0.0004782792841689388
0.0687 6381.587117274986 1.000042022978391 1.503244755272122 192.5837377125926 0.0004574770380354085
0.0688 6381.630323790447 1.000041762629856 1.503148597721615 192.3028953620964 0.000437487935563499
0.0689 6381.673592244741 1.000041503151985 1.503052421869255 192.0216504091862 0.0004182840751053587
0.06900000000000001 6381.716922651659 1.000041244545707 1.502956227752298 191.7400027642169 0.0003998383638297588
0.06910000000000001 6381.760315024976 1.00004098681194 1.502860015408043 191.4579523376555 0.000382124499325885
0.0692 6381.803769378445 1.000040729951586 1.502763784873837 191.1754990401049 0.0003651169514788348
0.0693 6381.847285725798 1.000040473965539 1.502667536187074 190.8926427823102 0.0003487909446118655
0.0694 6381.890864080749 1.000040218854674 1.50257126938521 190.6093834751345 0.0003331224398949872
0.06950000000000001 6381.934504456987 1.000039964619858 1.502474984505736 190.3257210295827 0.0003180881180241909
0.06960000000000001 6381.978206868188 1.000039711261941 1.502378681586214 190.0416553567783 0.0003036653621655199
0.0697 6382.021971328002 1.000039458781761 1.502282360664249 189.7571863679863 0.0002898322411688443
