0 6365.5 1.00036579790706 1.561982832951346 297.15 23.5774513867759
0.0001 6365.505642207266 1.000365500720036 1.561916223677192 297.1217889636713 23.53752692761088
0.0002 6365.511326823098 1.000365201560643 1.561849586173168 297.09336588451 23.49736209532639
0.0003 6365.517053865631 1.000364900433573 1.561782920231663 297.0647306718441 23.45695802740132
0.0004 6365.522823353134 1.000364597343549 1.561716225645853 297.0358832343285 23.41631586782026
0.0005 6365.52863530401 1.000364292295324 1.561649502209675 297.0068234799495 23.37543676704137
0.0006000000000000001 6365.534489736792 1.000363985293682 1.56158274971776 296.9775513160388 23.33432188197649
0.0007 6365.540386670147 1.000363676343434 1.561515967965472 296.948066649264 23.29297237593919
0.0008 6365.546326122873 1.000363365449425 1.561449156748972 296.9183693856334 23.25138941861154
0.0009000000000000001 6365.5523081139 1.000363052616527 1.561382315865068 296.8884594305003 23.2095741860108
0.001 6365.558332662287 1.000362737849643 1.561315445111291 296.8583366885636 23.16752786044927
0.0011 6365.564399787224 1.000362421153706 1.561248544285933 296.8280010638804 23.12525163051298
0.0012 6365.570509508032 1.000362102533676 1.561181613187992 296.7974524598397 23.08274669098305
0.0013 6365.576661844159 1.000361781994548 1.561114651617147 296.766690779203 23.04001424285178
0.0014 6365.582856815186 1.00036145954134 1.561047659373769 296.7357159240722 22.99705549323716
0.0015 6365.589094440817 1.000361135179105 1.560980636258986 296.7045277959172 22.95387165537941
0.0016 6365.595374740888 1.000360808912923 1.560913582074561 296.6731262955622 22.91046394858021
0.0017 6365.60169773536 1.000360480747902 1.560846496623014 296.6415113231991 22.86683359817965
0.0018 6365.608063444325 1.000360150689181 1.560779379707575 296.6096827783743 22.82298183549507
0.0019 6365.614471887998 1.000359818741929 1.560712231132028 296.5776405600112 22.77890989780997
0.002 6365.620923086721 1.000359484911341 1.560645050701014 296.5453845663964 22.73461902831224
0.0021 6365.627417060962 1.000359149202644 1.560577838219749 296.5129146951889 22.69011047606371
0.0022 6365.633953831316 1.000358811621092 1.560510593494237 296.4802308434204 22.6453854959567
0.0023 6365.6405334185 1.000358472171969 1.560443316331078 296.4473329074993 22.60044534867667
0.0024 6365.647155843359 1.000358130860586 1.560376006537554 296.4142207832068 22.55529130065204
0.0025 6365.653821126859 1.000357787692286 1.560308663921727 296.3808943657053 22.50992462402255
0.0026 6365.66052929009 1.000357442672436 1.560241288292188 296.3473535495481 22.46434659660704
0.0027 6365.667280354269 1.000357095806436 1.560173879458382 296.3135982286561 22.41855850182789
0.0028 6365.674074340731 1.00035674709971 1.560106437230298 296.2796282963458 22.37256162870316
0.0029 6365.680911270935 1.000356396557714 1.560038961418668 296.2454436453239 22.32635727179506
0.003 6365.687791166463 1.00035604418593 1.559971451834876 296.2110441676836 22.2799467311583
0.0031 6365.694714049018 1.00035568998987 1.55990390829096 296.1764297549083 22.2333313123005
0.0032 6365.701679940424 1.000355333975072 1.559836330599705 296.1416002978816 22.18651232614838
0.0033 6365.708688862625 1.000354976147102 1.559768718574515 296.1065556868729 22.13949108898307
0.0034 6365.715740837687 1.000354616511556 1.559701072029489 296.0712958115649 22.09226892243025
0.0035 6365.722835887794 1.000354255074056 1.559633390779365 296.0358205610313 22.04484715338271
0.0036 6365.729974035249 1.000353891840251 1.559565674639638 296.0001298237543 21.99722711397764
0.0037 6365.737155302477 1.00035352681582 1.5594979234264 295.9642234876159 21.94941014153717
0.0038 6365.744379712017 1.000353160006467 1.559430136956425 295.9281014399161 21.90139757854485
0.0039 6365.75164728653 1.000352791417925 1.559362315047239 295.89176356735 21.85319077256759
0.004 6365.758958048795 1.000352421055953 1.559294457516932 295.8552097560263 21.80479107623176
0.0041 6365.766312021704 1.000352048926338 1.559226564184339 295.8184398914804 21.75619984719274
0.004200000000000001 6365.77370922827 1.000351675034894 1.559158634869004 295.7814538586521 21.70741844805614
0.0043 6365.781149691619 1.000351299387461 1.559090669390976 295.7442515419037 21.65844824635299
0.0044 6365.788633434998 1.000350921989908 1.559022667571205 295.706832825011 21.60929061447853
0.004500000000000001 6365.796160481764 1.000350542848129 1.558954629231211 295.6691975911812 21.55994692966672
0.0046 6365.803730855393 1.000350161968045 1.558886554193112 295.6313457230348 21.51041857391662
0.0047 6365.811344579473 1.000349779355602 1.558818442279882 295.5932771026331 21.46070693397827
0.0048 6365.819001677709 1.000349395016776 1.558750293315044 295.5549916114554 21.4108134012726
0.0049 6365.826702173918 1.000349008957567 1.558682107122826 295.5164891304124 21.36073937185896
0.005 6365.834446092029 1.000348621184 1.558613883528158 295.4777695398556 21.31048624639612
0.0051 6365.842233456087 1.00034823170213 1.558545622356626 295.4388327195633 21.26005543007363
0.005200000000000001 6365.85006429025 1.000347840518034 1.558477323434517 295.3996785487501 21.20944833257244
0.0053 6365.857938618785 1.000347447637818 1.55840898658876 295.3603069060758 21.1586663680252
0.0054 6365.865856466072 1.000347053067611 1.558340611647087 295.3207176696409 21.10771095495867
0.005500000000000001 6365.873817856603 1.000346656813569 1.558272198437769 295.2809107169863 21.05658351624173
0.0056 6365.88182281498 1.000346258881874 1.558203746789814 295.2408859250985 21.00528547903911
0.0057 6365.889871365917 1.000345859278734 1.55813525653293 295.2006431704134 20.9538182747648
0.0058 6365.897963534237 1.000345458010379 1.558066727497546 295.1601823288169 20.9021833390293
0.0059 6365.90609934487 1.000345055083068 1.557998159514741 295.119503275649 20.8503821115925
0.006 6365.914278822859 1.000344650503084 1.557929552416231 295.0786058857042 20.79841603631057
0.0061 6365.922501993354 1.000344244276734 1.557860906034546 295.0374900332312 20.74628656108248
0.006200000000000001 6365.930768881612 1.000343836410351 1.557792220202824 294.9961555919375 20.69399513780222
0.0063 6365.939079513001 1.000343426910291 1.55772349475489 294.9546024349942 20.64154322231061
0.0064 6365.947433912994 1.000343015782936 1.557654729525313 294.912830435031 20.58893227433546
0.006500000000000001 6365.955832107171 1.000342603034694 1.557585924349319 294.8708394641457 20.53616375744874
0.0066 6365.964274121219 1.000342188671995 1.557517079062847 294.828629393904 20.4832391390119
0.0067 6365.972759980931 1.000341772701292 1.557448193502565 294.786200095344 20.43015989012682
0.0068 6365.981289712206 1.000341355129066 1.557379267505795 294.7435514389675 20.37692748556937
0.006900000000000001 6365.989863341048 1.000340935961819 1.557310300910618 294.7006832947576 20.32354340375681
0.007 6365.998480893566 1.000340515206079 1.557241293555696 294.6575955321699 20.27000912668105
0.0071 6366.007142395972 1.000340092868396 1.557172245280564 294.6142880201418 20.21632613986413
0.007200000000000001 6366.015847874581 1.000339668955344 1.557103155925365 294.5707606270965 20.16249593230789
0.0073 6366.024597355815 1.000339243473521 1.557034025330961 294.5270132209256 20.10851999641531
0.0074 6366.033390866197 1.000338816429548 1.556964853338918 294.4830456690155 20.05439982796788
0.007500000000000001 6366.042228432351 1.000338387830069 1.556895639791551 294.4388578382435 20.00013692606323
0.0076 6366.051110081006 1.000337957681753 1.55682638453182 294.3944495949685 19.94573279304716
0.0077 6366.060035838991 1.000337525991288 1.556757087403511 294.3498208050445 19.89118893447332
0.007800000000000001 6366.069005733236 1.00033709276539 1.556687748251 294.3049713338208 19.83650685904599
0.007900000000000001 6366.078019790772 1.000336658010792 1.556618366919468 294.2599010461421 19.78168807856241
0.008 6366.087078038729 1.000336221734255 1.55654894325478 294.2146098063525 19.7267341078608
0.0081 6366.096180504341 1.000335783942558 1.556479477103531 294.1690974782963 19.67164646476228
0.008200000000000001 6366.105327214936 1.000335344642505 1.556409968313053 294.1233639253218 19.61642667001836
0.0083 6366.114518197943 1.000334903840921 1.556340416731359 294.0774090102863 19.56107624725802
0.008400000000000001 6366.123753480891 1.000334461544654 1.556270822207217 294.0312325955468 19.50559672291816
0.008500000000000001 6366.133033091404 1.000334017760573 1.556201184590148 293.9848345429785 19.44998962620689
0.0086 6366.142357057208 1.000333572495568 1.556131503730412 293.9382147139607 19.39425648902804
0.008700000000000001 6366.15172540612 1.000333125756552 1.556061779478872 293.8913729693999 19.33839884594929
0.008800000000000001 6366.161138166059 1.00033267755046 1.555992011687271 293.8443091697067 19.28241823411561
0.0089 6366.170595365037 1.000332227884246 1.555922200208046 293.7970231748144 19.22631619321145
0.009000000000000001 6366.180097031164 1.000331776764887 1.555852344894327 293.7495148441789 19.17009426540097
0.0091 6366.189643192643 1.00033132419938 1.555782445600043 293.7017840367874 19.1137539952788
0.0092 6366.199233877772 1.000330870194743 1.555712502179813 293.653830611141 19.05729692978839
0.009300000000000001 6366.208869114944 1.000330414758016 1.555642514489055 293.6056544252809 19.00072461819394
0.0094 6366.218548932646 1.000329957896258 1.555572482383845 293.5572553367714 18.94403861199836
0.0095 6366.228273359457 1.000329499616548 1.555502405721122 293.5086332027125 18.88724046489868
0.009600000000000001 6366.238042424052 1.000329039925988 1.555432284358441 293.4597878797407 18.8303317327251
0.0097 6366.247856155193 1.000328578831697 1.555362118154186 293.410719224033 18.77331397338517
0.0098 6366.257714581741 1.000328116340816 1.5552919069675 293.3614270912934 18.71618874678678
0.009900000000000001 6366.267617732642 1.000327652460505 1.555221650658233 293.3119113367896 18.65895761481886
0.01 6366.277565636938 1.000327187197944 1.555151349087025 293.2621718153117 18.60162214124241
0.0101 6366.287558323756 1.000326720560331 1.555081002115241 293.2122083812177 18.54418389168123
0.0102 6366.297595822319 1.000326252554886 1.555010609605061 293.1620208884063 18.48664443352845
0.0103 6366.307678161935 1.000325783188847 1.554940171419335 293.1116091903262 18.42900533589495
0.0104 6366.317805372003 1.000325312469469 1.554869687421755 293.0609731399849 18.37126816955739
0.0105 6366.32797748201 1.000324840404029 1.554799157476766 293.0101125899486 18.31343450689579
0.0106 6366.338194521532 1.000324366999822 1.554728581449524 292.959027392338 18.25550592182569
0.0107 6366.348456520233 1.00032389226416 1.554657959205973 292.9077173988329 18.19748398974054
0.0108 6366.358763507863 1.000323416204375 1.554587290612901 292.8561824606853 18.13937028746428
0.0109 6366.369115514257 1.000322938827815 1.554516575537751 292.8044224287154 18.08116639318289
0.011 6366.37951256934 1.00032246014185 1.554445813848821 292.7524371532976 18.02287388636595
0.0111 6366.389954703121 1.000321980153864 1.554375005415154 292.7002264843971 17.964494347744
0.0112 6366.400441945692 1.000321498871261 1.554304150106552 292.6477902715382 17.9060293592093
0.0113 6366.410974327235 1.000321016301461 1.554233247793613 292.5951283638263 17.8474805037776
0.0114 6366.42155187801 1.000320532451903 1.554162298347722 292.5422406099491 17.78884936552419
0.0115 6366.432174628365 1.000320047330043 1.554091301641049 292.4891268581754 17.73013752951989
0.0116 6366.44284260873 1.000319560943352 1.55402025754653 292.4357869563513 17.67134658176194
0.0117 6366.453555849616 1.000319073299321 1.553949165937888 292.3822207519182 17.61247810912971
0.0118 6366.46431438162 1.000318584405456 1.553878026689625 292.3284280918991 17.55353369930533
0.0119 6366.475118235418 1.000318094269279 1.553806839677075 292.2744088229077 17.49451494071913
0.012 6366.485967441768 1.00031760289833 1.553735604776282 292.2201627911621 17.43542342249983
0.0121 6366.496862031508 1.000317110300163 1.553664321864165 292.1656898424575 17.37626073438002
0.0122 6366.50780203556 1.000316616482351 1.553592990818385 292.1109898222024 17.31702846667084
0.0123 6366.518787484919 1.000316121452481 1.553521611517411 292.0560625754055 17.25772821018202
0.0124 6366.529818410664 1.000315625218155 1.553450183840534 292.0009079466794 17.19836155616164
0.0125 6366.540894843953 1.000315127786993 1.553378707667793 291.9455257802368 17.13893009622593
0.0126 6366.55201681602 1.000314629166627 1.553307182880084 291.8899159198994 17.07943542230376
0.0127 6366.563184358179 1.000314129364708 1.553235609359068 291.8340782091067 17.01987912658076
0.0128 6366.574397501819 1.000313628388898 1.553163986987191 291.7780124909071 16.960262801424
0.0129 6366.585656278406 1.000313126246877 1.553092315647786 291.7217186079719 16.90058803933073
0.013 6366.596960719485 1.000312622946338 1.553020595224886 291.6651964025763 16.84085643284332
0.0131 6366.608310856675 1.000312118494989 1.552948825603411 291.6084457166274 16.78106957451227
0.0132 6366.619706721667 1.000311612900552 1.552877006669099 291.5514663916641 16.72122905682999
0.0133 6366.631148346232 1.000311106170763 1.552805138308402 291.4942582688385 16.66133647214558
0.0134 6366.642635762213 1.000310598313373 1.552733220408691 291.4368211889345 16.60139341261782
0.0135 6366.654169001526 1.000310089336144 1.552661252858117 291.3791549923675 16.54140147014878
0.0136 6366.665748096162 1.000309579246854 1.552589235545642 291.3212595191893 16.48136223632219
0.0137 6366.677373078182 1.000309068053295 1.552517168361009 291.2631346090878 16.42127730233694
0.0138 6366.689043979722 1.000308555763268 1.552445051194902 291.2047801013917 16.36114825894525
0.0139 6366.700760832987 1.000308042384592 1.552372883938673 291.1461958350659 16.30097669638135
0.014 6366.712523670255 1.000307527925096 1.552300666484593 291.087381648725 16.24076420430883
0.0141 6366.724332523873 1.000307012392621 1.552228398725736 291.0283373806336 16.18051237175382
0.0142 6366.736187426261 1.000306495795023 1.552156080556018 290.9690628686971 16.12022278702888
0.0143 6366.748088409904 1.000305978140168 1.552083711870134 290.9095579504796 16.05989703768466
0.0144 6366.76003550736 1.000305459435933 1.552011292563682 290.8498224631998 15.99953671043827
0.0145 6366.772028751255 1.000304939690211 1.551938822533032 290.7898562437261 15.93914339110172
0.0146 6366.784068174281 1.000304418910902 1.551866301675395 290.7296591285952 15.87871866453322
0.0147 6366.796153809199 1.000303897105921 1.551793729888828 290.669230954007 15.81826411456538
0.0148 6366.808285688835 1.000303374283192 1.551721107072248 290.6085715558251 15.75778132393807
0.0149 6366.820463846085 1.00030285045065 1.551648433125381 290.5476807695762 15.69727187423125
0.015 6366.832688313907 1.000302325616244 1.55157570794875 290.4865584304647 15.63673734581129
0.0151 6366.844959125327 1.000301799787928 1.551502931443812 290.4252043733626 15.57617931775463
0.0152 6366.857276313436 1.000301272973672 1.551430103512796 290.3636184328192 15.5155993677895
0.0153 6366.869639911386 1.000300745181453 1.551357224058787 290.30180044307 15.45499907223745
0.0154 6366.882049952396 1.000300216419258 1.551284292985722 290.2397502380185 15.39438000592812
0.0155 6366.894506469748 1.000299686695087 1.551211310198395 290.177467651259 15.3337437421542
0.0156 6366.907009496786 1.000299156016945 1.551138275602418 290.1149525160721 15.27309185259944
0.0157 6366.919559066914 1.00029862439285 1.551065189104294 290.052204665429 15.21242590727572
0.0158 6366.932155213602 1.000298091830829 1.550992050611327 289.9892239319919 15.15174747445547
0.0159 6366.944797970377 1.000297558338915 1.550918860031698 289.9260101481135 15.09105812060437
0.016 6366.95748737083 1.000297023925153 1.550845617274449 289.8625631458511 15.03035941032689
0.0161 6366.970223448609 1.000296488597595 1.55077232224943 289.7988827569528 14.96965290628579
0.0162 6366.983006237425 1.000295952364302 1.550698974867431 289.7349688128755 14.90894016915205
0.0163 6366.995835771044 1.000295415233344 1.550625575040009 289.6708211447807 14.84822275753307
0.0164 6367.008712083293 1.000294877212797 1.550552122679617 289.6064395835341 14.78750222790519
0.0165 6367.021635208056 1.000294338310747 1.550478617699578 289.5418239597196 14.72678013455914
0.0166 6367.034605179275 1.000293798535285 1.550405060014067 289.4769741036256 14.66605802951982
0.0167 6367.047622030947 1.000293257894511 1.55033144953811 289.4118898452629 14.60533746249593
0.0168 6367.060685797128 1.000292716396533 1.550257786187595 289.3465710143604 14.54461998080832
0.0169 6367.073796511927 1.000292174049465 1.550184069879279 289.2810174403652 14.4839071293227
0.017 6367.08695420951 1.000291630861427 1.550110300530785 289.2152289524514 14.42320045039071
0.0171 6367.100158924096 1.000291086840547 1.550036478060623 289.1492053795204 14.36250148378268
0.0172 6367.113410689961 1.000290541994957 1.54996260238812 289.082946550196 14.3018117666162
0.0173 6367.126709541431 1.000289996332797 1.549888673433532 289.0164522928475 14.24113283330981
0.0174 6367.140055512886 1.000289449862214 1.549814691117903 288.9497224355713 14.1804662154991
0.0175 6367.15344863876 1.000288902591358 1.549740655363217 288.8827568062001 14.11981344197803
0.0176 6367.166888953538 1.000288354528385 1.549666566092326 288.8155552323118 14.05917603864011
0.0177 6367.180376491756 1.000287805681459 1.549592423228913 288.7481175412207 13.99855552840321
0.0178 6367.193911288 1.000287256058744 1.549518226697576 288.6804435600001 13.93795343116308
0.0179 6367.207493376908 1.000286705668414 1.549443976423757 288.6125331154593 13.87737126370607
0.018 6367.221122793167 1.000286154518644 1.54936967233379 288.5443860341669 13.81681053966277
0.0181 6367.234799571512 1.000285602617615 1.549295314354847 288.4760021424412 13.75627276943314
0.0182 6367.248523746728 1.000285049973512 1.549220902415047 288.4073812663595 13.695759460128
0.0183 6367.262295353648 1.000284496594524 1.549146436443344 288.3385232317581 13.63527211550247
0.0184 6367.276114427152 1.000283942488842 1.549071916369579 288.2694278642415 13.57481223589752
0.0185 6367.289981002166 1.000283387664664 1.548997342124441 288.2000949891684 13.51438131816166
0.0186 6367.303895113665 1.000282832130188 1.548922713639559 288.1305244316749 13.45398085560457
0.0187 6367.317856796667 1.000282275893616 1.548848030847389 288.060716016665 13.39361233792298
0.0188 6367.331866086237 1.000281718963153 1.548773293681301 287.9906695688154 13.3332772511386
0.0189 6367.345923017483 1.000281161347007 1.548698502075564 287.9203849125846 13.27297707753996
0.019 6367.360027625559 1.000280603053389 1.548623655965275 287.8498618722036 13.21271329560882
0.0191 6367.374179945662 1.00028004409051 1.548548755286457 287.7791002716898 13.15248737996609
0.0192 6367.388380013032 1.000279484466584 1.548473799976024 287.7080999348422 13.09230080130242
0.0193 6367.402627862949 1.000278924189828 1.548398789971731 287.6368606852551 13.03215502632426
0.0194 6367.41692353074 1.000278363268458 1.54832372521227 287.5653823463002 12.97205151767316
0.0195 6367.431267051768 1.000277801710694 1.548248605637208 287.4936647411581 12.91199173388741
0.0196 6367.445658461443 1.000277239524754 1.548173431186974 287.4217076927865 12.85197712931024
0.0197 6367.460097795208 1.00027667671886 1.548098201802902 287.3495110239613 12.79200915405919
0.0198 6367.47458508855 1.000276113301232 1.548022917427226 287.2770745572492 12.73208925393848
0.0199 6367.489120376996 1.000275549280092 1.547947578003055 287.2043981150213 12.67221887038582
0.02 6367.503703696108 1.00027498466366 1.547872183474398 287.1314815194577 12.61239944041172
0.0201 6367.51833508149 1.00027441946016 1.547796733786162 287.0583245925476 12.55263239653513
0.0202 6367.53301456878 1.000273853677811 1.547721228884094 286.9849271560983 12.49291916672679
0.0203 6367.547742193655 1.000273287324834 1.547645668714905 286.9112890317259 12.43326117433779
0.0204 6367.562517991825 1.000272720409449 1.547570053226162 286.837410040874 12.37365983805059
0.0205 6367.577341999041 1.000272152939875 1.547494382366328 286.7632900047951 12.31411657180072
0.0206 6367.592214251085 1.000271584924328 1.547418656084765 286.6889287445732 12.25463278473167
0.0207 6367.607134783777 1.000271016371026 1.547342874331711 286.6143260811153 12.19520988112439
0.0208 6367.622103632967 1.000270447288182 1.547267037058306 286.5394818351646 12.1358492603451
0.0209 6367.637120834542 1.000269877684008 1.547191144216631 286.4643958272912 12.07655231677516
0.021 6367.652186424419 1.000269307566714 1.547115195759577 286.3890678779065 12.01732043975928
0.0211 6367.66730043855 1.00026873694451 1.547039191640972 286.3134978072488 11.95815501353236
0.0212 6367.682462912918 1.000268165825599 1.546963131815556 286.237685435411 11.89905741717865
0.0213 6367.697673883536 1.000267594218184 1.546887016238957 286.1616305823221 11.84002902455544
0.0214 6367.712933386448 1.000267022130464 1.546810844867682 286.0853330677613 11.78107120424201
0.0215 6367.72824145773 1.000266449570635 1.546734617659136 286.0087927113485 11.72218531947095
0.0216 6367.743598133487 1.000265876546889 1.546658334571642 285.9320093325672 11.66337272808442
0.0217 6367.759003449851 1.000265303067414 1.546581995564384 285.8549827507462 11.60463478245904
0.0218 6367.774457442983 1.000264729140396 1.546505600597472 285.7777127850826 11.54597282946239
0.0219 6367.789960149074 1.000264154774014 1.546429149631916 285.7001992546278 11.48738821038197
0.022 6367.805511604341 1.000263579976444 1.5463526426296 285.6224419782969 11.4288822608718
0.0221 6367.821111845025 1.000263004755858 1.546276079553297 285.5444407748731 11.37045631089569
0.0222 6367.836760907398 1.00026242912042 1.54619946036673 285.4661954630077 11.31211168466735
0.0223 6367.852458827755 1.000261853078292 1.546122785034452 285.3877058612246 11.25384970059424
0.0224 6367.868205642416 1.00026127663763 1.546046053521964 285.3089717879205 11.19567167121818
0.0225 6367.884001387726 1.000260699806583 1.545969265795635 285.2299930613693 11.13757890315975
0.0226 6367.899846100052 1.000260122593295 1.545892421822748 285.1507694997402 11.07957269707275
0.0227 6367.915739815788 1.000259545005903 1.545815521571466 285.0713009210616 11.02165434755901
0.0228 6367.931682571347 1.000258967052541 1.545738565010847 284.9915871432662 10.96382514314356
0.0229 6367.947674403166 1.00025838874133 1.545661552110893 284.9116279841686 10.90608636619997
0.023 6367.963715347706 1.000257810080391 1.545584482842426 284.8314232614697 10.8484392928961
0.0231 6367.979805441445 1.000257231077834 1.545507357177207 284.7509727927749 10.79088519314993
0.0232 6367.995944720882 1.000256651741762 1.545430175087914 284.6702763955894 10.73342533056903
0.0233 6368.012133222539 1.000256072080272 1.545352936548066 284.5893338873051 10.67606096238425
0.0234 6368.028370982955 1.000255492101452 1.545275641532136 284.5081450852271 10.6187933394127
0.0235 6368.044658038685 1.000254911813381 1.545198290015445 284.4267098065742 10.56162370600153
0.0236 6368.06099442631 1.000254331224133 1.545120881974229 284.3450278684517 10.50455329995298
0.0237 6368.077380182422 1.000253750341771 1.545043417385605 284.2630990878919 10.44758335249775
0.0238 6368.093815343633 1.00025316917435 1.544965896227609 284.1809232818363 10.39071508822704
0.0239 6368.110299946569 1.000252587729916 1.544888318479154 284.0985002671536 10.3339497250504
0.024 6368.126834027877 1.000252006016505 1.544810684120032 284.0158298606169 10.27728847412558
0.0241 6368.143417624214 1.000251424042145 1.544732993130973 283.9329118789313 10.22073253982325
0.0242 6368.160050772254 1.000250841814853 1.544655245493551 283.8497461387291 10.16428311967007
0.0243 6368.176733508687 1.000250259342638 1.544577441190254 283.766332456565 10.10794140429222
0.0244 6368.193465870213 1.000249676633498 1.544499580204449 283.682670648935 10.05170857737463
0.0245 6368.210247893549 1.00024909369542 1.544421662520424 283.5987605322529 9.995585815593072
0.0246 6368.227079615423 1.00024851053638 1.544343688123331 283.5146019228827 9.939574288583183
0.0247 6368.243961072574 1.000247927164345 1.544265656999195 283.4301946371291 9.883675158882395
0.0248 6368.260892301754 1.00024734358727 1.544187569134972 283.3455384912289 9.827889581872377
0.0249 6368.277873339725 1.000246759813098 1.544109424518483 283.2606333013731 9.772218705742917
0.025 6368.29490422326 1.000246175849762 1.544031223138429 283.1754788836982 9.716663671435098
0.0251 6368.311984989143 1.000245591705183 1.543952964984409 283.0900750542863 9.661225612590968
0.0252 6368.329115674163 1.000245007387269 1.5438746500469 283.004421629183 9.605905655515361
0.0253 6368.346296315124 1.000244422903916 1.543796278317296 282.9185184243792 9.550704919114493
0.0254 6368.363526948833 1.000243838263009 1.543717849787821 282.8323652558341 9.495624514861479
0.0255 6368.380807612106 1.000243253472418 1.543639364451615 282.7459619394707 9.440665546744521
0.0256 6368.398138341767 1.000242668540002 1.543560822302719 282.6593082911662 9.385829111212807
0.0257 6368.415519174645 1.000242083473607 1.543482223336005 282.5724041267753 9.331116297143014
0.0258 6368.432950147576 1.000241498281063 1.543403567547274 282.4852492621206 9.276528185785956
0.0259 6368.450431297401 1.000240912970191 1.543324854933172 282.3978435129933 9.222065850719552
0.026 6368.467962660967 1.000240327548793 1.543246085491248 282.310186695166 9.167730357810672
0.0261 6368.485544275123 1.000239742024662 1.543167259219914 282.2222786243841 9.113522765163253
0.0262 6368.503176176724 1.000239156405572 1.543088376118464 282.1341191163796 9.059444123080954
0.0263 6368.520858402626 1.000238570699286 1.543009436187066 282.0457079868705 9.005495474021757
0.0264 6368.538590989689 1.000237984913551 1.54293043942677 281.957045051557 8.951677852550292
0.0265 6368.556373974772 1.0002373990561 1.542851385839498 281.8681301261389 8.897992285304461
0.0266 6368.574207394742 1.000236813134647 1.54277227542803 281.778963026289 8.844439790934956
0.0267 6368.592091286461 1.000236227156897 1.542693108196025 281.6895435676937 8.791021380086455
0.0268 6368.610025686794 1.000235641130534 1.542613884148025 281.5998715660302 8.737738055340817
0.0269 6368.628010632605 1.000235055063228 1.542534603289429 281.5099468369757 8.684590811179993
0.027 6368.646046160758 1.000234468962634 1.542455265626481 281.4197691962121 8.631580633946609
0.0271 6368.664132308114 1.000233882836388 1.542375871166351 281.3293384594302 8.578708501804991
0.0272 6368.682269111536 1.000233296692114 1.542296419917009 281.238654442321 8.525975384694714
0.0273 6368.700456607879 1.000232710537414 1.54221691188732 281.1477169606027 8.473382244305848
0.0274 6368.718694834001 1.000232124379877 1.54213734708702 281.0565258299933 8.4209300340229
0.0275 6368.736983826752 1.000231538227072 1.542057725526689 280.9650808662385 8.368619698900979
0.0276 6368.755323622981 1.000230952086553 1.541978047217758 280.8733818850927 8.316452175616133
0.0277 6368.773714259532 1.000230365965855 1.541898312172537 280.7814287023424 8.264428392439727
0.0278 6368.792155773241 1.000229779872495 1.541818520404191 280.6892211337967 8.212549269195049
0.0279 6368.810648200942 1.000229193813973 1.541738671926717 280.5967589952919 8.160815717222253
0.028 6368.829191579461 1.00022860779777 1.541658766754987 280.5040421026964 8.109228639343797
0.0281 6368.847785945618 1.000228021831349 1.541578804904717 280.4110702719103 8.057788929827829
0.0282 6368.866431336226 1.000227435922152 1.541498786392475 280.3178433188699 8.006497474354648
0.0283 6368.88512778809 1.000226850077607 1.54141871123566 280.2243610595482 7.955355149981151
0.0284 6368.903875338007 1.000226264305118 1.541338579452554 280.1306233099634 7.904362825110826
0.0285 6368.922674022764 1.000225678612071 1.541258391062248 280.0366298861794 7.853521359459195
0.0286 6368.94152387914 1.000225093005834 1.541178146084693 279.9423806043009 7.802831604017447
0.0287 6368.960424943903 1.000224507493754 1.541097844540681 279.8478752804825 7.752294401023986
0.0288 6368.979377253813 1.000223922083159 1.541017486451829 279.7531137309337 7.701910583933999
0.0289 6368.998380845615 1.000223336781354 1.540937071840627 279.6580957719228 7.651680977389534
0.029 6369.017435756046 1.000222751595626 1.540856600730366 279.5628212197684 7.601606397182938
0.0291 6369.03654202183 1.000222166533242 1.540776073145168 279.4672898908524 7.551687650232907
0.0292 6369.055699679677 1.000221581601447 1.540695489110014 279.3715016016162 7.501925534551463
0.0293 6369.074908766285 1.000220996807464 1.540614848650715 279.2754561685737 7.452320839221001
0.0294 6369.09416931834 1.000220412158497 1.540534151793875 279.179153408298 7.402874344357711
0.0295 6369.113481372513 1.000219827661726 1.540453398566955 279.0825931374351 7.353586821089761
0.0296 6369.132844965458 1.000219243324312 1.54037258899823 278.985775172708 7.304459031531236
0.0297 6369.152260133817 1.000218659153393 1.540291723116801 278.8886993309128 7.255491728752046
0.0298 6369.171726914215 1.000218075156083 1.540210800952593 278.7913654289226 7.206685656753091
0.0299 6369.191245343261 1.000217491339478 1.540129822536321 278.6937732836972 7.158041550444215
0.03 6369.210815457546 1.000216907710647 1.54004878789954 278.5959227122688 7.109560135611408
0.0301 6369.230437293647 1.00021632427664 1.539967697074636 278.4978135317655 7.061242128902733
0.0302 6369.25011088812 1.000215741044482 1.539886550094763 278.3994455594014 7.013088237798963
0.0303 6369.269836277505 1.000215158021175 1.539805346993907 278.3008186124774 6.965099160589413
0.0304 6369.289613498322 1.000214575213699 1.539724087806861 278.2019325083896 6.917275586352807
0.0305 6369.309442587072 1.000213992629011 1.539642772569223 278.1027870646388 6.869618194938629
0.0306 6369.329323580238 1.000213410274041 1.539561401317389 278.0033820988123 6.822127656935955
0.0307 6369.349256514279 1.000212828155698 1.53947997408856 277.9037174286062 6.774804633662633
0.0308 6369.369241425636 1.000212246280867 1.539398490920727 277.8037928718217 6.727649777141893
0.0309 6369.389278350728 1.000211664656408 1.539316951852658 277.7036082463595 6.680663730079659
0.031 6369.409367325954 1.000211083289157 1.539235356923958 277.6031633702299 6.633847125848971
0.0311 6369.429508387688 1.000210502185925 1.53915370617499 277.5024580615612 6.587200588474887
0.0312 6369.449701572282 1.000209921353499 1.539071999646907 277.4014921385909 6.540724732611547
0.0313 6369.469946916064 1.000209340798639 1.538990237381657 277.3002654196792 6.494420163530436
0.0314 6369.490244455342 1.000208760528084 1.538908419421962 277.1987777232911 6.44828747709464
0.0315 6369.510594226395 1.000208180548542 1.538826545811317 277.0970288680231 6.402327259754572
0.0316 6369.530996265481 1.000207600866701 1.538744616594019 276.9950186725949 6.356540088527625
0.0317 6369.551450608829 1.00020702148922 1.538662631815113 276.8927469558533 6.310926530984704
0.0318 6369.571957292646 1.000206442422733 1.53858059152042 276.790213536768 6.265487145233366
0.0319 6369.592516353112 1.000205863673848 1.538498495756552 276.6874182344403 6.220222479907678
0.032 6369.613127826377 1.000205285249146 1.538416344570857 276.5843608681174 6.1751330741606
0.0321 6369.633791748568 1.000204707155185 1.538334138011451 276.48104125716 6.130219457637112
0.0322 6369.654508155782 1.000204129398491 1.538251876127241 276.3774592210924 6.085482150483797
0.0323 6369.675277084089 1.000203551985568 1.538169558967853 276.2736145795574 6.040921663317433
0.0324 6369.696098569529 1.00020297492289 1.538087186583685 276.1695071523567 5.99653849723174
0.0325 6369.716972648115 1.000202398216906 1.538004759025903 276.065136759424 5.952333143775351
0.0326 6369.73789935583 1.000201821874038 1.537922276346384 275.9605032208523 5.908306084953796
0.0327 6369.758878728624 1.000201245900677 1.537839738597783 275.8556063568798 5.864457793214698
0.0328 6369.77991080242 1.000200670303191 1.537757145833488 275.7504459878995 5.820788731443283
0.0329 6369.800995613108 1.000200095087918 1.537674498107623 275.6450219344591 5.777299352954706
0.033 6369.822133196549 1.000199520261168 1.537591795475052 275.5393340172562 5.733990101485216
0.0331 6369.843323588569 1.000198945829224 1.537509037991367 275.4333820571568 5.690861411193327
0.0332 6369.864566824963 1.000198371798339 1.537426225712918 275.3271658751859 5.647913706650383
0.0333 6369.885862941494 1.000197798174741 1.537343358696732 275.2206852925323 5.605147402837445
0.0334 6369.90721197389 1.000197224964625 1.537260437000616 275.1139401305485 5.562562905141003
0.0335 6369.928613957847 1.000196652174161 1.537177460683067 275.0069302107644 5.520160609354773
0.0336 6369.950068929025 1.00019607980949 1.537094429803292 274.8996553548735 5.47794090167128
0.0337 6369.971576923052 1.00019550787672 1.53701134442124 274.7921153847423 5.435904158683235
0.0338 6369.993137975517 1.000194936381935 1.536928204597546 274.6843101224143 5.394050747383696
0.0339 6370.014752121977 1.000194365331187 1.536845010393592 274.5762393901153 5.352381025166887
0.034 6370.036419397951 1.0001937947305 1.536761761871417 274.4679030102437 5.310895339824429
0.0341 6370.058139838924 1.000193224585866 1.536678459093775 274.3593008053798 5.269594029549345
0.0342 6370.079913480339 1.00019265490325 1.536595102124159 274.250432598304 5.228477422944022
0.0343 6370.101740357607 1.000192085688586 1.5365116910267 274.1412982119649 5.187545839009938
0.0344 6370.123620506099 1.000191516947778 1.536428225866257 274.0318974695068 5.146799587160521
0.0345 6370.145553961148 1.000190948686701 1.536344706708369 273.9222301942604 5.106238967220892
0.0346 6370.167540758049 1.000190380911198 1.536261133619228 273.8122962097563 5.065864269436787
0.0347 6370.189580932056 1.000189813627083 1.536177506665772 273.7020953397208 5.025675774477371
0.0348 6370.211674518386 1.000189246840138 1.536093825915564 273.5916274080713 4.985673753438837
0.0349 6370.233821552213 1.000188680556117 1.536010091436854 273.4808922389342 4.945858467856935
0.035 6370.256022068674 1.00018811478074 1.535926303298589 273.3698896566315 4.906230169708615
0.0351 6370.278276102863 1.0001875495197 1.53584246157032 273.2586194856852 4.866789101421021
0.0352 6370.300583689834 1.000186984778654 1.535758566322341 273.1470815508313 4.827535495884311
0.0353 6370.322944864598 1.000186420563234 1.535674617625538 273.0352756770102 4.788469576457079
0.0354 6370.345359662126 1.000185856879035 1.535590615551503 272.9232016893715 4.749591556977342
0.0355 6370.367828117344 1.000185293731624 1.535506560172438 272.8108594132785 4.710901641774173
0.0356 6370.390350265138 1.000184731126535 1.535422451561225 272.6982486743085 4.67240002567843
0.0357 6370.412926140349 1.000184169069273 1.535338289791377 272.5853692982568 4.634086894035739
0.0358 6370.435555777773 1.000183607565308 1.535254074937046 272.4722211111369 4.595962422718594
0.0359 6370.458239212165 1.000183046620079 1.53516980707304 272.3588039391765 4.558026778137666
0.036 6370.480976478233 1.000182486238995 1.535085486274765 272.2451176088347 4.520280117261396
0.0361 6370.503767610642 1.000181926427432 1.535001112618291 272.1311619467891 4.482722587625588
0.0362 6370.526612644011 1.000181367190732 1.534916686180296 272.0169367799448 4.445354327351336
0.0363 6370.549511612912 1.000180808534208 1.534832207038082 271.9024419354386 4.408175465162038
0.0364 6370.572464551873 1.000180250463138 1.534747675269575 271.7876772406347 4.371186120398145
0.0365 6370.595471495374 1.00017969298277 1.534663090953308 271.6726425231294 4.334386403035584
0.0366 6370.61853247785 1.000179136098316 1.53457845416842 271.5573376107508 4.297776413703379
0.0367 6370.641647533686 1.00017857981496 1.53449376499467 271.4417623315725 4.261356243706267
0.0368 6370.664816697222 1.000178024137849 1.534409023512402 271.325916513891 4.225125975036486
0.0369 6370.688040002748 1.0001774690721 1.534324229802576 271.2097999862575 4.189085680403468
0.03700000000000001 6370.711317484508 1.000176914622797 1.534239383946739 271.0934125774596 4.153235423248431
0.0371 6370.734649176694 1.000176360794989 1.534154486027012 270.9767541165305 4.117575257768239
0.0372 6370.758035113451 1.000175807593693 1.534069536126117 270.8598244327444 4.082105228935717
0.0373 6370.781475328875 1.000175255023894 1.533984534327365 270.7426233556256 4.04682537252481
0.0374 6370.804969857011 1.000174703090544 1.53389948071462 270.625150714944 4.011735715132261
0.0375 6370.828518731855 1.000174151798559 1.533814375372338 270.5074063407241 3.976836274204066
0.0376 6370.852121987351 1.000173601152823 1.533729218385551 270.3893900632451 3.942127058059845
0.0377 6370.875779657392 1.000173051158188 1.533644009839829 270.2711017130408 3.907608065917894
0.0378 6370.89949177582 1.000172501819472 1.533558749821319 270.1525411208999 3.873279287920931
0.0379 6370.923258376427 1.000171953141457 1.533473438416726 270.0337081178653 3.839140705162531
0.038 6370.947079492951 1.000171405128895 1.53338807571329 269.9146025352442 3.805192289716822
0.0381 6370.970955159079 1.000170857786501 1.533302661798841 269.7952242046071 3.771434004666189
0.0382 6370.994885408443 1.000170311118959 1.533217196761702 269.6755729577839 3.737865804128381
0.0383 6371.018870274625 1.000169765130918 1.533131680690752 269.5556486268728 3.70448763328814
0.0384 6371.042909791152 1.000169219826993 1.533046113675415 269.4354510442403 3.671299428426892
0.0385 6371.067003991497 1.000168675211765 1.532960495805645 269.3149800425166 3.638301116951856
0.0386 6371.091152909079 1.000168131289781 1.532874827171901 269.1942354546048 3.605492617429593
0.03870000000000001 6371.115356577265 1.000167588065555 1.532789107865189 269.0732171136764 3.572873839616425
0.0388 6371.139615029363 1.000167045543565 1.532703337977014 268.9519248531846 3.540444684494441
0.0389 6371.16392829863 1.000166503728257 1.532617517599407 268.830358506851 3.508205044300758
0.039 6371.188296418265 1.000165962624042 1.532531646824895 268.7085179086747 3.476154802563602
0.0391 6371.212719421413 1.000165422235296 1.532445725746513 268.5864028929367 3.444293834137726
0.0392 6371.237197341161 1.000164882566362 1.5323597544578 268.4640132941953 3.412622005238087
0.0393 6371.261730210543 1.000164343621547 1.532273733052782 268.3413489472863 3.381139173475398
0.0394 6371.286318062533 1.000163805405127 1.532187661625974 268.2184096873365 3.34984518789578
0.0395 6371.310960930048 1.00016326792134 1.532101540272384 268.0951953497591 3.31873988901631
0.0396 6371.335658845952 1.000162731174391 1.532015369087503 267.9717057702404 3.287823108859008
0.0397 6371.360411843047 1.000162195168451 1.531929148167278 267.8479407847666 3.257094670995747
0.0398 6371.385219954079 1.000161659907656 1.531842877608164 267.7239002296059 3.226554390582303
0.0399 6371.410083211735 1.000161125396108 1.531756557507048 267.5995839413266 3.196202074402108
0.04 6371.435001648644 1.000160591637875 1.531670187961289 267.4749917567791 3.16603752090164
0.0401 6371.459975297378 1.00016005863699 1.531583769068701 267.3501235131092 3.136060520234256
0.0402 6371.485004190447 1.00015952639745 1.531497300927574 267.224979047763 3.106270854302335
0.0403 6371.510088360305 1.000158994923219 1.531410783636626 267.0995581984774 3.07666829679676
0.04040000000000001 6371.535227839342 1.000158464218228 1.53132421729501 266.9738608032898 3.047252613241372
0.0405 6371.560422659893 1.00015793428637 1.531237602002341 266.8478867005373 3.018023561035808
0.0406 6371.585672854228 1.000157405131506 1.531150937858653 266.721635728862 2.988980889499995
0.0407 6371.61097845456 1.000156876757461 1.531064224964415 266.5951077272015 2.960124339916078
0.0408 6371.63633949304 1.000156349168026 1.530977463420523 266.468302534798 2.931453645575151
0.0409 6371.66175600176 1.000155822366958 1.530890653328287 266.3412199911985 2.902968531822439
0.041 6371.687228012748 1.000155296357979 1.530803794789432 266.2138599362592 2.87466871610407
0.0411 6371.712755557972 1.000154771144776 1.530716887906099 266.0862222101408 2.846553908012379
0.0412 6371.738338669337 1.000154246731002 1.530629932780825 265.9583066533136 2.81862380933382
0.0413 6371.763977378689 1.000153723120275 1.530542929516565 265.8301131065567 2.790878114096409
0.0414 6371.789671717808 1.000153200316179 1.530455878216646 265.7016414109588 2.763316508617744
0.0415 6371.815421718415 1.000152678322263 1.530368778984798 265.5728914079267 2.7359386715555
0.04160000000000001 6371.841227412164 1.000152157142042 1.53028163192515 265.443862939181 2.708744273955518
0.0417 6371.86708883065 1.000151636778996 1.530194437142208 265.3145558467517 2.681732979300503
0.0418 6371.893006005403 1.000151117236571 1.530107194740829 265.1849699729868 2.654904443562122
0.0419 6371.918978967889 1.000150598518178 1.530019904826268 265.0551051605574 2.628258315252613
0.042 6371.945007749512 1.000150080627193 1.529932567504135 264.9249612524394 2.60179423547228
0.04210000000000001 6371.971092381611 1.000149563566961 1.529845182880397 264.7945380919449 2.575511837967753
0.0422 6371.997232895461 1.000149047340788 1.529757751061416 264.6638355226954 2.549410749178666
0.0423 6372.023429322272 1.000148531951948 1.529670272153848 264.5328533886399 2.523490588294116
0.0424 6372.04968169319 1.000148017403681 1.529582746264732 264.40159153405 2.497750967304996
0.0425 6372.075990039296 1.000147503699193 1.529495173501446 264.2700498035205 2.472191491057769
0.0426 6372.102354391606 1.000146990841653 1.529407553971706 264.1382280419688 2.446811757308736
0.0427 6372.128774781072 1.0001464788342 1.52931988778354 264.0061260946399 2.421611356779673
0.0428 6372.155251238578 1.000145967679935 1.529232175045328 263.8737438071106 2.396589873213905
0.0429 6372.181783794943 1.000145457381928 1.529144415865764 263.7410810252853 2.371746883431121
0.043 6372.208372480922 1.000144947943213 1.529056610353855 263.6081375953912 2.347081957382722
0.0431 6372.235017327202 1.000144439366789 1.528968758618935 263.474913363992 2.322594658211004
0.0432 6372.261718364404 1.000143931655625 1.528880860770613 263.3414081779787 2.298284542304562
0.04330000000000001 6372.288475623085 1.000143424812653 1.528792916918836 263.2076218845745 2.274151159356685
0.0434 6372.315289133731 1.000142918840771 1.528704927173825 263.0735543313434 2.250194052424967
0.0435 6372.342158926765 1.000142413742845 1.528616891646123 262.9392053661771 2.226412757987276
0.0436 6372.369085032539 1.000141909521706 1.528528810446516 262.8045748373037 2.202806806002269
0.0437 6372.396067481342 1.000141406180152 1.528440683686106 262.6696625932876 2.179375719968668
0.0438 6372.423106303394 1.000140903720947 1.528352511476275 262.5344684830301 2.156119016984977
0.0439 6372.450201528846 1.000140402146822 1.528264293928644 262.3989923557687 2.133036207809614
0.044 6372.477353187784 1.000139901460473 1.528176031155148 262.263234061082 2.110126796922227
0.0441 6372.504561310222 1.000139401664566 1.528087723267932 262.1271934488899 2.087390282584609
0.0442 6372.53182592611 1.00013890276173 1.527999370379453 261.9908703694485 2.064826156901277
0.0443 6372.559147065328 1.000138404754562 1.527910972602373 261.8542646733598 2.042433905882709
0.0444 6372.586524757688 1.000137907645627 1.527822530049637 261.7173762115621 2.020213009505943
0.0445 6372.613959032933 1.000137411437455 1.527734042834405 261.5802048353347 1.998162941777829
0.0446 6372.641449920738 1.000136916132546 1.527645511070093 261.4427503963119 1.976283170800056
0.0447 6372.668997450708 1.000136421733363 1.527556934870346 261.3050127464597 1.954573158828699
0.0448 6372.696601652379 1.00013592824234 1.52746831434903 261.1669917381035 1.933032362342124
0.0449 6372.724262555221 1.000135435661876 1.527379649620243 261.0286872238961 1.911660232099893
0.04500000000000001 6372.75198018863 1.000134943994338 1.527290940798282 260.8900990568494 1.890456213212002
0.0451 6372.779754581936 1.000134453242062 1.527202187997672 260.7512270903211 1.869419745201313
0.0452 6372.807585764396 1.000133963407347 1.52711339133316 260.6120711780189 1.848550262069154
0.0453 6372.835473765202 1.000133474492465 1.527024550919658 260.4726311739918 1.827847192359191
0.0454 6372.863418613471 1.000132986499653 1.526935666872306 260.3329069326431 1.80730995922502
0.0455 6372.891420338256 1.000132499431116 1.526846739306413 260.1928983087176 1.786937980493996
0.0456 6372.919478968536 1.000132013289028 1.526757768337493 260.0526051573191 1.766730668736047
0.0457 6372.94759453322 1.000131528075529 1.526668754081245 259.9120273339016 1.746687431328753
0.0458 6372.975767061146 1.00013104379273 1.526579696653519 259.7711646942693 1.72680767052407
0.0459 6373.003996581084 1.000130560442709 1.526490596170374 259.6300170945809 1.707090783515955
0.046 6373.032283121733 1.00013007802751 1.526401452748005 259.4885843913365 1.687536162505735
0.0461 6373.06062671172 1.000129596549151 1.52631226650278 259.3468664413998 1.668143194772799
0.0462 6373.089027379602 1.000129116009612 1.526223037551234 259.2048631019892 1.648911262741071
0.0463 6373.117485153866 1.000128636410847 1.526133766010039 259.0625742306687 1.629839744045796
0.0464 6373.146000062926 1.000128157754777 1.526044451996038 258.9199996853707 1.610928011604858
0.0465 6373.174572135127 1.000127680043291 1.525955095626184 258.7771393243642 1.592175433683005
0.0466 6373.203201398742 1.000127203278249 1.525865697017587 258.6339930062908 1.573581373965379
0.04670000000000001 6373.231887881972 1.000126727461479 1.525776256287485 258.490560590138 1.555145191622822
0.0468 6373.26063161295 1.000126252594778 1.525686773553256 258.3468419352524 1.536866241382795
0.0469 6373.289432619732 1.000125778679914 1.525597248932384 258.20283690134 1.518743873598674
0.047 6373.318290930309 1.000125305718624 1.525507682542472 258.0585453484567 1.500777434318115
0.0471 6373.347206572595 1.000124833712614 1.52541807450124 257.9139671370225 1.482966265354464
0.0472 6373.376179574438 1.000124362663559 1.525328424926527 257.7691021278118 1.465309704355468
0.0473 6373.405209963608 1.000123892573108 1.525238733936248 257.6239501819585 1.447807084873883
0.0474 6373.434297767809 1.000123423442876 1.52514900164845 257.4785111609557 1.430457736437641
0.0475 6373.463443014669 1.000122955274451 1.525059228181242 257.3327849266556 1.413260984620188
0.0476 6373.492645731746 1.000122488069389 1.524969413652842 257.1867713412697 1.396216151110961
0.0477 6373.521905946527 1.000122021829218 1.524879558181552 257.0404702673644 1.379322553785472
0.0478 6373.551223686425 1.000121556555438 1.524789661885727 256.8938815678742 1.362579506777626
0.04790000000000001 6373.580598978784 1.000121092249518 1.524699724883841 256.7470051060794 1.345986320547963
0.048 6373.610031850872 1.000120628912897 1.524609747294396 256.5998407456376 1.329542301958253
0.0481 6373.639522329889 1.000120166546989 1.524519729235972 256.4523883505566 1.313246754339446
0.0482 6373.669070442959 1.000119705153176 1.524429670827207 256.3046477852034 1.297098977563884
0.0483 6373.698676217137 1.000119244732812 1.524339572186808 256.1566189143135 1.281098268117524
0.04840000000000001 6373.728339679405 1.000118785287224 1.524249433433518 256.008301602977 1.265243919169758
0.0485 6373.75806085667 1.00011832681771 1.524159254686125 255.8596957166477 1.24953522064579
0.0486 6373.787839775771 1.000117869325539 1.524069036063462 255.7108011211434 1.233971459298063
0.0487 6373.817676463474 1.000117412811954 1.523978777684403 255.5616176826319 1.218551918776332
0.0488 6373.847570946469 1.000116957278169 1.523888479667837 255.412145267654 1.203275879701579
0.0489 6373.877523251378 1.000116502725371 1.523798142132694 255.2623837431096 1.188142619736148
0.049 6373.907533404748 1.000116049154718 1.523707765197919 255.112332976258 1.173151413655346
0.0491 6373.937601433056 1.000115596567344 1.523617348982472 254.9619928347178 1.158301533419083
0.0492 6373.967727362705 1.000115144964352 1.523526893605343 254.8113631864757 1.143592248244381
0.0493 6373.997911220024 1.000114694346821 1.523436399185511 254.6604438998778 1.129022824676094
0.0494 6374.028153031275 1.000114244715802 1.523345865841957 254.509234843625 1.114592526658103
0.0495 6374.058452822641 1.000113796072321 1.523255293693673 254.3577358867955 1.100300615607094
0.04960000000000001 6374.088810620238 1.000113348417376 1.523164682859628 254.2059468988085 1.086146350480671
0.0497 6374.119226450107 1.000112901751937 1.523074033458821 254.0538677494654 1.072128987852762
0.0498 6374.149700338216 1.000112456076953 1.522983345610186 253.9014983089177 1.058247781982134
0.0499 6374.180232310464 1.000112011393342 1.522892619432661 253.7488384476804 1.044501984885126
0.05 6374.210822392673 1.000111567702 1.522801855045156 253.5958880366328 1.030890846407034
0.05010000000000001 6374.241470610598 1.000111125003795 1.522711052566562 253.4426469470085 1.017413614292634
0.0502 6374.272176989917 1.000110683299571 1.522620212115736 253.2891150504141 1.004069534259045
0.0503 6374.302941556238 1.000110242590147 1.52252933381147 253.1352922188111 0.9908578500652845
0.0504 6374.333764335097 1.000109802876315 1.522438417772555 252.9811783245153 0.9777778035833884
0.0505 6374.364645351957 1.000109364158846 1.522347464117706 252.8267732402159 0.9648286348709397
0.0506 6374.395584632208 1.000108926438482 1.522256472965613 252.6720768389608 0.9520095822407576
0.0507 6374.42658220117 1.000108489715944 1.522165444434881 252.5170889941486 0.9393198823309267
0.0508 6374.45763808409 1.000108053991927 1.522074378644079 252.3618095795504 0.9267587701773063
0.0509 6374.488752306142 1.000107619267102 1.521983275711702 252.2062384692875 0.9143254792821686
0.051 6374.51992489243 1.000107185542116 1.521892135756186 252.0503755378498 0.9020192416860319
0.0511 6374.551155867984 1.000106752817594 1.521800958895883 251.8942206600817 0.889839288036777
0.0512 6374.582445257762 1.000106321094137 1.521709745249076 251.7377737111914 0.8777848476604212
0.05130000000000001 6374.613793086651 1.000105890372319 1.521618494933979 251.5810345667463 0.8658551486306419
0.0514 6374.645199379466 1.000105460652697 1.521527208068699 251.4240031026687 0.8540494178381546
0.0515 6374.676664160952 1.0001050319358 1.521435884771271 251.26667919524 0.8423668810605994
0.0516 6374.708187455778 1.000104604222137 1.521344525159624 251.10906272111 0.8308067630325487
0.0517 6374.739769288545 1.000104177512193 1.521253129351608 250.9511535572741 0.8193682875129679
0.05180000000000001 6374.771409683781 1.000103751806432 1.521161697464957 250.792951581096 0.8080506773558301
0.0519 6374.803108665942 1.000103327105295 1.521070229617311 250.6344566702895 0.7968531545775187
0.052 6374.834866259414 1.000102903409202 1.520978725926185 250.4756687029279 0.7857749404259941
0.0521 6374.86668248851 1.00010248071855 1.520887186508996 250.3165875574481 0.7748152554493702
0.0522 6374.898557377473 1.000102059033714 1.520795611483043 250.1572131126326 0.7639733195626917
0.0523 6374.930490950475 1.000101638355049 1.520704000965495 249.9975452476232 0.7532483521166827
0.0524 6374.962483231616 1.000101218682889 1.520612355073397 249.8375838419209 0.7426395719652694
0.0525 6374.994534244923 1.000100800017545 1.520520673923687 249.6773287753862 0.7321461975328445
0.0526 6375.026644014354 1.000100382359311 1.52042895763314 249.5167799282293 0.7217674468806705
0.0527 6375.058812563797 1.000099965708456 1.520337206318414 249.3559371810155 0.7115025377739223
0.0528 6375.091039917068 1.000099550065231 1.520245420096022 249.1948004146601 0.7013506877478471
0.0529 6375.123326097912 1.000099135429867 1.520153599082325 249.0333695104376 0.6913111141744963
0.05300000000000001 6375.155671130005 1.000098721802575 1.520061743393551 248.8716443499774 0.6813830343282824
0.0531 6375.188075036948 1.000098309183545 1.519969853145766 248.7096248152587 0.671565665451246
0.0532 6375.220537842277 1.000097897572948 1.519877928454893 248.5473107886158 0.6618582248185726
0.0533 6375.253059569454 1.000097486970937 1.519785969436676 248.3847021527284 0.652259929802959
0.0534 6375.285640241873 1.000097077377643 1.519693976206723 248.2217987906355 0.6427699979400134
0.05350000000000001 6375.318279882856 1.000096668793181 1.519601948880448 248.0586005857216 0.6333876469916889
0.0536 6375.350978515655 1.000096261217645 1.519509887573123 247.895107421726 0.6241120950107218
0.0537 6375.383736163454 1.000095854651113 1.519417792399811 247.7313191827292 0.6149425604034066
0.0538 6375.416552849366 1.000095449093641 1.519325663475454 247.5672357531706 0.6058782619938221
0.0539 6375.449428596434 1.00009504454527 1.519233500914757 247.402857017831 0.5969184190856366
0.054 6375.48236342763 1.000094641006022 1.519141304832278 247.2381828618503 0.5880622515255668
0.0541 6375.515357365859 1.000094238475901 1.519049075342384 247.0732131707049 0.5793089797642168
0.05420000000000001 6375.548410433957 1.000093836954893 1.518956812559225 246.9079478302168 0.5706578249182831
0.0543 6375.581522654687 1.000093436442968 1.518864516596791 246.7423867265674 0.5621080088325582
0.0544 6375.614694050746 1.000093036940078 1.518772187568869 246.5765297462698 0.5536587541394075
0.0545 6375.647924644762 1.000092638446158 1.518679825589025 246.410376776192 0.5453092843204441
0.0546 6375.681214459292 1.000092240961126 1.518587430770653 246.2439277035386 0.5370588237656846
0.05470000000000001 6375.714563516827 1.000091844484885 1.518495003226903 246.0771824158641 0.5289065978339011
0.0548 6375.747971839788 1.00009144901732 1.518402543070761 245.9101408010596 0.5208518329111839
0.0549 6375.781439450526 1.0000910545583 1.518310050414962 245.742802747371 0.5128937564706287
0.055 6375.814966371325 1.000090661107679 1.518217525372052 245.5751681433761 0.5050315971296055
0.0551 6375.848552624401 1.000090268665295 1.518124968054339 245.4072368779938 0.4972645847081315
0.05520000000000001 6375.882198231904 1.00008987723097 1.518032378573912 245.2390088404794 0.4895919502861378
0.0553 6375.915903215912 1.000089486804511 1.517939757042658 245.0704839204385 0.4820129262611074
0.0554 6375.949667598437 1.00008909738571 1.517847103572202 244.9016620078131 0.4745267464039947
0.0555 6375.983491401424 1.000088708974344 1.517754418273968 244.7325429928818 0.4671326459153187
0.0556 6376.017374646749 1.000088321570175 1.517661701259129 244.5631267662551 0.4598298614805845
0.0557 6376.051317356222 1.00008793517295 1.517568952638635 244.3934132188891 0.4526176313260059
0.0558 6376.085319551586 1.000087549782403 1.517476172523178 244.223402242072 0.4454951952725573
0.05590000000000001 6376.119381254515 1.000087165398253 1.517383361023232 244.0530937274237 0.4384617947901385
0.056 6376.153502486619 1.000086782020206 1.517290518249011 243.8824875669055 0.4315166730516081
0.0561 6376.187683269439 1.000086399647953 1.517197644310489 243.7115836528059 0.4246590749853778
0.0562 6376.221923624449 1.000086018281173 1.517104739317379 243.5403818777544 0.4178882473286106
0.0563 6376.256223573058 1.000085637919528 1.517011803379165 243.3688821347081 0.4112034386788053
0.05640000000000001 6376.290583136611 1.000085258562673 1.516918836605046 243.1970843169469 0.4046038995452533
0.0565 6376.325002336381 1.000084880210244 1.516825839103996 243.0249883180962 0.39808888240101
0.0566 6376.359481193579 1.000084502861868 1.516732810984705 242.8525940321045 0.3916576417325752
0.0567 6376.39401972935 1.000084126517158 1.516639752355608 242.6799013532521 0.3853094340902794
0.0568 6376.428617964772 1.000083751175716 1.516546663324872 242.5069101761377 0.3790435181372789
0.05690000000000001 6376.463275920861 1.00008337683713 1.516453544000415 242.3336203956964 0.3728591546991804
0.057 6376.497993618563 1.000083003500976 1.516360394489858 242.1600319071862 0.3667556068119467
0.0571 6376.532771078761 1.000082631166821 1.51626721490057 241.9861446061926 0.3607321397699175
0.0572 6376.567608322275 1.000082259834216 1.516174005339645 241.811958388624 0.3547880211729514
0.0573 6376.602505369858 1.000081889502705 1.516080765913883 241.6374731507116 0.3489225209731709
0.0574 6376.637462242197 1.000081520171819 1.515987496729834 241.4626887890139 0.3431349115212899
0.0575 6376.67247895992 1.000081151841076 1.515894197893737 241.2876052003988 0.337424467611623
0.05760000000000001 6376.707555543585 1.000080784509987 1.515800869511571 241.1122222820753 0.3317904665281682
0.0577 6376.742692013688 1.000080418178049 1.515707511689032 240.9365399315615 0.3262321880880186
0.0578 6376.777888390662 1.00008005284475 1.515614124531512 240.7605580466892 0.3207489146854127
0.0579 6376.813144694876 1.000079688509568 1.515520708144126 240.5842765256178 0.3153399313354595
0.058 6376.848460946635 1.00007932517197 1.515427262631698 240.407695266825 0.310004525716557
0.05810000000000001 6376.883837166181 1.000078962831414 1.515333788098748 240.2308141690932 0.3047419882121072
0.0582 6376.919273373694 1.000078601487347 1.51524028464952 240.0536331315319 0.2995516119527341
0.0583 6376.954769589289 1.000078241139208 1.515146752387947 239.8761520535558 0.2944326928565348
0.0584 6376.990325833019 1.000077881786426 1.515053191417676 239.6983708349065 0.2893845296700741
0.0585 6377.025942124875 1.00007752342842 1.514959601842051 239.5202893756262 0.2844064240073269
0.05860000000000001 6377.061618484785 1.000077166064601 1.514865983764097 239.3419075760752 0.2794976803893235
0.0587 6377.097354932615 1.00007680969437 1.51477233728657 239.1632253369229 0.2746576062824051
0.05880000000000001 6377.133151488169 1.000076454317121 1.514678662511896 238.9842425591527 0.2698855121362513
0.0589 6377.169008171191 1.000076099932238 1.5145849595422 238.8049591440434 0.2651807114206856
0.059 6377.204925001361 1.000075746539098 1.5144912284793 238.6253749931969 0.260542520663076
0.0591 6377.240901998298 1.000075394137068 1.514397469424705 238.4454900085105 0.2559702594836695
0.0592 6377.27693918156 1.000075042725509 1.514303682479618 238.2653040921999 0.2514632506316128
0.05930000000000001 6377.313036570646 1.000074692303772 1.514209867744923 238.0848171467718 0.2470208200190712
0.0594 6377.34919418499 1.000074342871202 1.514116025321202 237.9040290750512 0.2426422967560966
0.0595 6377.385412043969 1.000073994427137 1.514022155308703 237.7229397801542 0.2383270131835135
0.0596 6377.4216901669 1.000073646970905 1.51392825780737 237.5415491655016 0.2340743049061881
0.0597 6377.458028573036 1.00007330050183 1.513834332916832 237.3598571348188 0.2298835108253226
0.05980000000000001 6377.494427281574 1.000072955019226 1.513740380736394 237.1778635921313 0.2257539731700134
0.0599 6377.530886311648 1.000072610522403 1.513646401365047 236.9955684417604 0.221685037528184
0.06 6377.567405682335 1.000072267010662 1.513552394901448 236.8129715883273 0.2176760528770892
0.0601 6377.603985412651 1.000071924483299 1.51345836144395 236.6300729367443 0.2137263716128809
0.0602 6377.640625521554 1.000071582939602 1.513364301090568 236.4468723922286 0.2098353495800307
0.0603 6377.677326027943 1.000071242378854 1.513270213939009 236.2633698602834 0.2060023460994275
0.0604 6377.714086950657 1.000070902800331 1.513176100086632 236.0795652467126 0.2022267239965195
0.06050000000000001 6377.750908308478 1.000070564203305 1.513081959630496 235.8954584576107 0.1985078496283307
0.0606 6377.787790120126 1.00007022658704 1.512987792667309 235.7110493993681 0.1948450929101239
0.0607 6377.824732404269 1.000069889950795 1.512893599293468 235.5263379786569 0.1912378273410597
0.0608 6377.861735179512 1.000069554293823 1.512799379605041 235.3413241024404 0.1876854300296716
0.0609 6377.898798464404 1.000069219615374 1.512705133697746 235.1560076779818 0.1841872817186813
0.06100000000000001 6377.935922277437 1.00006888591469 1.512610861667008 234.9703886128131 0.1807427668083996
0.0611 6377.973106637047 1.000068553191008 1.512516563607884 234.7844668147658 0.1773512733806958
0.0612 6378.010351561608 1.000068221443562 1.512422239615127 234.5982421919583 0.1740121932214563
0.0613 6378.047657069443 1.000067890671581 1.51232788978313 234.4117146527864 0.1707249218425042
0.0614 6378.085023178814 1.000067560874286 1.512233514205984 234.2248841059321 0.1674888585032065
0.06150000000000001 6378.122449907928 1.000067232050898 1.512139112977437 234.0377504603597 0.1643034062311904
0.0616 6378.159937274938 1.00006690420063 1.512044686190883 233.8503136253106 0.1611679718424276
0.0617 6378.197485297937 1.000066577322693 1.511950233939416 233.6625735103174 0.158081965960981
0.0618 6378.235093994965 1.000066251416293 1.511855756315759 233.4745300251765 0.1550448030374326
0.0619 6378.272763384005 1.000065926480631 1.511761253412329 233.2861830799751 0.1520559013675767
0.062 6378.310493482986 1.000065602514905 1.511666725321204 233.097532585069 0.1491146831096554
0.0621 6378.348284309781 1.00006527951831 1.511572172134108 232.9085784510957 0.1462205743015474
0.06220000000000001 6378.386135882207 1.000064957490037 1.511477593942448 232.7193205889656 0.1433730048769586
0.0623 6378.424048218028 1.00006463642927 1.511382990837284 232.5297589098576 0.1405714086810601
0.0624 6378.462021334954 1.000064316335196 1.511288362909344 232.3398933252323 0.1378152234857606
0.0625 6378.500055250637 1.000063997206992 1.511193710249024 232.1497237468142 0.1351038910038765
0.0626 6378.53814998268 1.000063679043836 1.511099032946378 231.9592500866005 0.1324368569030786
0.06270000000000001 6378.576305548628 1.000063361844903 1.511004331091118 231.7684722568614 0.1298135708190726
0.06280000000000001 6378.614521965973 1.000063045609361 1.51090960477263 231.5773901701353 0.1272334863680921
0.0629 6378.652799252156 1.00006273033638 1.510814854079956 231.38600373922 0.1246960611587142
0.063 6378.691137424563 1.000062416025123 1.510720079101811 231.1943128771858 0.1222007568033597
0.0631 6378.729536500526 1.000062102674753 1.510625279926561 231.0023174973716 0.1197470389289222
0.06320000000000001 6378.767996497326 1.00006179028443 1.510530456642242 230.8100175133708 0.1173343771866741
0.06330000000000001 6378.806517432191 1.00006147885331 1.510435609336555 230.6174128390452 0.114962245261908
0.0634 6378.845099322296 1.000061168380549 1.510340738096859 230.4245033885203 0.1126301208827291
0.0635 6378.883742184766 1.000060858865297 1.510245843010185 230.2312890761717 0.110337485828137
0.0636 6378.922446036669 1.000060550306707 1.510150924163213 230.037769816657 0.1080838259360416
0.06370000000000001 6378.961210895026 1.000060242703924 1.510055981642312 229.8439455248703 0.105868631109759
0.06380000000000001 6379.000036776806 1.000059936056096 1.509961015533497 229.6498161159692 0.1036913953247719
0.0639 6379.038923698925 1.000059630362365 1.509866025922445 229.4553815053754 0.101551616634559
0.064 6379.077871678249 1.000059325621873 1.509771012894525 229.2606416087559 0.09944879717563497
0.0641 6379.116880731592 1.000059021833761 1.509675976534742 229.0655963420417 0.09738244317240224
0.06420000000000001 6379.155950875718 1.000058718997167 1.509580916927773 228.870245621409 0.09535206494101729
0.06430000000000001 6379.195082127341 1.000058417111227 1.509485834157988 228.6745893632936 0.09335717689301432
0.0644 6379.234274503125 1.000058116175077 1.509390728309386 228.4786274843767 0.09139729753806163
0.0645 6379.273528019681 1.000057816187849 1.509295599465667 228.2823599015941 0.08947194948637628
0.0646 6379.312842693575 1.000057517148677 1.509200447710172 228.0857865321271 0.08758065945037964
0.06470000000000001 6379.352218541319 1.000057219056689 1.509105273125937 227.8889072934029 0.08572295824587893
0.0648 6379.391655579379 1.000056921911016 1.509010075795653 227.691722103103 0.08389838079276432
0.0649 6379.43115382417 1.000056625710787 1.508914855801673 227.49423087915 0.08210646611492961
0.065 6379.470713292058 1.000056330455127 1.508819613226045 227.2964335397122 0.0803467573398096
0.06510000000000001 6379.51033399936 1.000056036143163 1.508724348150468 227.0983300031988 0.07861880169727858
0.06520000000000001 6379.550015962347 1.000055742774018 1.508629060656332 226.8999201882647 0.07692215051808214
0.0653 6379.589759197238 1.000055450346817 1.508533750824668 226.7012040138101 0.07525635923167905
0.0654 6379.629563720207 1.000055158860682 1.508438418736231 226.5021813989673 0.07362098736343271
0.0655 6379.669429547376 1.000054868314735 1.508343064471409 226.3028522631188 0.07201559853153189
0.06560000000000001 6379.709356694824 1.000054578708096 1.508247688110287 226.1032165258788 0.07043976044307838
0.06570000000000001 6379.749345178581 1.000054290039885 1.508152289732613 225.9032741070936 0.06889304488980347
0.0658 6379.789395014628 1.000054002309223 1.508056869417828 225.7030249268595 0.06737502774339861
0.0659 6379.8295062189 1.000053715515226 1.507961427245044 225.5024689055002 0.0658852889500106
0.066 6379.869678807285 1.000053429657014 1.507865963293046 225.301605963576 0.06442341252447421
0.06610000000000001 6379.909912795624 1.000053144733702 1.507770477640318 225.1004360218789 0.06298898654393253
0.06620000000000001 6379.950208199713 1.000052860744408 1.507674970365011 224.8989590014329 0.06158160314099064
0.0663 6379.9905650353 1.000052577688247 1.507579441544974 224.6971748234986 0.06020085849640223
0.0664 6380.030983318087 1.000052295564334 1.507483891257713 224.4950834095638 0.05884635283116978
0.0665 6380.071463063732 1.000052014371784 1.507388319580451 224.2926846813392 0.05751769039819565
0.06660000000000001 6380.112004287845 1.000051734109713 1.50729272659007 224.0899785607766 0.05621447947359946
0.06670000000000001 6380.152607005992 1.000051454777232 1.507197112363167 223.8869649700413 0.05493633234726206
0.0668 6380.193271233692 1.000051176373455 1.507101476976012 223.6836438315398 0.05368286531325324
0.0669 6380.233996986421 1.000050898897497 1.507005820504557 223.4800150678969 0.05245369865947504
0.067 6380.274784279608 1.000050622348468 1.506910143024462 223.2760786019602 0.05124845665702249
0.06710000000000001 6380.31563312864 1.000050346725481 1.506814444611079 223.0718343568 0.05006676754906203
0.06720000000000001 6380.356543548858 1.000050072027648 1.506718725339439 222.8672822557095 0.04890826353926146
0.0673 6380.397515555558 1.000049798254079 1.506622985284281 222.6624222222093 0.04777258077980373
0.0674 6380.438549163994 1.000049525403887 1.506527224520039 222.4572541800293 0.04665935935883909
0.0675 6380.479644389373 1.000049253476182 1.506431443120849 222.2517780531356 0.04556824328775937
0.06760000000000001 6380.52080124686 1.000048982470073 1.506335641160533 222.0459937656991 0.04449888048772516
0.06770000000000001 6380.562019751577 1.000048712384672 1.506239818712624 221.8399012421136 0.04345092277604856
0.0678 6380.603299918604 1.000048443219087 1.506143975850355 221.6335004069819 0.04242402585199567
0.0679 6380.644641762972 1.000048174972428 1.506048112646672 221.4267911851388 0.04141784928236672
0.068 6380.686045299676 1.000047907643805 1.505952229174214 221.2197735016192 0.04043205648640592
0.06810000000000001 6380.727510543664 1.000047641232325 1.505856325505333 221.0124472816809 0.03946631472058938
0.0682 6380.769037509843 1.000047375737097 1.505760401712077 220.8048124507862 0.0385202950628277
0.0683 6380.810626213078 1.00004711115723 1.505664457866224 220.5968689346113 0.03759367239641924
0.0684 6380.852276668189 1.000046847491831 1.505568494039261 220.3886166590549 0.03668612539362392
0.06850000000000001 6380.893988889959 1.000046584740007 1.505472510302362 220.1800555502072 0.03579733649869126
0.06860000000000001 6380.935762893123 1.000046322900866 1.505376506726454 219.9711855343852 0.03492699191082702
0.0687 6380.97759869238 1.000046061973514 1.505280483382152 219.7620065381019 0.03407478156650916
0.0688 6381.019496302382 1.000045801957058 1.505184440339805 219.5525184880884 0.03324039912168853
0.0689 6381.061455737747 1.000045542850603 1.505088377669467 219.3427213112667 0.03242354193344259
0.06900000000000001 6381.103477013044 1.000045284653254 1.504992295440926 219.1326149347818 0.03162391104153109
0.06910000000000001 6381.145560142806 1.000045027364118 1.50489619372369 218.9221992859697 0.03084121114937263
0.0692 6381.187705141524 1.000044770982299 1.504800072586983 218.7114742923799 0.03007515060491137
0.0693 6381.229912023648 1.000044515506901 1.504703932099771 218.5004398817576 0.0293254413810138
0.0694 6381.272180803589 1.000044260937027 1.504607772330739 218.2890959820573 0.02859179905567479
0.06950000000000001 6381.314511495714 1.000044007271781 1.504511593348302 218.0774425214289 0.02787394279182413
0.06960000000000001 6381.356904114355 1.000043754510265 1.504415395220605 217.8654794282269 0.02717159531691845
0.0697 6381.3993586738 1.000043502651581 1.504319178015536 217.6532066310014 0.02648448290218272
