0 6365.5 1.000353179105201 1.561982832951346 297.15 20.59296386946249
0.0001 6365.505642207266 1.00035290088836 1.561914088908402 297.1217889636713 20.5580931393057
0.0002 6365.511328182095 1.000352620750375 1.561845319362021 297.0933590895251 20.52300408267172
0.0003 6365.517057940895 1.000352338695731 1.561776524115543 297.0647102955248 20.48769774145113
0.0004 6365.5228315002 1.000352054728946 1.561707702972859 297.0358424990021 20.45217516367458
0.0005 6365.528648876667 1.000351768854563 1.561638855738768 297.0067556166654 20.41643740348578
0.0006000000000000001 6365.534510087084 1.00035148107716 1.561569982218759 296.9774495645819 20.38048552108065
0.0007 6365.540415148359 1.000351191401341 1.561501082218954 296.947924258205 20.34432058270214
0.0008 6365.546364077529 1.000350899831741 1.561432155546289 296.9181796123561 20.30794366057889
0.0009000000000000001 6365.552356891752 1.000350606373023 1.561363202008375 296.8882155412379 20.27135583290272
0.001 6365.558393608315 1.00035031102988 1.561294221413539 296.8580319584256 20.23455818377798
0.0011 6365.564474244622 1.000350013807036 1.561225213570741 296.8276287768898 20.19755180320956
0.0012 6365.570598818204 1.00034971470924 1.561156178289799 296.7970059089824 20.16033778704606
0.0013 6365.576767346713 1.000349413741273 1.56108711538105 296.7661632664325 20.12291723693408
0.0014 6365.582979847927 1.000349110907946 1.561018024655612 296.7351007603642 20.08529126029973
0.0015 6365.58923633974 1.000348806214095 1.560948905925291 296.7038183013013 20.04746097031324
0.0016 6365.59553684017 1.000348499664588 1.56087975900251 296.6723157991495 20.00942748582582
0.0017 6365.601881367357 1.000348191264321 1.560810583700444 296.6405931632138 19.97119193135034
0.0018 6365.608269939559 1.000347881018218 1.560741379832919 296.6086503022037 19.93275543702512
0.0019 6365.614702575156 1.000347568931232 1.560672147214449 296.5764871242194 19.89411913855561
0.002 6365.621179292647 1.000347255008345 1.560602885660144 296.5441035367652 19.85528417718874
0.0021 6365.62770011065 1.000346939254565 1.560533594985876 296.5114994467498 19.81625169967039
0.0022 6365.634265047901 1.000346621674932 1.560464275008155 296.4786747604952 19.77702285821369
0.0023 6365.640874123256 1.000346302274511 1.560394925544121 296.4456293837187 19.73759881043431
0.0024 6365.647527355688 1.000345981058396 1.560325546411579 296.41236322156 19.69798071933989
0.0025 6365.654224764286 1.000345658031711 1.560256137429063 296.3788761785676 19.65816975327028
0.0026 6365.66096636826 1.000345333199604 1.560186698415663 296.3451681586988 19.6181670858539
0.0027 6365.667752186933 1.000345006567255 1.560117229191226 296.3112390653336 19.57797389598003
0.0028 6365.674582239745 1.000344678139869 1.560047729576155 296.2770888012741 19.53759136775453
0.0029 6365.681456546252 1.00034434792268 1.559978199391608 296.2427172687406 19.49702069044999
0.003 6365.688375126126 1.000344015920949 1.5599086384593 296.2081243693714 19.45626305846114
0.0031 6365.695337999154 1.000343682139964 1.559839046601667 296.1733100042314 19.41531967127052
0.0032 6365.702345185237 1.000343346585041 1.559769423641733 296.138274073813 19.3741917334034
0.0033 6365.709396704391 1.000343009261523 1.55969976940325 296.1030164780444 19.33288045439289
0.0034 6365.716492576745 1.000342670174781 1.559630083710549 296.0675371162764 19.29138704871825
0.0035 6365.72363282254 1.000342329330212 1.559560366388667 296.0318358873004 19.24971273578033
0.0036 6365.730817462134 1.00034198673324 1.559490617263231 295.9959126893303 19.20785873983403
0.0037 6365.738046515993 1.000341642389317 1.559420836160541 295.9597674200344 19.16582628997906
0.0038 6365.745320004698 1.00034129630392 1.559351022907577 295.9233999765078 19.12361662008144
0.0039 6365.752637948942 1.000340948482554 1.559281177331884 295.8868102552909 19.08123096874773
0.004 6365.760000369527 1.000340598930751 1.559211299261741 295.8499981523649 19.03867057927266
0.0041 6365.767407287367 1.000340247654068 1.559141388526014 295.8129635631652 18.99593669960742
0.004200000000000001 6365.774858723487 1.000339894658089 1.559071444954283 295.7757063825633 18.953030582291
0.0043 6365.782354699022 1.000339539948424 1.559001468376694 295.7382265048894 18.90995348442861
0.0044 6365.789895235216 1.00033918353071 1.55893145862406 295.7005238239193 18.86670666762778
0.004500000000000001 6365.797480353423 1.000338825410608 1.558861415527881 295.6625982328827 18.82329139796052
0.0046 6365.805110075106 1.000338465593809 1.558791338920276 295.6244496244684 18.77970894591985
0.0047 6365.812784421836 1.000338104086025 1.558721228633988 295.5860778908194 18.73596058636588
0.0048 6365.820503415291 1.000337740892996 1.558651084502477 295.5474829235467 18.69204759849222
0.0049 6365.828267077259 1.000337376020489 1.558580906359772 295.5086646137064 18.64797126575084
0.005 6365.836075429634 1.000337009474293 1.558510694040609 295.4696228518318 18.60373287583878
0.0051 6365.843928494415 1.000336641260225 1.558440447380321 295.430357527924 18.55933372063801
0.005200000000000001 6365.851826293712 1.000336271384128 1.558370166214936 295.3908685314385 18.51477509615004
0.0053 6365.859768849738 1.000335899851866 1.558299850381123 295.3511557513078 18.47005830247143
0.0054 6365.86775618481 1.000335526669332 1.558229499716212 295.3112190759506 18.42518464375357
0.005500000000000001 6365.875788321354 1.000335151842443 1.558159114058109 295.2710583932306 18.38015542810597
0.0056 6365.883865281898 1.00033477537714 1.558088693245502 295.2306735905116 18.33497196760674
0.0057 6365.891987089075 1.000334397279389 1.558018237117622 295.1900645546251 18.28963557821574
0.0058 6365.900153765622 1.000334017555181 1.557947745514383 295.1492311718888 18.24414757974364
0.0059 6365.908365334381 1.00033363621053 1.557877218276398 295.1081733280929 18.19850929578513
0.006 6365.916621818295 1.000333253251476 1.557806655244918 295.0668909085229 18.15272205369253
0.0061 6365.924923240411 1.000332868684083 1.557736056261779 295.0253837979457 18.10678718450863
0.006200000000000001 6365.933269623878 1.000332482514437 1.557665421169575 294.98365188061 18.06070602291454
0.0063 6365.941660991947 1.000332094748652 1.557594749811485 294.9416950402641 18.01447990719744
0.0064 6365.950097367971 1.00033170539286 1.557524042031418 294.8995131601472 17.96811017918786
0.006500000000000001 6365.9585787754 1.000331314453223 1.557453297673896 294.8571061229981 17.92159818421689
0.0066 6365.967105237793 1.000330921935923 1.557382516584097 294.8144738110371 17.87494527104318
0.0067 6365.9756767788 1.000330527847164 1.557311698607913 294.7716161059983 17.82815279183468
0.0068 6365.984293422178 1.000330132193177 1.557240843591839 294.7285328891106 17.7812221020952
0.006900000000000001 6365.992955191778 1.000329734980215 1.557169951383047 294.6852240411075 17.73415456062073
0.007 6366.001662111556 1.000329336214553 1.557099021829443 294.6416894422222 17.68695152944069
0.0071 6366.01041420556 1.000328935902488 1.557028054779535 294.5979289722012 17.6396143737787
0.007200000000000001 6366.01921149794 1.000328534050343 1.556957050082495 294.5539425103001 17.59214446199334
0.0073 6366.028054012942 1.000328130664461 1.556886007588229 294.5097299352877 17.54454316552866
0.0074 6366.036941774913 1.000327725751209 1.556814927147239 294.4652911254374 17.49681185884976
0.007500000000000001 6366.045874808291 1.000327319316976 1.556743808610754 294.4206259585447 17.44895191940754
0.0076 6366.054853137615 1.000326911368172 1.556672651830667 294.3757343119236 17.40096472757881
0.0077 6366.063876787518 1.000326501911231 1.556601456659544 294.3306160624101 17.35285166661584
0.007800000000000001 6366.072945782728 1.000326090952608 1.556530222950605 294.2852710863584 17.3046141225862
0.007900000000000001 6366.082060148072 1.00032567849878 1.55645895055779 294.2396992596408 17.25625348431717
0.008 6366.091219908466 1.000325264556245 1.556387639335718 294.1939004576701 17.20777114336416
0.0081 6366.100425088925 1.000324849131524 1.556316289139626 294.1478745553771 17.15916849393055
0.008200000000000001 6366.109675714555 1.000324432231159 1.556244899825544 294.1016214272244 17.11044693282607
0.0083 6366.118971810557 1.000324013861712 1.556173471250101 294.0551409472149 17.06160785942006
0.008400000000000001 6366.128313402226 1.000323594029768 1.556102003270597 294.0084329888699 17.01265267556106
0.008500000000000001 6366.137700514947 1.000323172741932 1.556030495745103 293.9614974252648 16.96358278555835
0.0086 6366.147133174198 1.00032275000483 1.555958948532317 293.9143341290113 16.91439959610598
0.008700000000000001 6366.156611405549 1.000322325825107 1.555887361491701 293.8669429722526 16.86510451622106
0.008800000000000001 6366.166135234662 1.000321900209433 1.555815734483284 293.8193238266907 16.81569895721499
0.0089 6366.175704687289 1.000321473164494 1.555744067367907 293.771476563555 16.76618433260307
0.009000000000000001 6366.185319789272 1.000321044696998 1.555672360007021 293.723401053638 16.71656205808465
0.0091 6366.194980566544 1.000320614813674 1.555600612262876 293.6750971672776 16.66683355146665
0.0092 6366.204687045128 1.000320183521269 1.555528823998306 293.6265647743616 16.6170002326104
0.009300000000000001 6366.214439251133 1.000319750826552 1.555456995076904 293.5778037443364 16.567063523383
0.0094 6366.22423721076 1.000319316736309 1.555385125363011 293.5288139461985 16.51702484758986
0.0095 6366.234080950298 1.000318881257349 1.555313214721562 293.4795952485123 16.46688563093494
0.009600000000000001 6366.243970496122 1.000318444396497 1.555241263018262 293.4301475193919 16.4166473009438
0.0097 6366.253905874694 1.000318006160599 1.555169270119537 293.3804706265286 16.36631128693267
0.0098 6366.263887112565 1.000317566556521 1.555097235892509 293.3305644371725 16.31587901993119
0.009900000000000001 6366.273914236372 1.000317125591145 1.555025160204978 293.2804288181418 16.26535193263277
0.01 6366.283987272836 1.000316683271374 1.554953042925471 293.2300636358181 16.21473145933096
0.0101 6366.294106248767 1.00031623960413 1.554880883923249 293.1794687561645 16.16401903587852
0.0102 6366.304271191056 1.000315794596351 1.55480868306829 293.1286440447215 16.11321609962349
0.0103 6366.314482126681 1.000315348254996 1.554736440231263 293.0775893665972 16.06232408934059
0.0104 6366.324739082704 1.000314900587041 1.55466415528353 293.0263045864816 16.0113444451853
0.0105 6366.335042086271 1.000314451599479 1.554591828097223 292.9747895686463 15.96027860863407
0.0106 6366.345391164611 1.000314001299323 1.554519458545195 292.9230441769445 15.90912802242447
0.0107 6366.355786345035 1.0003135496936 1.554447046501003 292.8710682748246 15.85789413050862
0.0108 6366.366227654937 1.00031309678936 1.554374591838898 292.8188617253167 15.80657837797959
0.0109 6366.376715121793 1.000312642593665 1.554302094433921 292.7664243910325 15.75518221101122
0.011 6366.387248773161 1.000312187113598 1.554229554161781 292.7137561341927 15.70370707682449
0.0111 6366.39782863668 1.000311730356255 1.554156970898954 292.6608568165997 15.6521544236003
0.0112 6366.408454740067 1.000311272328754 1.554084344522639 292.6077262996645 15.60052570044548
0.0113 6366.419127111122 1.000310813038225 1.554011674910764 292.5543644443891 15.54882235731437
0.0114 6366.429845777724 1.000310352491818 1.55393896194197 292.5007711113798 15.49704584496123
0.0115 6366.440610767831 1.000309890696696 1.553866205495655 292.4469461608472 15.44519761487929
0.0116 6366.451422109479 1.000309427660041 1.55379340545195 292.3928894526065 15.39327911923973
0.0117 6366.462279830782 1.000308963389049 1.553720561691713 292.3386008460906 15.34129181084358
0.0118 6366.473183959934 1.000308497890934 1.553647674096603 292.2840802003324 15.28923714304301
0.0119 6366.484134525203 1.000308031172924 1.553574742548904 292.2293273739828 15.23711656969747
0.012 6366.495131554939 1.000307563242263 1.553501766931737 292.1743422253061 15.18493154510783
0.0121 6366.506175077562 1.00030709410621 1.553428747128944 292.1191246121892 15.13268352396353
0.0122 6366.517265121572 1.000306623772039 1.553355683025097 292.0636743921417 15.08037396128085
0.0123 6366.528401715543 1.00030615224704 1.553282574505538 292.0079914222864 15.02800431233267
0.0124 6366.539584888124 1.000305679538516 1.553209421456339 291.9520755593779 14.97557603260383
0.0125 6366.55081466804 1.000305205653788 1.553136223764328 291.895926659798 14.9230905777249
0.0126 6366.562091084089 1.000304730600188 1.553062981317063 291.8395445795553 14.87054940341027
0.0127 6366.573414165141 1.000304254385062 1.552989694002928 291.782929174295 14.81795396540459
0.0128 6366.58478394014 1.000303777015774 1.552916361710989 291.7260802992981 14.7653057194206
0.0129 6366.596200438104 1.000303298499699 1.552842984331078 291.6689978094777 14.71260612107275
0.013 6366.607663688123 1.000302818844226 1.552769561753811 291.6116815593826 14.65985662581924
0.0131 6366.619173719357 1.000302338056757 1.552696093870556 291.5541314032165 14.60705868891637
0.0132 6366.630730561036 1.000301856144709 1.552622580573432 291.4963471948189 14.55421376533948
0.0133 6366.642334242466 1.000301373115511 1.552549021755327 291.4383287876702 14.50132330972468
0.0134 6366.653984793018 1.000300888976607 1.552475417309876 291.3800760349098 14.44838877632303
0.0135 6366.665682242135 1.00030040373545 1.552401767131505 291.3215887893269 14.39541161892961
0.0136 6366.677426619328 1.000299917399509 1.552328071115406 291.2628669033605 14.34239329082097
0.0137 6366.689217954178 1.000299429976264 1.552254329157524 291.2039102291086 14.28933524470074
0.0138 6366.701056276335 1.000298941473209 1.552180541154543 291.1447186183235 14.23623893263285
0.0139 6366.712941615515 1.000298451897847 1.552106707004028 291.0852919224257 14.18310580599103
0.014 6366.724874001501 1.000297961257695 1.552032826604153 291.0256299924944 14.1299373153879
0.0141 6366.736853464145 1.000297469560283 1.551958899853998 290.965732679277 14.07673491062033
0.0142 6366.748880033362 1.000296976813149 1.551884926653377 290.9055998331891 14.02350004060656
0.0143 6366.760953739137 1.000296483023845 1.551810906902867 290.8452313043139 13.9702341533234
0.0144 6366.773074611518 1.000295988199933 1.551736840503839 290.784626942412 13.91693869575138
0.0145 6366.785242680617 1.000295492348988 1.551662727358412 290.7237865969167 13.8636151138078
0.0146 6366.797457976612 1.000294995478592 1.55158856736954 290.6627101169382 13.81026485228788
0.0147 6366.809720529744 1.000294497596342 1.551514360440909 290.6013973512776 13.75688935481372
0.0148 6366.82203037032 1.000293998709842 1.551440106476985 290.5398481483993 13.70349006374753
0.0149 6366.834387528706 1.000293498826707 1.551365805383092 290.4780623564724 13.65006842016436
0.015 6366.846792035331 1.000292997954563 1.551291457065245 290.4160398233474 13.5966258637693
0.0151 6366.859243920688 1.000292496101046 1.55121706143029 290.3537803965613 13.54316383283855
0.0152 6366.871743215331 1.000291993273799 1.55114261838587 290.2912839233462 13.48968376416426
0.0153 6366.884289949873 1.000291489480478 1.551068127840409 290.2285502506342 13.43618709299548
0.0154 6366.896884154989 1.000290984728746 1.550993589703098 290.1655792250525 13.38267525297129
0.0155 6366.909525861415 1.000290479026275 1.550919003883952 290.102370692924 13.32914967605791
0.0156 6366.922215099944 1.000289972380748 1.550844370293739 290.0389245002801 13.27561179249739
0.0157 6366.934951901429 1.000289464799853 1.550769688844093 289.9752404928525 13.22206303073698
0.0158 6366.947736296783 1.000288956291291 1.550694959447344 289.9113185160862 13.16850481737779
0.0159 6366.960568316973 1.000288446862767 1.550620182016691 289.8471584151351 13.11493857710805
0.016 6366.973447993028 1.000287936521996 1.550545356466118 289.7827600348622 13.06136573264035
0.0161 6366.986375356029 1.000287425276701 1.550470482710386 289.7181232198531 13.00778770466022
0.0162 6366.99935043712 1.000286913134613 1.550395560665075 289.6532478144021 12.95420591175201
0.0163 6367.012373267493 1.000286400103468 1.55032059024656 289.5881336625356 12.90062177035505
0.0164 6367.025443878401 1.000285886191014 1.550245571372009 289.5227806079932 12.84703669468593
0.0165 6367.038562301153 1.000285371405 1.550170503959384 289.4571884942374 12.7934520966834
0.0166 6367.051728567106 1.000284855753187 1.5500953879275 289.3913571644711 12.73986938596074
0.0167 6367.064942707676 1.000284339243341 1.550020223195912 289.3252864616201 12.68628996972825
0.0168 6367.078204754332 1.000283821883232 1.549945009685019 289.2589762283418 12.63271525273833
0.0169 6367.091514738594 1.00028330368064 1.549869747316022 289.1924263070299 12.57914663722676
0.017 6367.104872692035 1.000282784643349 1.549794436010922 289.1256365398234 12.52558552285762
0.0171 6367.11827864628 1.000282264779149 1.549719075692542 289.0586067685975 12.47203330665374
0.0172 6367.131732633008 1.000281744095835 1.549643666284479 288.9913368349593 12.41849138293097
0.0173 6367.145234683944 1.00028122260121 1.549568207711196 288.9238265802791 12.36496114326143
0.0174 6367.158784830866 1.000280700303079 1.54949269989791 288.8560758456682 12.31144397639332
0.0175 6367.172383105603 1.000280177209254 1.549417142770689 288.7880844719833 12.2579412681927
0.0176 6367.18602954003 1.000279653327551 1.549341536256404 288.7198522998491 12.20445440159947
0.0177 6367.199724166074 1.000279128665792 1.549265880282727 288.651379169631 12.1509847565442
0.0178 6367.213467015708 1.0002786032318 1.549190174778167 288.5826649214581 12.0975337099043
0.0179 6367.227258120955 1.000278077033407 1.549114419672027 288.5137093952229 12.04410263544245
0.018 6367.241097513885 1.000277550078444 1.549038614894446 288.444512430577 11.99069290374157
0.0181 6367.25498522661 1.000277022374749 1.548962760376352 288.375073866949 11.93730588215752
0.0182 6367.268921291295 1.000276493930163 1.548886856049522 288.3053935435267 11.88394293474379
0.0183 6367.282905740146 1.00027596475253 1.548810901846544 288.2354712992704 11.83060542220097
0.0184 6367.296938605417 1.000275434849697 1.548734897700792 288.1653069729131 11.77729470181568
0.0185 6367.311019919407 1.000274904229514 1.548658843546494 288.0949004029648 11.72401212740315
0.0186 6367.325149714456 1.000274372899833 1.548582739318717 288.0242514277219 11.67075904925337
0.0187 6367.339328022948 1.00027384086851 1.548506584953306 287.953359885258 11.61753681406348
0.0188 6367.353554877315 1.000273308143403 1.548430380386934 287.8822256134239 11.56434676487741
0.0189 6367.367830310026 1.00027277473237 1.548354125557132 287.8108484498702 11.51119024104251
0.019 6367.382154353594 1.000272240643274 1.548277820402212 287.7392282320292 11.45806857813572
0.0191 6367.396527040576 1.000271705883977 1.548201464861325 287.6673647971196 11.40498310790697
0.0192 6367.410948403566 1.000271170462343 1.548125058874467 287.5952579821691 11.35193515823605
0.0193 6367.425418475202 1.00027063438624 1.548048602382426 287.5229076239915 11.29892605305605
0.0194 6367.439937288159 1.000270097663532 1.547972095326832 287.4503135592053 11.24595711230719
0.0195 6367.454504875154 1.000269560302088 1.547895537650125 287.3774756242286 11.19302965187396
0.0196 6367.469121268942 1.000269022309776 1.547818929295617 287.3043936552889 11.14014498353255
0.0197 6367.483786502317 1.000268483694463 1.547742270207376 287.2310674884133 11.08730441488514
0.0198 6367.498500608111 1.000267944464019 1.547665560330368 287.157496959447 11.0345092493141
0.0199 6367.51326361919 1.000267404626312 1.547588799610331 287.0836819040491 10.98176078591992
0.02 6367.528075568463 1.000266864189209 1.547511987993862 287.0096221576872 10.92906031945943
0.0201 6367.54293648887 1.00026632316058 1.547435125428382 286.935317555652 10.87640914029716
0.0202 6367.55784641339 1.000265781548288 1.547358211862144 286.860767933052 10.82380853434393
0.0203 6367.572805375036 1.000265239360203 1.547281247244203 286.7859731248185 10.77125978300206
0.0204 6367.587813406857 1.000264696604187 1.547204231524476 286.7109329657145 10.71876416311398
0.0205 6367.602870541934 1.000264153288105 1.547127164653718 286.6356472903302 10.66632294690143
0.0206 6367.617976813384 1.000263609419818 1.547050046583446 286.5601159330785 10.61393740190491
0.0207 6367.633132254357 1.000263065007185 1.546972877266078 286.4843387282129 10.56160879093924
0.0208 6367.648336898035 1.000262520058065 1.546895656654863 286.4083155098236 10.50933837203338
0.0209 6367.663590777633 1.000261974580314 1.546818384703817 286.3320461118368 10.45712739837372
0.021 6367.678893926395 1.000261428581784 1.546741061367853 286.2555303680241 10.40497711825382
0.0211 6367.6942463776 1.000260882070326 1.546663686602681 286.178768111998 10.35288877501498
0.0212 6367.709648164557 1.000260335053787 1.546586260364838 286.1017591772164 10.30086360699337
0.0213 6367.725099320602 1.000259787540012 1.546508782611709 286.0245033969917 10.24890284747034
0.0214 6367.740599879103 1.000259239536842 1.546431253301523 285.9470006044861 10.19700772461375
0.0215 6367.756149873457 1.000258691052115 1.546353672393297 285.8692506327164 10.14517946142575
0.0216 6367.771749337088 1.000258142093663 1.546276039846917 285.7912533145585 10.09341927569067
0.0217 6367.787398303451 1.000257592669317 1.546198355623097 285.7130084827426 10.04172837991729
0.0218 6367.803096806027 1.000257042786902 1.546120619683357 285.634515969867 9.990107981293257
0.0219 6367.818844878321 1.000256492454239 1.546042831990069 285.5557756083939 9.93855928162775
0.022 6367.834642553869 1.000255941679144 1.545964992506454 285.4767872306533 9.887083477300481
0.0221 6367.850489866232 1.000255390469429 1.545887101196507 285.3975506688388 9.835681759204975
0.0222 6367.866386848994 1.0002548388329 1.545809158025129 285.3180657550305 9.784355312709849
0.0223 6367.882333535765 1.000254286777359 1.545731162957963 285.2383323211765 9.733105317593763
0.0224 6367.89832996018 1.0002537343106 1.545653115961592 285.1583501990975 9.681932947995513
0.0225 6367.914376155898 1.000253181440413 1.545575017003336 285.0781192205098 9.630839372375945
0.0226 6367.9304721566 1.000252628174582 1.545496866051384 284.9976392170023 9.579825753451033
0.0227 6367.94661799599 1.000252074520885 1.545418663074769 284.9169100200501 9.528893248148567
0.0228 6367.962813707797 1.000251520487092 1.545340408043318 284.8359314610146 9.478043007556444
0.0229 6367.979059325769 1.000250966080967 1.545262100927724 284.7547033711575 9.427276176879744
0.023 6367.995354883673 1.00025041131027 1.545183741699476 284.6732255816354 9.376593895386682
0.0231 6368.011700415302 1.000249856182749 1.545105330330935 284.5914979234916 9.325997296352135
0.0232 6368.028095954465 1.000249300706148 1.545026866795245 284.5095202276738 9.275487507018489
0.0233 6368.044541534994 1.000248744888203 1.544948351066421 284.4272923250295 9.225065648542603
0.0234 6368.061037190737 1.000248188736642 1.544869783119248 284.3448140463155 9.174732835951501
0.0235 6368.077582955562 1.000247632259184 1.544791162929416 284.2620852221884 9.124490178087298
0.0236 6368.094178863356 1.000247075463542 1.544712490473386 284.1791056832184 9.074338777566309
0.0237 6368.110824948022 1.000246518357418 1.544633765728459 284.0958752598893 9.024279730730163
0.0238 6368.12752124348 1.000245960948508 1.544554988672782 284.0123937825987 8.97431412759725
0.0239 6368.144267783669 1.000245403244498 1.54447615928529 283.9286610816574 8.924443051814581
0.024 6368.161064602539 1.000244845253063 1.544397277545779 283.8446769873038 8.874667580618084
0.0241 6368.177911734061 1.000244286981873 1.544318343434865 283.7604413296943 8.824988784779688
0.0242 6368.194809212218 1.000243728438585 1.544239356933967 283.675953938908 8.775407728562941
0.0243 6368.211757071007 1.000243169630847 1.544160318025358 283.5912146449649 8.725925469686901
0.0244 6368.22875534444 1.000242610566299 1.544081226692093 283.5062232777985 8.676543059263738
0.0245 6368.245804066543 1.000242051252568 1.544002082918113 283.4209796672834 8.627261541768712
0.0246 6368.262903271355 1.000241491697272 1.543922886688098 283.3354836432258 8.578081954989207
0.0247 6368.280052992924 1.00024093190802 1.543843637987631 283.2497350353818 8.529005329989898
0.0248 6368.297253265314 1.000240371892407 1.543764336803048 283.1637336734306 8.480032691052209
0.0249 6368.314504122598 1.000239811658019 1.543684983121563 283.0774793870099 8.431165055650656
0.025 6368.33180559886 1.000239251212431 1.543605576931167 282.9909720056988 8.38240343439826
0.0251 6368.349157728196 1.000238690563206 1.543526118220676 282.9042113590216 8.333748831005485
0.0252 6368.366560544709 1.000238129717894 1.543446606979755 282.817197276457 8.285202242242013
0.0253 6368.384014082514 1.000237568684037 1.543367043198835 282.7299295874294 8.236764657888754
0.0254 6368.401518375733 1.000237007469161 1.543287426869205 282.6424081213357 8.188437060710493
0.0255 6368.419073458496 1.000236446080781 1.54320775798294 282.5546327075184 8.140220426398606
0.0256 6368.436679364942 1.0002358845264 1.543128036532958 282.466603175288 8.092115723541962
0.0257 6368.454336129218 1.000235322813508 1.543048262512952 282.3783193539097 8.044123913578163
0.0258 6368.472043785474 1.000234760949582 1.542968435917478 282.2897810726303 7.996245950767552
0.0259 6368.489802367869 1.000234198942086 1.542888556741848 282.2009881606558 7.948482782140385
0.026 6368.507611910568 1.000233636798471 1.542808624982209 282.1119404471605 7.900835347461827
0.0261 6368.52547244774 1.000233074526172 1.542728640635527 282.0226377613002 7.853304579199688
0.0262 6368.543384013559 1.000232512132615 1.542648603699558 281.9330799322037 7.805891402480395
0.0263 6368.561346642203 1.000231949625208 1.542568514172874 281.8432667889859 7.758596735057528
0.0264 6368.579360367853 1.000231387011346 1.542488372054857 281.7531981607348 7.711421487266363
0.0265 6368.597425224695 1.000230824298409 1.542408177345684 281.6628738765243 7.664366561993288
0.0266 6368.615541246916 1.000230261493765 1.542327930046315 281.5722937654194 7.617432854640795
0.0267 6368.633708468706 1.000229698604764 1.542247630158562 281.4814576564717 7.570621253088199
0.0268 6368.651926924254 1.000229135638743 1.542167277684998 281.3903653787278 7.523932637659904
0.0269 6368.670196647755 1.000228572603022 1.542086872629019 281.2990167612255 7.47736788108708
0.027 6368.688517673399 1.000228009504907 1.542006414994798 281.2074116330026 7.430927848476812
0.0271 6368.706890035382 1.000227446351688 1.541925904787305 281.1155498230877 7.384613397272462
0.0272 6368.725313767896 1.000226883150639 1.541845342012322 281.0234311605185 7.338425377228319
0.0273 6368.743788905132 1.00022631990902 1.54176472667641 280.9310554743419 7.292364630375432
0.0274 6368.762315481279 1.00022575663407 1.541684058786939 280.8384225936046 7.24643199098344
0.0275 6368.780893530527 1.000225193333016 1.541603338352064 280.7455323473672 7.200628285534273
0.0276 6368.79952308706 1.000224630013067 1.541522565380706 280.6523845646992 7.154954332687233
0.0277 6368.818204185063 1.000224066681414 1.541441739882626 280.5589790746839 7.109410943249109
0.0278 6368.836936858715 1.000223503345233 1.541360861868312 280.4653157064225 7.063998920144749
0.0279 6368.855721142191 1.000222940011682 1.541279931349065 280.3713942890439 7.018719058390253
0.028 6368.874557069664 1.000222376687899 1.541198948336985 280.2772146516812 6.973572145051362
0.0281 6368.893444675298 1.000221813381008 1.541117912844945 280.1827766235086 6.928558959230839
0.0282 6368.912383993255 1.000221250098114 1.541036824886563 280.088080033723 6.883680272030007
0.0283 6368.93137505769 1.000220686846304 1.540955684476286 279.9931247115486 6.838936846521812
0.0284 6368.950417902753 1.000220123632645 1.540874491629316 279.8979104862368 6.794329437722244
0.0285 6368.969512562583 1.000219560464189 1.540793246361619 279.8024371870846 6.749858792570742
0.0286 6368.988659071318 1.000218997347965 1.540711948689961 279.7067046434116 6.705525649891964
0.0287 6369.007857463082 1.000218434290988 1.540630598631844 279.6107126845922 6.661330740383534
0.0288 6369.027107771994 1.000217871300251 1.540549196205575 279.5144611400277 6.617274786576854
0.0289 6369.046410032165 1.000217308382727 1.540467741430225 279.4179498391744 6.573358502823662
0.029 6369.065764277694 1.000216745545373 1.540386234325614 279.3211786115293 6.529582595264279
0.0291 6369.085170542671 1.000216182795123 1.540304674912326 279.2241472866439 6.485947761808857
0.0292 6369.104628861179 1.000215620138894 1.540223063211721 279.1268556941062 6.442454692104793
0.0293 6369.124139267285 1.000215057583581 1.540141399245916 279.029303663577 6.399104067529194
0.0294 6369.143701795047 1.00021449513606 1.540059683037782 278.9314910247625 6.355896561153286
0.0295 6369.163316478514 1.000213932803186 1.539977914610953 278.833417607428 6.312832837725761
0.0296 6369.182983351719 1.000213370591794 1.539896093989812 278.7350832414071 6.269913553654499
0.0297 6369.202702448683 1.000212808508698 1.539814221199504 278.6364877565833 6.227139356976941
0.0298 6369.222473803416 1.000212246560692 1.539732296265917 278.537630982922 6.184510887352829
0.0299 6369.242297449912 1.000211684754547 1.539650319215685 278.4385127504387 6.142028776029828
0.03 6369.262173422154 1.000211123097015 1.539568290076197 278.3391328892307 6.099693645837287
0.0301 6369.282101754105 1.000210561594825 1.539486208875585 278.2394912294725 6.057506111164728
0.0302 6369.30208247972 1.000210000254686 1.539404075642707 278.1395876014025 6.015466777937191
0.0303 6369.322115632933 1.000209439083283 1.539321890407195 278.0394218353362 5.973576243602758
0.0304 6369.342201247665 1.000208878087281 1.539239653199383 277.9389937616755 5.931835097118591
0.0305 6369.362339357819 1.000208317273322 1.539157364050361 277.8383032109044 5.890243918931803
0.0306 6369.382529997282 1.000207756648026 1.539075022991943 277.7373500135885 5.848803280962868
0.0307 6369.402773199924 1.00020719621799 1.538992630056695 277.6361340003799 5.80751374659149
0.0308 6369.423068999596 1.000206635989789 1.538910185277875 277.5346550020216 5.766375870643006
0.0309 6369.443417430131 1.000206075969976 1.53882768868949 277.4329128493431 5.72539019937167
0.031 6369.463818525345 1.00020551616508 1.538745140326291 277.3309073732738 5.684557270451895
0.0311 6369.484272319032 1.000204956581605 1.538662540223708 277.2286384048388 5.643877612962672
0.0312 6369.504778844969 1.000204397226036 1.538579888417914 277.1261057751539 5.603351747372677
0.0313 6369.525338136911 1.00020383810483 1.538497184945802 277.0233093154442 5.562980185534979
0.0314 6369.545950228594 1.000203279224425 1.538414429844964 276.9202488570303 5.522763430669689
0.0315 6369.566615153732 1.00020272059123 1.538331623153729 276.8169242313419 5.482701977357997
0.0316 6369.587332946017 1.000202162211635 1.538248764911108 276.7133352699133 5.442796311529635
0.0317 6369.608103639122 1.000201604092004 1.538165855156819 276.6094818043879 5.403046910454505
0.0318 6369.628927266695 1.000201046238674 1.538082893931319 276.5053636665274 5.363454242736586
0.0319 6369.64980386236 1.000200488657962 1.537999881275724 276.400980688198 5.324018768299771
0.032 6369.670733459722 1.000199931356157 1.537916817231892 276.2963327013889 5.284740938386445
0.0321 6369.691716092359 1.000199374339526 1.53783370184233 276.1914195382072 5.245621195547979
0.0322 6369.712751793826 1.000198817614309 1.53775053515027 276.0862410308695 5.206659973634231
0.0323 6369.733840597654 1.000198261186722 1.537667317199638 275.9807970117284 5.167857697797166
0.0324 6369.754982537347 1.000197705062956 1.537584048035005 275.8750873132643 5.129214784481456
0.0325 6369.776177646387 1.000197149249175 1.537500727701703 275.7691117680664 5.090731641412546
0.0326 6369.797425958226 1.00019659375152 1.537417356245676 275.6628702088695 5.052408667605258
0.0327 6369.818727506294 1.000196038576105 1.537333933713581 275.5563624685313 5.014246253351371
0.0328 6369.840082323991 1.000195483729017 1.537250460152753 275.4495883800458 4.976244780221091
0.0329 6369.861490444692 1.000194929216319 1.5371669356112 275.3425477765389 4.93840462105854
0.033 6369.882951901744 1.000194375044049 1.537083360137573 275.2352404912821 4.900726139984332
0.0331 6369.904466728463 1.000193821218215 1.536999733781231 275.1276663576831 4.863209692390677
0.0332 6369.926034958143 1.000193267744802 1.536916056592178 275.0198252092863 4.825855624940401
0.0333 6369.947656624043 1.000192714629767 1.536832328621083 274.911716879786 4.788664275571291
0.0334 6369.969331759396 1.000192161879041 1.536748549919289 274.8033412030221 4.751635973494687
0.0335 6369.991060397404 1.000191609498527 1.536664720538766 274.69469801298 4.714771039196329
0.0336 6370.01284257124 1.000191057494103 1.536580840532168 274.5857871437996 4.678069784440892
0.0337 6370.034678314047 1.000190505871618 1.536496909952776 274.4766084297665 4.641532512270981
0.0338 6370.056567658934 1.000189954636897 1.53641292885453 274.36716170533 4.605159517015931
0.0339 6370.078510638982 1.000189403795734 1.536328897292025 274.2574468050892 4.568951084290524
0.034 6370.10050728724 1.000188853353898 1.536244815320469 274.1474635637982 4.532907491000494
0.0341 6370.122557636724 1.000188303317129 1.536160682995732 274.037211816379 4.497029005351552
0.0342 6370.144661720417 1.000187753691141 1.536076500374316 273.926691397913 4.461315886851556
0.0343 6370.16681957127 1.000187204481619 1.535992267513334 273.8159021436499 4.425768386319257
0.0344 6370.189031222199 1.00018665569422 1.535907984470563 273.7048438890027 4.390386745889252
0.0345 6370.21129670609 1.000186107334575 1.535823651304363 273.5935164695487 4.355171199019064
0.0346 6370.233616055792 1.000185559408283 1.535739268073774 273.4819197210376 4.320121970499717
0.0347 6370.25598930412 1.00018501192092 1.535654834838388 273.370053479401 4.285239276466842
0.0348 6370.278416483853 1.000184464878029 1.535570351658445 273.2579175807344 4.250523324403876
0.0349 6370.300897627738 1.000183918285127 1.535485818594811 273.1455118613106 4.215974313155908
0.035 6370.323432768483 1.000183372147702 1.535401235708939 273.0328361575843 4.181592432941225
0.0351 6370.346021938762 1.000182826471212 1.535316603062897 272.9198903061919 4.147377865362055
0.0352 6370.368665171211 1.000182281261089 1.535231920719345 272.8066741439428 4.11333078341324
0.0353 6370.391362498432 1.000181736522733 1.535147188741555 272.6931875078375 4.079451351499795
0.0354 6370.414113952987 1.000181192261517 1.535062407193386 272.5794302350627 4.045739725448133
0.0355 6370.436919567402 1.000180648482786 1.534977576139289 272.4654021629916 4.012196052519346
0.0356 6370.459779374162 1.000180105191852 1.534892695644306 272.3511031291886 3.978820471424442
0.0357 6370.482693405719 1.000179562394002 1.534807765774061 272.2365329714042 3.945613112337536
0.0358 6370.505661694483 1.00017902009449 1.534722786594765 272.1216915275849 3.912574096913651
0.0359 6370.528684272825 1.000178478298543 1.534637758173202 272.0065786358767 3.879703538305747
0.036 6370.551761173077 1.000177937011357 1.534552680576726 271.8911941346126 3.847001541177189
0.0361 6370.574892427532 1.0001773962381 1.534467553873263 271.7755378623391 3.814468201726497
0.0362 6370.598078068442 1.000176855983909 1.53438237813132 271.659609657789 3.782103607697211
0.0363 6370.62131812802 1.000176316253891 1.534297153419944 271.5434093599 3.749907838401282
0.0364 6370.644612638434 1.000175777053124 1.534211879808756 271.4269368078279 3.717880964741616
0.0365 6370.667961631818 1.000175238386655 1.534126557367929 271.3101918409105 3.686023049221492
0.0366 6370.691365140256 1.000174700259502 1.534041186168206 271.1931742987175 3.654334145978363
0.0367 6370.714823195797 1.000174162676652 1.533955766280844 271.0758840210141 3.622814300794531
0.0368 6370.738335830445 1.000173625643063 1.533870297777652 270.9583208477746 3.5914635511222
0.0369 6370.761903076161 1.000173089163661 1.533784780731019 270.8404846191964 3.560281926108966
0.03700000000000001 6370.785524964864 1.000172553243342 1.533699215213823 270.7223751756813 3.529269446615456
0.0371 6370.809201528429 1.000172017886974 1.533613601299507 270.6039923578541 3.498426125243235
0.0372 6370.832932798689 1.000171483099391 1.533527939062024 270.485336006553 3.467751966356099
0.0373 6370.856718807431 1.000170948885398 1.533442228575865 270.3664059628439 3.437246966107892
0.0374 6370.8805595864 1.00017041524977 1.533356469916039 270.2472020680019 3.406911112462716
0.0375 6370.904455167293 1.000169882197251 1.53327066315807 270.1277241635338 3.376744385226257
0.0376 6370.928405581766 1.000169349732553 1.533184808378006 270.0079720911693 3.346746756069511
0.0377 6370.952410861427 1.000168817860358 1.533098905652396 269.8879456928656 3.316918188556603
0.0378 6370.976471037839 1.000168286585319 1.533012955058294 269.7676448108026 3.28725863817093
0.0379 6371.000586142522 1.000167755912054 1.532926956673262 269.6470692873876 3.257768052344167
0.038 6371.024756206946 1.000167225845154 1.532840910575354 269.5262189652689 3.228446370488028
0.0381 6371.048981262536 1.000166696389176 1.532754816843147 269.4050936873222 3.19929352401992
0.0382 6371.073261340668 1.000166167548649 1.532668675555657 269.2836932966596 3.170309436394766
0.0383 6371.097596472676 1.000165639328067 1.532582486792438 269.1620176366208 3.141494023133017
0.0384 6371.121986689842 1.000165111731896 1.532496250633496 269.0400665507908 3.11284719185575
0.0385 6371.146432023402 1.000164584764569 1.532409967159317 268.9178398829912 3.084368842313812
0.0386 6371.170932504543 1.00016405843049 1.532323636450871 268.7953374772845 3.056058866420793
0.03870000000000001 6371.195488164406 1.000163532734029 1.532237258589603 268.6725591779699 3.02791714828445
0.0388 6371.220099034082 1.000163007679527 1.5321508336574 268.5495048295919 2.999943564241859
0.0389 6371.244765144611 1.00016248327129 1.532064361736659 268.4261742769453 2.972137982894012
0.039 6371.269486526986 1.000161959513597 1.531977842910177 268.3025673650703 2.944500265138912
0.0391 6371.294263212151 1.000161436410693 1.531891277261232 268.1786839392438 2.917030264204289
0.0392 6371.319095231 1.000160913966793 1.531804664873572 268.0545238450017 2.88972782568795
0.0393 6371.343982614375 1.000160392186078 1.531718005831365 267.9300869281254 2.862592787590542
0.0394 6371.368925393069 1.0001598710727 1.531631300219223 267.8053730346559 2.835624980354902
0.0395 6371.393923597824 1.000159350630779 1.531544548122194 267.6803820108793 2.808824226899982
0.0396 6371.418977259332 1.000158830864403 1.531457749625779 267.5551137033411 2.782190342661266
0.0397 6371.444086408233 1.000158311777629 1.531370904815884 267.4295679588371 2.755723135626795
0.0398 6371.469251075115 1.00015779337448 1.531284013778859 267.3037446244265 2.729422406378585
0.0399 6371.494471290516 1.000157275658951 1.531197076601441 267.1776435474188 2.7032879481288
0.04 6371.519747084922 1.000156758635004 1.531110093370843 267.0512645753919 2.677319546763128
0.0401 6371.545078488763 1.000156242306567 1.531023064174631 266.9246075561872 2.651516980879879
0.0402 6371.570465532421 1.00015572667754 1.530935989100813 266.7976723378964 2.625880021827832
0.0403 6371.595908246222 1.00015521175179 1.530848868237787 266.6704587688886 2.60040843375292
0.04040000000000001 6371.621406660443 1.000154697533151 1.530761701674354 266.5429666977874 2.575101973635251
0.0405 6371.646960805302 1.000154184025428 1.530674489499719 266.4151959734894 2.549960391334916
0.0406 6371.672570710968 1.000153671232391 1.530587231803452 266.2871464451595 2.524983429633691
0.0407 6371.698236407555 1.000153159157781 1.530499928675551 266.1588179622262 2.500170824277308
0.0408 6371.723957925122 1.000152647805307 1.530412580206347 266.030210374391 2.475522304020872
0.0409 6371.749735293676 1.000152137178646 1.530325186486588 265.9013235316191 2.451037590671247
0.041 6371.775568543167 1.000151627281442 1.530237747607373 265.7721572841668 2.426716399136851
0.0411 6371.801457703491 1.00015111811731 1.530150263660182 265.642711482545 2.402558437465835
0.0412 6371.82740280449 1.000150609689831 1.530062734736848 265.512985977551 2.378563406897678
0.0413 6371.85340387595 1.000150102002557 1.529975160929571 265.3829806202506 2.354731001905814
0.0414 6371.879460947602 1.000149595059005 1.52988754233092 265.2526952619913 2.33106091024667
0.0415 6371.905574049119 1.000149088862664 1.529799879033794 265.1221297544029 2.307552813006607
0.04160000000000001 6371.931743210123 1.000148583416989 1.529712171131447 264.991283949383 2.284206384646891
0.0417 6371.957968460178 1.000148078725404 1.529624418717477 264.8601576991117 2.261021293054073
0.0418 6371.984249828787 1.000147574791302 1.52953662188583 264.7287508560643 2.237997199590685
0.0419 6372.010587345403 1.000147071618044 1.529448780730757 264.5970632729844 2.215133759139188
0.042 6372.036981039419 1.000146569208961 1.529360895346872 264.4650948029069 2.192430620155193
0.04210000000000001 6372.06343094017 1.00014606756735 1.529272965829098 264.3328452991485 2.169887424715506
0.0422 6372.089937076938 1.00014556669648 1.529184992272674 264.2003146153123 2.147503808568986
0.0423 6372.116499478943 1.000145066599585 1.52909697477316 264.0675026052835 2.125279401186282
0.0424 6372.143118175351 1.00014456727987 1.529008913426437 263.9344091232427 2.103213825813031
0.0425 6372.169793195269 1.000144068740509 1.528920808328677 263.8010340236527 2.081306699518897
0.0426 6372.196524567746 1.000143570984642 1.528832659576362 263.6673771612717 2.05955763325156
0.0427 6372.223312321771 1.000143074015382 1.528744467266277 263.5334383911444 2.037966231887355
0.0428 6372.250156486279 1.000142577835808 1.528656231495495 263.3992175686066 2.016532094284545
0.0429 6372.277057090142 1.000142082448968 1.528567952361384 263.2647145492896 1.995254813336971
0.043 6372.304014162176 1.000141587857881 1.528479629961573 263.1299291891204 1.974133976027326
0.0431 6372.331027731138 1.000141094065532 1.528391264394015 262.9948613443079 1.953169163478723
0.0432 6372.358097825726 1.000140601074877 1.528302855756906 262.8595108713702 1.932359951013011
0.04330000000000001 6372.385224474577 1.000140108888841 1.528214404148713 262.7238776271164 1.911705908202346
0.0434 6372.412407706269 1.000139617510318 1.528125909668192 262.5879614686559 1.891206598925375
0.0435 6372.439647549322 1.00013912694217 1.528037372414345 262.4517622533889 1.870861581421006
0.0436 6372.466944032197 1.000138637187232 1.527948792486435 262.3152798390159 1.850670408345287
0.0437 6372.494297183292 1.000138148248303 1.527860169983975 262.1785140835422 1.830632626827893
0.0438 6372.521707030948 1.000137660128156 1.527771505006718 262.0414648452592 1.810747778525637
0.0439 6372.549173603445 1.000137172829531 1.527682797654703 261.9041319827769 1.791015399683622
0.044 6372.576696928999 1.000136686355139 1.527594048028157 261.7665153550055 1.77143502118938
0.0441 6372.604277035771 1.00013620070766 1.527505256227565 261.628614821146 1.752006168628753
0.0442 6372.631913951859 1.000135715889742 1.527416422353654 261.4904302407043 1.732728362345337
0.0443 6372.6596077053 1.000135231904006 1.527327546507357 261.3519614735 1.713601117499485
0.0444 6372.68735832407 1.00013474875304 1.527238628789844 261.2132083796481 1.694623944123845
0.0445 6372.715165836085 1.000134266439404 1.527149669302492 261.0741708195732 1.675796347183619
0.0446 6372.743030269199 1.000133784965627 1.527060668146896 260.9348486540042 1.657117826634589
0.0447 6372.770951651203 1.000133304334208 1.526971625424851 260.7952417439841 1.638587877483257
0.0448 6372.79893000983 1.000132824547617 1.526882541238384 260.6553499508512 1.620205989843635
0.0449 6372.826965372748 1.000132345608293 1.526793415689677 260.5151731362579 1.601971648999154
0.04500000000000001 6372.855057767567 1.000131867518646 1.526704248881139 260.3747111621655 1.583884335461781
0.0451 6372.88320722183 1.000131390281057 1.526615040915368 260.2339638908492 1.565943525032589
0.0452 6372.911413763024 1.000130913897876 1.526525791895131 260.0929311848798 1.548148688859686
0.0453 6372.93967741857 1.000130438371426 1.526436501923382 259.9516129071511 1.530499293502185
0.0454 6372.967998215827 1.000129963703998 1.526347171103277 259.8100089208659 1.512994800989162
0.0455 6372.996376182093 1.000129489897856 1.526257799538101 259.6681190895364 1.495634668880618
0.0456 6373.024811344602 1.000129016955233 1.52616838733134 259.5259432769884 1.478418350329208
0.0457 6373.053303730529 1.000128544878335 1.526078934586628 259.3834813473571 1.461345294141075
0.0458 6373.081853366981 1.000128073669337 1.525989441407768 259.240733165096 1.44441494483853
0.0459 6373.110460281006 1.000127603330387 1.525899907898713 259.0976985949723 1.427626742721289
0.046 6373.139124499588 1.000127133863603 1.525810334163568 258.9543775020578 1.410980123927393
0.0461 6373.167846049651 1.000126665271076 1.525720720306572 258.8107697517474 1.39447452049753
0.0462 6373.196624958049 1.000126197554867 1.525631066432117 258.6668752097543 1.378109360436812
0.0463 6373.225461251581 1.000125730717008 1.525541372644738 258.5226937420961 1.361884067775754
0.0464 6373.254354956978 1.000125264759506 1.52545163904908 258.378225215109 1.345798062634539
0.0465 6373.283306100908 1.000124799684337 1.525361865749945 258.233469495461 1.329850761287344
0.0466 6373.312314709977 1.000124335493448 1.525272052852241 258.0884264501159 1.314041576221303
0.04670000000000001 6373.341380810727 1.000123872188762 1.52518220046099 257.9430959463647 1.298369916203185
0.0468 6373.370504429637 1.000123409772171 1.525092308681348 257.7974778518168 1.282835186341647
0.0469 6373.399685593121 1.00012294824554 1.525002377618558 257.6515720343954 1.267436788150162
0.047 6373.428924327532 1.000122487610707 1.524912407377992 257.505378362342 1.252174119611041
0.0471 6373.458220659155 1.000122027869483 1.524822398065109 257.3588967042255 1.237046575240014
0.0472 6373.487574614215 1.00012156902365 1.524732349785474 257.212126928924 1.222053546148081
0.0473 6373.516986218873 1.000121111074965 1.524642262644729 257.0650689056341 1.207194420106338
0.0474 6373.546455499225 1.000120654025155 1.524552136748633 256.9177225038751 1.192468581610371
0.0475 6373.575982481302 1.000120197875923 1.524461972203 256.7700875934892 1.177875411944276
0.0476 6373.605567191073 1.000119742628943 1.524371769113749 256.6221640446369 1.163414289244304
0.0477 6373.635209654441 1.000119288285864 1.524281527586856 256.4739517277925 1.149084588562617
0.0478 6373.664909897248 1.000118834848309 1.52419124772837 256.3254505137578 1.134885681932859
0.04790000000000001 6373.694667945269 1.000118382317871 1.524100929644421 256.1766602736528 1.120816938433566
0.048 6373.724483824216 1.00011793069612 1.524010573441203 256.0275808789205 1.106877724252954
0.0481 6373.754357559734 1.000117479984599 1.523920179224938 255.8782122013312 1.093067402753708
0.0482 6373.784289177409 1.000117030184825 1.523829747101942 255.7285541129553 1.079385334534899
0.0483 6373.814278702758 1.000116581298288 1.523739277178568 255.578606486209 1.065830877500629
0.04840000000000001 6373.844326161237 1.000116133326455 1.523648769561195 255.428369193813 1.052403386920737
0.0485 6373.874431578237 1.000115686270765 1.523558224356261 255.2778421088154 1.039102215497364
0.0486 6373.904594979082 1.000115240132632 1.523467641670259 255.127025104592 1.025926713429411
0.0487 6373.934816389034 1.000114794913446 1.523377021609678 254.9759180548321 1.012876228475817
0.0488 6373.96509583329 1.000114350614569 1.523286364281061 254.8245208335524 0.9999501060212275
0.0489 6373.995433336982 1.000113907237342 1.523195669790978 254.672833315088 0.9871476891396601
0.049 6374.02582892518 1.000113464783077 1.523104938246016 254.5208553741016 0.9744683186597007
0.0491 6374.056282622885 1.000113023253064 1.523014169752768 254.368586885574 0.9619113332281246
0.0492 6374.086794455038 1.000112582648568 1.522923364417852 254.2160277248089 0.949476069374637
0.0493 6374.117364446515 1.000112142970829 1.522832522347893 254.0631777674238 0.9371618615754442
0.0494 6374.147992622124 1.000111704221063 1.522741643649523 253.9100368893818 0.9249680423200611
0.0495 6374.178679006611 1.000111266400462 1.522650728429365 253.7566049669462 0.9128939421718311
0.04960000000000001 6374.209423624657 1.000110829510193 1.52255977679406 253.6028818767167 0.9009388898349527
0.0497 6374.24022650088 1.000110393551403 1.522468788850209 253.4488674956023 0.8891022122163692
0.0498 6374.271087659831 1.000109958525209 1.522377764704441 253.2945617008439 0.8773832344914925
0.0499 6374.302007125998 1.00010952443271 1.52228670446334 253.13996437001 0.86578128016768
0.05 6374.332984923805 1.00010909127498 1.522195608233484 252.9850753809736 0.8542956711462907
0.05010000000000001 6374.364021077611 1.000108659053068 1.522104476121424 252.8298946119443 0.8429257277887329
0.0502 6374.39511561171 1.000108227768003 1.522013308233691 252.6744219414499 0.831670768978626
0.0503 6374.426268550332 1.000107797420788 1.521922104676776 252.5186572483411 0.8205301121855512
0.0504 6374.457479917643 1.000107368012407 1.521830865557144 252.3626004117872 0.809503073528013
0.0505 6374.488749737742 1.000106939543818 1.521739590981218 252.2062513112891 0.798588967837544
0.0506 6374.520078034669 1.000106512015958 1.521648281055384 252.049609826657 0.7877871087201077
0.0507 6374.551464832395 1.000106085429743 1.52155693588596 251.8926758380243 0.7770968086199205
0.0508 6374.582910154829 1.000105659786066 1.521465555579252 251.7354492258559 0.7665173788827473
0.0509 6374.614414025814 1.000105235085796 1.521374140241492 251.5779298709307 0.7560481298171804
0.051 6374.64597646913 1.000104811329783 1.521282689978845 251.4201176543505 0.7456883707576144
0.0511 6374.677597508493 1.000104388518856 1.521191204897431 251.2620124575354 0.735437410126117
0.0512 6374.709277167553 1.000103966653821 1.521099685103304 251.1036141622329 0.7252945554950013
0.05130000000000001 6374.741015469899 1.000103545735462 1.521008130702445 250.9449226505043 0.7152591136477314
0.0514 6374.772812439054 1.000103125764544 1.52091654180076 250.7859378047291 0.7053303906408169
0.0515 6374.804668098477 1.00010270674181 1.520824918504099 250.6266595076144 0.695507691865756
0.0516 6374.836582471563 1.000102288667983 1.520733260918206 250.4670876421854 0.6857903221096202
0.0517 6374.868555581644 1.000101871543764 1.520641569148757 250.3072220917815 0.6761775856157249
0.05180000000000001 6374.900587451985 1.000101455369836 1.520549843301352 250.1470627400735 0.6666687861454377
0.0519 6374.932678105793 1.00010104014686 1.520458083481481 249.9866094710372 0.657263227037012
0.052 6374.964827566206 1.000100625875476 1.520366289794556 249.8258621689714 0.6479602112669173
0.0521 6374.9970358563 1.000100212556308 1.52027446234589 249.6648207184975 0.6387590415098029
0.0522 6375.029302999089 1.000099800189957 1.520182601240683 249.5034850045553 0.6296590201979479
0.0523 6375.06162901752 1.000099388777004 1.520090706584055 249.3418549123984 0.6206594495804686
0.0524 6375.094013934481 1.000098978318015 1.519998778480997 249.1799303275942 0.6117596317825192
0.0525 6375.126457772792 1.000098568813532 1.519906817036406 249.0177111360375 0.6029588688649515
0.0526 6375.158960555213 1.00009816026408 1.519814822355063 248.8551972239369 0.5942564628821786
0.0527 6375.191522304438 1.000097752670167 1.519722794541617 248.6923884778101 0.5856517159402826
0.0528 6375.2241430431 1.000097346032278 1.519630733700626 248.5292847844979 0.5771439302557867
0.0529 6375.256822793768 1.000096940350885 1.5195386399365 248.3658860311592 0.5687324082131326
0.05300000000000001 6375.289561578948 1.000096535626436 1.519446513353533 248.2021921052577 0.560416452421411
0.0531 6375.322359421084 1.000096131859366 1.519354354055888 248.03820289458 0.552195365772411
0.0532 6375.355216342554 1.000095729050088 1.519262162147603 247.8739182872308 0.544068451497158
0.0533 6375.388132365676 1.000095327199001 1.519169937732557 247.7093381716198 0.536035013221696
0.0534 6375.421107512706 1.000094926306483 1.519077680914517 247.5444624364703 0.5280943550236797
0.05350000000000001 6375.454141805834 1.000094526372897 1.518985391797099 247.3792909708285 0.5202457814885809
0.0536 6375.487235267191 1.000094127398587 1.518893070483767 247.2138236640452 0.5124885977642486
0.0537 6375.520387918843 1.000093729383882 1.518800717077852 247.0480604057851 0.5048221096164328
0.0538 6375.553599782795 1.000093332329092 1.518708331682515 246.8820010860267 0.4972456234835005
0.0539 6375.586870880988 1.000092936234512 1.518615914400773 246.7156455950575 0.4897584465305855
0.054 6375.620201235305 1.000092541100419 1.518523465335494 246.5489938234745 0.4823598867035799
0.0541 6375.653590867561 1.000092146927076 1.518430984589367 246.3820456621928 0.4750492527831429
0.05420000000000001 6375.687039799514 1.000091753714726 1.518338472264939 246.2148010024279 0.4678258544371256
0.0543 6375.720548052857 1.000091361463599 1.518245928464586 246.0472597357133 0.4606890022742049
0.0544 6375.754115649224 1.000090970173909 1.5181533532905 245.8794217538783 0.4536380078953564
0.0545 6375.787742610185 1.000090579845853 1.518060746844731 245.7112869490751 0.4466721839470579
0.0546 6375.82142895725 1.000090190479614 1.517968109229122 245.5428552137513 0.4397908441717846
0.05470000000000001 6375.855174711865 1.000089802075359 1.517875440545372 245.374126440673 0.4329933034601804
0.0548 6375.88897989542 1.00008941463324 1.51778274089497 245.2051005229017 0.4262788779009471
0.0549 6375.922844529237 1.000089028153392 1.51769001037925 245.0357773538129 0.4196468848319772
0.055 6375.956768634583 1.00008864263594 1.517597249099349 244.8661568270867 0.413096642889952
0.0551 6375.990752232659 1.000088258080989 1.517504457156216 244.6962388367032 0.4066274720597102
0.05520000000000001 6376.02479534461 1.000087874488634 1.517411634650618 244.5260232769518 0.4002386937237018
0.0553 6376.058897991516 1.000087491858953 1.517318781683121 244.3555100424222 0.3939296307103017
0.0554 6376.093060194398 1.000087110192011 1.517225898354096 244.1846990280086 0.3876996073422003
0.0555 6376.127281974219 1.000086729487859 1.517132984763737 244.0135901289053 0.3815479494840008
0.0556 6376.161563351877 1.000086349746534 1.517040041012011 243.842183240616 0.3754739845898554
0.0557 6376.195904348213 1.000085970968059 1.516947067198708 243.6704782589353 0.3694770417496674
0.0558 6376.230304984007 1.000085593152445 1.516854063423394 243.4984750799625 0.3635564517359657
0.05590000000000001 6376.264765279981 1.000085216299688 1.516761029785435 243.3261736000971 0.3577115470496615
0.056 6376.299285256792 1.000084840409772 1.516667966384 243.1535737160387 0.3519416619654888
0.0561 6376.333864935043 1.000084465482669 1.516574873318031 242.9806753247871 0.3462461325769708
0.0562 6376.368504335273 1.000084091518336 1.51648175068627 242.8074783236328 0.3406242968406064
0.0563 6376.403203477966 1.00008371851672 1.516388598587225 242.6339826101715 0.3350754946203183
0.05640000000000001 6376.437962383543 1.000083346477753 1.516295417119211 242.4601880822851 0.3295990677303763
0.0565 6376.472781072367 1.000082975401357 1.51620220638031 242.2860946381646 0.324194359979136
0.0566 6376.507659564743 1.00008260528744 1.51610896646838 242.1117021762833 0.3188607172106969
0.0567 6376.542597880916 1.000082236135899 1.516015697481061 241.9370105954189 0.3135974873476293
0.0568 6376.577596041073 1.000081867946621 1.515922399515761 241.7620197946356 0.3084040204319253
0.05690000000000001 6376.612654065341 1.000081500719479 1.515829072669676 241.5867296732935 0.3032796686662814
0.057 6376.64777197379 1.000081134454334 1.515735717039758 241.4111401310478 0.2982237864545834
0.0571 6376.682949786432 1.000080769151039 1.515642332722728 241.2352510678405 0.2932357304416159
0.0572 6376.718187523219 1.000080404809433 1.515548919815082 241.0590623839047 0.2883148595526569
0.0573 6376.753485204047 1.000080041429346 1.515455478413068 240.8825739797643 0.2834605350324076
0.0574 6376.788842848753 1.000079679010595 1.515362008612714 240.7057857562344 0.2786721204834014
0.0575 6376.824260477116 1.000079317552989 1.515268510509796 240.528697614421 0.2739489819038772
0.05760000000000001 6376.859738108858 1.000078957056325 1.515174984199858 240.3513094557078 0.2692904877247672
0.0577 6376.895275763646 1.000078597520389 1.515081429778192 240.1736211817691 0.2646960088468839
0.0578 6376.930873461085 1.000078238944959 1.514987847339864 239.9956326945752 0.2601649186773012
0.0579 6376.966531220727 1.000077881329802 1.514894236979663 239.8173438963644 0.2556965931643974
0.058 6377.002249062064 1.000077524674674 1.514800598792169 239.6387546896798 0.2512904108339722
0.05810000000000001 6377.038027004533 1.000077168979323 1.514706932871685 239.4598649773328 0.2469457528229842
0.0582 6377.073865067515 1.000076814243486 1.514613239312286 239.2806746624259 0.2426620029142217
0.0583 6377.109763270333 1.000076460466893 1.514519518207768 239.1011836483343 0.238438547569419
0.0584 6377.145721632254 1.000076107649261 1.514425769651702 238.9213918387289 0.2342747759627986
0.0585 6377.181740172491 1.000075755790302 1.514331993737384 238.7412991375444 0.2301700800127749
0.05860000000000001 6377.217818910198 1.000075404889717 1.51423819055787 238.5609054490109 0.2261238544145873
0.0587 6377.253957864474 1.000075054947197 1.514144360205955 238.3802106776315 0.2221354966711108
0.05880000000000001 6377.290157054364 1.000074705962427 1.514050502774157 238.199214728182 0.2182044071236441
0.0589 6377.326416498855 1.000074357935081 1.513956618354765 238.017917505725 0.2143299889824252
0.059 6377.362736216882 1.000074010864826 1.513862707039783 237.8363189155911 0.2105116483558906
0.0591 6377.399116227321 1.000073664751322 1.51376876892097 237.6544188633928 0.206748794280059
0.0592 6377.435556548998 1.000073319594218 1.513674804089801 237.4722172550113 0.2030408387467715
0.05930000000000001 6377.472057200679 1.000072975393156 1.513580812637515 237.2897139966047 0.1993871967318409
0.0594 6377.508618201078 1.000072632147772 1.513486794655049 237.1069089946089 0.1957872862224377
0.0595 6377.545239568854 1.000072289857693 1.513392750233109 236.9238021557279 0.1922405282437306
0.0596 6377.581921322613 1.000071948522538 1.513298679462122 236.740393386934 0.1887463468851458
0.0597 6377.618663480904 1.000071608141919 1.513204582432231 236.5566825954814 0.1853041693263066
0.05980000000000001 6377.655466062224 1.000071268715441 1.51311045923333 236.3726696888792 0.1819134258616296
0.0599 6377.692329085017 1.000070930242701 1.513016309955031 236.1883545749137 0.1785735499252933
0.06 6377.729252567673 1.000070592723291 1.512922134686673 236.0037371616348 0.1752839781149513
0.0601 6377.766236528526 1.000070256156792 1.512827933517341 235.8188173573702 0.1720441502153688
0.0602 6377.80328098586 1.000069920542783 1.512733706535825 235.633595070702 0.1688535092208388
0.0603 6377.840385957904 1.000069585880834 1.512639453830651 235.4480702104805 0.1657115013576743
0.0604 6377.877551462836 1.000069252170508 1.512545175490066 235.2622426858201 0.1626175761058017
0.06050000000000001 6377.914777518779 1.000068919411363 1.512450871602049 235.0761124061031 0.1595711862199342
0.0606 6377.952064143806 1.000068587602949 1.512356542254303 234.8896792809713 0.1565717877499455
0.0607 6377.989411355934 1.000068256744811 1.512262187534254 234.7029432203302 0.1536188400608972
0.0608 6378.02681917313 1.000067926836488 1.512167807529038 234.5159041343489 0.1507118058524146
0.0609 6378.064287613311 1.000067597877514 1.512073402325528 234.3285619334468 0.1478501511772814
0.06100000000000001 6378.101816694337 1.000067269867413 1.511978972010322 234.1409165283161 0.1450333454600248
0.0611 6378.139406434021 1.000066942805708 1.511884516669727 233.9529678298944 0.1422608615141586
0.0612 6378.177056850123 1.000066616691915 1.511790036389771 233.7647157493833 0.1395321755595514
0.0613 6378.214767960352 1.000066291525542 1.511695531256217 233.5761601982389 0.1368467672388091
0.0614 6378.252539782365 1.000065967306097 1.51160100135453 233.3873010881765 0.1342041196332897
0.06150000000000001 6378.290372333767 1.000065644033076 1.51150644676991 233.1981383311662 0.1316037192784186
0.0616 6378.328265632114 1.000065321705975 1.511411867587265 233.0086718394281 0.1290450561784406
0.0617 6378.366219694914 1.000065000324282 1.511317263891224 232.8189015254324 0.1265276238206721
0.0618 6378.404234539618 1.000064679887483 1.511222635766142 232.6288273019085 0.1240509191893036
0.0619 6378.442310183633 1.000064360395054 1.511127983296097 232.438449081836 0.1216144427783946
0.062 6378.480446644312 1.000064041846473 1.51103330656486 232.24776677844 0.1192176986043735
0.0621 6378.51864393896 1.000063724241206 1.510938605655948 232.0567803052003 0.1168601942181503
0.06220000000000001 6378.556902084832 1.000063407578721 1.510843880652586 231.8654895758422 0.1145414407164376
0.0623 6378.595221099132 1.000063091858477 1.510749131637711 231.6738945043411 0.112260952752686
0.0624 6378.633600999016 1.000062777079931 1.510654358693981 231.4819950049181 0.110018248547353
0.0625 6378.672041801592 1.000062463242534 1.510559561903781 231.2897909920397 0.1078128498976739
0.0626 6378.710543523917 1.000062150345733 1.510464741349202 231.0972823804135 0.1056442821868304
0.06270000000000001 6378.749106183001 1.000061838388973 1.510369897112062 230.9044690849972 0.1035120743927237
0.06280000000000001 6378.787729795802 1.000061527371691 1.510275029273886 230.7113510209896 0.101415759095993
0.0629 6378.826414379235 1.000061217293324 1.510180137915929 230.5179281038257 0.09935487248754692
0.063 6378.865159950161 1.000060908153303 1.510085223119161 230.3242002491955 0.09732895437579399
0.0631 6378.903966525397 1.000060599951054 1.509990284964269 230.1301673730162 0.09533754819284732
0.06320000000000001 6378.94283412171 1.000060292686002 1.509895323531655 229.9358293914505 0.0933802010006778
0.06330000000000001 6378.98176275582 1.000059986357567 1.50980033890144 229.7411862209023 0.09145646349648782
0.0634 6379.020752444399 1.000059680965165 1.509705331153477 229.5462377780026 0.0895658900174707
0.0635 6379.059803204073 1.000059376508208 1.509610300367324 229.3509839796328 0.08770803854539853
0.0636 6379.09891505142 1.000059072986105 1.509515246622262 229.1554247429016 0.08588247071023752
0.06370000000000001 6379.138088002969 1.000058770398263 1.50942016999729 228.959559985154 0.08408875179355384
0.06380000000000001 6379.177322075206 1.000058468744084 1.509325070571139 228.7633896239716 0.08232645073130794
0.0639 6379.216617284566 1.000058168022967 1.50922994842225 228.5669135771681 0.08059514011609238
0.064 6379.255973647442 1.000057868234308 1.509134803628777 228.3701317627887 0.078894396198899
0.0641 6379.295391180178 1.000057569377498 1.509039636268628 228.1730440991108 0.07722379889037609
0.06420000000000001 6379.334869899072 1.000057271451929 1.508944446419388 227.9756505046392 0.07558293176154107
0.06430000000000001 6379.374409820378 1.000056974456986 1.508849234158404 227.7779508981106 0.07397138204406738
0.0644 6379.414010960301 1.000056678392053 1.508753999562719 227.5799451984934 0.07238874063003217
0.0645 6379.453673335004 1.00005638325651 1.508658742709122 227.3816333249791 0.07083460207109579
0.0646 6379.493396960602 1.000056089049735 1.508563463674099 227.1830151969911 0.06930856457733815
0.06470000000000001 6379.533181853164 1.000055795771102 1.508468162533895 226.9840907341799 0.06781023001549502
0.0648 6379.573028028717 1.000055503419984 1.508372839364455 226.7848598564145 0.06633920390668188
0.0649 6379.612935503242 1.000055211995749 1.508277494241455 226.5853224837914 0.06489509542377558
0.065 6379.652904292673 1.000054921497764 1.508182127240302 226.3854785366342 0.06347751738824788
0.06510000000000001 6379.692934412904 1.000054631925392 1.508086738436133 226.1853279354804 0.06208608626643368
0.06520000000000001 6379.733025879781 1.000054343277994 1.507991327903811 225.9848706010947 0.0607204221655265
0.0653 6379.773178709106 1.000054055554929 1.507895895717921 225.7841064544695 0.05938014882900947
0.0654 6379.813392916639 1.000053768755552 1.507800441952786 225.583035416806 0.05806489363150965
0.0655 6379.853668518093 1.000053482879217 1.50770496668246 225.381657409533 0.05677428757344338
0.06560000000000001 6379.894005529142 1.000053197925274 1.507609469980726 225.1799723542885 0.0555079652749709
0.06570000000000001 6379.934403965412 1.000052913893072 1.507513951921102 224.9779801729377 0.05426556496974143
0.0658 6379.974863842488 1.000052630781955 1.507418412576837 224.7756807875597 0.05304672849799383
0.0659 6380.015385175911 1.000052348591269 1.50732285202091 224.5730741204428 0.05185110129928527
0.066 6380.055967981181 1.000052067320353 1.507227270326049 224.3701600940934 0.05067833240486923
0.06610000000000001 6380.096612273753 1.000051786968545 1.5071316675647 224.1669386312363 0.04952807442959001
0.06620000000000001 6380.137318069038 1.000051507535184 1.507036043809056 223.9634096548101 0.04839998356333144
0.0663 6380.178085382408 1.000051229019601 1.50694039913106 223.7595730879624 0.04729371956205198
0.0664 6380.21891422919 1.000050951421128 1.506844733602373 223.5554288540501 0.04620894573843561
0.0665 6380.259804624671 1.000050674739095 1.506749047294404 223.3509768766438 0.04514532895215997
0.06660000000000001 6380.300756584095 1.000050398972829 1.506653340278312 223.1462170795234 0.04410253959971425
0.06670000000000001 6380.341770122664 1.000050124121653 1.506557612624991 222.9411493866777 0.04308025160384701
0.0668 6380.382845255539 1.000049850184891 1.506461864405073 222.735773722305 0.0420781424026228
0.0669 6380.423981997837 1.000049577161862 1.50636609568895 222.5300900108126 0.04109589293809376
0.067 6380.465180364638 1.000049305051885 1.506270306546741 222.324098176808 0.04013318764454932
0.06710000000000001 6380.506440370978 1.000049033854274 1.50617449704833 222.1177981451077 0.03918971443647852
0.06720000000000001 6380.547762031853 1.000048763568343 1.506078667263334 221.9111898407331 0.03826516469609759
0.0673 6380.589145362217 1.000048494193404 1.505982817261131 221.7042731889145 0.03735923326055576
0.0674 6380.630590376983 1.000048225728765 1.505886947110848 221.4970481150825 0.0364716184087228
0.0675 6380.672097091026 1.000047958173732 1.505791056881363 221.2895145448678 0.03560202184766616
0.06760000000000001 6380.713665519179 1.00004769152761 1.505695146641297 221.0816724041055 0.03475014869880003
0.06770000000000001 6380.755295676235 1.000047425789701 1.505599216459041 220.8735216188264 0.03391570748363611
0.0678 6380.796987576945 1.000047160959305 1.505503266402736 220.6650621152752 0.03309841010930896
0.0679 6380.838741236024 1.000046897035719 1.505407296540278 220.4562938198782 0.03229797185357321
0.068 6380.880556668146 1.000046634018239 1.505311306939325 220.247216659271 0.03151411134971071
0.06810000000000001 6380.922433887942 1.000046371906158 1.505215297667282 220.0378305602893 0.03074655057097428
0.0682 6380.964372910008 1.000046110698766 1.505119268791339 219.8281354499599 0.02999501481472328
0.0683 6381.006373748898 1.000045850395352 1.505023220378429 219.6181312555094 0.02925923268631928
0.0684 6381.048436419129 1.000045590995202 1.504927152495254 219.4078179043557 0.0285389360826551
0.06850000000000001 6381.090560935178 1.0000453324976 1.504831065208291 219.1971953241122 0.02783386017543826
0.06860000000000001 6381.132747311481 1.000045074901827 1.504734958583764 218.9862634425966 0.02714374339419716
0.0687 6381.174995562438 1.000044818207162 1.504638832687685 218.775022187809 0.02646832740889998
0.0688 6381.217305702412 1.000044562412883 1.50454268758582 218.5634714879401 0.02580735711240423
0.0689 6381.259677745724 1.000044307518262 1.504446523343722 218.3516112713809 0.02516058060263084
0.06900000000000001 6381.302111706657 1.000044053522573 1.504350340026699 218.1394414667133 0.02452774916441564
0.06910000000000001 6381.344607599459 1.000043800425084 1.504254137699848 217.9269620027056 0.02390861725111813
0.0692 6381.387165438337 1.000043548225063 1.504157916428032 217.7141728083128 0.02330294246599163
0.0693 6381.429785237464 1.000043296921773 1.5040616762759 217.5010738126806 0.02271048554331849
0.0694 6381.472467010968 1.000043046514477 1.503965417307861 217.2876649451595 0.0221310103293264
0.06950000000000001 6381.515210772948 1.000042797002433 1.503869139588131 217.073946135259 0.02156428376270966
0.06960000000000001 6381.558016537459 1.0000425483849 1.503772843180692 216.8599173127026 0.02101007585519409
0.0697 6381.600884318525 1.000042300661129 1.503676528149303 216.6455784073772 0.02046815967159748
