0 6365.5 1.000317846459994 1.561982832951346 297.15 12.23639882098496
0.0001 6365.505642207266 1.00031760561917 1.561909884505705 297.1133256527727 12.20946842253435
0.0002 6365.511330858627 1.000317363022136 1.561836911749299 297.0763494189249 12.18236875361654
0.0003 6365.517065969743 1.000317118673546 1.561763914487055 297.0390711966687 12.15510094178168
0.0004 6365.522847556404 1.000316872578082 1.561690892524947 297.0014908833708 12.1276661209278
0.0005 6365.52867563452 1.000316624740459 1.561617845669828 296.9636083756176 12.10006543128626
0.0006000000000000001 6365.53455022013 1.000316375165421 1.561544773729565 296.9254235691559 12.07230001931601
0.0007 6365.540471329393 1.000316123857743 1.561471676512697 296.8869363589464 12.04437103767958
0.0008 6365.546438978594 1.000315870822231 1.561398553828947 296.8481466391398 12.01627964516248
0.0009000000000000001 6365.55245318414 1.000315616063719 1.561325405488708 296.8090543030888 11.98802700661815
0.001 6365.558513962561 1.000315359587074 1.561252231303329 296.7696592433539 11.95961429290818
0.0011 6365.564621330509 1.00031510139719 1.561179031085115 296.7299613516915 11.93104268082934
0.0012 6365.570775304755 1.000314841498992 1.561105804647152 296.6899605190896 11.9023133530743
0.0013 6365.576975902193 1.000314579897435 1.561032551803412 296.649656635744 11.87342749814938
0.0014 6365.583223139836 1.000314316597503 1.560959272368812 296.6090495910643 11.84438631031326
0.0015 6365.589517034817 1.000314051604209 1.560885966159075 296.5681392736914 11.81519098952372
0.0016 6365.595857604386 1.000313784922595 1.560812632990768 296.5269255714919 11.78584274136709
0.0017 6365.602244865915 1.000313516557733 1.560739272681371 296.4854083715521 11.75634277698738
0.0018 6365.608678836891 1.000313246514723 1.560665885049162 296.4435875602074 11.72669231304021
0.0019 6365.615159534919 1.000312974798694 1.560592469913359 296.4014630230248 11.69689257161286
0.002 6365.621686977723 1.000312701414802 1.560519027093969 296.3590346448026 11.66694478015646
0.0021 6365.628261183138 1.000312426368235 1.56044555641182 296.3163023096002 11.63685017143882
0.0022 6365.634882169122 1.000312149664205 1.560372057688653 296.2732659007087 11.60660998345506
0.0023 6365.641549953742 1.000311871307956 1.56029853074697 296.2299253006798 11.57622545937965
0.0024 6365.648264555182 1.000311591304756 1.560224975410252 296.1862803913149 11.54569784748889
0.0025 6365.655025991741 1.000311309659903 1.56015139150271 296.1423310536819 11.51502840110388
0.0026 6365.66183428183 1.000311026378724 1.560077778849455 296.0980771681042 11.48421837851235
0.0027 6365.668689443974 1.00031074146657 1.560004137276363 296.0535186141659 11.45326904290266
0.0028 6365.675591496811 1.000310454928821 1.559930466610224 296.0086552707302 11.42218166230562
0.0029 6365.682540459088 1.000310166770885 1.559856766678609 295.9634870159269 11.39095750951545
0.003 6365.689536349669 1.000309876998195 1.559783037309991 295.9180137271532 11.35959786201859
0.0031 6365.696579187524 1.000309585616213 1.55970927833362 295.8722352810963 11.32810400193862
0.0032 6365.703668991734 1.000309292630425 1.559635489579593 295.8261515537287 11.29647721596032
0.0033 6365.710805781494 1.000308998046346 1.559561670878867 295.7797624202893 11.26471879524537
0.0034 6365.717989576103 1.000308701869515 1.559487822063217 295.7330677553317 11.2328300353924
0.0035 6365.725220394972 1.000308404105499 1.559413942965225 295.6860674326821 11.20081223633588
0.0036 6365.732498257619 1.00030810475989 1.559340033418361 295.638761325475 11.16866670229734
0.0037 6365.739823183671 1.000307803838305 1.559266093256887 295.5911493061357 11.13639474169993
0.0038 6365.747195192862 1.000307501346387 1.559192122315921 295.5432312463976 11.10399766710685
0.0039 6365.754614305031 1.000307197289807 1.559118120431373 295.4950070172966 11.07147679514341
0.004 6365.762080540126 1.000306891674257 1.559044087440105 295.4464764891831 11.0388334464308
0.0041 6365.769593918197 1.000306584505456 1.558970023179656 295.3976395317212 11.00606894551155
0.004200000000000001 6365.777154459403 1.000306275789149 1.558895927488444 295.3484960138779 10.97318462076684
0.0043 6365.784762184006 1.000305965531104 1.558821800205839 295.2990458039579 10.94018180436527
0.0044 6365.792417112371 1.000305653737113 1.558747641171922 295.2492887695861 10.9070618321755
0.004500000000000001 6365.800119264969 1.000305340412995 1.558673450227649 295.1992247777015 10.87382604368682
0.0046 6365.807868662372 1.000305025564591 1.558599227214782 295.1488536945811 10.84047578194905
0.0047 6365.815665325255 1.000304709197766 1.558524971975977 295.0981753858399 10.8070123934963
0.0048 6365.823509274396 1.000304391318409 1.558450684354713 295.0471897164247 10.77343722826669
0.0049 6365.831400530673 1.000304071932433 1.558376364195295 294.9958965506261 10.73975163953351
0.005 6365.839339115064 1.000303751045774 1.558302011342884 294.9442957520845 10.70595698383217
0.0051 6365.84732504865 1.000303428664392 1.55822762564341 294.8923871837723 10.67205462087144
0.005200000000000001 6365.855358352613 1.000303104794268 1.558153206943755 294.8401707080174 10.63804591347161
0.0053 6365.863439048229 1.000302779441409 1.558078755091583 294.7876461865093 10.60393222749064
0.0054 6365.871567156877 1.00030245261184 1.558004269935441 294.7348134802991 10.56971493174627
0.005500000000000001 6365.879742700033 1.000302124311614 1.557929751324662 294.6816724497875 10.53539539793029
0.0056 6365.887965699271 1.000301794546801 1.557855199109453 294.6282229547368 10.50097500053791
0.0057 6365.896236176262 1.000301463323497 1.557780613140905 294.5744648542944 10.46645511680445
0.0058 6365.904554152775 1.000301130647818 1.557705993270873 294.5203980069635 10.43183712660756
0.0059 6365.912919650671 1.000300796525901 1.557631339352201 294.4660222706383 10.39712241241099
0.006 6365.921332691912 1.000300460963906 1.557556651238413 294.4113375025744 10.36231235916654
0.0061 6365.929793298551 1.000300123968013 1.557481928784063 294.3563435594186 10.32740835425352
0.006200000000000001 6365.938301492738 1.000299785544424 1.557407171844391 294.301040297203 10.29241178739545
0.0063 6365.946857296714 1.000299445699361 1.557332380275583 294.2454275713566 10.25732405058768
0.0064 6365.955460732818 1.000299104439068 1.557257553934696 294.1895052366816 10.22214653800254
0.006500000000000001 6365.964111823478 1.000298761769808 1.557182692679613 294.1332731473952 10.18688064593534
0.0066 6365.972810591215 1.000298417697864 1.557107796369078 294.0767311571057 10.15152777270904
0.0067 6365.981557058642 1.00029807222954 1.557032864862701 294.019879118824 10.11608931860129
0.0068 6365.990351248465 1.00029772537116 1.556957898020961 293.962716884976 10.08056668577099
0.006900000000000001 6365.999193183479 1.000297377129067 1.556882895705165 293.9052443073846 10.04496127816655
0.007 6366.00808288657 1.000297027509623 1.556807857777551 293.8474612372933 10.00927450145948
0.0071 6366.017020380713 1.00029667651921 1.556732784101196 293.7893675253662 9.973507762963255
0.007200000000000001 6366.026005688971 1.000296324164228 1.556657674540003 293.7309630216881 9.937662471551961
0.0073 6366.035038834497 1.000295970451097 1.5565825289588 293.6722475757705 9.901740037582449
0.0074 6366.044119840532 1.000295615386255 1.556507347223244 293.6132210365394 9.865741872805529
0.007500000000000001 6366.053248730404 1.000295258976158 1.556432129199938 293.5538832523711 9.8296693903059
0.0076 6366.062425527529 1.000294901227281 1.556356874756245 293.4942340710626 9.793524004402222
0.0077 6366.071650255407 1.000294542146116 1.556281583760527 293.4342733398552 9.757307130579525
0.007800000000000001 6366.080922937625 1.000294181739172 1.556206256081921 293.3740009054344 9.72102018540704
0.007900000000000001 6366.090243597857 1.000293820012977 1.556130891590507 293.3134166139301 9.684664586455959
0.008 6366.099612259859 1.000293456974076 1.55605549015721 293.2525203109166 9.648241752217096
0.0081 6366.109028947472 1.000293092629031 1.55598005165389 293.1913118414299 9.611753102029041
0.008200000000000001 6366.118493684621 1.00029272698442 1.555904575953226 293.1297910499624 9.575200055992029
0.0083 6366.128006495313 1.000292360046837 1.555829062928817 293.0679577804684 9.538584034888764
0.008400000000000001 6366.137567403638 1.000291991822896 1.555753512455119 293.0058118763526 9.501906460094714
0.008500000000000001 6366.147176433768 1.000291622319222 1.555677924407547 292.9433531805051 9.46516875351624
0.0086 6366.156833609957 1.00029125154246 1.555602298662336 292.8805815352783 9.428372337493666
0.008700000000000001 6366.166538956539 1.00029087949927 1.555526635096616 292.8174967824983 9.391518634725278
0.008800000000000001 6366.176292497926 1.000290506196324 1.55545093358847 292.7540987634828 9.354609068194595
0.0089 6366.186094258614 1.000290131640314 1.555375194016823 292.6903873190116 9.317645061069975
0.009000000000000001 6366.195944263175 1.000289755837945 1.55529941626148 292.626362289362 9.280628036642117
0.0091 6366.205842536261 1.000289378795936 1.555223600203203 292.5620235143027 9.243559418237322
0.0092 6366.215789102601 1.000289000521021 1.555147745723616 292.4973708330944 9.206440629134159
0.009300000000000001 6366.225783987001 1.00028862101995 1.555071852705232 292.4324040844948 9.169273092483541
0.0094 6366.235827214344 1.000288240299484 1.554995921031538 292.3671231067655 9.132058231228715
0.0095 6366.245918809591 1.000287858366401 1.554919950586816 292.3015277376593 9.094797468015129
0.009600000000000001 6366.256058797776 1.00028747522749 1.554843941256334 292.2356178144563 9.057492225127167
0.0097 6366.26624720401 1.000287090889556 1.554767892926216 292.1693931739341 9.020143924387881
0.0098 6366.276484053478 1.000286705359416 1.554691805483546 292.1028536523912 8.982753987088909
0.009900000000000001 6366.286769371439 1.000286318643897 1.554615678816303 292.0359990856476 8.945323833906972
0.01 6366.297103183223 1.000285930749845 1.554539512813327 291.9688293090502 8.907854884823648
0.0101 6366.307485514238 1.000285541684113 1.554463307364439 291.9013441574551 8.870348559032026
0.0102 6366.317916389959 1.000285151453568 1.554387062360332 291.8335434652694 8.832806274876265
0.0103 6366.328395835934 1.00028476006509 1.554310777692615 291.7654270664269 8.795229449754949
0.0104 6366.338923877785 1.00028436752557 1.554234453253847 291.6969947943948 8.757619500040907
0.0105 6366.349500541201 1.00028397384191 1.554158088937464 291.6282464821905 8.719977841007596
0.0106 6366.360125851943 1.000283579021023 1.554081684637831 291.5591819623709 8.682305886739163
0.0107 6366.37079983584 1.000283183069836 1.554005240250246 291.489801067043 8.644605050053585
0.0108 6366.381522518788 1.000282785995283 1.553928755670929 291.4201036278768 8.606876742425735
0.0109 6366.392293926756 1.00028238780431 1.553852230797046 291.3500894760867 8.569122373894492
0.011 6366.403114085778 1.000281988503875 1.553775665526587 291.2797584424442 8.531343352986001
0.0111 6366.413983021953 1.000281588100943 1.553699059758614 291.2091103573065 8.493541086646353
0.0112 6366.42490076145 1.000281186602491 1.553622413392999 291.1381450505759 8.455716980136284
0.0113 6366.435867330501 1.000280784015505 1.553545726330574 291.0668623517466 8.417872436973466
0.0114 6366.446882755404 1.000280380346981 1.553468998473166 290.9952620898756 8.380008858833792
0.0115 6366.457947062523 1.000279975603923 1.553392229723392 290.9233440935999 8.342127645477982
0.0116 6366.469060278285 1.000279569793344 1.553315419984971 290.8511081911487 8.304230194675034
0.0117 6366.48022242918 1.000279162922267 1.553238569162397 290.7785542103314 8.26631790211332
0.0118 6366.491433541762 1.000278754997722 1.55316167716121 290.7056819785497 8.228392161324239
0.0119 6366.502693642645 1.000278346026747 1.553084743887853 290.632491322809 8.190454363605914
0.012 6366.514002758508 1.00027793601639 1.553007769249645 290.5589820697008 8.152505897931619
0.0121 6366.525360916088 1.000277524973703 1.552930753154924 290.4851540454268 8.114548150879859
0.0122 6366.536768142186 1.000277112905749 1.552853695512938 290.4110070757923 8.076582506549196
0.0123 6366.54822446366 1.000276699819595 1.552776596233857 290.3365409862125 8.038610346479354
0.0124 6366.559729907427 1.000276285722319 1.55269945522882 290.2617556017243 8.00063304957542
0.0125 6366.571284500465 1.000275870621001 1.552622272409861 290.1866507469744 7.962651992020157
0.0126 6366.582888269811 1.00027545452273 1.552545047690022 290.111226246231 7.92466854719854
0.0127 6366.594541242554 1.000275037434602 1.552467780983188 290.0354819233961 7.886684085622327
0.0128 6366.606243445846 1.000274619363716 1.552390472204321 289.959417601999 7.848699974845889
0.0129 6366.617994906893 1.00027420031718 1.552313121269211 289.8830331051967 7.810717579385218
0.013 6366.629795652955 1.000273780302105 1.552235728094649 289.8063282557913 7.772738260645947
0.0131 6366.64164571135 1.000273359325607 1.552158292598362 289.7293028762246 7.734763376839734
0.0132 6366.65354510945 1.000272937394808 1.552080814699025 289.6519567885774 7.69679428290383
0.0133 6366.665493874679 1.000272514516836 1.552003294316237 289.574289814588 7.658832330429568
0.0134 6366.677492034516 1.00027209069882 1.551925731370597 289.4963017756457 7.620878867579363
0.0135 6366.689539616494 1.000271665947896 1.551848125783599 289.4179924927911 7.582935239006914
0.0136 6366.701636648196 1.000271240271203 1.551770477477692 289.3393617867276 7.545002785783348
0.0137 6366.713783157256 1.000270813675883 1.551692786376311 289.2604094778338 7.507082845323478
0.0138 6366.725979171363 1.000270386169082 1.551615052403818 289.1811353861393 7.469176751295278
0.0139 6366.738224718252 1.00026995775795 1.551537275485525 289.1015393313604 7.431285833557987
0.014 6366.75051982571 1.000269528449637 1.551459455547715 289.0216211328824 7.393411418074922
0.0141 6366.762864521573 1.0002690982513 1.551381592517567 288.9413806097772 7.355554826843472
0.0142 6366.775258833724 1.000268667170094 1.551303686323285 288.8608175807916 7.317717377811342
0.0143 6366.787702790096 1.000268235213179 1.551225736894008 288.7799318643769 7.279900384812551
0.0144 6366.800196418668 1.000267802387716 1.551147744159775 288.698723278659 7.242105157475889
0.0145 6366.812739747466 1.000267368700868 1.551069708051623 288.6171916414686 7.204333001161432
0.0146 6366.825332804565 1.000266934159798 1.550991628501559 288.5353367703286 7.166585216877948
0.0147 6366.83797561808 1.000266498771672 1.550913505442513 288.4531584824784 7.128863101217018
0.0148 6366.850668216176 1.000266062543656 1.550835338808382 288.3706565948559 7.091167946268351
0.0149 6366.86341062706 1.000265625482916 1.550757128534006 288.287830924109 7.053501039549078
0.015 6366.876202878983 1.000265187596619 1.550678874555177 288.2046812866082 7.015863663933229
0.0151 6366.88904500024 1.000264748891933 1.550600576808689 288.12120749844 6.978257097573476
0.0152 6366.901937019166 1.000264309376024 1.550522235232237 288.0374093754189 6.940682613831213
0.0153 6366.914878964142 1.000263869056058 1.550443849764493 287.9532867330757 6.903141481196372
0.0154 6366.927870863588 1.000263427939202 1.550365420345078 287.8688393866754 6.865634963220829
0.0155 6366.940912745964 1.000262986032621 1.550286946914601 287.7840671512344 6.828164318451988
0.0156 6366.954004639771 1.000262543343478 1.550208429414558 287.6989698414912 6.790730800345768
0.0157 6366.967146573549 1.000262099878935 1.550129867787484 287.6135472719305 6.753335657203608
0.0158 6366.98033857588 1.000261655646154 1.550051261976799 287.5277992567825 6.71598013209929
0.0159 6366.993580675378 1.000261210652293 1.549972611926905 287.4417256100409 6.678665462813852
0.016 6367.006872900703 1.000260764904509 1.549893917583201 287.3553261454334 6.641392881750334
0.0161 6367.020215280544 1.000260318409955 1.549815178891967 287.2686006764633 6.604163615879712
0.0162 6367.033607843633 1.000259871175783 1.54973639580048 287.1815490163852 6.566978886659013
0.0163 6367.047050618733 1.000259423209143 1.549657568256978 287.0941709782354 6.529839909972738
0.0164 6367.060543634646 1.000258974517178 1.549578696210636 287.0064663748016 6.492747896049423
0.0165 6367.074086920206 1.000258525107031 1.549499779611595 286.9184350186587 6.455704049406294
0.0166 6367.087680504284 1.00025807498584 1.549420818410936 286.8300767221571 6.41870956877421
0.0167 6367.10132441578 1.000257624160739 1.549341812560712 286.7413912974283 6.381765647030567
0.0168 6367.115018683632 1.00025717263886 1.549262762013908 286.6523785563912 6.344873471132609
0.0169 6367.128763336807 1.000256720427325 1.549183666724496 286.5630383107576 6.308034222051135
0.017 6367.142558404305 1.000256267533258 1.549104526647351 286.4733703720207 6.271249074697358
0.0171 6367.156403915155 1.000255813963774 1.54902534173836 286.3833745514902 6.23451919786967
0.0172 6367.170299898422 1.000255359725983 1.548946111954288 286.2930506602573 6.1978457541717
0.0173 6367.184246383194 1.000254904826991 1.548866837252942 286.2023985092418 6.161229899964693
0.0174 6367.198243398592 1.000254449273897 1.54878751759301 286.1114179091504 6.124672785284244
0.0175 6367.212290973766 1.000253993073795 1.548708152934137 286.0201086705187 6.088175553791076
0.0176 6367.226389137893 1.000253536233773 1.548628743236944 285.9284706036927 6.051739342698366
0.0177 6367.240537920178 1.000253078760911 1.548549288462976 285.8365035188416 6.015365282711494
0.0178 6367.254737349852 1.000252620662284 1.548469788574754 285.7442072259627 5.979054497965856
0.0179 6367.268987456174 1.000252161944959 1.548390243535711 285.6515815348702 5.9428081059582
0.018 6367.283288268426 1.000251702615996 1.548310653310246 285.5586262552305 5.906627217497063
0.0181 6367.297639815918 1.000251242682448 1.548231017863703 285.4653411965327 5.870512936628166
0.0182 6367.312042127983 1.00025078215136 1.54815133716238 285.3717261681121 5.834466360581185
0.0183 6367.326495233977 1.00025032102977 1.548071611173497 285.2777809791504 5.798488579707779
0.0184 6367.340999163282 1.000249859324705 1.547991839865223 285.1835054386696 5.762580677417915
0.0185 6367.3555539453 1.000249397043187 1.547912023206666 285.0888993555499 5.726743730125803
0.0186 6367.370159609457 1.000248934192228 1.547832161167897 284.9939625385294 5.690978807189516
0.0187 6367.384816185199 1.000248470778829 1.547752253719913 284.8986947962047 5.655286970851213
0.0188 6367.399523701995 1.000248006809987 1.547672300834616 284.8030959370302 5.61966927617795
0.0189 6367.414282189333 1.000247542292683 1.547592302484898 284.7071657693363 5.584126771009649
0.019 6367.42909167672 1.000247077233895 1.547512258644548 284.6109041013232 5.548660495898777
0.0191 6367.443952193683 1.000246611640586 1.547432169288316 284.5143107410612 5.513271484052856
0.0192 6367.458863769768 1.000246145519711 1.54735203439188 284.4173854965082 5.477960761284055
0.0193 6367.473826434539 1.000245678878215 1.547271853931827 284.3201281754981 5.442729345948496
0.0194 6367.488840217577 1.000245211723032 1.547191627885697 284.2225385857522 5.407578248894851
0.0195 6367.503905148479 1.000244744061085 1.547111356231957 284.1246165348856 5.372508473411303
0.0196 6367.51902125686 1.000244275899286 1.547031038950011 284.0263618304128 5.337521015173084
0.0197 6367.534188572348 1.000243807244535 1.546950676020154 283.9277742797361 5.302616862184338
0.0198 6367.549407124589 1.000243338103723 1.546870267423646 283.828853690169 5.267796994733227
0.0199 6367.564676943242 1.000242868483726 1.546789813142638 283.7295998689245 5.233062385335029
0.02 6367.57999805798 1.000242398391409 1.546709313160256 283.630012623133 5.198413998686315
0.0201 6367.595370498489 1.000241927833628 1.546628767460468 283.5300917598241 5.16385279160733
0.0202 6367.610794294467 1.000241456817221 1.54654817602821 283.4298370859627 5.129379713003528
0.0203 6367.626269475628 1.000240985349017 1.546467538849334 283.3292484084189 5.094995703805189
0.0204 6367.641796071692 1.000240513435832 1.546386855910599 283.2283255340038 5.060701696930115
0.0205 6367.657374112394 1.000240041084467 1.546306127199672 283.1270682694397 5.026498617224685
0.0206 6367.673003627478 1.000239568301712 1.546225352705151 283.02547642139 4.992387381425778
0.0207 6367.688684646699 1.000239095094341 1.546144532416508 282.9235497964586 4.958368898113184
0.0208 6367.704417199818 1.000238621469115 1.546063666324152 282.8212882011848 4.924444067660787
0.0209 6367.720201316608 1.000238147432783 1.545982754419395 282.7186914420485 4.890613782192413
0.021 6367.736037026849 1.000237672992077 1.545901796694449 282.6157593254824 4.856878925540271
0.0211 6367.751924360328 1.000237198153715 1.545820793142412 282.512491657866 4.823240373198202
0.0212 6367.76786334684 1.000236722924402 1.545739743757317 282.4088882455375 4.789698992281472
0.0213 6367.783854016187 1.000236247310826 1.545658648534055 282.3049488947817 4.756255641479558
0.0214 6367.799896398174 1.000235771319661 1.545577507468449 282.2006734118717 4.722911171026791
0.0215 6367.815990522613 1.000235294957565 1.545496320557194 282.0960616030155 4.689666422643279
0.0216 6367.832136419322 1.000234818231182 1.545415087797861 281.9911132744095 4.65652222951072
0.0217 6367.848334118121 1.000234341147139 1.545333809188938 281.8858282322143 4.623479416224286
0.0218 6367.864583648834 1.000233863712045 1.545252484729809 281.7802062825789 4.590538798760261
0.0219 6367.880885041289 1.000233385932497 1.545171114420717 281.6742472316226 4.557701184431374
0.022 6367.897238325316 1.000232907815073 1.545089698262771 281.5679508854472 4.524967371852185
0.0221 6367.913643530746 1.000232429366334 1.545008236258005 281.4613170501542 4.492338150906915
0.0222 6367.930100687413 1.000231950592826 1.544926728409293 281.3543455318157 4.459814302703502
0.0223 6367.946609825151 1.000231471501077 1.544845174720403 281.2470361365216 4.42739659955194
0.0224 6367.963170973793 1.000230992097596 1.544763575195982 281.1393886703439 4.395085804918081
0.0225 6367.979784163174 1.000230512388878 1.544681929841516 281.0314029393666 4.362882673397973
0.0226 6367.996449423127 1.000230032381397 1.544600238663388 280.9230787496734 4.330787950680443
0.0227 6368.013166783483 1.000229552081612 1.544518501668823 280.8144159073603 4.298802373517527
0.0228 6368.029936274072 1.000229071495962 1.54443671886593 280.7054142185287 4.266926669690427
0.0229 6368.046757924722 1.000228590630869 1.544354890263655 280.59607348931 4.235161557984882
0.023 6368.063631765254 1.000228109492735 1.544273015871823 280.4863935258471 4.203507748155181
0.0231 6368.080557825492 1.000227628087945 1.544191095701074 280.3763741343008 4.171965940895958
0.0232 6368.097536135251 1.000227146422864 1.544109129762944 280.2660151208673 4.140536827818083
0.0233 6368.114566724344 1.000226664503839 1.54402711806978 280.1553162917666 4.10922109141685
0.0234 6368.131649622575 1.000226182337197 1.543945060634816 280.0442774532597 4.078019405049392
0.0235 6368.148784859747 1.000225699929246 1.543862957472061 279.9328984116436 4.046932432906158
0.0236 6368.165972465654 1.000225217286274 1.543780808596444 279.8211789732503 4.01596082998492
0.0237 6368.183212470084 1.000224734414549 1.543698614023666 279.7091189444535 3.985105242067227
0.0238 6368.200504902818 1.00022425132032 1.543616373770276 279.5967181316859 3.954366305698877
0.0239 6368.217849793626 1.000223768009816 1.543534087853678 279.4839763414333 3.923744648164608
0.024 6368.235247172274 1.000223284489244 1.543451756292071 279.3708933802171 3.893240887460542
0.0241 6368.252697068519 1.000222800764791 1.543369379104502 279.2574690546297 3.862855632281865
0.0242 6368.270199512104 1.000222316842626 1.543286956310815 279.1437031713225 3.832589481998438
0.0243 6368.287754532768 1.000221832728893 1.543204487931677 279.029595537006 3.802443026634495
0.0244 6368.305362160235 1.000221348429718 1.543121973988567 278.9151459584735 3.772416846855394
0.0245 6368.32302242422 1.000220863951204 1.543039414503808 278.8003542425716 3.742511513941135
0.0246 6368.340735354426 1.000220379299435 1.542956809500474 278.6852201962296 3.71272758977633
0.0247 6368.358500980545 1.00021989448047 1.542874159002476 278.5697436264594 3.683065626833125
0.0248 6368.376319332255 1.000219409500349 1.542791463034528 278.4539243403441 3.653526168152
0.0249 6368.394190439221 1.00021892436509 1.542708721622104 278.3377621450612 3.624109747332508
0.025 6368.412114331098 1.000218439080687 1.542625934791519 278.2212568478652 3.594816888514272
0.0251 6368.430091037521 1.000217953653114 1.542543102569855 278.104408256111 3.565648106369329
0.0252 6368.448120588117 1.000217468088322 1.542460224984961 277.9872161772422 3.536603906086348
0.0253 6368.466203012492 1.000216982392239 1.542377302065497 277.8696804188029 3.507684783361637
0.0254 6368.484338340242 1.00021649657077 1.542294333840887 277.7518007884258 3.478891224385162
0.0255 6368.502526600942 1.000216010629799 1.542211320341341 277.6335770938739 3.450223705840419
0.0256 6368.520767824155 1.000215524575185 1.542128261597822 277.5150091429927 3.421682694883482
0.0257 6368.539062039423 1.000215038412766 1.542045157642064 277.3960967437519 3.393268649144554
0.0258 6368.557409276274 1.000214552148354 1.541962008506579 277.2768397042217 3.364982016714596
0.0259 6368.575809564216 1.00021406578774 1.541878814224629 277.1572378325967 3.336823236144182
0.026 6368.59426293274 1.000213579336691 1.541795574830213 277.0372909371894 3.30879273643612
0.0261 6368.612769411317 1.000213092800949 1.541712290358125 276.9169988264424 3.280890937043117
0.0262 6368.631329029398 1.000212606186234 1.541628960843856 276.7963613089108 3.253118247859442
0.0263 6368.649941816418 1.000212119498241 1.541545586323668 276.6753781932856 3.225475069223066
0.0264 6368.668607801786 1.000211632742641 1.54146216683458 276.5540492883937 3.19796179191313
0.0265 6368.687327014894 1.000211145925082 1.541378702414307 276.4323744031921 3.170578797146968
0.0266 6368.706099485113 1.000210659051185 1.541295193101311 276.3103533467678 3.143326456579401
0.0267 6368.72492524179 1.000210172126549 1.541211638934781 276.1879859283675 3.116205132309454
0.0268 6368.743804314252 1.000209685156748 1.541128039954643 276.0652719573621 3.089215176873422
0.0269 6368.762736731802 1.000209198147329 1.541044396201537 275.9422112432879 3.062356933255893
0.027 6368.781722523721 1.000208711103819 1.540960707716782 275.8188035958113 3.035630734884676
0.0271 6368.800761719267 1.000208224031714 1.54087697454246 275.6950488247643 3.009036905642161
0.0272 6368.819854347672 1.000207736936491 1.540793196721315 275.5709467401324 2.982575759867178
0.0273 6368.839000438144 1.000207249823597 1.540709374296819 275.4464971520609 2.956247602361604
0.0274 6368.858200019869 1.000206762698455 1.540625507313144 275.3216998708489 2.930052728395339
0.0275 6368.877453122004 1.000206275566465 1.540541595815128 275.1965547069725 2.90399142371836
0.0276 6368.896759773682 1.000205788432999 1.540457639848328 275.0710614710678 2.878063964564928
0.0277 6368.91612000401 1.000205301303404 1.540373639458959 274.9452199739361 2.852270617663684
0.0278 6368.935533842068 1.000204814183001 1.540289594693927 274.8190300265563 2.826611640249781
0.0279 6368.955001316909 1.000204327077086 1.540205505600802 274.6924914400905 2.801087280076608
0.028 6368.97452245756 1.000203839990929 1.540121372227862 274.5656040258604 2.775697775422448
0.0281 6368.994097293017 1.000203352929772 1.540037194623994 274.4383675953885 2.750443355111122
0.0282 6369.013725852251 1.000202865898835 1.539952972838788 274.3107819603691 2.725324238519205
0.0283 6369.033408164201 1.000202378903309 1.539868706922476 274.1828469326914 2.700340635594771
0.0284 6369.053144257781 1.000201891948357 1.539784396925934 274.0545623244219 2.675492746868801
0.0285 6369.072934161873 1.00020140503912 1.5397000429007 273.9259279478282 2.650780763475576
0.0286 6369.092777905327 1.000200918180709 1.539615644898942 273.7969436153729 2.62620486716812
0.0287 6369.112675516968 1.000200431378211 1.539531202973472 273.6676091397079 2.601765230334573
0.0288 6369.132627025586 1.000199944636685 1.539446717177733 273.5379243336919 2.577462016019917
0.0289 6369.152632459942 1.000199457961163 1.539362187565775 273.4078890103787 2.553295377942948
0.029 6369.172691848763 1.000198971356651 1.539277614192335 273.2775029830408 2.529265460520738
0.0291 6369.192805220746 1.000198484828129 1.539192997112679 273.1467660651518 2.505372398886224
0.0292 6369.212972604556 1.000197998380549 1.539108336382742 273.0156780703863 2.481616318910034
0.0293 6369.233194028824 1.000197512018835 1.539023632059061 272.8842388126435 2.457997337227412
0.0294 6369.253469522149 1.000197025747886 1.538938884198772 272.7524481060294 2.434515561258451
0.0295 6369.273799113097 1.000196539572574 1.538854092859592 272.6203057648689 2.411171089234554
0.0296 6369.294182830198 1.000196053497742 1.538769258099862 272.4878116037115 2.387964010224619
0.0297 6369.314620701949 1.000195567528208 1.538684379978481 272.3549654373313 2.364894404160999
0.0298 6369.335112756813 1.00019508166876 1.538599458554949 272.2217670807153 2.341962341864307
0.0299 6369.355659023217 1.000194595924162 1.538514493889332 272.0882163490868 2.319167885075188
0.03 6369.376259529554 1.000194110299149 1.538429486042279 271.9543130578999 2.296511086481768
0.0301 6369.39691430418 1.000193624798428 1.538344435074995 271.8200570228272 2.273991989747004
0.0302 6369.417623375416 1.00019313942668 1.538259341049263 271.6854480597957 2.251610629544809
0.0303 6369.438386771545 1.000192654188557 1.538174204027414 271.5504859849569 2.229367031586045
0.0304 6369.459204520816 1.000192169088685 1.538089024072311 271.4151706146989 2.207261212652326
0.0305 6369.480076651437 1.000191684131662 1.538003801247412 271.279501765658 2.185293180630562
0.0306 6369.501003191582 1.000191199322059 1.537918535616666 271.1434792547187 2.163462934546331
0.0307 6369.521984169386 1.000190714664417 1.537833227244574 271.0071028989904 2.141770464594338
0.0308 6369.543019612945 1.000190230163253 1.537747876196182 270.8703725158542 2.120215752181021
0.0309 6369.564109550319 1.000189745823054 1.537662482537053 270.7332879229278 2.098798769954701
0.031 6369.585254009527 1.000189261648279 1.537577046333251 270.5958489380772 2.077519481844138
0.0311 6369.606453018549 1.000188777643362 1.537491567651377 270.4580553794343 2.056377843098683
0.0312 6369.627706605325 1.000188293812706 1.537406046558539 270.3199070653853 2.035373800324626
0.0313 6369.649014797759 1.000187810160688 1.537320483122339 270.1814038145648 2.014507291523313
0.0314 6369.670377623711 1.000187326691659 1.537234877410879 270.042545445879 1.993778246134503
0.0315 6369.691795111001 1.000186843409938 1.537149229492759 269.9033317784946 1.973186585075092
0.0316 6369.71326728741 1.00018636031982 1.537063539437055 269.7637626318323 1.952732220779581
0.0317 6369.734794180677 1.000185877425571 1.53697780731334 269.6238378255965 1.932415057246495
0.0318 6369.756375818502 1.00018539473143 1.536892033191643 269.4835571797402 1.912234990076017
0.0319 6369.778012228537 1.000184912241606 1.53680621714249 269.3429205145115 1.892191906520421
0.032 6369.799703438399 1.000184429960284 1.536720359236835 269.2019276504074 1.872285685521593
0.0321 6369.821449475659 1.000183947891617 1.53663445954613 269.0605784082139 1.852516197762025
0.0322 6369.843250367848 1.000183466039734 1.536548518142264 268.9188726089895 1.832883305708082
0.0323 6369.865106142452 1.000182984408735 1.536462535097554 268.7768100740644 1.813386863656569
0.0324 6369.887016826914 1.000182503002691 1.536376510484798 268.6343906250585 1.79402671778444
0.0325 6369.908982448636 1.000182021825648 1.536290444377188 268.4916140838635 1.774802706194343
0.0326 6369.931003034973 1.000181540881622 1.53620433684839 268.3484802726729 1.755714658967307
0.0327 6369.95307861324 1.000181060174602 1.536118187972468 268.20498901394 1.736762398206589
0.0328 6369.975209210705 1.000180579708551 1.536031997823907 268.0611401304199 1.717945738093333
0.0329 6369.99739485459 1.000180099487402 1.535945766477609 267.916933445163 1.69926448493651
0.033 6370.019635572078 1.000179619515063 1.53585949400889 267.7723687814918 1.680718437221349
0.0331 6370.041931390303 1.000179139795413 1.535773180493462 267.6274459630303 1.662307385665358
0.0332 6370.064282336353 1.000178660332303 1.535686826007445 267.4821648137039 1.644031113271106
0.0333 6370.086688437274 1.000178181129559 1.535600430627324 267.3365251577219 1.625889395377492
0.0334 6370.109149720062 1.000177702190977 1.535513994429993 267.190526819595 1.607881999716162
0.0335 6370.131666211671 1.000177223520327 1.53542751749272 267.0441696241354 1.590008686466307
0.0336 6370.154237939008 1.000176745121351 1.535340999893135 266.897453396445 1.572269208308696
0.0337 6370.176864928932 1.000176266997766 1.535254441709252 266.7503779619391 1.554663310484666
0.0338 6370.199547208257 1.000175789153259 1.53516784301944 266.6029431463284 1.537190730850702
0.0339 6370.222284803749 1.000175311591491 1.535081203902416 266.4551487756311 1.519851199937233
0.034 6370.245077742127 1.000174834316097 1.534994524437256 266.3069946761728 1.502644441006598
0.0341 6370.267926050064 1.000174357330684 1.534907804703387 266.1584806745867 1.485570170111629
0.0342 6370.290829754183 1.000173880638832 1.534821044780541 266.0096065978131 1.468628096154854
0.0343 6370.313788881061 1.000173404244094 1.534734244748846 265.8603722731058 1.451817920948951
0.0344 6370.336803457227 1.000172928149997 1.534647404688696 265.7107775280259 1.435139339276451
0.0345 6370.359873509162 1.000172452360041 1.534560524680822 265.560822190448 1.418592038951367
0.0346 6370.382999063298 1.000171976877699 1.534473604806279 265.4105060885598 1.402175700880708
0.0347 6370.406180146019 1.000171501706418 1.534386645146435 265.2598290508744 1.385889999127843
0.0348 6370.429416783661 1.000171026849618 1.534299645782965 265.1087909062061 1.369734600972567
0.0349 6370.452709002508 1.000170552310693 1.534212606797808 264.9573914837005 1.353709166977475
0.035 6370.476056828797 1.000170078093011 1.534125528273225 264.8056306128163 1.337813351049765
0.0351 6370.499460288717 1.000169604199913 1.534038410291755 264.6535081233377 1.322046800506726
0.0352 6370.522919408406 1.000169130634714 1.533951252936216 264.5010238453618 1.306409156139275
0.0353 6370.546434213951 1.000168657400703 1.53386405628971 264.3481776093171 1.290900052279061
0.0354 6370.570004731392 1.000168184501144 1.533776820435581 264.194969245951 1.27551911686301
0.0355 6370.593630986717 1.000167711939274 1.53368954545747 264.0413985863364 1.260265971500203
0.0356 6370.617313005865 1.000167239718305 1.533602231439221 263.887465461877 1.245140231539197
0.0357 6370.641050814724 1.000166767841421 1.533514878464999 263.7331697042958 1.230141506134076
0.0358 6370.66484443913 1.000166296311785 1.53342748661916 263.5785111456529 1.215269398313875
0.0359 6370.688693904872 1.00016582513253 1.533340055986319 263.4234896183333 1.200523505049554
0.036 6370.712599237685 1.000165354306768 1.533252586651303 263.2681049550473 1.185903417322606
0.0361 6370.736560463254 1.000164883837581 1.533165078699207 263.1123569888481 1.171408720195744
0.0362 6370.760577607214 1.000164413728029 1.533077532215312 262.956245553108 1.157038992880123
0.0363 6370.784650695148 1.000163943981147 1.532989947285107 262.7997704815365 1.142793808806881
0.0364 6370.808779752588 1.000163474599944 1.532902323994337 262.6429316081798 1.128672735697382
0.0365 6370.832964805012 1.000163005587405 1.532814662428883 262.4857287674212 1.114675335633876
0.0366 6370.857205877851 1.000162536946489 1.53272696267489 262.3281617939691 1.100801165129508
0.0367 6370.88150299648 1.000162068680132 1.532639224818651 262.1702305228808 1.087049775201847
0.0368 6370.905856186225 1.000161600791246 1.53255144894665 262.0119347895387 1.073420711442607
0.0369 6370.930265472357 1.000161133282717 1.532463635145577 261.8532744296798 1.059913514092365
0.03700000000000001 6370.954730880099 1.000160666157408 1.532375783502266 261.6942492793545 1.046527718109522
0.0371 6370.979252434619 1.000160199418158 1.53228789410372 261.5348591749738 1.03326285324718
0.0372 6371.003830161033 1.000159733067781 1.532199967037141 261.3751039532857 1.020118444124283
0.0373 6371.028464084406 1.000159267109069 1.532112002389829 261.2149834513633 1.007094010298152
0.0374 6371.053154229748 1.00015880154479 1.532024000249282 261.0544975066404 0.9941890663411973
0.0375 6371.077900622017 1.000158336377686 1.531935960703131 260.8936459568876 0.9814031219130421
0.0376 6371.102703286122 1.000157871610481 1.531847883839124 260.7324286402066 0.9687356818344606
0.0377 6371.127562246915 1.00015740724587 1.531759769745182 260.5708453950541 0.9561862461639038
0.0378 6371.152477529195 1.000156943286529 1.531671618509318 260.4088960602293 0.943754310271459
0.0379 6371.177449157713 1.000156479735109 1.531583430219672 260.2465804748684 0.9314393649135717
0.038 6371.202477157161 1.00015601659424 1.531495204964526 260.0838984784567 0.91924089630937
0.0381 6371.227561552181 1.000155553866528 1.531406942832239 259.9208499108221 0.9071583862158508
0.0382 6371.252702367361 1.000155091554558 1.531318643911299 259.7574346121531 0.8951913120050422
0.0383 6371.277899627238 1.000154629660891 1.531230308290279 259.5936524229518 0.8833391467366101
0.0384 6371.303153356293 1.000154168188066 1.531141936057848 259.4295031840983 0.8716013592388929
0.0385 6371.328463578952 1.000153707138603 1.531053527302771 259.2649867368099 0.8599774141823182
0.0386 6371.353830319594 1.000153246514997 1.53096508211388 259.1001029226408 0.8484667721560842
0.03870000000000001 6371.379253602538 1.000152786319723 1.530876600580092 258.9348515834998 0.8370688897462223
0.0388 6371.404733452055 1.000152326555233 1.5307880827904 258.7692325616448 0.8257832196121266
0.0389 6371.430269892358 1.00015186722396 1.530699528833859 258.6032456996762 0.8146092105632607
0.039 6371.455862947608 1.000151408328315 1.530610938799559 258.4368908405494 0.8035463076371961
0.0391 6371.481512641913 1.000150949870687 1.530522312776683 258.2701678275683 0.7925939521765646
0.0392 6371.507218999326 1.000150491853445 1.530433650854441 258.1030765043801 0.7817515819061457
0.0393 6371.532982043849 1.000150034278938 1.530344953122096 257.9356167149803 0.771018631010841
0.0394 6371.558801799429 1.000149577149494 1.530256219668925 257.7677883037135 0.7603945302133345
0.0395 6371.584678289956 1.000149120467421 1.530167450584276 257.5995911152849 0.7498787068525687
0.0396 6371.610611539271 1.000148664235007 1.53007864595749 257.4310249947365 0.7394705849600551
0.0397 6371.63660157116 1.000148208454519 1.529989805877939 257.2620897874593 0.7291695853384988
0.0398 6371.662648409353 1.000147753128207 1.529900930435015 257.0927853392049 0.7189751256404155
0.0399 6371.688752077529 1.000147298258298 1.529812019718122 256.9231114960616 0.7088866204446286
0.04 6371.714912599312 1.000146843847003 1.529723073816649 256.7530681044726 0.6989034813353131
0.0401 6371.741129998272 1.000146389896511 1.529634092820021 256.58265501123 0.6890251169796047
0.0402 6371.767404297927 1.000145936408994 1.529545076817625 256.4118720634746 0.6792509332055732
0.0403 6371.793735521739 1.000145483386606 1.52945602589884 256.2407191086958 0.6695803330801825
0.04040000000000001 6371.820123693115 1.000145030831479 1.529366940153072 256.0691959947497 0.6600127169882111
0.0405 6371.846568835414 1.000144578745729 1.529277819669641 255.8973025698118 0.650547482707502
0.0406 6371.873070971934 1.000144127131455 1.529188664537871 255.7250386824297 0.641184025489798
0.0407 6371.899630125925 1.000143675990735 1.529099474847074 255.5524041814882 0.631921738136566
0.0408 6371.926246320581 1.000143225325632 1.529010250686486 255.3793989162208 0.6227600110773898
0.0409 6371.952919579043 1.000142775138189 1.528920992145343 255.2060227362216 0.6136982324482342
0.041 6371.979649924397 1.000142325430433 1.528831699312783 255.0322754914217 0.6047357881677503
0.0411 6372.006437379676 1.000141876204374 1.528742372277951 254.858157032107 0.5958720620156697
0.0412 6372.033281967861 1.000141427462005 1.528653011129875 254.6836672089061 0.5871064357095359
0.0413 6372.060183711877 1.000140979205301 1.528563615957582 254.5088058728023 0.5784382889825249
0.0414 6372.087142634597 1.000140531436221 1.528474186849978 254.3335728751221 0.5698669996599314
0.0415 6372.11415875884 1.000140084156708 1.528384723895929 254.1579680675403 0.5613919437364061
0.04160000000000001 6372.141232107373 1.000139637368689 1.528295227184217 253.981991302075 0.5530124954524526
0.0417 6372.168362702908 1.000139191074073 1.52820569680354 253.8056424310988 0.5447280273716038
0.0418 6372.195550568103 1.000138745274756 1.528116132842508 253.6289213073272 0.5365379104562849
0.0419 6372.222795725566 1.000138299972618 1.528026535389637 253.4518277838187 0.528441514144068
0.042 6372.250098197849 1.000137855169521 1.52793690453337 253.2743617139803 0.5204382064239863
0.04210000000000001 6372.277458007451 1.000137410867314 1.527847240362025 253.0965229515681 0.5125273539123542
0.0422 6372.304875176819 1.000136967067831 1.527757542963805 252.918311350675 0.504708321927847
0.0423 6372.332349728347 1.00013652377289 1.527667812426857 252.7397267657428 0.4969804745674041
0.0424 6372.359881684376 1.000136080984297 1.527578048839133 252.5607690515561 0.4893431747810948
0.0425 6372.387471067193 1.00013563870384 1.527488252288549 252.3814380632483 0.4817957844472387
0.0426 6372.415117899033 1.000135196933296 1.527398422862834 252.2017336562839 0.4743376644462672
0.0427 6372.44282220208 1.000134755674426 1.527308560649629 252.0216556864819 0.4669681747360486
0.0428 6372.470583998463 1.000134314928978 1.527218665736408 251.8412040099928 0.4596866744249493
0.0429 6372.498403310259 1.000133874698688 1.527128738210549 251.6603784833154 0.4524925218463103
0.043 6372.526280159494 1.000133434985276 1.527038778159255 251.4791789632917 0.4453850746316346
0.0431 6372.554214568139 1.000132995790451 1.526948785669592 251.2976053070946 0.4383636897832479
0.0432 6372.582206558117 1.000132557115907 1.526858760828492 251.11565737224 0.4314277237475619
0.04330000000000001 6372.610256151293 1.000132118963328 1.526768703722714 250.9333350165924 0.4245765324877403
0.0434 6372.638363369485 1.000131681334384 1.526678614438869 250.7506380983476 0.4178094715551234
0.0435 6372.666528234457 1.000131244230732 1.526588493063406 250.5675664760264 0.4111258961607793
0.0436 6372.694750767922 1.000130807654019 1.52649833968259 250.3841200085102 0.4045251612481817
0.0437 6372.723030991539 1.000130371605878 1.526408154382542 250.2002985549938 0.3980066215624798
0.0438 6372.751368926919 1.000129936087933 1.5263179372492 250.0161019750266 0.3915696317226046
0.0439 6372.779764595618 1.000129501101793 1.526227688368313 249.8315301284832 0.3852135462904202
0.044 6372.808218019144 1.000129066649058 1.526137407825458 249.6465828755635 0.3789377198405524
0.0441 6372.836729218951 1.000128632731319 1.526047095706013 249.4612600768158 0.3727415070305821
0.0442 6372.865298216443 1.000128199350152 1.525956752095189 249.27556159312 0.3666242626693866
0.0443 6372.893925032972 1.000127766507125 1.525866377077982 249.0894872856805 0.3605853417854755
0.0444 6372.92260968984 1.000127334203795 1.525775970739198 248.9030370160393 0.3546240996954603
0.0445 6372.951352208299 1.000126902441709 1.525685533163444 248.7162106460572 0.3487398920711072
0.0446 6372.980152609549 1.000126471222405 1.525595064435116 248.5290080379322 0.342932075007069
0.0447 6373.00901091474 1.00012604054741 1.525504564638413 248.3414290541931 0.3372000050873727
0.0448 6373.03792714497 1.00012561041824 1.525414033857301 248.1534735576942 0.331543039451441
0.0449 6373.066901321291 1.000125180836406 1.525323472175555 247.9651414116087 0.3259605358596381
0.04500000000000001 6373.0959334647 1.000124751803406 1.525232879676715 247.776432479447 0.3204518527590131
0.0451 6373.125023596148 1.00012432332073 1.525142256444103 247.5873466250385 0.3150163493474767
0.0452 6373.154171736533 1.000123895389861 1.525051602560815 247.3978837125381 0.309653385638169
0.0453 6373.183377906705 1.000123468012272 1.524960918109714 247.2080436064197 0.3043623225229576
0.0454 6373.212642127464 1.000123041189428 1.524870203173438 247.0178261714822 0.2991425218357403
0.0455 6373.241964419562 1.000122614922786 1.524779457834382 246.827231272844 0.2939933464148705
0.0456 6373.2713448037 1.000122189213795 1.524688682174712 246.6362587759485 0.2889141601653576
0.0457 6373.300783300531 1.000121764063897 1.524597876276332 246.4449085465466 0.2839043281198825
0.0458 6373.330279930658 1.000121339474525 1.524507040220933 246.2531804507261 0.2789632165004962
0.0459 6373.359834714635 1.000120915447106 1.524416174089926 246.0610743548704 0.2740901927778875
0.046 6373.389447672971 1.00012049198306 1.524325277964488 245.868590125688 0.2692846257319269
0.0461 6373.419118826121 1.000120069083801 1.524234351925537 245.6757276302127 0.2645458855108262
0.0462 6373.448848194495 1.000119646750732 1.524143396053749 245.4824867357796 0.2598733436891394
0.0463 6373.478635798457 1.000119224985256 1.524052410429507 245.2888673100314 0.2552663733259086
0.0464 6373.508481658317 1.000118803788765 1.523961395132968 245.0948692209416 0.2507243490225983
0.0465 6373.538385794343 1.000118383162646 1.523870350244001 244.9004923367737 0.2462466469788724
0.0466 6373.568348226751 1.000117963108281 1.523779275842213 244.7057365261161 0.2418326450495682
0.04670000000000001 6373.598368975714 1.000117543627046 1.523688172006955 244.5106016578587 0.237481722799651
0.0468 6373.628448061355 1.000117124720311 1.523597038817274 244.3150876011931 0.2331932615590998
0.0469 6373.65858550375 1.000116706389442 1.523505876351973 244.119194225624 0.2289666444774001
0.047 6373.688781322928 1.000116288635797 1.523414684689559 243.9229214009696 0.2248012565771144
0.0471 6373.719035538872 1.000115871460733 1.523323463908268 243.7262689973317 0.2206964848061822
0.0472 6373.749348171518 1.0001154548656 1.523232214086052 243.5292368851314 0.2166517180909468
0.0473 6373.779719240757 1.000115038851742 1.523140935300569 243.3318249350795 0.2126663473871362
0.0474 6373.810148766431 1.000114623420503 1.523049627629207 243.1340330182001 0.2087397657312807
0.0475 6373.840636768338 1.000114208573218 1.52295829114904 242.935861005801 0.2048713682903729
0.0476 6373.87118326623 1.000113794311222 1.522866925936888 242.7373087695036 0.2010605524120275
0.0477 6373.901788279813 1.000113380635843 1.522775532069241 242.5383761812126 0.1973067176727884
0.0478 6373.932451828749 1.000112967548408 1.52268410962232 242.3390631131286 0.1936092659265602
0.04790000000000001 6373.963173932652 1.000112555050239 1.522592658672023 242.1393694377597 0.1899676013523161
0.048 6373.993954611094 1.000112143142654 1.522501179293984 241.9392950278915 0.186381130500347
0.0481 6374.024793883598 1.00011173182697 1.522409671563495 241.7388397566114 0.1828492623387851
0.0482 6374.055691769647 1.0001113211045 1.522318135555582 241.5380034972962 0.1793714082987627
0.0483 6374.086648288676 1.000110910976555 1.522226571344951 241.3367861236069 0.1759469823189761
0.04840000000000001 6374.117663460077 1.000110501444441 1.522134979005996 241.1351875094996 0.1725754008898324
0.0485 6374.148737303201 1.000110092509464 1.522043358612817 240.9332075291967 0.1692560830961778
0.0486 6374.179869837349 1.000109684172927 1.52195171023919 240.7308460572339 0.1659884506605761
0.0487 6374.211061081783 1.000109276436132 1.52186003395859 240.5281029684128 0.1627719279842898
0.0488 6374.242311055718 1.000108869300376 1.52176832984419 240.3249781378307 0.1596059421887921
0.0489 6374.273619778331 1.000108462766957 1.521676597968817 240.121471440851 0.1564899231555922
0.049 6374.304987268749 1.000108056837171 1.521584838405019 239.9175827531325 0.1534233035662515
0.0491 6374.336413546062 1.000107651512312 1.521493051225021 239.7133119506001 0.1504055189407391
0.0492 6374.367898629313 1.000107246793672 1.5214012365007 239.5086589094625 0.1474360076757691
0.0493 6374.399442537508 1.000106842682543 1.521309394303655 239.3036235062003 0.1445142110819407
0.0494 6374.431045289603 1.000106439180216 1.521217524705143 239.0982056175779 0.1416395734204747
0.0495 6374.462706904519 1.000106036287981 1.5211256277761 238.8924051206258 0.138811541938772
0.04960000000000001 6374.494427401132 1.000105634007125 1.521033703587158 238.6862218926402 0.1360295669054821
0.0497 6374.526206798276 1.000105232338939 1.520941752208608 238.4796558112074 0.1332931016451213
0.0498 6374.558045114744 1.00010483128471 1.52084977371042 238.2727067541617 0.1306016025710585
0.0499 6374.589942369288 1.000104430845725 1.520757768162263 238.0653745996273 0.1279545292188471
0.05 6374.621898580619 1.000104031023272 1.520665735633433 237.8576592259764 0.1253513442777054
0.05010000000000001 6374.653913767407 1.00010363181864 1.520573676192956 237.6495605118533 0.1227915136220842
0.0502 6374.685987948282 1.000103233233114 1.520481589909494 237.4410783361685 0.1202745063420821
0.0503 6374.718121141832 1.000102835267984 1.520389476851391 237.2322125780923 0.1177997947731026
0.0504 6374.750313366607 1.000102437924537 1.520297337086678 237.0229631170554 0.1153668545248201
0.0505 6374.782564641116 1.000102041204062 1.52020517068303 236.8133298327483 0.1129751645093784
0.0506 6374.814874983826 1.000101645107849 1.520112977707825 236.6033126051278 0.1106242069688861
0.0507 6374.847244413169 1.000101249637187 1.520020758228091 236.3929113143989 0.1083134675018796
0.0508 6374.879672947534 1.000100854793367 1.519928512310536 236.1821258410267 0.1060424350893559
0.0509 6374.912160605272 1.000100460577682 1.519836240021532 235.9709560657305 0.1038106021198355
0.051 6374.944707404695 1.000100066991423 1.519743941427135 235.7594018694839 0.1016174644137274
0.0511 6374.977313364076 1.000099674035886 1.519651616593052 235.5474631335086 0.09946252124686557
0.0512 6375.00997850165 1.000099281712366 1.519559265584674 235.3351397392747 0.09734527537334504
0.05130000000000001 6375.042702835613 1.000098890022159 1.519466888467061 235.1224315685125 0.09526523304770577
0.0514 6375.075486384125 1.000098498966564 1.519374485304939 234.9093385031887 0.09322190404600197
0.0515 6375.108329165305 1.00009810854688 1.519282056162711 234.6958604255182 0.09121480168646454
0.0516 6375.141231197236 1.00009771876441 1.519189601104435 234.4819972179642 0.08924344284927915
0.0517 6375.174192497964 1.000097329620456 1.519097120193859 234.2677487632326 0.08730734799555144
0.05180000000000001 6375.207213085497 1.000096941116323 1.519004613494394 234.0531149442712 0.08540604118557055
0.0519 6375.240292977805 1.00009655325332 1.51891208106912 233.8380956442646 0.08353905009626457
0.052 6375.273432192825 1.000096166032755 1.518819522980779 233.6226907466397 0.08170590603800591
0.0521 6375.306630748452 1.00009577945594 1.518726939291807 233.4069001350598 0.07990614397055963
0.0522 6375.339888662549 1.000095393524188 1.51863433006429 233.1907236934306 0.07813930251838264
0.0523 6375.373205952941 1.000095008238815 1.518541695360007 232.9741613058826 0.07640492398498051
0.0524 6375.406582637416 1.00009462360114 1.5184490352404 232.7572128567944 0.07470255436685688
0.0525 6375.440018733729 1.000094239612483 1.518356349766576 232.5398782307633 0.07303174336629287
0.0526 6375.473514259596 1.000093856274168 1.518263638999332 232.3221573126292 0.07139204440380982
0.0527 6375.5070692327 1.00009347358752 1.518170902999137 232.1040499874506 0.06978301462952803
0.0528 6375.540683670688 1.000093091553868 1.518078141826118 231.8855561405284 0.06820421493415124
0.0529 6375.574357591173 1.000092710174543 1.517985355540106 231.6666756573762 0.0666552099588268
0.05300000000000001 6375.608091011733 1.000092329450879 1.517892544200586 231.4474084237326 0.0651355681045887
0.0531 6375.641883949911 1.000091949384213 1.517799707866742 231.2277543255781 0.06364486154110666
0.0532 6375.675736423215 1.000091569975885 1.517706846597417 231.0077132491004 0.06218266621435097
0.0533 6375.70964844912 1.000091191227237 1.517613960451153 230.7872850807179 0.06074856185395263
0.0534 6375.743620045067 1.000090813139614 1.517521049486159 230.5664697070673 0.05934213197960878
0.05350000000000001 6375.777651228463 1.000090435714367 1.517428113760321 230.3452670149926 0.05796296390679141
0.0536 6375.811742016682 1.000090058952845 1.517335153331234 230.1236768915682 0.0566106487519766
0.0537 6375.845892427064 1.000089682856404 1.517242168256153 229.9016992240812 0.05528478143691326
0.0538 6375.880102476916 1.000089307426403 1.517149158592031 229.6793339000436 0.05398496069238341
0.0539 6375.914372183513 1.0000889326642 1.517056124395508 229.4565808071624 0.05271078906103133
0.054 6375.948701564097 1.000088558571163 1.516963065722901 229.2334398333691 0.05146187289985867
0.0541 6375.983090635877 1.000088185148657 1.516869982630229 229.0099108668022 0.05023782238176391
0.05420000000000001 6376.017539416029 1.000087812398054 1.516776875173191 228.7859937958132 0.04903825149654711
0.0543 6376.052047921698 1.000087440320727 1.516683743407195 228.5616885089602 0.04786277805118229
0.0544 6376.086616169998 1.000087068918055 1.516590587387337 228.3369948950143 0.04671102366949176
0.0545 6376.12124417801 1.000086698191417 1.516497407168391 228.1119128429358 0.04558261379101454
0.0546 6376.155931962783 1.000086328142198 1.516404202804842 227.8864422419095 0.04447717766952652
0.05470000000000001 6376.190679541335 1.000085958771785 1.516310974350887 227.6605829813215 0.04339434837061319
0.0548 6376.225486930655 1.000085590081569 1.516217721860392 227.4343349507407 0.04233376276864691
0.0549 6376.260354147699 1.000085222072944 1.516124445386953 227.2076980399551 0.04129506154338497
0.055 6376.295281209393 1.000084854747307 1.516031144983862 226.9806721389476 0.04027788917565721
0.0551 6376.33026813263 1.000084488106059 1.515937820704098 226.7532571379023 0.03928189394257789
0.05520000000000001 6376.365314934278 1.000084122150604 1.51584447260038 226.5254529271923 0.03830672791206612
0.0553 6376.40042163117 1.00008375688235 1.515751100725103 226.2972593973976 0.03735204693688937
0.0554 6376.435588240111 1.000083392302708 1.515657705130396 226.0686764392816 0.03641751064793061
0.0555 6376.470814777876 1.000083028413091 1.515564285868095 225.8397039438086 0.03550278244703978
0.0556 6376.50610126121 1.000082665214917 1.515470842989746 225.6103418021379 0.03460752949919935
0.0557 6376.541447706829 1.000082302709606 1.515377376546615 225.3805899056123 0.03373142272409201
0.0558 6376.57685413142 1.000081940898584 1.515283886589685 225.1504481457695 0.03287413678719165
0.05590000000000001 6376.612320551641 1.000081579783276 1.515190373169663 224.9199164143305 0.03203535009019849
0.056 6376.647846984121 1.000081219365114 1.515096836336981 224.6889946032114 0.03121474476100781
0.0561 6376.68343344546 1.00008085964553 1.515003276141789 224.4576826045117 0.03041200664304237
0.0562 6376.719079952229 1.000080500625963 1.514909692633958 224.2259803105138 0.02962682528408932
0.0563 6376.754786520971 1.00008014230785 1.514816085863118 223.9938876136897 0.02885889392462281
0.05640000000000001 6376.790553168202 1.000079784692637 1.514722455878599 223.7614044066885 0.02810790948554144
0.0565 6376.826379910409 1.000079427781768 1.514628802729479 223.5285305823426 0.02737357255544828
0.0566 6376.862266764051 1.000079071576694 1.514535126464562 223.2952660336676 0.02665558737740059
0.0567 6376.89821374556 1.000078716078865 1.514441427132414 223.0616106538627 0.025953661835157
0.0568 6376.93422087134 1.000078361289737 1.514347704781304 222.8275643362921 0.02526750743887972
0.05690000000000001 6376.970288157768 1.000078007210768 1.514253959459287 222.5931269745096 0.02459683931047543
0.057 6377.006415621194 1.000077653843418 1.514160191214131 222.3582984622402 0.02394137616833417
0.0571 6377.042603277941 1.000077301189151 1.514066400093373 222.1230786933864 0.02330084031167012
0.0572 6377.078851144303 1.000076949249433 1.513972586144283 221.8874675620281 0.02267495760438333
0.0573 6377.115159236551 1.000076598025731 1.513878749413909 221.6514649624163 0.02206345745845383
0.0574 6377.151527570927 1.000076247519519 1.51378488994902 221.4150707889738 0.02146607281690861
0.0575 6377.187956163649 1.00007589773227 1.513691007796171 221.1782849362829 0.02088254013632404
0.05760000000000001 6377.224445030904 1.000075548665459 1.513597103001663 220.941107299121 0.0203125993690181
0.0577 6377.26099418886 1.000075200320566 1.513503175611566 220.7035377724131 0.01975599394461943
0.0578 6377.297603653652 1.000074852699072 1.513409225671718 220.465576251262 0.01921247075141723
0.0579 6377.334273441395 1.000074505802458 1.513315253227726 220.2272226309354 0.01868178011720845
0.058 6377.371003568174 1.000074159632212 1.513221258324957 219.9884768068672 0.01816367578978227
0.05810000000000001 6377.407794050053 1.000073814189821 1.513127241008557 219.7493386746563 0.01765791491702081
0.0582 6377.444644903066 1.000073469476773 1.513033201323462 219.5098081300733 0.01716425802663748
0.0583 6377.481556143224 1.00007312549456 1.512939139314377 219.2698850690425 0.01668246900550051
0.0584 6377.518527786515 1.000072782244675 1.512845055025785 219.0295693876536 0.01621231507866236
0.0585 6377.555559848898 1.000072439728613 1.512750948501953 218.788860982162 0.01575356678801493
0.05860000000000001 6377.592652346312 1.00007209794787 1.51265681978694 218.5477597489706 0.01530599797057353
0.0587 6377.629805294668 1.000071756903944 1.512562668924599 218.3062655846601 0.01486938573651991
0.05880000000000001 6377.667018709852 1.000071416598335 1.51246849595857 218.0643783859645 0.01444351044682345
0.0589 6377.704292607728 1.000071077032544 1.512374300932293 217.8220980497657 0.0140281556905868
0.059 6377.741627004137 1.000070738208072 1.512280083888997 217.5794244731113 0.01362310826212879
0.0591 6377.779021914891 1.000070400126422 1.512185844871737 217.3363575532084 0.01322815813773051
0.0592 6377.816477355783 1.000070062789099 1.512091583923338 217.0928971874117 0.01284309845208859
0.05930000000000001 6377.853993342579 1.000069726197609 1.511997301086457 216.8490432732359 0.01246772547453123
0.0594 6377.891569891023 1.000069390353456 1.511902996403557 216.6047957083491 0.01210183858493797
0.0595 6377.929207016836 1.000069055258148 1.511808669916904 216.3601543905673 0.01174524024940269
0.0596 6377.966904735713 1.000068720913192 1.511714321668606 216.1151192178662 0.01139773599567379
0.0597 6378.004663063327 1.000068387320095 1.511619951700549 215.869690088375 0.01105913438832728
0.05980000000000001 6378.042482015329 1.000068054480366 1.511525560054471 215.6238669003591 0.01072924700369442
0.0599 6378.080361607347 1.000067722395514 1.51143114677193 215.3776495522433 0.01040788840462458
0.06 6378.118301854983 1.000067391067046 1.511336711894321 215.1310379426121 0.01009487611499966
0.0601 6378.156302773818 1.000067060496471 1.511242255462832 214.8840319701802 0.009790030594008729
0.0602 6378.194364379413 1.000066730685299 1.511147777518531 214.6366315338158 0.00949317521029612
0.0603 6378.2324866873 1.000066401635036 1.511053278102293 214.3888365325469 0.009204136215897659
0.0604 6378.270669712995 1.000066073347191 1.510958757254846 214.1406468655313 0.00892274271995867
0.06050000000000001 6378.308913471988 1.000065745823272 1.510864215016757 213.8920624320748 0.008648826662340008
0.0606 6378.347217979748 1.000065419064784 1.510769651428429 213.6430831316369 0.008382222787048161
0.0607 6378.385583251719 1.000065093073235 1.510675066530138 213.3937088638248 0.008122768615500889
0.0608 6378.424009303328 1.000064767850129 1.510580460361991 213.14393952837 0.007870304419633439
0.0609 6378.462496149975 1.00006444339697 1.510485832963949 212.8937750251633 0.00762467319493234
0.06100000000000001 6378.501043807041 1.000064119715262 1.510391184375838 212.6432152542319 0.007385720633281836
0.0611 6378.539652289885 1.000063796806505 1.510296514637349 212.3922601157504 0.007153295095730074
0.0612 6378.578321613842 1.000063474672201 1.510201823788028 212.1409095100297 0.006927247585123942
0.0613 6378.617051794226 1.000063153313848 1.510107111867294 211.8891633375282 0.006707431718666302
0.0614 6378.655842846332 1.000062832732944 1.510012378914432 211.6370214988405 0.006493703700360137
0.06150000000000001 6378.694694785431 1.000062512930982 1.509917624968595 211.3844838946969 0.006285922293380938
0.0616 6378.733607626774 1.000062193909458 1.509822850068818 211.13155042597 0.006083948792378814
0.0617 6378.77258138559 1.00006187566986 1.509728054254013 210.8782209936679 0.005887646995704075
0.0618 6378.811616077085 1.00006155821368 1.509633237562974 210.6244954989469 0.005696883177588215
0.0619 6378.850711716448 1.000061241542402 1.509538400034382 210.3703738430871 0.005511526060247395
0.062 6378.889868318844 1.000060925657511 1.509443541706793 210.1158559275167 0.005331446785979535
0.0621 6378.929085899415 1.000060610560487 1.509348662618673 209.8609416537996 0.005156518889199868
0.06220000000000001 6378.968364473288 1.000060296252809 1.509253762808367 209.60563092363 0.004986618268455159
0.0623 6379.007704055562 1.000059982735953 1.509158842314119 209.3499236388437 0.004821623158431028
0.0624 6379.047104661322 1.00005967001139 1.509063901174073 209.0938197014069 0.004661414101932077
0.0625 6379.086566305627 1.000059358080589 1.508968939426285 208.8373190134274 0.004505873921873875
0.0626 6379.126089003517 1.000059046945015 1.5088739571087 208.5804214771373 0.004354887693260403
0.06270000000000001 6379.165672770014 1.00005873660613 1.508778954259177 208.3231269949105 0.004208342715194767
0.06280000000000001 6379.205317620114 1.000058427065392 1.508683930915494 208.0654354692568 0.00406612848289369
0.0629 6379.245023568798 1.000058118324254 1.508588887115333 207.8073468028105 0.003928136659725639
0.063 6379.284790631023 1.000057810384167 1.50849382289629 207.5488608983472 0.003794261049298189
0.0631 6379.324618821728 1.000057503246575 1.508398738295897 207.2899776587673 0.003664397567566351
0.06320000000000001 6379.364508155829 1.000057196912921 1.508303633351593 207.0306969871125 0.003538444215006687
0.06330000000000001 6379.404458648223 1.000056891384642 1.508208508100745 206.771018786549 0.003416301048827311
0.0634 6379.444470313788 1.000056586663167 1.508113362580664 206.5109429603789 0.003297870155253617
0.0635 6379.484543167379 1.000056282749926 1.508018196828564 206.2504694120342 0.0031830556218726
0.0636 6379.524677223834 1.000055979646339 1.507923010881614 205.9895980450773 0.003071763510054235
0.06370000000000001 6379.56487249797 1.000055677353823 1.507827804776911 205.7283287631943 0.002963901827450902
0.06380000000000001 6379.605129004581 1.000055375873791 1.507732578551499 205.4666614702254 0.002859380500597974
0.0639 6379.645446758444 1.000055075207648 1.507637332242363 205.204596070117 0.002758111347576009
0.064 6379.685825774314 1.000054775356794 1.507542065886415 204.9421324669573 0.002660008050806128
0.0641 6379.72626606693 1.000054476322623 1.507446779520543 204.6792705649531 0.002564986129926917
0.06420000000000001 6379.766767651008 1.000054178106524 1.507351473181565 204.4160102684467 0.002472962914798395
0.06430000000000001 6379.807330541244 1.00005388070988 1.507256146906253 204.1523514819168 0.002383857518615683
0.0644 6379.847954752312 1.000053584134066 1.507160800731357 203.8882941099718 0.002297590811143394
0.0645 6379.888640298873 1.000053288380451 1.50706543469355 203.6238380573267 0.002214085392073111
0.0646 6379.929387195562 1.000052993450399 1.506970048829496 203.3589832288502 0.002133265564537148
0.06470000000000001 6379.970195456995 1.000052699345266 1.50687464317581 203.0937295295352 0.002055057308736022
0.0648 6380.01106509777 1.000052406066401 1.506779217769075 202.8280768644926 0.001979388255718488
0.0649 6380.051996132466 1.000052113615145 1.506683772645841 202.5620251389695 0.001906187661317532
0.065 6380.09298857564 1.000051821992834 1.506588307842628 202.2955742583371 0.001835386380231743
0.06510000000000001 6380.134042441832 1.000051531200794 1.506492823395938 202.0287241280906 0.001766916840269391
0.06520000000000001 6380.175157745559 1.000051241240345 1.506397319342249 201.7614746538674 0.001700713016760514
0.0653 6380.21633450132 1.0000509521128 1.506301795718003 201.4938257414227 0.001636710407126743
0.0654 6380.257572723594 1.000050663819462 1.506206252559646 201.2257772966362 0.001574846005631837
0.0655 6380.298872426843 1.000050376361628 1.506110689903581 200.9573292255235 0.001515058278310367
0.06560000000000001 6380.340233625504 1.000050089740584 1.506015107786226 200.6884814342242 0.001457287138072247
0.06570000000000001 6380.381656334 1.00004980395761 1.505919506243968 200.4192338290021 0.001401473919995734
0.0658 6380.42314056673 1.000049519013978 1.5058238853132 200.1495863162571 0.001347561356812205
0.0659 6380.464686338076 1.000049234910948 1.505728245030289 199.8795388025072 0.001295493554578151
0.066 6380.506293662401 1.000048951649775 1.505632585431609 199.6090911943946 0.001245215968549315
0.06610000000000001 6380.547962554045 1.000048669231701 1.505536906553542 199.3382433987093 0.001196675379258315
0.06620000000000001 6380.589693027332 1.000048387657964 1.505441208432451 199.0669953223418 0.001149819868783453
0.0663 6380.631485096565 1.000048106929787 1.505345491104714 198.7953468723243 0.001104598797241326
0.0664 6380.673338776028 1.000047827048388 1.505249754606712 198.5232979558194 0.001060962779480154
0.0665 6380.715254079982 1.000047548014972 1.505153998974836 198.2508484801195 0.001018863661989193
0.06660000000000001 6380.757231022673 1.000047269830736 1.505058224245477 197.9779983526236 0.0009782545000214232
0.06670000000000001 6380.799269618326 1.000046992496868 1.504962430455039 197.7047474808782 0.0009390895349457961
0.0668 6380.841369881146 1.000046716014544 1.504866617639956 197.4310957725542 0.0009013241718116292
0.0669 6380.883531825317 1.000046440384931 1.504770785836646 197.1570431354406 0.0008649149571410232
0.067 6380.925755465007 1.000046165609184 1.504674935081589 196.8825894774567 0.0008298195569510501
0.06710000000000001 6380.96804081436 1.000045891688449 1.504579065411233 196.6077347066574 0.0007959967350046129
0.06720000000000001 6381.010387887504 1.000045618623862 1.504483176862092 196.3324787312221 0.0007634063312910554
0.0673 6381.052796698546 1.000045346416544 1.504387269470685 196.056821459454 0.0007320092407424775
0.0674 6381.095267261571 1.000045075067611 1.504291343273558 195.7807627997867 0.0007017673921867414
0.0675 6381.13779959065 1.000044804578164 1.504195398307272 195.5043026607776 0.0006726437275369676
0.06760000000000001 6381.180393699829 1.000044534949293 1.504099434608446 195.2274409511145 0.0006446021812220049
0.06770000000000001 6381.223049603135 1.000044266182077 1.504003452213706 194.950177579621 0.0006176076598579996
0.0678 6381.265767314579 1.000043998277585 1.50390745115972 194.6725124552389 0.0005916260221603947
0.0679 6381.308546848148 1.000043731236871 1.5038114314832 194.3944454870401 0.0005666240591030736
0.068 6381.351388217809 1.000043465060981 1.50371539322087 194.1159765842384 0.0005425694743226078
0.06810000000000001 6381.394291437516 1.000043199750945 1.503619336409529 193.8371056561481 0.0005194308647644612
0.0682 6381.437256521193 1.000042935307784 1.503523261085983 193.557832612243 0.0004971777015854387
0.0683 6381.480283482752 1.000042671732507 1.503427167287096 193.2781573621095 0.0004757803112954508
0.0684 6381.523372336083 1.000042409026107 1.50333105504977 192.9980798154578 0.0004552098571537209
0.06850000000000001 6381.566523095055 1.000042147189567 1.503234924410967 192.7175998821402 0.0004354383208151173
0.06860000000000001 6381.609735773518 1.000041886223859 1.503138775407672 192.4367174721332 0.0004164384842243704
0.0687 6381.6530103853 1.000041626129938 1.503042608076937 192.155432495549 0.0003981839117634827
0.0688 6381.696346944213 1.00004136690875 1.502946422455858 191.8737448626183 0.0003806489326485148
0.0689 6381.739745464045 1.000041108561225 1.502850218581588 191.5916544837077 0.0003638086235803382
0.06900000000000001 6381.783205958566 1.000040851088281 1.502753996491319 191.3091612693196 0.0003476387916459071
0.06910000000000001 6381.826728441526 1.000040594490824 1.502657756222314 191.0262651300808 0.0003321159574707157
0.0692 6381.870312926654 1.000040338769745 1.502561497811889 190.742965976748 0.0003172173386241087
0.0693 6381.913959427659 1.000040083925921 1.502465221297406 190.4592637202139 0.0003029208332761107
0.0694 6381.957667958231 1.000039829960216 1.502368926716295 190.1751582714954 0.0002892050041047083
0.06950000000000001 6382.00143853204 1.000039576873481 1.502272614106051 189.8906495417394 0.0002760490624550776
0.06960000000000001 6382.045271162732 1.000039324666552 1.502176283504214 189.6057374422406 0.0002634328527498147
0.0697 6382.089165863937 1.000039073340252 1.50207993494841 189.320421884412 0.0002513368371470082
