0 6365.5 1.000324155860924 1.560760683595929 297.15 13.72864257964166
0.0001 6365.506420237111 1.000323867800333 1.560689133903198 297.1082684587763 13.69426611619182
0.0002 6365.512886030414 1.000323578014903 1.560617553612702 297.0662408023094 13.65972171532457
0.0003 6365.519397399591 1.000323286510124 1.560545942531646 297.023916902658 13.62501074108255
0.0004 6365.525954364451 1.000322993291513 1.560474300468026 296.9812966310709 13.59013456330951
0.0005 6365.532556944927 1.000322698364616 1.560402627230876 296.9383798579751 13.5550945575687
0.0006000000000000001 6365.539205161073 1.000322401735011 1.560330922630013 296.8951664530231 13.5198921051091
0.0007 6365.545899033069 1.000322103408303 1.560259186476093 296.8516562850517 13.48452859275885
0.0008 6365.552638581215 1.000321803390127 1.560187418580855 296.8078492221056 13.4490054128714
0.0009000000000000001 6365.559423825931 1.000321501686145 1.560115618756733 296.7637451314489 13.41332396326165
0.001 6365.566254787762 1.000321198302049 1.560043786817184 296.7193438795479 13.37748564711757
0.0011 6365.573131487371 1.000320893243559 1.559971922576428 296.6746453320883 13.34149187294043
0.0012 6365.580053945541 1.000320586516424 1.559900025849659 296.6296493539816 13.3053440544749
0.0013 6365.587022183175 1.000320278126421 1.559828096453009 296.5843558093646 13.26904361063407
0.0014 6365.594036221292 1.000319968079352 1.559756134203405 296.5387645616 13.23259196542414
0.0015 6365.601096081034 1.000319656381052 1.559684138918645 296.4928754732758 13.19599054786875
0.0016 6365.608201783656 1.00031934303738 1.559612110417469 296.4466884062352 13.1592407919566
0.0017 6365.615353350534 1.000319028054221 1.559540048519547 296.4002032215293 13.12234413652735
0.0018 6365.622550803158 1.000318711437492 1.559467953045306 296.353419779476 13.08530202524203
0.0019 6365.629794163134 1.000318393193134 1.559395823816168 296.3063379396307 13.04811590648241
0.002 6365.637083452183 1.000318073327114 1.55932366065444 296.2589575608098 13.01078723329241
0.0021 6365.644418692144 1.000317751845428 1.559251463383234 296.2112785010612 12.97331746327701
0.0022 6365.651799904967 1.000317428754098 1.559179231826674 296.1633006177116 12.93570805856152
0.0023 6365.659227112717 1.000317104059171 1.559106965809645 296.1150237673368 12.89796048568992
0.0024 6365.666700337572 1.000316777766721 1.559034665158007 296.0664478057796 12.86007621556013
0.0025 6365.674219601823 1.00031644988285 1.558962329698473 296.0175725881498 12.822056723345
0.0026 6365.681784927871 1.000316120413681 1.558889959258684 295.968397968836 12.78390348842214
0.0027 6365.689396338231 1.000315789365368 1.558817553667172 295.9189238014995 12.74561799428971
0.0028 6365.697053855527 1.000315456744086 1.558745112753299 295.8691499390746 12.70720172848656
0.0029 6365.704757502494 1.000315122556039 1.558672636347394 295.8190762337862 12.66865618252559
0.003 6365.712507301979 1.000314786807453 1.558600124280656 295.7687025371378 12.6299828518042
0.0031 6365.720303276934 1.00031444950458 1.55852757638516 295.7180286999295 12.59118323553703
0.0032 6365.728145450422 1.000314110653698 1.558454992493947 295.6670545722581 12.55225883667483
0.0033 6365.736033845614 1.000313770261108 1.558382372440887 295.6157800035106 12.5132111618185
0.0034 6365.743968485788 1.000313428333134 1.558309716060763 295.5642048423769 12.47404172114648
0.0035 6365.751949394329 1.000313084876128 1.558237023189266 295.5123289368606 12.43475202834166
0.0036 6365.759976594729 1.000312739896462 1.558164293663068 295.4601521342623 12.39534360049574
0.0037 6365.768050110585 1.000312393400534 1.558091527319617 295.4076742811966 12.3558179580401
0.0038 6365.776169965599 1.000312045394765 1.558018723997329 295.3548952236041 12.31617662467191
0.0039 6365.784336183579 1.000311695885599 1.557945883535554 295.3018148067339 12.2764211272577
0.004 6365.792548788436 1.000311344879503 1.557873005774513 295.2484328751669 12.23655299576781
0.0041 6365.800807804184 1.000310992382967 1.557800090555345 295.1947492728044 12.19657376318393
0.004200000000000001 6365.809113254941 1.000310638402504 1.557727137720141 295.1407638428853 12.15648496542852
0.0043 6365.817465164926 1.00031028294465 1.557654147111823 295.0864764279808 12.11628814127628
0.0044 6365.825863558463 1.000309926015962 1.557581118574314 295.0318868699936 12.0759848322699
0.004500000000000001 6365.834308459973 1.00030956762302 1.557508051952426 294.9769950101767 12.03557658264859
0.0046 6365.842799893979 1.000309207772425 1.557434947091856 294.9218006891382 11.99506493926755
0.0047 6365.851337885105 1.000308846470802 1.557361803839243 294.8663037468185 11.95445145149558
0.0048 6365.859922458073 1.000308483724795 1.557288622042238 294.8105040225254 11.91373767115589
0.0049 6365.868553637706 1.000308119541069 1.557215401549237 294.7544013549103 11.87292515242326
0.005 6365.877231448924 1.000307753926313 1.55714214220972 294.6979955819924 11.83201545175567
0.0051 6365.885955916744 1.000307386887234 1.557068843874033 294.6412865411638 11.79101012781262
0.005200000000000001 6365.894727066281 1.00030701843056 1.556995506393424 294.5842740691727 11.74991074135612
0.0053 6365.903544922746 1.000306648563042 1.556922129620128 294.5269580021521 11.70871885518579
0.0054 6365.912409511446 1.000306277291447 1.556848713407314 294.4693381756027 11.6674360340395
0.005500000000000001 6365.921320857784 1.000305904622565 1.556775257609019 294.4114144244044 11.62606384451523
0.0056 6365.930278987257 1.000305530563205 1.556701762080274 294.353186582828 11.58460385499255
0.0057 6365.939283925457 1.000305155120196 1.556628226677033 294.2946544845298 11.54305763554137
0.0058 6365.948335698068 1.000304778300386 1.556554651256218 294.235817962557 11.50142675783879
0.0059 6365.957434330868 1.00030440011064 1.556481035675642 294.1766768493598 11.4597127950901
0.006 6365.966579849727 1.000304020557846 1.556407379794114 294.1172309767734 11.41791732192859
0.0061 6365.975772280608 1.000303639648907 1.556333683471357 294.057480176048 11.37604191434868
0.006200000000000001 6365.985011649564 1.000303257390747 1.556259946568044 293.9974242778366 11.33408814960959
0.0063 6365.994297982738 1.000302873790306 1.556186168945793 293.9370631122009 11.29205760615145
0.0064 6366.003631306365 1.000302488854543 1.556112350467233 293.8763965086295 11.2499518635194
0.006500000000000001 6366.013011646767 1.000302102590437 1.556038490995832 293.8154242960135 11.20777250225871
0.0066 6366.022439030356 1.000301715004979 1.555964590396137 293.7541463026886 11.165521103855
0.0067 6366.031913483631 1.000301326105183 1.555890648533597 293.6925623563992 11.123199250621
0.0068 6366.041435033182 1.000300935898077 1.555816665274569 293.6306722843163 11.08080852562007
0.006900000000000001 6366.051003705682 1.000300544390707 1.555742640486479 293.5684759130671 11.03835051259757
0.007 6366.060619527892 1.000300151590134 1.555668574037618 293.5059730686993 10.99582679586746
0.0071 6366.070282526661 1.000299757503438 1.555594465797289 293.4431635767049 10.95323896023942
0.007200000000000001 6366.079992728917 1.000299362137712 1.555520315635795 293.3800472620381 10.9105885909415
0.0073 6366.089750161678 1.000298965500068 1.555446123424324 293.3166239490914 10.8678772735148
0.0074 6366.099554852045 1.000298567597631 1.555371889035111 293.2528934617075 10.82510659373203
0.007500000000000001 6366.1094068272 1.000298168437544 1.555297612341282 293.1888556231969 10.78227813751992
0.0076 6366.119306114411 1.000297768026962 1.555223293217055 293.1245102563265 10.73939349086159
0.0077 6366.129252741025 1.000297366373058 1.555148931537497 293.0598571833369 10.69645423971874
0.007800000000000001 6366.139246734472 1.000296963483019 1.555074527178729 292.9948962259308 10.65346196993397
0.007900000000000001 6366.149288122263 1.000296559364044 1.555000080017839 292.9296272052906 10.61041826715273
0.008 6366.159376931988 1.000296154023349 1.554925589932878 292.8640499420784 10.56732471673335
0.0081 6366.169513191317 1.000295747468165 1.554851056802896 292.7981642564363 10.52418290365708
0.008200000000000001 6366.179696928002 1.000295339705732 1.554776480507907 292.7319699679859 10.48099441243817
0.0083 6366.189928169868 1.000294930743308 1.554701860928948 292.6654668958585 10.43776082705297
0.008400000000000001 6366.200206944822 1.000294520588163 1.554627197947993 292.5986548586587 10.39448373082682
0.008500000000000001 6366.210533280845 1.000294109247579 1.554552491448044 292.5315336745069 10.35116470637073
0.0086 6366.220907205998 1.00029369672885 1.554477741313114 292.4641031610148 10.30780533547593
0.008700000000000001 6366.231328748414 1.000293283039287 1.554402947428151 292.3963631353093 10.26440719903892
0.008800000000000001 6366.241797936304 1.000292868186208 1.554328109679099 292.3283134140269 10.22097187696741
0.0089 6366.252314797953 1.000292452176945 1.55425322795296 292.2599538133071 10.1775009480864
0.009000000000000001 6366.262879361719 1.000292035018844 1.55417830213767 292.1912841488287 10.13399599007058
0.0091 6366.273491656035 1.000291616719259 1.554103332122212 292.1223042357736 10.09045857933149
0.0092 6366.284151709406 1.000291197285556 1.554028317796535 292.0530138888629 10.04689029094988
0.009300000000000001 6366.294859550407 1.000290776725115 1.553953259051621 291.9834129223563 10.00329269858538
0.0094 6366.305615207689 1.000290355045323 1.553878155779403 291.9135011500229 9.959667374367863
0.0095 6366.316418709969 1.000289932253579 1.553803007872865 291.8432783852003 9.916015888844258
0.009600000000000001 6366.327270086038 1.000289508357293 1.553727815226001 291.7727444407532 9.872339810862609
0.0097 6366.338169364753 1.000289083363884 1.553652577733791 291.7018991291028 9.828640707500373
0.0098 6366.349116575044 1.000288657280781 1.553577295292233 291.6307422622152 9.784920143967081
0.009900000000000001 6366.360111745905 1.000288230115422 1.553501967798318 291.559273651619 9.741179683525292
0.01 6366.3711549064 1.000287801875256 1.553426595150084 291.4874931083995 9.697420887397035
0.0101 6366.382246085661 1.000287372567739 1.553351177246544 291.4154004432042 9.653645314677604
0.0102 6366.393385312885 1.000286942200336 1.553275713987759 291.3429954662496 9.609854522249393
0.0103 6366.404572617334 1.000286510780521 1.553200205274784 291.270277987332 9.566050064699324
0.0104 6366.415808028335 1.000286078315777 1.553124651009737 291.1972478158222 9.522233494225638
0.0105 6366.427091575283 1.000285644813594 1.553049051095636 291.1239047606595 9.478406360544883
0.0106 6366.438423287632 1.000285210281468 1.552973405436671 291.050248630393 9.434570210827246
0.0107 6366.449803194902 1.000284774726906 1.552897713937959 290.9762792331402 9.390726589582501
0.0108 6366.461231326673 1.00028433815742 1.552821976505664 290.9019963766226 9.346877038591941
0.0109 6366.472707712592 1.000283900580528 1.55274619304695 290.8273998681537 9.303023096812266
0.011 6366.48423238236 1.000283462003756 1.552670363470077 290.752489514657 9.259166300297069
0.0111 6366.495805365746 1.000283022434638 1.552594487684232 290.6772651226478 9.215308182097612
0.0112 6366.507426692574 1.00028258188071 1.552518565599684 290.6017264982692 9.171450272194878
0.0113 6366.519096392727 1.000282140349517 1.552442597127742 290.525873447274 9.127594097400594
0.0114 6366.53081449615 1.000281697848609 1.552366582180734 290.4497057750249 9.083741181268918
0.0115 6366.542581032843 1.00028125438554 1.552290520671977 290.3732232865181 9.039893044021868
0.0116 6366.554396032866 1.000280809967871 1.552214412515885 290.2964257863713 8.996051202454394
0.0117 6366.566259526332 1.000280364603166 1.552138257627844 290.2193130788418 8.952217169856645
0.0118 6366.578171543414 1.000279918298995 1.552062055924287 290.1418849678083 8.908392455916141
0.0119 6366.590132114338 1.000279471062931 1.551985807322729 290.064141256801 8.864578566647069
0.012 6366.602141269385 1.000279022902551 1.551909511741648 289.9860817489952 8.820777004299501
0.0121 6366.614199038891 1.000278573825437 1.551833169100613 289.9077062472114 8.776989267272283
0.0122 6366.626305453243 1.000278123839173 1.551756779320185 289.8290145539216 8.733216850029425
0.0123 6366.638460542884 1.000277672951347 1.551680342322014 289.7500064712548 8.689461243016696
0.0124 6366.650664338307 1.000277221169551 1.55160385802872 289.6706818010028 8.645723932578402
0.0125 6366.662916870057 1.000276768501376 1.551527326364019 289.5910403446268 8.602006400874355
0.0126 6366.675218168731 1.000276314954418 1.551450747252646 289.5110819032506 8.558310125790578
0.0127 6366.687568264972 1.000275860536276 1.55137412062035 289.4308062776789 8.514636580863279
0.0128 6366.699967189479 1.000275405254549 1.551297446393976 289.3502132683856 8.470987235186829
0.0129 6366.712414972993 1.000274949116839 1.551220724501359 289.2693026755427 8.427363553344524
0.013 6366.724911646309 1.000274492130746 1.551143954871398 289.1880742989914 8.383766995307571
0.0131 6366.737457240266 1.000274034303875 1.551067137434005 289.1065279382714 8.340199016366329
0.0132 6366.75005178575 1.00027357564383 1.550990272120194 289.0246633926266 8.296661067048902
0.0133 6366.762695313693 1.000273116158216 1.550913358861968 288.9424804609938 8.253154593030626
0.0134 6366.775387855077 1.000272655854637 1.550836397592358 288.8599789420022 8.20968103505029
0.0135 6366.788129440922 1.000272194740698 1.550759388245519 288.777158634009 8.166241828845243
0.0136 6366.800920102297 1.000271732824003 1.550682330756572 288.69401933507 8.122838405052521
0.0137 6366.813759870313 1.000271270112155 1.550605225061721 288.6105608429633 8.079472189138304
0.0138 6366.826648776124 1.000270806612758 1.550528071098194 288.5267829551948 8.036144601318286
0.0139 6366.839586850925 1.000270342333414 1.550450868804272 288.4426854689867 7.992857056469211
0.014 6366.852574125955 1.000269877281722 1.55037361811928 288.3582681812894 7.949610964053068
0.0141 6366.865610632493 1.000269411465281 1.550296318983591 288.2735308887931 7.906407728041504
0.0142 6366.878696401857 1.000268944891688 1.550218971338611 288.1884733879277 7.863248746834479
0.0143 6366.891831465406 1.000268477568536 1.550141575126813 288.1030954748634 7.820135413179343
0.0144 6366.905015854537 1.000268009503418 1.550064130291683 288.0173969455099 7.777069114090306
0.0145 6366.918249600687 1.000267540703921 1.549986636777768 287.9313775955346 7.734051230777214
0.0146 6366.931532735329 1.000267071177633 1.549909094530654 287.8450372203628 7.691083138565661
0.0147 6366.944865289973 1.000266600932135 1.549831503497018 287.758375615177 7.648166206817572
0.0148 6366.958247296165 1.000266129975007 1.549753863624486 287.6713925749294 7.605301798858
0.0149 6366.971678785489 1.000265658313823 1.549676174861835 287.5840878943239 7.562491271887805
0.015 6366.98515978956 1.000265185956154 1.549598437158787 287.4964613678575 7.519735976925769
0.0151 6366.998690340031 1.000264712909567 1.549520650466197 287.4085127897964 7.477037258719122
0.0152 6367.012270468588 1.000264239181622 1.549442814735893 287.3202419541766 7.434396455666263
0.0153 6367.025900206949 1.000263764779877 1.549364929920806 287.2316486548328 7.391814899754146
0.0154 6367.039579586863 1.000263289711883 1.549286995974843 287.1427326853931 7.349293916478796
0.0155 6367.053308640113 1.000262813985187 1.549209012853011 287.0534938392665 7.306834824763608
0.0156 6367.067087398513 1.000262337607327 1.549130980511329 286.9639319096672 7.264438936895077
0.0157 6367.080915893906 1.000261860585838 1.549052898906882 286.8740466896082 7.222107558444792
0.0158 6367.094794158167 1.000261382928249 1.548974767997762 286.7838379719136 7.179841988200346
0.0159 6367.108722223196 1.000260904642079 1.548896587743134 286.693305549224 7.13764351809384
0.016 6367.122700120926 1.000260425734844 1.54881835810317 286.602449213979 7.095513433119886
0.0161 6367.136727883315 1.000259946214049 1.548740079039135 286.5112687584527 7.053453011278915
0.0162 6367.150805542347 1.000259466087196 1.548661750513285 286.4197639747421 7.011463523498848
0.0163 6367.164933130036 1.000258985361775 1.548583372488915 286.3279346547664 6.96954623356289
0.0164 6367.179110678419 1.000258504045271 1.548504944930382 286.2357805902737 6.927702398040558
0.0165 6367.19333821956 1.000258022145161 1.548426467803055 286.1433015728584 6.885933266224511
0.0166 6367.207615785546 1.00025753966891 1.548347941073382 286.0504973939491 6.844240080054478
0.0167 6367.221943408487 1.000257056623978 1.548269364708791 285.9573678448327 6.80262407405772
0.0168 6367.236321120519 1.000256573017814 1.548190738677773 285.8639127166247 6.761086475266175
0.0169 6367.250748953798 1.000256088857858 1.548112062949863 285.7701318003104 6.719628503165898
0.017 6367.265226940503 1.000255604151542 1.548033337495601 285.6760248867275 6.678251369620586
0.0171 6367.279755112835 1.000255118906287 1.547954562286546 285.5815917665717 6.636956278806275
0.0172 6367.294333503012 1.000254633129502 1.547875737295366 285.4868322304204 6.59574442715428
0.0173 6367.308962143276 1.000254146828589 1.547796862495669 285.3917460687034 6.554617003271441
0.0174 6367.323641065886 1.000253660010938 1.547717937862146 285.2963330717379 6.513575187889364
0.0175 6367.338370303121 1.000253172683928 1.547638963370445 285.2005930297113 6.472620153791047
0.0176 6367.353149887277 1.000252684854925 1.547559938997349 285.1045257326986 6.431753065753481
0.0177 6367.367979850667 1.000252196531288 1.547480864720572 285.0081309706624 6.390975080483174
0.0178 6367.382860225622 1.000251707720361 1.547401740518899 284.9114085334589 6.35028734655478
0.0179 6367.397791044486 1.000251218429477 1.547322566372107 284.8143582108381 6.309691004347888
0.018 6367.412772339623 1.000250728665957 1.547243342261001 284.7169797924493 6.269187185986894
0.0181 6367.427804143408 1.000250238437108 1.547164068167428 284.6192730678471 6.228777015281504
0.0182 6367.442886488231 1.000249747750228 1.547084744074231 284.5212378264977 6.188461607667803
0.0183 6367.458019406497 1.000249256612598 1.547005369965255 284.4228738577725 6.148242070145149
0.0184 6367.473202930621 1.000248765031489 1.546925945825399 284.3241809509663 6.108119501223398
0.0185 6367.488437093032 1.000248273014155 1.54684647164054 284.2251588952907 6.068094990861091
0.0186 6367.503721926171 1.000247780567841 1.546766947397568 284.1258074798869 6.028169620411506
0.0187 6367.519057462488 1.000247287699774 1.546687373084407 284.0261264938307 5.988344462566934
0.0188 6367.534443734443 1.000246794417168 1.546607748689966 283.9261157261211 5.948620581296558
0.0189 6367.54988077451 1.000246300727224 1.546528074204168 283.8257749656863 5.908999031792216
0.019 6367.565368615166 1.000245806637126 1.54644834961793 283.7251040014188 5.86948086042639
0.0191 6367.580907288901 1.000245312154045 1.546368574923187 283.6241026221404 5.830067104682833
0.0192 6367.596496828211 1.000244817285135 1.546288750112857 283.5227706166314 5.790758793113597
0.0193 6367.612137265596 1.000244322037536 1.546208875180866 283.4211077736248 5.75155694528277
0.0194 6367.627828633568 1.000243826418372 1.546128950122141 283.3191138818064 5.71246257171331
0.0195 6367.643570964641 1.00024333043475 1.546048974932589 283.2167887298323 5.673476673841384
0.0196 6367.659364291337 1.000242834093763 1.54596894960911 283.1141321063113 5.634600243957853
0.0197 6367.675208646177 1.000242337402485 1.545888874149615 283.0111437998465 5.595834265172952
0.0198 6367.691104061694 1.000241840367976 1.545808748552971 282.9078235989876 5.557179711348118
0.0199 6367.707050570418 1.000241342997276 1.54572857281904 282.8041712922844 5.518637547066516
0.02 6367.723048204884 1.00024084529741 1.545648346948696 282.7001866682571 5.480208727573133
0.0201 6367.739096997628 1.000240347275385 1.545568070943758 282.5958695154198 5.441894198735572
0.0202 6367.755196981188 1.000239848938191 1.54548774480704 282.4912196222753 5.40369489699456
0.0203 6367.771348188106 1.000239350292799 1.545407368542322 282.3862367773139 5.365611749317505
0.0204 6367.787550650918 1.000238851346163 1.545326942154362 282.2809207690324 5.327645673159226
0.0205 6367.803804402164 1.000238352105218 1.545246465648887 282.1752713859331 5.289797576416954
0.0206 6367.820109474383 1.000237852576881 1.545165939032583 282.0692884165127 5.252068357381955
0.0207 6367.836465900109 1.000237352768049 1.545085362313156 281.9629716492913 5.214458904706741
0.0208 6367.852873711877 1.000236852685602 1.545004735499207 281.8563208728009 5.176970097358227
0.0209 6367.869332942218 1.000236352336398 1.544924058600322 281.7493358755854 5.139602804576009
0.021 6367.885843623659 1.000235851727278 1.544843331627062 281.6420164462182 5.102357885837632
0.0211 6367.902405788724 1.000235350865063 1.544762554590905 281.5343623732964 5.065236190816333
0.0212 6367.919019469931 1.000234849756553 1.544681727504303 281.4263734454465 5.028238559343784
0.0213 6367.935684699795 1.000234348408527 1.54460085038069 281.3180494513307 4.991365821373601
0.0214 6367.952401510824 1.000233846827747 1.544519923234394 281.2093901796464 4.954618796943674
0.0215 6367.969169935518 1.000233345020952 1.544438946080693 281.1003954191327 4.917998296141328
0.0216 6367.985990006371 1.000232842994861 1.544357918935844 280.9910649585876 4.881505119073243
0.0217 6368.002861755871 1.000232340756169 1.544276841817023 280.8813985868386 4.845140055820377
0.0218 6368.019785216495 1.000231838311555 1.544195714742326 280.7713960927844 4.808903886417464
0.0219 6368.036760420711 1.000231335667674 1.544114537730783 280.6610572653766 4.77279738081359
0.022 6368.053787400981 1.000230832831158 1.544033310802374 280.5503818936203 4.736821298839629
0.0221 6368.070866189755 1.000230329808619 1.543952033977966 280.4393697665913 4.700976390182306
0.0222 6368.087996819471 1.000229826606647 1.543870707279406 280.3280206734365 4.665263394353248
0.0223 6368.105179322559 1.000229323231808 1.543789330729416 280.2163344033678 4.629683040657087
0.0224 6368.122413731434 1.000228819690648 1.543707904351618 280.1043107456798 4.594236048168
0.0225 6368.139700078499 1.000228315989687 1.543626428170605 279.9919494897557 4.558923125703236
0.0226 6368.157038396147 1.000227812135427 1.543544902211819 279.879250425044 4.523744971788305
0.0227 6368.174428716755 1.000227308134342 1.543463326501643 279.7662133410935 4.488702274641642
0.0228 6368.191871072687 1.000226803992885 1.543381701067365 279.6528380275357 4.453795712143441
0.0229 6368.20936549629 1.000226299717485 1.543300025937157 279.5391242741147 4.419025951820048
0.023 6368.2269120199 1.00022579531455 1.543218301140046 279.4250718706511 4.384393650809245
0.0231 6368.244510675834 1.000225290790459 1.543136526706043 279.3106806070781 4.34989945584823
0.0232 6368.262161496394 1.000224786151572 1.543054702665963 279.1959502734411 4.315544003251523
0.0233 6368.279864513864 1.000224281404221 1.542972829051536 279.080880659886 4.281327918886303
0.0234 6368.29761976051 1.000223776554717 1.542890905895392 278.9654715566829 4.247251818159292
0.0235 6368.315427268584 1.000223271609343 1.542808933231007 278.8497227542024 4.213316305990459
0.0236 6368.333287070314 1.00022276657436 1.54272691109272 278.7336340429569 4.179521976806865
0.0237 6368.351199197913 1.000222261456002 1.542644839515787 278.6172052135652 4.145869414514799
0.0238 6368.369163683574 1.00022175626048 1.542562718536278 278.5004360567704 4.112359192488531
0.0239 6368.387180559466 1.000221250993977 1.542480548191157 278.3833263634691 4.078991873563173
0.024 6368.405249857742 1.000220745662654 1.542398328518211 278.2658759246764 4.045768010009814
0.0241 6368.423371610531 1.000220240272644 1.542316059556124 278.148084531549 4.012688143528592
0.0242 6368.441545849941 1.000219734830053 1.54223374134439 278.0299519753856 3.97975280523589
0.0243 6368.459772608056 1.000219229340965 1.54215137392337 277.9114780476388 3.94696251565576
0.0244 6368.478051916939 1.000218723811434 1.542068957334251 277.7926625398967 3.914317784704088
0.0245 6368.496383808631 1.00021821824749 1.541986491619065 277.6735052439016 3.881819111683596
0.0246 6368.514768315144 1.000217712655136 1.541903976820664 277.5540059515669 3.849466985279595
0.0247 6368.53320546847 1.000217207040348 1.541821412982738 277.4341644549421 3.81726188354228
0.0248 6368.551695300577 1.000216701409075 1.541738800149809 277.3139805462482 3.78520427388927
0.0249 6368.570237843403 1.00021619576724 1.54165613836719 277.1934540178835 3.753294613100918
0.025 6368.588833128861 1.000215690120739 1.541573427681044 277.0725846624058 3.721533347310347
0.0251 6368.607481188839 1.000215184475441 1.541490668138299 276.9513722725445 3.689920912002361
0.0252 6368.626182055199 1.000214678837184 1.54140785978674 276.8298166412063 3.658457732011684
0.0253 6368.644935759772 1.000214173211785 1.541325002674909 276.7079175614812 3.627144221522117
0.0254 6368.663742334364 1.000213667605028 1.541242096852166 276.5856748266364 3.59598078406361
0.0255 6368.68260181075 1.00021316202267 1.541159142368666 276.4630882301225 3.564967812513382
0.0256 6368.701514220678 1.000212656470444 1.541076139275323 276.3401575655911 3.534105689100909
0.0257 6368.720479595865 1.00021215095405 1.54099308762388 276.216882626877 3.503394785404915
0.0258 6368.739497967999 1.000211645479163 1.540909987466809 276.0932632080043 3.472835462357363
0.0259 6368.758569368737 1.000211140051428 1.540826838857382 275.9692991032097 3.442428070252727
0.026 6368.777693829704 1.000210634676463 1.540743641849638 275.8449901069251 3.41217294874793
0.0261 6368.796871382494 1.000210129359856 1.540660396498376 275.7203360137895 3.382070426870614
0.0262 6368.816102058669 1.000209624107168 1.540577102859151 275.5953366186544 3.352120823026834
0.0263 6368.835385889758 1.000209118923929 1.54049376098828 275.4699917165725 3.322324445005507
0.0264 6368.854722907259 1.000208613815641 1.540410370942819 275.3443011028152 3.292681589990905
0.0265 6368.874113142635 1.00020810878778 1.540326932780552 275.2182645728725 3.263192544571831
0.0266 6368.893556627316 1.000207603845787 1.540243446560047 275.0918819224474 3.233857584750401
0.0267 6368.913053392695 1.000207098995079 1.540159912340566 274.9651529474853 3.204676975960041
0.0268 6368.932603470133 1.00020659424104 1.540076330182106 274.8380774441324 3.175650973067989
0.0269 6368.952206890955 1.000206089589029 1.539992700145385 274.7106552087893 3.146779820400607
0.027 6368.97186368645 1.000205585044369 1.539909022291881 274.5828860380751 3.118063751749229
0.0271 6368.99157388787 1.000205080612361 1.539825296683705 274.4547697288457 3.089502990389227
0.0272 6369.011337526432 1.000204576298269 1.539741523383758 274.3263060781932 3.061097749095934
0.0273 6369.031154633314 1.000204072107332 1.539657702455578 274.197494883458 3.032848230164161
0.0274 6369.051025239657 1.000203568044757 1.539573833963459 274.0683359422291 3.004754625425996
0.0275 6369.070949376565 1.000203064115721 1.539489917972336 273.9388290523256 2.976817116265781
0.0276 6369.090927075104 1.000202560325374 1.539405954547848 273.808974011827 2.949035873646336
0.0277 6369.110958366297 1.00020205667883 1.539321943756343 273.678770619067 2.921411058128356
0.0278 6369.131043281134 1.000201553181179 1.539237885664777 273.5482186726275 2.893942819890839
0.0279 6369.15118185056 1.000201049837476 1.539153780340851 273.4173179713624 2.866631298758707
0.028 6369.171374105481 1.000200546652748 1.5390696278529 273.2860683143739 2.839476624221394
0.0281 6369.191620076766 1.000200043631991 1.538985428269898 273.1544695010242 2.812478915459911
0.0282 6369.211919795237 1.00019954078017 1.538901181661499 273.0225213309594 2.785638281377143
0.0283 6369.23227329168 1.000199038102221 1.538816888098001 272.8902236040798 2.758954820618184
0.0284 6369.252680596836 1.000198535603046 1.53873254765033 272.7575761205634 2.732428621602532
0.0285 6369.273141741405 1.000198033287521 1.538648160390065 272.6245786808662 2.706059762552336
0.0286 6369.293656756045 1.000197531160486 1.53856372638942 272.4912310857102 2.679848311519285
0.0287 6369.314225671367 1.000197029226756 1.538479245721199 272.3575331361129 2.653794326420601
0.0288 6369.334848517946 1.000196527491109 1.538394718458866 272.2234846333521 2.627897855063171
0.0289 6369.355525326306 1.000196025958297 1.538310144676488 272.0890853790128 2.602158935184771
0.029 6369.37625612693 1.000195524633039 1.538225524448733 271.9543351749579 2.576577594481224
0.0291 6369.397040950255 1.000195023520023 1.538140857850872 271.8192338233401 2.55115385064256
0.0292 6369.417879826676 1.000194522623906 1.538056144958767 271.6837811266076 2.525887711388882
0.0293 6369.438772786541 1.000194021949314 1.537971385848891 271.5479768874865 2.500779174502763
0.0294 6369.45971986015 1.000193521500842 1.537886580598275 271.4118209090278 2.475828227874604
0.0295 6369.480721077761 1.000193021283054 1.537801729284542 271.2753129945548 2.451034849530281
0.0296 6369.501776469582 1.000192521300483 1.537716831985904 271.1384529477158 2.4263990076793
0.0297 6369.522886065776 1.00019202155763 1.537631888781103 271.0012405724545 2.401920660748654
0.0298 6369.54404989646 1.000191522058965 1.537546899749472 270.8636756730106 2.377599757423072
0.0299 6369.565267991699 1.000191022808929 1.537461864970889 270.7257580539543 2.353436236692368
0.03 6369.586540381515 1.000190523811928 1.537376784525787 270.587487520152 2.329430027887083
0.0301 6369.60786709588 1.000190025072338 1.537291658495119 270.448863876777 2.305581050723462
0.0302 6369.629248164718 1.000189526594507 1.537206486960397 270.3098869293339 2.281889215351217
0.0303 6369.650683617901 1.000189028382747 1.537121270003642 270.1705564836406 2.258354422394993
0.0304 6369.672173485257 1.000188530441342 1.537036007707454 270.0308723458282 2.234976562999835
0.0305 6369.69371779656 1.000188032774543 1.536950700154865 269.8908343223592 2.211755518880451
0.0306 6369.715316581536 1.000187535386571 1.536865347429492 269.7504422200149 2.188691162366358
0.0307 6369.73696986986 1.000187038281614 1.536779949615424 269.6096958459078 2.165783356451811
0.0308 6369.758677691158 1.00018654146383 1.536694506797256 269.4685950074758 2.143031954843655
0.0309 6369.780440075003 1.000186044937347 1.536609019060069 269.3271395124815 2.120436802011005
0.031 6369.802257050918 1.000185548706259 1.536523486489445 269.1853291690308 2.097997733238568
0.0311 6369.824128648376 1.000185052774632 1.536437909171436 269.0431637855544 2.075714574675113
0.0312 6369.846054896796 1.000184557146497 1.536352287192571 268.9006431708261 2.053587143388405
0.0313 6369.868035825544 1.000184061825857 1.536266620639848 268.7577671339626 2.031615247418098
0.0314 6369.890071463938 1.000183566816682 1.53618090960073 268.6145354844056 2.009798685826755
0.0315 6369.912161841238 1.000183072122913 1.536095154163125 268.4709480319515 1.988137248758932
0.0316 6369.934306986655 1.000182577748457 1.53600935441539 268.3270045867397 1.966630717494657
0.0317 6369.956506929346 1.000182083697194 1.535923510446351 268.1827049592524 1.945278864505553
0.0318 6369.978761698413 1.000181589972968 1.53583762234523 268.0380489603148 1.924081453511742
0.0319 6370.001071322905 1.000181096579596 1.535751690201717 267.8930364011184 1.903038239542955
0.032 6370.023435831817 1.000180603520863 1.535665714105884 267.7476670931918 1.8821489689926
0.0321 6370.04585525409 1.000180110800522 1.535579694148256 267.6019408484125 1.86141337967871
0.0322 6370.068329618611 1.000179618422298 1.535493630419759 267.4558574790302 1.840831200907207
0.0323 6370.09085895421 1.000179126389881 1.535407523011706 267.3094167976377 1.820402153528333
0.0324 6370.113443289663 1.000178634706935 1.535321372015825 267.1626186171883 1.800125950000574
0.0325 6370.136082653693 1.000178143377089 1.535235177524229 267.0154627509959 1.780002294452754
0.0326 6370.158777074964 1.000177652403945 1.535148939629417 266.867949012735 1.760030882746859
0.0327 6370.181526582084 1.000177161791073 1.53506265842427 266.7200772164528 1.740211402543153
0.0328 6370.204331203608 1.000176671542012 1.534976334002016 266.5718471765448 1.720543533361232
0.0329 6370.227190968032 1.000176181660271 1.534889966456296 266.4232587077912 1.701026946649689
0.033 6370.250105903798 1.00017569214933 1.534803555881056 266.2743116253149 1.681661305846251
0.0331 6370.273076039289 1.000175203012637 1.534717102370624 266.1250057446231 1.662446266449522
0.0332 6370.296101402831 1.000174714253611 1.534630606019676 265.9753408816013 1.643381476085081
0.0333 6370.319182022694 1.000174225875641 1.534544066923201 265.8253168524897 1.624466574570071
0.0334 6370.34231792709 1.000173737882085 1.534457485176544 265.6749334739128 1.605701193985234
0.0335 6370.365509144174 1.000173250276271 1.534370860875369 265.5241905628676 1.587084958742273
0.0336 6370.388755702043 1.000172763061499 1.534284194115659 265.3730879367234 1.56861748565339
0.0337 6370.412057628734 1.000172276241039 1.534197484993691 265.221625413228 1.55029838400216
0.0338 6370.435414952228 1.00017178981813 1.534110733606093 265.0698028105193 1.532127255615678
0.0339 6370.458827700447 1.000171303795982 1.534023940049732 264.9176199470957 1.514103694932364
0.034 6370.482295901254 1.000170818177776 1.533937104421812 264.7650766418459 1.496227289077462
0.0341 6370.505819582455 1.000170332966664 1.533850226819816 264.6121727140429 1.478497617934834
0.0342 6370.529398771794 1.000169848165767 1.533763307341486 264.458907983338 1.460914254219367
0.0343 6370.553033496959 1.000169363778181 1.53367634608484 264.3052822697667 1.443476763551333
0.0344 6370.576723785575 1.000168879806968 1.533589343148202 264.1512953937607 1.426184704531918
0.0345 6370.600469665211 1.000168396255165 1.533502298630096 263.99694717613 1.409037628815961
0.0346 6370.624271163374 1.000167913125779 1.533415212629335 263.8422374380688 1.39203508118793
0.0347 6370.648128307514 1.000167430421787 1.533328085244969 263.6871660011615 1.375176599638393
0.0348 6370.672041125017 1.00016694814614 1.533240916576295 263.5317326873886 1.358461715440961
0.0349 6370.696009643212 1.000166466301759 1.533153706722827 263.3759373191209 1.341889953228442
0.035 6370.720033889366 1.000165984891538 1.533066455784313 263.2197797191192 1.325460831070157
0.0351 6370.744113890688 1.000165503918341 1.532979163860735 263.0632597105285 1.309173860549128
0.0352 6370.768249674324 1.000165023385007 1.532891831052268 262.9063771168961 1.293028546842196
0.0353 6370.792441267359 1.000164543294344 1.532804457459293 262.7491317621651 1.277024388798091
0.0354 6370.816688696819 1.000164063649135 1.532717043182405 262.5915234706748 1.261160879016586
0.0355 6370.840991989669 1.000163584452134 1.532629588322374 262.4335520671488 1.245437503926923
0.0356 6370.865351172813 1.000163105706068 1.53254209298018 262.2752173767125 1.229853743869633
0.0357 6370.889766273091 1.000162627413637 1.532454557256963 262.1165192249053 1.214409073178094
0.0358 6370.914237317285 1.000162149577513 1.532366981254058 261.9574574376451 1.199102960255886
0.0359 6370.938764332115 1.000161672200343 1.532279365072931 261.7980318412514 1.183934867660366
0.036 6370.963347344238 1.000161195284746 1.532191708815251 261.6382422624519 1.168904252184818
0.0361 6370.987986380251 1.000160718833313 1.532104012582809 261.4780885283702 1.154010564939296
0.0362 6371.012681466688 1.000160242848611 1.53201627647755 261.3175704665263 1.139253251432978
0.0363 6371.037432630023 1.000159767333179 1.531928500601579 261.1566879048477 1.124631751657942
0.0364 6371.062239896667 1.000159292289533 1.531840685057096 260.9954406716641 1.110145500171623
0.0365 6371.087103292969 1.000158817720157 1.531752829946484 260.8338285957014 1.095793926179622
0.0366 6371.112022845216 1.000158343627516 1.531664935372195 260.6718515060992 1.081576453620934
0.0367 6371.136998579632 1.000157870014045 1.531577001436831 260.509509232393 1.06749250125031
0.0368 6371.16203052238 1.000157396882156 1.531489028243083 260.3468016045325 1.053541482724037
0.0369 6371.18711869956 1.000156924234233 1.531401015893748 260.1837284528573 1.039722806682396
0.03700000000000001 6371.212263137213 1.000156452072637 1.531312964491724 260.0202896081149 1.026035876835983
0.0371 6371.237463861313 1.000155980399704 1.531224874140001 259.8564849014668 1.012480092051188
0.0372 6371.262720897772 1.000155509217745 1.531136744941628 259.6923141644824 0.9990548464349347
0.0373 6371.288034272443 1.000155038529046 1.531048576999766 259.5277772291209 0.985759529418717
0.0374 6371.313404011114 1.000154568335869 1.530960370417624 259.3628739277618 0.9725935258467179
0.0375 6371.338830139509 1.000154098640454 1.530872125298469 259.1976040931921 0.9595562160607085
0.0376 6371.364312683293 1.000153629445012 1.530783841745654 259.0319675585951 0.9466469759852114
0.0377 6371.389851668067 1.000153160751735 1.530695519862541 258.8659641575676 0.933865177215164
0.0378 6371.415447119367 1.000152692562788 1.530607159752585 258.6995937241148 0.9212101871018641
0.0379 6371.441099062669 1.000152224880317 1.530518761519242 258.5328560926495 0.9086813688395403
0.038 6371.466807523386 1.000151757706439 1.530430325266023 258.3657510979923 0.8962780815520626
0.0381 6371.492572526867 1.000151291043254 1.530341851096441 258.1982785753661 0.8839996803793508
0.0382 6371.518394098399 1.000150824892834 1.530253339114056 258.0304383604074 0.871845516565205
0.0383 6371.544272263206 1.000150359257232 1.530164789422423 257.8622302891607 0.8598149375439117
0.0384 6371.57020704645 1.000149894138477 1.530076202125115 257.6936541980725 0.8479072870269756
0.0385 6371.59619847323 1.000149429538576 1.529987577325706 257.5247099240031 0.8361219050911837
0.0386 6371.622246568581 1.000148965459514 1.529898915127763 257.3553973042207 0.8244581282654609
0.03870000000000001 6371.648351357476 1.000148501903256 1.529810215634845 257.1857161764073 0.8129152896186037
0.0388 6371.674512864825 1.000148038871743 1.529721478950476 257.015666378635 0.8014927188450518
0.0389 6371.700731115477 1.000147576366896 1.529632705178188 256.8452477494019 0.7901897423547004
0.039 6371.727006134214 1.000147114390614 1.529543894421468 256.6744601276076 0.7790056833586995
0.0391 6371.753337945761 1.000146652944777 1.529455046783769 256.5033033525541 0.7679398619568911
0.0392 6371.779726574776 1.000146192031242 1.5293661623685 256.331777263957 0.7569915952259835
0.0393 6371.806172045855 1.000145731651847 1.529277241279042 256.1598817019398 0.7461601973065315
0.0394 6371.832674383534 1.00014527180841 1.529188283618696 255.9876165070281 0.7354449794899095
0.0395 6371.859233612284 1.000144812502727 1.529099289490735 255.8149815201554 0.7248452503059782
0.0396 6371.885849756512 1.000144353736578 1.529010258998336 255.6419765826748 0.7143603156110226
0.0397 6371.912522840565 1.000143895511718 1.528921192244649 255.4686015363299 0.7039894786730916
0.0398 6371.939252888727 1.000143437829889 1.52883208933269 255.2948562232717 0.693732040260167
0.0399 6371.966039925221 1.000142980692808 1.528742950365468 255.1207404860655 0.6835872987274605
0.04 6371.992883974204 1.000142524102178 1.528653775445828 254.9462541676725 0.6735545501032183
0.0401 6372.019785059774 1.00014206805968 1.528564564676583 254.7713971114675 0.6636330881764807
0.0402 6372.046743205965 1.000141612566979 1.528475318160422 254.5961691612277 0.6538222045829768
0.0403 6372.073758436749 1.000141157625719 1.52838603599993 254.4205701611321 0.6441211888915694
0.04040000000000001 6372.100830776038 1.000140703237529 1.528296718297589 254.2445999557557 0.6345293286902145
0.0405 6372.127960247677 1.000140249404019 1.528207365155766 254.0682583900992 0.6250459096736642
0.0406 6372.155146875454 1.000139796126781 1.52811797667671 253.8915453095477 0.6156702157271143
0.0407 6372.182390683093 1.000139343407391 1.528028552962545 253.7144605598941 0.6064015290132055
0.0408 6372.209691694256 1.000138891247407 1.52793909411525 253.5370039873332 0.597239130057197
0.0409 6372.237049932544 1.00013843964837 1.527849600236708 253.3591754384619 0.5881822978322347
0.041 6372.264465421496 1.000137988611806 1.527760071428599 253.1809747602791 0.5792303098443812
0.0411 6372.291938184588 1.000137538139224 1.527670507792517 253.0024018001799 0.570382442217102
0.0412 6372.319468245238 1.000137088232115 1.527580909429877 252.8234564059552 0.5616379697758015
0.0413 6372.347055626798 1.000136638891958 1.527491276441933 252.64413842581 0.5529961661329286
0.0414 6372.374700352564 1.000136190120214 1.527401608929781 252.4644477083333 0.5444563037704941
0.0415 6372.402402445768 1.000135741918329 1.527311906994359 252.2843841025104 0.5360176541243298
0.04160000000000001 6372.430161929577 1.000135294287734 1.527222170736428 252.1039474577464 0.5276794876685308
0.0417 6372.457978827107 1.000134847229844 1.527132400256568 251.9231376238066 0.5194410739957398
0.0418 6372.485853161403 1.000134400746063 1.527042595655184 251.7419544508824 0.5113016819028587
0.0419 6372.513784955456 1.000133954837776 1.526952757032501 251.5603977895374 0.5032605794709659
0.042 6372.541774232192 1.000133509506358 1.526862884488529 251.378467490755 0.4953170341494321
0.04210000000000001 6372.569821014479 1.000133064753168 1.526772978123101 251.1961634058852 0.4874703128351933
0.0422 6372.597925325125 1.000132620579551 1.526683038035838 251.0134853866856 0.4797196819558249
0.0423 6372.626087186876 1.00013217698684 1.526593064326178 250.8304332853044 0.4720644075496103
0.0424 6372.654306622419 1.000131733976354 1.526503057093326 250.6470069542737 0.4645037553457593
0.0425 6372.682583654381 1.000131291549399 1.526413016436276 250.463206246522 0.4570369908449407
0.0426 6372.710918305329 1.00013084970727 1.526322942453801 250.2790310153617 0.4496633793984083
0.0427 6372.73931059777 1.000130408451247 1.526232835244463 250.0944811144958 0.4423821862874227
0.0428 6372.767760554152 1.0001299677826 1.526142694906576 249.9095563980112 0.4351926768017468
0.0429 6372.796268196865 1.000129527702586 1.526052521538247 249.7242567203792 0.4280941163179256
0.043 6372.824833548236 1.000129088212451 1.525962315237319 249.5385819364673 0.4210857703775363
0.0431 6372.853456630536 1.00012864931343 1.525872076101401 249.3525319015151 0.4141669047636075
0.0432 6372.882137465977 1.000128211006744 1.525781804227876 249.1661064711469 0.4073367855779153
0.04330000000000001 6372.910876076711 1.000127773293608 1.525691499713851 248.9793055013769 0.4005946793175215
0.0434 6372.939672484832 1.000127336175221 1.525601162656195 248.7921288485917 0.3939398529499478
0.0435 6372.968526712375 1.000126899652775 1.525510793151501 248.6045763695623 0.3873715739889075
0.0436 6372.997438781317 1.000126463727451 1.525420391296136 248.4166479214381 0.3808891105688596
0.0437 6373.026408713577 1.000126028400421 1.525329957186158 248.2283433617466 0.3744917315192347
0.0438 6373.055436531017 1.000125593672845 1.525239490917379 248.039662548388 0.368178706437912
0.0439 6373.08452225544 1.000125159545874 1.525148992585337 247.8506053396408 0.3619493057645337
0.044 6373.11366590859 1.000124726020653 1.525058462285281 247.6611715941675 0.3558028008532306
0.0441 6373.142867512156 1.000124293098313 1.5249679001122 247.4713611709857 0.3497384640436194
0.0442 6373.172127087771 1.000123860779981 1.52487730616076 247.281173929491 0.3437555687329563
0.0443 6373.201444657007 1.000123429066773 1.524786680525378 247.0906097294577 0.3378533894468915
0.0444 6373.230820241381 1.000122997959796 1.524696023300142 246.8996684310204 0.3320312019090756
0.0445 6373.260253862356 1.00012256746015 1.524605334578891 246.7083498946862 0.3262882831110764
0.0446 6373.289745541334 1.000122137568929 1.524514614455107 246.5166539813289 0.3206239113811128
0.0447 6373.319295299663 1.000121708287216 1.524423863022017 246.3245805521886 0.3150373664523357
0.0448 6373.348903158635 1.00012127961609 1.52433308037251 246.1321294688722 0.3095279295304649
0.0449 6373.378569139486 1.00012085155662 1.524242266599186 245.939300593341 0.3040948833604364
0.04500000000000001 6373.408293263395 1.00012042410987 1.524151421794326 245.7460937879349 0.298737512293396
0.0451 6373.438075551487 1.000119997276896 1.524060546049891 245.5525089153365 0.2934551023513545
0.0452 6373.46791602483 1.00011957105875 1.523969639457531 245.3585458386068 0.288246941293149
0.0453 6373.497814704439 1.000119145456475 1.523878702108556 245.1642044211438 0.2831123186776063
0.0454 6373.527771611275 1.00011872047111 1.523787734093962 244.9694845267121 0.2780505259279484
0.0455 6373.557786766241 1.000118296103688 1.523696735504427 244.7743860194308 0.2730608563943664
0.0456 6373.587860190188 1.000117872355235 1.523605706430276 244.5789087637799 0.2681426054163578
0.0457 6373.61799190391 1.000117449226774 1.523514646961523 244.3830526245878 0.2632950703838954
0.0458 6373.648181928149 1.000117026719322 1.523423557187826 244.186817467032 0.2585175507981836
0.0459 6373.678430283594 1.00011660483389 1.523332437198515 243.9902031566388 0.2538093483316839
0.046 6373.70873699088 1.000116183571486 1.523241287082566 243.7932095592831 0.2491697668873991
0.0461 6373.739102070585 1.000115762933113 1.523150106928633 243.5958365411947 0.2445981126575485
0.0462 6373.76952554324 1.000115342919771 1.523058896824989 243.3980839689401 0.2400936941809412
0.0463 6373.800007429319 1.000114923532453 1.522967656859596 243.199951709429 0.2356558224001596
0.0464 6373.830547749242 1.000114504772152 1.522876387120027 243.0014396299256 0.2312838107180891
0.0465 6373.861146523382 1.000114086639856 1.522785087693516 242.8025475980193 0.2269769750527644
0.0466 6373.891803772053 1.000113669136548 1.522693758666953 242.6032754816541 0.2227346338927534
0.04670000000000001 6373.922519515522 1.000113252263211 1.522602400126853 242.4036231491053 0.2185561083505861
0.0468 6373.953293774003 1.000112836020822 1.522511012159372 242.2035904689791 0.2144407222159326
0.0469 6373.984126567657 1.000112420410357 1.522419594850301 242.0031773102304 0.2103878020083411
0.047 6374.015017916595 1.000112005432791 1.522328148285076 241.8023835421335 0.2063966770282093
0.0471 6374.045967840875 1.000111591089093 1.522236672548754 241.6012090343114 0.2024666794081586
0.0472 6374.076976360507 1.000111177380233 1.522145167726032 241.3996536567064 0.1985971441624136
0.0473 6374.108043495449 1.000110764307178 1.522053633901223 241.1977172795799 0.1947874092359833
0.0474 6374.139169265609 1.000110351870893 1.521962071158286 240.9953997735423 0.1910368155535662
0.0475 6374.170353690843 1.000109940072342 1.521870479580786 240.7927010095231 0.1873447070665102
0.0476 6374.201596790957 1.000109528912488 1.521778859251933 240.5896208587768 0.1837104307996328
0.0477 6374.232898585712 1.000109118392293 1.521687210254531 240.3861591928716 0.1801333368968931
0.0478 6374.264259094814 1.000108708512717 1.521595532671032 240.1823158837063 0.1766127786667575
0.04790000000000001 6374.295678337924 1.00010829927472 1.521503826583486 239.9780908034935 0.1731481126261011
0.048 6374.327156334651 1.000107890679261 1.521412092073573 239.7734838247706 0.169738698543789
0.0481 6374.358693104556 1.000107482727299 1.521320329222594 239.5684948203883 0.1663838994830108
0.0482 6374.390288667153 1.000107075419792 1.521228538111448 239.363123663505 0.1630830818428852
0.0483 6374.421943041906 1.000106668757701 1.521136718820664 239.1573702276099 0.1598356153996874
0.04840000000000001 6374.453656248233 1.000106262741983 1.521044871430371 238.951234386488 0.1566408733462781
0.0485 6374.4854283055 1.000105857373597 1.52095299602032 238.7447160142491 0.1534982323317209
0.0486 6374.517259233032 1.000105452653503 1.52086109266988 238.537814985293 0.1504070724990302
0.0487 6374.549149050102 1.000105048582662 1.520769161457992 238.3305311743387 0.1473667775230673
0.0488 6374.581097775937 1.000104645162035 1.520677202463257 238.1228644564065 0.1443767346468535
0.0489 6374.613105429719 1.000104242392583 1.520585215763847 237.9148147068244 0.1414363347173826
0.049 6374.64517203058 1.000103840275271 1.520493201437557 237.7063818012274 0.1385449722204806
0.0491 6374.677297597611 1.000103438811061 1.520401159561786 237.4975656155287 0.1357020453144043
0.0492 6374.709482149852 1.000103038000922 1.520309090213528 237.2883660259607 0.1329069558635588
0.0493 6374.7417257063 1.00010263784582 1.520216993469404 237.0787829090513 0.1301591094704437
0.0494 6374.774028285904 1.000102238346724 1.520124869405622 236.8688161416238 0.1274579155070699
0.0495 6374.806389907571 1.000101839504607 1.520032718097999 236.6584656007857 0.1248027871453633
0.04960000000000001 6374.838810590163 1.00010144132044 1.51994053962196 236.4477311639397 0.1221931413870087
0.0497 6374.871290352495 1.0001010437952 1.519848334052524 236.2366127087843 0.1196283990922677
0.0498 6374.903829213336 1.000100646929864 1.51975610146433 236.0251101133134 0.1171079850079315
0.0499 6374.936427191416 1.000100250725412 1.519663841931606 235.8132232557931 0.1146313277941342
0.05 6374.969084305419 1.000099855182828 1.519571555528179 235.600952014779 0.1121978600508026
0.05010000000000001 6375.001800573982 1.000099460303097 1.519479242327496 235.3882962691163 0.1098070183430195
0.0502 6375.034576015703 1.000099066087206 1.519386902402589 235.1752558979282 0.1074582432253954
0.0503 6375.067410649136 1.000098672536148 1.519294535826103 234.9618307806157 0.105150979265719
0.0504 6375.100304492789 1.000098279650917 1.519202142670291 234.7480207968696 0.1028846750678713
0.0505 6375.133257565131 1.00009788743251 1.519109723006991 234.5338258266464 0.1006587832934987
0.0506 6375.166269884587 1.000097495881928 1.519017276907664 234.3192457501867 0.09847276068327666
0.0507 6375.19934146954 1.000097105000175 1.518924804443352 234.1042804479911 0.09632606807688533
0.0508 6375.23247233833 1.000096714788259 1.518832305684729 233.8889298008556 0.09421817043273213
0.0509 6375.265662509258 1.000096325247192 1.518739780702061 233.6731936898249 0.09214853684599522
0.051 6375.29891200058 1.000095936377988 1.518647229565202 233.457071996227 0.09011664056664287
0.0511 6375.332220830515 1.000095548181667 1.518554652343634 233.2405646016504 0.08812195901602542
0.0512 6375.365589017238 1.000095160659251 1.518462049106438 233.0236713879552 0.08616397380296768
0.05130000000000001 6375.399016578883 1.000094773811767 1.518369419922302 232.806392237262 0.08424217073879972
0.0514 6375.432503533546 1.000094387640246 1.518276764859508 232.5887270319512 0.08235603985166422
0.0515 6375.466049899283 1.000094002145724 1.518184083985962 232.3706756546634 0.08050507539998937
0.0516 6375.499655694107 1.00009361732924 1.518091377369188 232.1522379883053 0.07868877588517859
0.0517 6375.533320935995 1.000093233191837 1.517998645076283 231.9334139160318 0.07690664406327724
0.05180000000000001 6375.567045642882 1.000092849734564 1.517905887173992 231.7142033212698 0.0751581869561596
0.0519 6375.600829832664 1.000092466958473 1.51781310372865 231.4946060876827 0.07344291586141651
0.052 6375.634673523201 1.000092084864623 1.517720294806201 231.2746220991938 0.07176034636190988
0.0521 6375.668576732311 1.000091703454075 1.517627460472231 231.054251239981 0.0701099983342742
0.0522 6375.702539477774 1.000091322727894 1.51753460079191 230.8334933944701 0.06849139595661752
0.0523 6375.736561777334 1.000090942687154 1.517441715830039 230.6123484473295 0.0669040677154269
0.0524 6375.770643648695 1.00009056333293 1.517348805651028 230.3908162834817 0.06534754641180472
0.0525 6375.804785109526 1.000090184666303 1.517255870318908 230.1688967880799 0.06382136916666301
0.0526 6375.838986177456 1.000089806688359 1.51716290989734 229.9465898465372 0.06232507742550458
0.0527 6375.873246870077 1.00008942940019 1.517069924449592 229.7238953444975 0.06085821696201411
0.0528 6375.907567204946 1.000089052802891 1.516976914038554 229.5008131678527 0.05942033788119951
0.0529 6375.94194719958 1.000088676897563 1.516883878726756 229.2773432027315 0.05801099462156429
0.05300000000000001 6375.976386871463 1.000088301685313 1.516790818576338 229.0534853354928 0.05662974595656253
0.0531 6376.010886238041 1.000087927167252 1.516697733649069 228.8292394527324 0.05527615499537084
0.0532 6376.045445316725 1.000087553344497 1.516604624006356 228.6046054412881 0.05394978918290348
0.0533 6376.08006412489 1.000087180218169 1.516511489709231 228.3795831882165 0.05265022029890928
0.0534 6376.114742679874 1.000086807789395 1.516418330818351 228.1541725808169 0.05137702445661178
0.05350000000000001 6376.149480998983 1.000086436059307 1.516325147394022 227.9283735066127 0.05012978210037233
0.0536 6376.184279099485 1.000086065029043 1.516231939496162 227.7021858533466 0.04890807800270528
0.0537 6376.219136998614 1.000085694699746 1.516138707184363 227.4756095090091 0.04771150126076253
0.0538 6376.254054713571 1.000085325072563 1.516045450517823 227.2486443617862 0.04653964529166347
0.0539 6376.28903226152 1.000084956148648 1.515952169555395 227.0212903001178 0.04539210782771813
0.054 6376.324069659594 1.00008458792916 1.515858864355577 226.7935472126391 0.0442684909103353
0.0541 6376.359166924889 1.000084220415262 1.515765534976508 226.5654149882215 0.04316840088376055
0.05420000000000001 6376.394324074469 1.000083853608124 1.515672181475992 226.3368935159496 0.0420914483878005
0.0543 6376.429541125366 1.000083487508921 1.515578803911441 226.1079826851204 0.04103724834999645
0.0544 6376.464818094577 1.000083122118831 1.51548540233997 225.87868238525 0.04000541997715676
0.0545 6376.500154999066 1.000082757439041 1.515391976818318 225.6489925060731 0.03899558674620144
0.0546 6376.535551855764 1.00008239347074 1.515298527402888 225.4189129375371 0.03800737639433011
0.05470000000000001 6376.571008681571 1.000082030215125 1.51520505414974 225.1884435697906 0.03704042090852711
0.0548 6376.606525493353 1.000081667673396 1.5151115571146 224.9575842932067 0.03609435651458213
0.0549 6376.642102307947 1.000081305846759 1.515018036352851 224.7263349983476 0.03516882366523737
0.055 6376.677739142154 1.000080944736427 1.514924491919552 224.4946955760005 0.03426346702801129
0.0551 6376.713436012746 1.000080584343615 1.514830923869412 224.2626659171532 0.03337793547217029
0.05520000000000001 6376.749192936462 1.000080224669545 1.514737332256834 224.0302459129947 0.03251188205520052
0.0553 6376.785009930013 1.000079865715443 1.51464371713589 223.797435454915 0.0316649640086876
0.0554 6376.820887010075 1.000079507482543 1.514550078560311 223.5642344345109 0.0308368427236346
0.0555 6376.856824193295 1.000079149972079 1.51445641658352 223.3306427435804 0.03002718373516248
0.0556 6376.892821496291 1.000078793185295 1.514362731258625 223.0966602741104 0.02923565670662934
0.0557 6376.928878935646 1.000078437123437 1.514269022638413 222.8622869183008 0.02846193541331527
0.0558 6376.964996527918 1.000078081787756 1.51417529077536 222.6275225685348 0.02770569772538023
0.05590000000000001 6377.001174289632 1.00007772717951 1.514081535721622 222.3923671173906 0.02696662559042744
0.056 6377.037412237284 1.000077373299958 1.513987757529063 222.1568204576532 0.02624440501553323
0.0561 6377.073710387341 1.000077020150368 1.513893956249234 221.9208824822853 0.02553872604863125
0.0562 6377.110068756238 1.000076667732009 1.513800131933386 221.6845530844502 0.02484928275955431
0.0563 6377.146487360386 1.000076316046157 1.513706284632461 221.4478321574887 0.02417577322043393
0.05640000000000001 6377.182966216163 1.000075965094092 1.51361241439712 221.2107195949428 0.02351789948574964
0.0565 6377.219505339917 1.000075614877098 1.513518521277732 220.9732152905375 0.02287536757177834
0.0566 6377.256104747972 1.000075265396463 1.513424605324358 220.7353191381811 0.02224788743562698
0.0567 6377.29276445662 1.00007491665348 1.513330666586781 220.4970310319712 0.02163517295381975
0.0568 6377.329484482125 1.000074568649445 1.513236705114512 220.2583508661886 0.0210369419004034
0.05690000000000001 6377.366264840724 1.000074221385662 1.513142720956764 220.0192785352914 0.02045291592461447
0.057 6377.403105548627 1.000073874863433 1.513048714162476 219.7798139339269 0.0198828205281594
0.0571 6377.440006622013 1.00007352908407 1.512954684780316 219.5399569569139 0.01932638504200243
0.0572 6377.476968077038 1.000073184048884 1.512860632858683 219.2997074992544 0.01878334260281493
0.0573 6377.513989929826 1.000072839759193 1.512766558445692 219.0590654561337 0.01825343012899451
0.0574 6377.551072196477 1.000072496216317 1.512672461589204 218.8180307229026 0.01773638829625602
0.0575 6377.588214893062 1.00007215342158 1.512578342336825 218.5766031950951 0.01723196151292154
0.05760000000000001 6377.625418035628 1.000071811376311 1.512484200735881 218.3347827684169 0.01673989789477458
0.0577 6377.662681640192 1.00007147008184 1.512390036833464 218.0925693387506 0.01625994923959307
0.0578 6377.700005722748 1.000071129539502 1.512295850676396 217.849962802139 0.01579187100128538
0.0579 6377.737390299259 1.000070789750634 1.512201642311257 217.6069630548194 0.01533542226379071
0.058 6377.774835385665 1.000070450716576 1.512107411784378 217.3635699931773 0.01489036571448992
0.05810000000000001 6377.812340997881 1.000070112438673 1.51201315914185 217.1197835137754 0.01445646761744606
0.0582 6377.849907151793 1.000069774918271 1.511918884429527 216.8756035133478 0.01403349778626648
0.0583 6377.887533863263 1.00006943815672 1.511824587693015 216.6310298887882 0.01362122955665773
0.0584 6377.925221148129 1.00006910215537 1.511730268977693 216.386062537162 0.01321943975873345
0.0585 6377.9629690222 1.000068766915577 1.511635928328714 216.1407013556999 0.01282790868901231
0.05860000000000001 6378.000777501262 1.000068432438696 1.511541565791006 215.894946241798 0.01244642008215833
0.0587 6378.038646601075 1.000068098726088 1.511447181409264 215.6487970930124 0.01207476108245403
0.05880000000000001 6378.076576337375 1.000067765779113 1.511352775227967 215.4022538070643 0.01171272221504418
0.0589 6378.114566725872 1.000067433599135 1.511258347291381 215.1553162818349 0.01136009735692325
0.059 6378.152617782252 1.000067102187517 1.511163897643553 214.9079844153588 0.0110166837076965
0.0591 6378.190729522178 1.000066771545628 1.51106942632833 214.6602581058422 0.01068228176015599
0.0592 6378.228901961285 1.000066441674835 1.510974933389337 214.412137251645 0.01035669527059871
0.05930000000000001 6378.267135115188 1.000066112576508 1.510880418870018 214.1636217512809 0.01003973122897337
0.0594 6378.305428999472 1.000065784252019 1.510785882813596 213.9147115034287 0.009731199828853567
0.0595 6378.343783629705 1.000065456702739 1.510691325263112 213.6654064069156 0.009430914437195381
0.0596 6378.382199021426 1.000065129930042 1.510596746261401 213.415706360728 0.00913869156396485
0.0597 6378.420675190152 1.000064803935302 1.510502145851125 213.165611264012 0.008854350831591301
0.05980000000000001 6378.459212151377 1.000064478719895 1.510407524074749 212.9151210160497 0.008577714944246629
0.0599 6378.497809920569 1.000064154285195 1.510312880974554 212.6642355163007 0.008308609657059089
0.06 6378.536468513175 1.00006383063258 1.510218216592652 212.4129546643602 0.008046863745105125
0.0601 6378.575187944619 1.000063507763425 1.51012353097097 212.1612783599775 0.007792308972348505
0.0602 6378.613968230298 1.000063185679107 1.510028824151269 211.9092065030612 0.007544780060454673
0.0603 6378.65280938559 1.000062864381002 1.509934096175146 211.6567389936621 0.007304114657481489
0.0604 6378.691711425849 1.000062543870488 1.50983934708401 211.4038757319785 0.007070153306503586
0.06050000000000001 6378.730674366407 1.00006222414894 1.50974457691913 211.1506166183566 0.006842739414148708
0.0606 6378.76969822257 1.000061905217734 1.509649785721615 210.8969615532964 0.006621719219066736
0.0607 6378.808783009624 1.000061587078245 1.509554973532405 210.6429104374455 0.006406941760324687
0.0608 6378.847928742831 1.000061269731847 1.509460140392302 210.3884631715995 0.006198258845753282
0.0609 6378.887135437433 1.000060953179914 1.509365286341954 210.1336196566839 0.00599552502023468
0.06100000000000001 6378.926403108648 1.000060637423818 1.509270411421858 209.8783797937898 0.005798597533996902
0.0611 6378.96573177167 1.00006032246493 1.509175515672388 209.6227434841443 0.005607336310828053
0.0612 6379.005121441674 1.00006000830462 1.509080599133756 209.3667106291163 0.005421603916301579
0.0613 6379.044572133812 1.000059694944256 1.508985661846057 209.1102811302225 0.005241265525990792
0.0614 6379.084083863212 1.000059382385204 1.508890703849247 208.8534548891215 0.005066188893673544
0.06150000000000001 6379.123656644982 1.000059070628828 1.508795725183156 208.5962318076139 0.004896244319548624
0.0616 6379.163290494208 1.00005875967649 1.508700725887494 208.3386117876479 0.004731304618471624
0.0617 6379.202985425954 1.000058449529552 1.508605706001826 208.0805947312959 0.004571245088195944
0.0618 6379.242741455263 1.000058140189369 1.508510665565638 207.8221805407901 0.004415943477683599
0.0619 6379.282558597155 1.000057831657298 1.508415604618262 207.5633691184925 0.004265279955414912
0.062 6379.32243686663 1.00005752393469 1.508320523198949 207.304160366907 0.004119137077772597
0.0621 6379.362376278665 1.000057217022895 1.508225421346818 207.0445541886796 0.003977399757474236
0.06220000000000001 6379.402376848216 1.000056910923259 1.508130299100906 206.7845504865981 0.003839955232068514
0.0623 6379.442438590218 1.000056605637125 1.508035156500131 206.5241491635801 0.003706693032496846
0.0624 6379.482561519587 1.000056301165832 1.507939993583315 206.2633501226854 0.003577504951746656
0.0625 6379.522745651214 1.000055997510716 1.507844810389187 206.0021532671097 0.003452285013581384
0.0626 6379.56299099997 1.00005569467311 1.507749606956388 205.7405585001965 0.003330929441372722
0.06270000000000001 6379.603297580707 1.00005539265434 1.507654383323467 205.4785657254073 0.003213336627014243
0.06280000000000001 6379.643665408253 1.000055091455732 1.507559139528883 205.2161748463576 0.003099407099973211
0.0629 6379.684094497417 1.000054791078605 1.507463875611018 204.9533857667869 0.002989043496427053
0.063 6379.724584862988 1.000054491524273 1.50736859160817 204.6901983905767 0.002882150528542716
0.0631 6379.765136519732 1.000054192794047 1.507273287558562 204.4266126217443 0.002778634953873517
0.06320000000000001 6379.805749482395 1.000053894889233 1.507177963500349 204.1626283644313 0.00267840554488888
0.06330000000000001 6379.846423765703 1.000053597811132 1.507082619471607 203.8982455229328 0.002581373058660933
0.0634 6379.88715938436 1.000053301561038 1.506987255510349 203.6334640016624 0.002487450206673477
0.0635 6379.927956353049 1.000053006140242 1.506891871654525 203.3682837051814 0.002396551624808898
0.0636 6379.968814686436 1.000052711550027 1.506796467942022 203.1027045381692 0.002308593843473121
0.06370000000000001 6380.009734399161 1.000052417791673 1.506701044410675 202.8367264054531 0.002223495257906449
0.06380000000000001 6380.050715505849 1.000052124866452 1.506605601098256 202.5703492119845 0.00214117609864723
0.0639 6380.091758021099 1.000051832775632 1.506510138042479 202.3035728628569 0.002061558402185826
0.064 6380.132861959495 1.000051541520471 1.506414655281024 202.0363972632816 0.001984565981787706
0.0641 6380.174027335597 1.000051251102225 1.506319152851513 201.7688223186182 0.001910124398519893
0.06420000000000001 6380.215254163946 1.000050961522141 1.506223630791527 201.50084793435 0.001838160932454105
0.06430000000000001 6380.256542459061 1.000050672781459 1.50612808913862 201.2324740161024 0.001768604554079331
0.0644 6380.297892235442 1.000050384881413 1.506032527930283 200.963700469625 0.00170138589590713
0.0645 6380.339303507571 1.000050097823229 1.505936947203989 200.6945272007914 0.001636437224289286
0.0646 6380.380776289903 1.000049811608127 1.505841346997173 200.424954115629 0.001573692411453943
0.06470000000000001 6380.42231059688 1.000049526237318 1.505745727347245 200.1549811202775 0.001513086907740855
0.0648 6380.463906442921 1.000049241712007 1.505650088291576 199.8846081210125 0.00145455771407313
0.0649 6380.505563842424 1.000048958033389 1.505554429867523 199.6138350242458 0.001398043354647631
0.065 6380.547282809766 1.000048675202653 1.505458752112428 199.3426617365188 0.001343483849853079
0.06510000000000001 6380.589063359307 1.00004839322098 1.505363055063595 199.0710881645035 0.001290820689422201
0.06520000000000001 6380.630905505383 1.000048112089539 1.505267338758334 198.7991142150075 0.001239996805821394
0.0653 6380.672809262313 1.000047831809496 1.505171603233913 198.5267397949627 0.001190956547877051
0.0654 6380.714774644395 1.000047552382004 1.505075848527617 198.253964811431 0.001143645654648908
0.0655 6380.756801665906 1.00004727380821 1.504980074676706 197.9807891716104 0.00109801122954996
0.06560000000000001 6380.798890341103 1.00004699608925 1.50488428171843 197.7072127828286 0.001054001714714324
0.06570000000000001 6380.841040684224 1.000046719226251 1.504788469690056 197.4332355525438 0.001011566865619282
0.0658 6380.883252709485 1.000046443220331 1.50469263862883 197.1588573883499 0.0009706577259641386
0.0659 6380.925526431083 1.0000461680726 1.504596788572 196.8840781979592 0.0009312266028042784
0.066 6380.967861863196 1.000045893784157 1.504500919556821 196.6088978892257 0.0008932270419527506
0.06610000000000001 6381.010259019979 1.000045620356091 1.504405031620562 196.3333163701335 0.0008566138036402724
0.06620000000000001 6381.05271791557 1.00004534778948 1.5043091248005 196.0573335487969 0.0008213428384432637
0.0663 6381.095238564084 1.000045076085393 1.504213199133897 195.7809493334543 0.0007873712634795264
0.0664 6381.137820979618 1.000044805244891 1.504117254658051 195.5041636324798 0.0007546573388765604
0.0665 6381.180465176249 1.00004453526902 1.504021291410276 195.226976354384 0.0007231604445105857
0.06660000000000001 6381.223171168031 1.000044266158819 1.503925309427881 194.9493874078011 0.0006928410570184449
0.06670000000000001 6381.265938969 1.000043997915314 1.503829308748227 194.6713967015015 0.0006636607270880661
0.0668 6381.308768593172 1.00004373053952 1.503733289408661 194.3930041443799 0.0006355820570235877
0.0669 6381.351660054544 1.000043464032444 1.503637251446577 194.1142096454668 0.00060856867859175
0.067 6381.394613367088 1.000043198395078 1.50354119489938 193.8350131139285 0.0005825852311468925
0.06710000000000001 6381.437628544761 1.000042933628405 1.503445119804522 193.5554144590559 0.000557597340036029
0.06720000000000001 6381.480705601496 1.000042669733394 1.503349026199457 193.2754135902754 0.0005335715952882818
0.0673 6381.52384455121 1.000042406711005 1.503252914121687 192.9950104171379 0.0005104755305851187
0.0674 6381.567045407794 1.000042144562186 1.503156783608745 192.7142048493359 0.0004882776025168462
0.0675 6381.610308185125 1.00004188328787 1.503060634698194 192.4329967966863 0.0004669471701204663
0.06760000000000001 6381.653632897053 1.00004162288898 1.502964467427649 192.1513861691536 0.0004464544747056618
0.06770000000000001 6381.697019557414 1.000041363366428 1.502868281834735 191.8693728768088 0.0004267706199611299
0.0678 6381.740468180019 1.000041104721111 1.502772077957141 191.5869568298766 0.00040786755235292
0.0679 6381.783978778662 1.000040846953914 1.502675855832598 191.3041379386999 0.0003897180418023818
0.068 6381.827551367112 1.000040590065711 1.50257961549886 191.0209161137694 0.0003722956626542443
0.06810000000000001 6381.871185959124 1.000040334057362 1.502483356993745 190.7372912656941 0.0003555747749263553
0.0682 6381.914882568428 1.000040078929713 1.502387080355115 190.4532633052189 0.0003395305058478163
0.0683 6381.958641208733 1.000039824683599 1.50229078562088 190.1688321432365 0.0003241387316815417
0.0684 6382.00246189373 1.000039571319839 1.50219447282899 189.8839976907519 0.000309376059828851
0.06850000000000001 6382.04634463709 1.000039318839242 1.502098142017465 189.598759858918 0.0002952198112220194
0.06860000000000001 6382.090289452459 1.0000390672426 1.502001793224366 189.3131185590177 0.0002816480029972896
0.0687 6382.134296353466 1.000038816530693 1.50190542648781 189.0270737024697 0.000268639331451815
0.0688 6382.17836535372 1.000038566704288 1.501809041845973 188.740625200823 0.0002561731552818337
0.0689 6382.222496466806 1.000038317764138 1.501712639337082 188.4537729657626 0.0002442294791022384
0.06900000000000001 6382.266689706291 1.00003806971098 1.50161621899944 188.1665169091092 0.0002327889372456626
0.06910000000000001 6382.310945085719 1.000037822545538 1.501519780871393 187.8788569428256 0.0002218327778404428
0.0692 6382.355262618617 1.000037576268522 1.501423324991352 187.5907929789927 0.0002113428471649106
0.0693 6382.399642318485 1.000037330880628 1.501326851397796 187.3023249298452 0.0002013015742800151
0.0694 6382.444084198809 1.000037086382537 1.501230360129266 187.013452707742 0.0001916919559341833
0.06950000000000001 6382.48858827305 1.000036842774914 1.501133851224366 186.7241762251778 0.0001824975417429148
0.06960000000000001 6382.533154554648 1.000036600058411 1.501037324721775 186.4344953947892 0.0001737024196396844
0.0697 6382.577783057023 1.000036358233665 1.500940780660221 186.144410129349 0.0001652912015963771
