0 6365.5 1.000387249870221 1.560760683595929 297.15 28.65108016620869
0.0001 6365.506420237111 1.00038682154301 1.560703013698414 297.1082684587763 28.57933798161772
0.0002 6365.512877194302 1.000386391351011 1.560645286944179 297.066298237038 28.50734373185288
0.0003 6365.519370907922 1.000385959301011 1.560587503076249 297.0240890985059 28.43509942404702
0.0004 6365.525901414488 1.000385525399828 1.56052966183887 296.9816408058304 28.3626070728252
0.0005 6365.532468750677 1.000385089654314 1.560471762977205 296.9389531205978 28.28986870024999
0.0006000000000000001 6365.539072953334 1.000384652071352 1.560413806237559 296.8960258033306 28.21688633575607
0.0007 6365.545714059463 1.000384212657858 1.560355791367235 296.8528586134929 28.1436620160945
0.0008 6365.552392106231 1.000383771420781 1.560297718114677 296.8094513094965 28.07019778527626
0.0009000000000000001 6365.55910713097 1.000383328367101 1.560239586229306 296.7658036486949 27.99649569449542
0.001 6365.565859171166 1.000382883503832 1.560181395461686 296.7219153874192 27.92255780212143
0.0011 6365.572648264471 1.000382436838017 1.560123145563444 296.6777862809362 27.84838617356129
0.0012 6365.579474448693 1.000381988376735 1.560064836287191 296.6334160834957 27.77398288127061
0.0013 6365.5863377618 1.000381538127092 1.560006467386778 296.5888045483015 27.69935000463478
0.0014 6365.593238241918 1.00038108609623 1.559948038616957 296.5439514275344 27.62448962993895
0.0015 6365.600175927329 1.000380632291321 1.559889549733771 296.4988564723643 27.54940385031749
0.0016 6365.607150856472 1.000380176719568 1.559831000494166 296.4535194329327 27.47409476565355
0.0017 6365.614163067944 1.000379719388206 1.559772390656321 296.407940058364 27.39856448252752
0.0018 6365.621212600495 1.000379260304501 1.559713719979392 296.3621180967838 27.32281511417449
0.0019 6365.628299493029 1.000378799475752 1.559654988223726 296.3160532953124 27.24684878040198
0.002 6365.635423784605 1.000378336909287 1.559596195150734 296.2697454000653 27.17066760751696
0.0021 6365.642585514437 1.000377872612466 1.559537340522909 296.2231941561589 27.0942737282621
0.0022 6365.649784721887 1.000377406592678 1.559478424103971 296.1763993077342 27.01766928178045
0.0023 6365.657021446474 1.000376938857347 1.559419445658609 296.1293605979212 26.94085641348265
0.0024 6365.664295727862 1.000376469413924 1.559360404952684 296.0820777688981 26.86383727506848
0.0025 6365.671607605871 1.000375998269892 1.559301301753215 296.0345505618383 26.78661402436408
0.0026 6365.678957120467 1.000375525432765 1.559242135828281 295.9867787169632 26.70918882533246
0.0027 6365.686344311767 1.000375050910085 1.559182906947136 295.9387619735129 26.63156384794841
0.0028 6365.693769220035 1.000374574709427 1.559123614880226 295.8905000697699 26.55374126815957
0.0029 6365.701231885682 1.000374096838395 1.559064259398986 295.8419927430649 26.47572326781775
0.003 6365.708732349268 1.000373617304623 1.559004840276091 295.793239729759 26.39751203457192
0.0031 6365.716270651496 1.000373136115774 1.55894535728533 295.7442407652733 26.31910976183676
0.0032 6365.723846833218 1.000372653279543 1.558885810201697 295.6949955840831 26.24051864870328
0.0033 6365.731460935427 1.000372168803651 1.558826198801254 295.6455039197239 26.1617408998682
0.0034 6365.739112999261 1.000371682695852 1.558766522861229 295.5957655048027 26.08277872557192
0.0035 6365.746803066003 1.000371194963928 1.558706782160115 295.5457800709809 26.00363434148904
0.0036 6365.754531177075 1.00037070561569 1.558646976477425 295.4955473490094 25.92430996870277
0.0037 6365.762297374045 1.000370214658979 1.558587105593916 295.445067068705 25.84480783358507
0.0038 6365.770101698618 1.000369722101662 1.55852716929152 295.3943389589862 25.76513016776957
0.0039 6365.77794419264 1.000369227951639 1.558467167353361 295.343362747837 25.68527920801221
0.004 6365.785824898099 1.000368732216835 1.558407099563661 295.2921381623549 25.60525719618151
0.0041 6365.793743857118 1.000368234905206 1.558346965707921 295.2406649287331 25.52506637914585
0.004200000000000001 6365.80170111196 1.000367736024736 1.558286765572755 295.1889427722598 25.44470900868848
0.0043 6365.809696705026 1.000367235583435 1.558226498946055 295.136971417331 25.36418734144018
0.0044 6365.817730678853 1.000366733589344 1.558166165616789 295.0847505874557 25.28350363880216
0.004500000000000001 6365.825803076113 1.00036623005053 1.558105765375235 295.032280005268 25.20266016687747
0.0046 6365.833913939611 1.000365724975089 1.558045298012807 294.9795593925272 25.12165919638346
0.0047 6365.842063312291 1.000365218371143 1.557984763322189 294.9265884701116 25.04050300255476
0.0048 6365.850251237225 1.000364710246842 1.557924161097197 294.8733669580364 24.95919386508211
0.0049 6365.858477757622 1.000364200610365 1.557863491132958 294.8198945754538 24.87773406802324
0.005 6365.866742916822 1.000363689469917 1.557802753225704 294.7661710406586 24.7961258997223
0.0051 6365.875046758293 1.000363176833727 1.557741947173053 294.7121960710946 24.71437165272877
0.005200000000000001 6365.883389325637 1.000362662710056 1.5576810727737 294.65796938336 24.63247362371568
0.0053 6365.891770662584 1.000362147107188 1.55762012982759 294.6034906932017 24.55043411337947
0.0054 6365.900190812994 1.000361630033435 1.557559118136005 294.5487597155392 24.46825542638407
0.005500000000000001 6365.908649820853 1.000361111497135 1.557498037501379 294.4937761644582 24.38593987125944
0.0056 6365.917147730275 1.000360591506651 1.557436887727447 294.4385397532109 24.30348976030896
0.0057 6365.925684585502 1.000360070070374 1.557375668619128 294.3830501942397 24.22090740955134
0.0058 6365.934260430899 1.000359547196718 1.55731437998268 294.3273071991592 24.13819513860022
0.0059 6365.942875310957 1.000359022894126 1.55725302162553 294.2713104787803 24.05535527060501
0.006 6365.951529270293 1.000358497171063 1.557191593356415 294.2150597430976 23.9723901321384
0.0061 6365.960222353643 1.000357970036021 1.557130094985364 294.15855470132 23.88930205314449
0.006200000000000001 6365.968954605871 1.000357441497517 1.5570685263236 294.1017950618401 23.8060933667993
0.0063 6365.977726071957 1.000356911564093 1.557006887183692 294.0447805322823 23.72276640948371
0.0064 6365.986536797004 1.000356380244314 1.556945177379471 293.9875108194727 23.63932352064298
0.006500000000000001 6365.995386826238 1.000355847546771 1.556883396726008 293.9299856294514 23.55576704270669
0.0066 6366.004276205002 1.00035531348008 1.556821545039705 293.8722046674897 23.47209932101642
0.0067 6366.013204978754 1.000354778052879 1.556759622138254 293.8141676380964 23.38832270373569
0.0068 6366.022173193075 1.000354241273831 1.556697627840598 293.7558742450118 23.30443954174216
0.006900000000000001 6366.03118089366 1.000353703151621 1.556635561967058 293.6973241912077 23.22045218852823
0.007 6366.040228126321 1.000353163694961 1.556573424339176 293.638517178911 23.13636300013493
0.0071 6366.049314936985 1.000352622912584 1.556511214779817 293.5794529095978 23.05217433504275
0.007200000000000001 6366.058441371692 1.000352080813245 1.556448933113232 293.5201310839992 22.96788855407902
0.0073 6366.067607476597 1.000351537405723 1.55638657916489 293.4605514021194 22.88350802034151
0.0074 6366.076813297967 1.000350992698821 1.556324152761639 293.4007135632177 22.79903509907109
0.007500000000000001 6366.086058882181 1.000350446701362 1.556261653731601 293.3406172658259 22.71447215757446
0.0076 6366.095344275729 1.000349899422192 1.556199081904288 293.280262207761 22.62982156513766
0.0077 6366.104669525212 1.000349350870179 1.556136437110507 293.2196480861243 22.54508569292247
0.007800000000000001 6366.114034677337 1.000348801054214 1.556073719182401 293.1587745973078 22.46026691387057
0.007900000000000001 6366.123439778925 1.000348249983208 1.556010927953464 293.0976414369883 22.37536760259095
0.008 6366.132884876901 1.000347697666094 1.555948063258494 293.0362483001448 22.29039013527969
0.0081 6366.142370018296 1.000347144111825 1.555885124933715 292.9745948810768 22.20533688963896
0.008200000000000001 6366.151895250249 1.000346589329377 1.555822112816612 292.9126808733798 22.12021024473837
0.0083 6366.161460620004 1.000346033327744 1.555759026746076 292.8505059699759 22.03501258094946
0.008400000000000001 6366.171066174908 1.000345476115944 1.555695866562354 292.788069863101 21.9497462798226
0.008500000000000001 6366.180711962411 1.00034491770301 1.555632632107063 292.7253722443292 21.86441372401208
0.0086 6366.190398030068 1.000344358098 1.555569323223179 292.6624128045604 21.77901729715224
0.008700000000000001 6366.200124425533 1.000343797309988 1.555505939755037 292.5991912340327 21.69355938376547
0.008800000000000001 6366.209891196563 1.000343235348071 1.555442481548332 292.5357072223395 21.60804236917755
0.0089 6366.219698391013 1.000342672221362 1.55537894845018 292.4719604584124 21.52246863938467
0.009000000000000001 6366.229546056838 1.000342107938993 1.555315340309099 292.4079506305501 21.4368405809838
0.0091 6366.239434242091 1.000341542510118 1.555251656974886 292.3436774264072 21.35116058104682
0.0092 6366.249362994921 1.000340975943907 1.555187898298833 292.2791405330116 21.26543102703401
0.009300000000000001 6366.259332363577 1.000340408249547 1.555124064133564 292.2143396367527 21.17965430666752
0.0094 6366.269342396398 1.000339839436246 1.555060154333168 292.1492744234109 21.09383280785958
0.0095 6366.279393141824 1.000339269513228 1.554996168753057 292.0839445781461 21.00796891858519
0.009600000000000001 6366.289484648384 1.000338698489734 1.554932107250082 292.0183497855031 20.9220650267781
0.0097 6366.299616964701 1.000338126375023 1.554867969682514 291.9524897294417 20.83612352025715
0.0098 6366.309790139492 1.000337553178371 1.554803755910033 291.8863640933008 20.75014678656715
0.009900000000000001 6366.320004221563 1.000336978909071 1.554739465793715 291.81997255984 20.66413721291989
0.01 6366.33025925981 1.000336403576431 1.554675099196081 291.7533148112337 20.57809718607277
0.0101 6366.34055530322 1.000335827189778 1.55461065598103 291.686390529071 20.49202909221498
0.0102 6366.350892400867 1.000335249758449 1.554546136013966 291.6191993943675 20.40593531686862
0.0103 6366.361270601911 1.000334671291805 1.554481539161641 291.5517410875772 20.31981824478914
0.0104 6366.371689955604 1.000334091799214 1.554416865292307 291.4840152885748 20.2336802598278
0.0105 6366.382150511277 1.000333511290065 1.554352114275577 291.4160216766971 20.1475237448692
0.0106 6366.392652318352 1.000332929773759 1.5542872859826 291.3477599307133 20.06135108167794
0.0107 6366.403195426329 1.000332347259712 1.554222380285869 291.2792297288605 19.97516465082771
0.0108 6366.413779884797 1.000331763757354 1.554157397059426 291.2104307488202 19.88896683155509
0.0109 6366.424405743421 1.00033117927613 1.554092336178676 291.1413626677653 19.80276000170234
0.011 6366.43507305195 1.000330593825498 1.554027197520532 291.0720251623251 19.71654653755591
0.0111 6366.445781860215 1.000330007414928 1.553961980963352 291.0024179086025 19.63032881375148
0.0112 6366.456532218123 1.000329420053905 1.553896686386938 290.9325405821982 19.54410920318584
0.0113 6366.467324175663 1.000328831751926 1.553831313672544 290.8623928581923 19.45789007687692
0.0114 6366.478157782897 1.0003282425185 1.553765862702961 290.7919744111686 19.37167380387487
0.0115 6366.489033089967 1.00032765236315 1.55370033336237 290.7212849152141 19.28546275114359
0.0116 6366.499950147088 1.000327061295408 1.553634725536498 290.6503240439255 19.19925928344917
0.0117 6366.510909004553 1.00032646932482 1.55356903911247 290.5790914704083 19.113065763241
0.0118 6366.521909712725 1.000325876460943 1.553503273978932 290.5075868672897 19.02688455054692
0.0119 6366.532952322043 1.000325282713343 1.553437430026021 290.4358099067234 18.94071800286088
0.012 6366.544036883015 1.000324688091598 1.55337150714538 290.3637602604025 18.85456847503734
0.0121 6366.555163446224 1.000324092605297 1.553305505230095 290.2914375995468 18.7684383191572
0.0122 6366.566332062317 1.00032349626404 1.553239424174713 290.2188415949389 18.6823298844499
0.0123 6366.577542782015 1.000322899077433 1.553173263875398 290.1459719169001 18.59624551714473
0.0124 6366.588795656106 1.000322301055094 1.553107024229693 290.0728282353083 18.51018756037143
0.0125 6366.600090735444 1.00032170220665 1.553040705136683 289.9994102196159 18.42415835406008
0.0126 6366.611428070949 1.000321102541738 1.552974306496975 289.9257175388319 18.33816023479922
0.0127 6366.622807713607 1.000320502069999 1.552907828212664 289.8517498615514 18.25219553574926
0.0128 6366.634229714469 1.000319900801088 1.552841270187361 289.7775068559498 18.16626658651403
0.0129 6366.645694124649 1.000319298744664 1.552774632326172 289.7029881897828 18.08037571301929
0.013 6366.657200995322 1.000318695910394 1.55270791453573 289.6281935304099 17.99452523741825
0.0131 6366.668750377726 1.000318092307953 1.552641116724172 289.5531225447829 17.90871747795602
0.0132 6366.680342323159 1.000317487947022 1.552574238801194 289.4777748994692 17.82295474887466
0.0133 6366.691976882978 1.000316882837291 1.55250728067797 289.402150260646 17.7372393602841
0.0134 6366.703654108599 1.000316276988452 1.552440242267207 289.3262482941062 17.65157361804655
0.0135 6366.715374051496 1.000315670410207 1.552373123483163 289.2500686652764 17.56595982367413
0.0136 6366.727136763198 1.00031506311226 1.552305924241592 289.1736110392106 17.48040027419951
0.0137 6366.738942295293 1.000314455104323 1.55223864445979 289.0968750805963 17.39489726205992
0.0138 6366.75079069942 1.000313846396111 1.552171284056618 289.0198604537721 17.30945307499422
0.0139 6366.762682027274 1.000313236997344 1.552103842952432 288.9425668227221 17.22406999591336
0.014 6366.7746163306 1.000312626917748 1.552036321069142 288.8649938510993 17.13875030280359
0.0141 6366.786593661199 1.00031201616705 1.551968718330203 288.7871412022076 17.05349626858382
0.0142 6366.798614070919 1.000311404754981 1.551901034660615 288.7090085390263 16.9683101610086
0.0143 6366.810677611659 1.000310792691276 1.551833269986926 288.630595524215 16.88319424255135
0.0144 6366.822784335369 1.000310179985674 1.551765424237192 288.5519018201024 16.79815077026839
0.0145 6366.834934294043 1.000309566647914 1.551697497341076 288.4729270887218 16.71318199571417
0.0146 6366.847127539726 1.000308952687739 1.55162948922974 288.3936709917811 16.62829016478615
0.0147 6366.859364124506 1.000308338114891 1.551561399835965 288.3141331907103 16.54347751765247
0.0148 6366.871644100516 1.000307722939117 1.551493229094 288.2343133466442 16.45874628860948
0.0149 6366.883967519935 1.000307107170162 1.551424976939729 288.1542111204216 16.37409870595863
0.015 6366.896334434983 1.000306490817773 1.551356643310559 288.0738261726095 16.28953699190846
0.0151 6366.908744897923 1.000305873891699 1.551288228145435 287.9931581635032 16.20506336245124
0.0152 6366.921198961058 1.000305256401684 1.551219731384927 287.9122067531256 16.12068002723995
0.0153 6366.933696676731 1.000304638357478 1.551151152971107 287.8309716012458 16.03638918948371
0.0154 6366.946238097327 1.000304019768824 1.551082492847641 287.7494523673726 15.95219304581865
0.0155 6366.958823275266 1.000303400645469 1.551013750959755 287.6676487107724 15.86809378620331
0.0156 6366.971452263005 1.000302780997155 1.550944927254256 287.5855602904693 15.7840935937958
0.0157 6366.984125113036 1.000302160833624 1.550876021679499 287.5031867652627 15.70019464484911
0.0158 6366.996841877892 1.000301540164615 1.550807034185438 287.4205277937039 15.61639910856442
0.0159 6367.009602610132 1.000300918999865 1.550737964723554 287.3375830341428 15.53270914701671
0.016 6367.022407362355 1.000300297349107 1.550668813246962 287.2543521446931 15.44912691499634
0.0161 6367.035256187187 1.00029967522207 1.550599579710308 287.1708347832854 15.36565455994048
0.0162 6367.048149137288 1.000299052628483 1.550530264069814 287.0870306076312 15.28229422177523
0.0163 6367.061086265347 1.000298429578066 1.550460866283307 287.0029392752471 15.19904803281744
0.0164 6367.074067624081 1.000297806080539 1.550391386310178 286.9185604434723 15.11591811767046
0.0165 6367.087093266239 1.000297182145612 1.550321824111399 286.8338937694451 15.03290659307918
0.0166 6367.100163244593 1.000296557782996 1.550252179649502 286.7489389101441 14.95001556784937
0.0167 6367.113277611942 1.000295933002391 1.550182452888632 286.6636955223765 14.86724714271478
0.0168 6367.126436421111 1.000295307813494 1.550112643794494 286.578163262778 14.78460341021619
0.0169 6367.13963972495 1.000294682225994 1.550042752334385 286.4923417878248 14.7020864545923
0.017 6367.15288757633 1.000294056249575 1.549972778477202 286.4062307538569 14.61969835168192
0.0171 6367.166180028144 1.000293429893912 1.549902722193371 286.3198298170668 14.53744116879225
0.0172 6367.179517133308 1.000292803168674 1.54983258345496 286.2331386334989 14.455316964579
0.0173 6367.192898944756 1.00029217608352 1.549762362235609 286.1461568590856 14.3733277889604
0.0174 6367.206325515443 1.000291548648103 1.549692058510544 286.0588841496173 14.29147568296974
0.0175 6367.219796898343 1.000290920872067 1.549621672256524 285.9713201607718 14.20976267866425
0.0176 6367.233313146442 1.000290292765045 1.549551203451989 285.8834645481269 14.12819079901722
0.0177 6367.246874312747 1.000289664336663 1.549480652076904 285.7953169671476 14.04676205778838
0.0178 6367.260480450277 1.000289035596535 1.549410018112836 285.7068770731988 13.96547845941694
0.0179 6367.274131612069 1.000288406554266 1.549339301542937 285.6181445215506 13.88434199890924
0.018 6367.287827851169 1.000287777219451 1.54926850235193 285.529118967402 13.80335466174295
0.0181 6367.301569220636 1.000287147601671 1.549197620526172 285.4398000658638 13.72251842373377
0.0182 6367.315355773543 1.0002865177105 1.549126656053548 285.3501874719694 13.64183525092965
0.0183 6367.329187562969 1.000285887555497 1.549055608923581 285.2602808406995 13.56130709951586
0.0184 6367.343064642005 1.000285257146209 1.548984479127358 285.1700798269693 13.48093591568841
0.0185 6367.356987063747 1.000284626492171 1.548913266657554 285.0795840856471 13.40072363555454
0.0186 6367.370954881301 1.000283995602906 1.548841971508439 284.9887932715418 13.3206721850072
0.0187 6367.384968147779 1.000283364487921 1.548770593675856 284.8977070394388 13.24078347964205
0.0188 6367.399026916295 1.000282733156713 1.548699133157255 284.8063250440822 13.16105942462752
0.0189 6367.41313123997 1.000282101618761 1.548627589951638 284.7146469401922 13.08150191460694
0.019 6367.427281171929 1.000281469883533 1.548555964059615 284.6226723824597 13.00211283358026
0.0191 6367.441476765294 1.000280837960478 1.548484255483391 284.5304010255871 12.92289405482725
0.0192 6367.455718073194 1.000280205859032 1.548412464226756 284.4378325242418 12.84384744075455
0.0193 6367.470005148752 1.000279573588616 1.548340590295031 284.3449665331144 12.76497484283494
0.0194 6367.484338045095 1.000278941158633 1.548268633695205 284.251802706884 12.68627810146594
0.0195 6367.498716815345 1.000278308578472 1.548196594435775 284.1583407002589 12.60775904589451
0.0196 6367.513141512623 1.000277675857502 1.548124472526835 284.0645801679478 12.52941949408214
0.0197 6367.527612190046 1.000277043005075 1.548052267980117 283.9705207647006 12.4512612526304
0.0198 6367.542128900724 1.000276410030528 1.547979980808823 283.8761621452908 12.37328611665722
0.0199 6367.556691697764 1.000275776943177 1.547907611027845 283.7815039645333 12.2954958697036
0.02 6367.571300634263 1.000275143752321 1.547835158653585 283.6865458772903 12.2178922836309
0.0201 6367.585955763311 1.000274510467239 1.547762623704034 283.5912875384773 12.14047711851876
0.0202 6367.60065713799 1.000273877097193 1.547690006198747 283.495728603063 12.06325212255892
0.0203 6367.615404811371 1.000273243651421 1.5476173061589 283.3998687260868 11.98621903196396
0.0204 6367.630198836516 1.000272610139145 1.547544523607172 283.3037075626474 11.90937957085298
0.0205 6367.645039266472 1.000271976569565 1.547471658567835 283.2072447679324 11.83273545117102
0.0206 6367.659926154275 1.000271342951859 1.547398711066771 283.1104799972117 11.75628837258075
0.0207 6367.674859552947 1.000270709295185 1.54732568113139 283.0134129058441 11.68004002236436
0.0208 6367.689839515495 1.000270075608678 1.547252568790652 282.9160431492832 11.60399207532611
0.0209 6367.704866094909 1.000269441901454 1.547179374075109 282.8183703830945 11.52814619370487
0.021 6367.719939344163 1.000268808182602 1.547106097016862 282.7203942629384 11.45250402705964
0.0211 6367.735059316214 1.000268174461192 1.547032737649569 282.6221144446112 11.37706721220182
0.0212 6367.750226063998 1.000267540746267 1.546959296008466 282.5235305840155 11.30183737307321
0.0213 6367.765439640432 1.000266907046851 1.546885772130301 282.42464233719 11.22681612067052
0.0214 6367.780700098415 1.000266273371938 1.54681216605344 282.3254493603034 11.1520050529433
0.0215 6367.796007490819 1.000265639730504 1.546738477817713 282.2259513096782 11.07740575471512
0.0216 6367.811361870497 1.000265006131495 1.54666470746456 282.1261478417667 11.00301979756992
0.0217 6367.826763290279 1.000264372583834 1.546590855036962 282.0260386131871 10.92884873978367
0.0218 6367.842211802965 1.000263739096419 1.546516920579433 281.9256232807287 10.85489412623433
0.0219 6367.857707461334 1.000263105678119 1.546442904138001 281.8249015013288 10.78115748829111
0.022 6367.873250318137 1.00026247233778 1.546368805760292 281.7238729321078 10.70764034374828
0.0221 6367.888840426098 1.000261839084219 1.546294625495408 281.6225372303637 10.6343441967292
0.0222 6367.904477837909 1.000261205926227 1.54622036339402 281.5208940535894 10.56127053760848
0.0223 6367.920162606239 1.000260572872566 1.546146019508318 281.4189430594491 10.48842084290531
0.0224 6367.935894783718 1.000259939931972 1.546071593892002 281.3166839058321 10.41579657523286
0.0225 6367.951674422951 1.00025930711315 1.545997086600335 281.2141162508163 10.34339918318492
0.0226 6367.967501576509 1.000258674424779 1.545922497690052 281.111239752693 10.27123010126597
0.0227 6367.983376296927 1.000258041875508 1.545847827219443 281.0080540699718 10.19929074980939
0.0228 6367.99929863671 1.000257409473955 1.545773075248293 280.904558861387 10.12758253489659
0.0229 6368.015268648322 1.00025677722871 1.545698241837913 280.8007537859038 10.05610684827716
0.023 6368.031286384195 1.000256145148331 1.54562332705112 280.6966385027293 9.984865067294033
0.0231 6368.047351896723 1.000255513241348 1.545548330952211 280.5922126713016 9.91385855479343
0.0232 6368.06346523826 1.000254881516256 1.545473253606992 280.4874759513126 9.843088659060207
0.0233 6368.079626461122 1.000254249981523 1.545398095082801 280.3824280027087 9.772556713737899
0.0234 6368.095835617584 1.000253618645583 1.54532285544842 280.2770684857022 9.702264037757846
0.0235 6368.112092759882 1.000252987516836 1.545247534774164 280.1713970607656 9.632211935257473
0.0236 6368.128397940209 1.000252356603653 1.545172133131793 280.0654133886432 9.562401695511582
0.0237 6368.144751210713 1.000251725914371 1.545096650594577 279.9591171303631 9.492834592864558
0.0238 6368.161152623501 1.000251095457292 1.54502108723726 279.8525079472432 9.423511886659677
0.0239 6368.177602230632 1.000250465240687 1.544945443136054 279.745585500891 9.354434821165698
0.024 6368.194100084123 1.000249835272791 1.544869718368636 279.6383494532037 9.285604625504707
0.0241 6368.21064623594 1.000249205561806 1.544793913014141 279.5307994663916 9.217022513596259
0.0242 6368.227240738005 1.000248576115898 1.544718027153219 279.4229352029669 9.148689684079793
0.0243 6368.243883642192 1.000247946943199 1.544642060867879 279.3147563257547 9.080607320253479
0.0244 6368.26057500032 1.000247318051806 1.544566014241675 279.2062624979175 9.012776590021417
0.0245 6368.277314864165 1.000246689449778 1.544489887359561 279.0974533829307 8.945198645812285
0.0246 6368.294103285444 1.000246061145141 1.544413680307955 278.9883286446128 8.87787462453262
0.0247 6368.310940315829 1.000245433145882 1.54433739317469 278.8788879471134 8.810805647495391
0.0248 6368.327826006933 1.000244805459952 1.544261026049048 278.7691309549367 8.743992820371755
0.0249 6368.344760410318 1.000244178095265 1.544184579021743 278.6590573329298 8.677437233122179
0.025 6368.361743577492 1.000243551059698 1.544108052184896 278.5486667463005 8.61113995994692
0.0251 6368.378775559903 1.00024292436109 1.544031445632076 278.4379588606288 8.545102059233907
0.0252 6368.395856408947 1.00024229800724 1.543954759458221 278.3269333418438 8.479324573486801
0.0253 6368.412986175959 1.000241672005911 1.543877993759726 278.2155898562645 8.413808529293116
0.0254 6368.430164912218 1.000241046364826 1.543801148634347 278.1039280705826 8.348554937258324
0.0255 6368.447392668942 1.000240421091668 1.543724224181264 277.9919476518797 8.283564791962318
0.0256 6368.464669497287 1.000239796194083 1.543647220501053 277.8796482676338 8.218839071910061
0.0257 6368.481995448352 1.000239171679673 1.543570137695656 277.7670295857127 8.154378739476778
0.0258 6368.499370573171 1.000238547556006 1.543492975868395 277.6540912743866 8.090184740864776
0.0259 6368.516794922716 1.000237923830602 1.543415735124003 277.540833002345 8.026258006064745
0.026 6368.534268547894 1.000237300510947 1.543338415568546 277.4272544386857 7.962599448801589
0.0261 6368.551791499549 1.000236677604482 1.543261017309467 277.313355252932 7.899209966498384
0.0262 6368.569363828457 1.000236055118607 1.543183540455572 277.1991351150267 7.836090440228376
0.0263 6368.586985585332 1.000235433060681 1.543105985117012 277.0845936953446 7.773241734678282
0.0264 6368.604656820816 1.000234811438022 1.543028351405272 276.9697306646975 7.710664698109603
0.0265 6368.622377585486 1.000234190257903 1.542950639433213 276.854545694341 7.648360162321288
0.0266 6368.640147929849 1.000233569527556 1.542872849315002 276.7390384559798 7.586328942613769
0.0267 6368.657967904342 1.00023294925417 1.542794981166138 276.6232086217796 7.524571837757501
0.0268 6368.67583755933 1.000232329444891 1.542717035103448 276.5070558643555 7.46308962995029
0.0269 6368.69375694511 1.00023171010682 1.542639011245075 276.3905798567838 7.401883084788792
0.027 6368.711726111904 1.000231091247015 1.542560909710453 276.2737802726255 7.34095295124742
0.0271 6368.72974510986 1.000230472872492 1.542482730620331 276.1566567859085 7.280299961636908
0.0272 6368.747813989055 1.000229854990219 1.542404474096775 276.0392090711397 7.219924831579959
0.0273 6368.765932799491 1.000229237607121 1.542326140263079 275.9214368033107 7.159828259985173
0.0274 6368.784101591091 1.000228620730079 1.542247729243888 275.8033396579098 7.100010929025396
0.0275 6368.802320413705 1.000228004365926 1.542169241165067 275.6849173109157 7.040473504108476
0.0276 6368.820589317105 1.000227388521453 1.542090676153792 275.5661694388158 6.981216633861492
0.0277 6368.838908350983 1.000226773203404 1.54201203433847 275.4470957186116 6.92224095011033
0.0278 6368.857277564955 1.000226158418474 1.541933315848782 275.3276958277955 6.863547067846239
0.0279 6368.875697008555 1.000225544173316 1.541854520815617 275.2079694443918 6.805135585226107
0.028 6368.894166731238 1.000224930474535 1.541775649371169 275.0879162469508 6.747007083550621
0.0281 6368.912686782379 1.000224317328688 1.54169670164879 274.9675359145375 6.689162127241315
0.0282 6368.931257211268 1.000223704742286 1.541617677783113 274.8468281267604 6.631601263839154
0.0283 6368.949878067113 1.000223092721792 1.541538577909963 274.7257925637663 6.574325023987369
0.0284 6368.968549399041 1.000222481273623 1.541459402166375 274.6044289062337 6.51733392141603
0.0285 6368.987271256093 1.000221870404147 1.541380150690597 274.4827368353971 6.460628452942103
0.0286 6369.006043687224 1.000221260119684 1.541300823622062 274.3607160330465 6.404209098459721
0.0287 6369.024866741304 1.000220650426506 1.541221421101382 274.2383661815219 6.348076320929398
0.0288 6369.043740467118 1.000220041330837 1.541141943270362 274.1156869637306 6.292230566379724
0.0289 6369.062664913361 1.000219432838852 1.541062390271971 273.9926780631534 6.236672263904997
0.029 6369.081640128642 1.000218824956676 1.540982762250349 273.869339163827 6.181401825653835
0.0291 6369.10066616148 1.000218217690387 1.540903059350768 273.745669950379 6.126419646843361
0.0292 6369.119743060305 1.000217611046012 1.540823281719676 273.6216701080165 6.071726105753509
0.0293 6369.138870873457 1.00021700502953 1.540743429504623 273.4973393225317 6.017321563730978
0.0294 6369.158049649184 1.000216399646868 1.540663502854334 273.3726772803024 5.963206365192155
0.0295 6369.177279435646 1.000215794903905 1.540583501918613 273.247683668303 5.909380837632765
0.0296 6369.196560280904 1.000215190806471 1.54050342684839 273.1223581741232 5.85584529164146
0.0297 6369.215892232932 1.000214587360341 1.540423277795739 272.9967004859435 5.802600020897242
0.0298 6369.235275339607 1.000213984571245 1.540343054913757 272.8707102925536 5.749645302186361
0.0299 6369.254709648713 1.00021338244486 1.540262758356677 272.7443872833636 5.696981395418057
0.03 6369.27419520794 1.00021278098681 1.540182388279807 272.6177311483929 5.644608543632001
0.0301 6369.293732064877 1.000212180202672 1.54010194483952 272.490741578299 5.592526973024553
0.0302 6369.313320267022 1.00021158009797 1.540021428193238 272.3634182643544 5.540736892954523
0.0303 6369.332959861775 1.000210980678175 1.539940838499432 272.2357608984643 5.489238495967729
0.0304 6369.352650896434 1.00021038194871 1.539860175917662 272.1077691731779 5.438031957820501
0.0305 6369.372393418204 1.000209783914944 1.539779440608465 271.9794427816772 5.387117437495294
0.0306 6369.392187474186 1.000209186582193 1.539698632733438 271.8507814177887 5.336495077227462
0.0307 6369.412033111386 1.000208589955725 1.539617752455173 271.7217847759888 5.286165002531185
0.0308 6369.431930376705 1.000207994040753 1.539536799937292 271.5924525514164 5.236127322229224
0.0309 6369.451879316945 1.000207398842438 1.539455775344388 271.4627844398545 5.186382128472832
0.031 6369.471879978807 1.000206804365891 1.539374678842059 271.3327801377544 5.136929496779358
0.0311 6369.491932408888 1.000206210616166 1.539293510596873 271.2024393422292 5.087769486059956
0.0312 6369.512036653683 1.00020561759827 1.539212270776363 271.0717617510603 5.038902138653485
0.0313 6369.532192759583 1.000205025317153 1.539130959549053 270.9407470627087 4.990327480364146
0.0314 6369.552400772875 1.000204433777713 1.539049577084386 270.8093949763096 4.942045520494071
0.0315 6369.572660739741 1.000203842984797 1.538968123552735 270.6777051916837 4.894056251884117
0.0316 6369.592972706258 1.000203252943198 1.53888659912544 270.5456774093258 4.846359650947603
0.0317 6369.613336718397 1.000202663657656 1.538805003974724 270.4133113304164 4.79895567771435
0.0318 6369.633752822023 1.000202075132856 1.538723338273758 270.2806066568513 4.751844275882435
0.0319 6369.654221062891 1.000201487373432 1.538641602196574 270.1475630912063 4.705025372848255
0.032 6369.674741486652 1.000200900383965 1.538559795918139 270.0141803367604 4.658498879759438
0.0321 6369.695314138848 1.00020031416898 1.538477919614255 269.8804580974905 4.61226469155878
0.0322 6369.715939064909 1.000199728732952 1.538395973461628 269.7463960780946 4.566322687040036
0.0323 6369.736616310159 1.000199144080298 1.53831395763781 269.6119939839681 4.520672728888904
0.0324 6369.75734591981 1.000198560215386 1.53823187232123 269.4772515212338 4.475314663743921
0.0325 6369.778127938966 1.000197977142526 1.53814971769111 269.342168396718 4.430248322240773
0.0326 6369.798962412618 1.00019739486598 1.538067493927526 269.2067443179857 4.385473519078124
0.0327 6369.819849385644 1.000196813389949 1.537985201211392 269.0709789933115 4.34099005306321
0.0328 6369.840788902815 1.000196232718587 1.537902839724397 268.9348721317032 4.296797707176778
0.0329 6369.861781008784 1.000195652855989 1.537820409649064 268.7984234429013 4.25289624863164
0.033 6369.882825748095 1.000195073806199 1.53773791116867 268.6616326373854 4.209285428934702
0.0331 6369.903923165175 1.000194495573207 1.537655344467289 268.5244994263625 4.165964983944917
0.0332 6369.925073304339 1.000193918160948 1.537572709729767 268.3870235217959 4.122934633945925
0.0333 6369.946276209787 1.000193341573304 1.537490007141705 268.2492046363822 4.080194083703341
0.0334 6369.967531925606 1.000192765814102 1.537407236889423 268.1110424835628 4.037743022534873
0.0335 6369.988840495763 1.000192190887116 1.53732439916001 267.9725367775417 3.995581124383608
0.0336 6370.010201964112 1.000191616796067 1.537241494141264 267.8336872332737 3.953708047883676
0.0337 6370.031616374391 1.000191043544619 1.537158522021703 267.6944935664586 3.912123436429427
0.0338 6370.05308377022 1.000190471136386 1.537075482990537 267.5549554935704 3.870826918256716
0.0339 6370.074604195102 1.000189899574925 1.53699237723767 267.4150727318341 3.82981810650969
0.034 6370.096177692422 1.000189328863741 1.536909204953709 267.2748449992549 3.789096599324891
0.0341 6370.117804305448 1.000188759006284 1.536825966329904 267.1342720145889 3.748661979899458
0.0342 6370.139484077326 1.000188190005952 1.536742661558161 266.9933534973783 3.708513816579769
0.0343 6370.161217051088 1.000187621866087 1.536659290831062 266.8520891679281 3.668651662934409
0.0344 6370.183003269643 1.000187054589979 1.536575854341804 266.7104787473235 3.629075057840525
0.0345 6370.20484277578 1.000186488180863 1.536492352284214 266.5685219574301 3.589783525566481
0.0346 6370.22673561217 1.000185922641923 1.536408784852731 266.4262185208939 3.550776575856006
0.0347 6370.248681821362 1.000185357976286 1.536325152242416 266.2835681611472 3.512053704015391
0.0348 6370.270681445784 1.000184794187028 1.536241454648892 266.1405706024024 3.473614390998882
0.0349 6370.292734527744 1.000184231277171 1.536157692268369 265.9972255696642 3.435458103500314
0.035 6370.314841109426 1.000183669249684 1.536073865297652 265.8535327887297 3.397584294042884
0.0351 6370.337001232893 1.000183108107482 1.535989973934073 265.7094919861937 3.359992401071878
0.0352 6370.359214940086 1.000182547853427 1.535906018375529 265.5651028894434 3.322681849045682
0.0353 6370.381482272821 1.00018198849033 1.535821998820454 265.4203652266641 3.285652048531279
0.0354 6370.403803272794 1.000181430020946 1.535737915467787 265.275278726839 3.248902396299571
0.0355 6370.426177981576 1.000180872447979 1.535653768516988 265.1298431197555 3.21243227542352
0.0356 6370.448606440614 1.00018031577408 1.535569558168035 264.9840581360107 3.176241055377582
0.0357 6370.471088691231 1.000179760001848 1.535485284621374 264.837923507 3.140328092134054
0.0358 6370.493624774625 1.000179205133829 1.535400948077924 264.6914389649345 3.104692728268082
0.0359 6370.516214731872 1.000178651172516 1.535316548739097 264.5446042428351 3.069334293058073
0.036 6370.538858603918 1.000178098120351 1.535232086806729 264.3974190745329 3.034252102588891
0.0361 6370.561556431589 1.000177545979724 1.535147562483131 264.2498831946685 2.999445459856345
0.0362 6370.584308255582 1.000176994752973 1.535062975971015 264.1019963387165 2.964913654878468
0.0363 6370.607114116468 1.000176444442382 1.534978327473527 263.9537582429551 2.930655964795462
0.0364 6370.629974054696 1.000175895050188 1.534893617194224 263.8051686444786 2.896671653980754
0.0365 6370.652888110582 1.000175346578572 1.534808845337052 263.6562272812147 2.862959974154432
0.0366 6370.675856324322 1.000174799029666 1.534724012106341 263.5069338919069 2.829520164489767
0.0367 6370.69887873598 1.000174252405552 1.534639117706804 263.3572882161324 2.796351451728988
0.0368 6370.721955385494 1.000173706708258 1.534554162343498 263.2072899942899 2.763453050293573
0.0369 6370.745086312678 1.000173161939765 1.534469146221846 263.0569389675942 2.730824162397136
0.03700000000000001 6370.768271557215 1.000172618102 1.534384069547595 262.9062348781052 2.698463978167144
0.0371 6370.791511158661 1.000172075196842 1.534298932526837 262.7551774687048 2.666371675756116
0.0372 6370.814805156444 1.00017153322612 1.534213735365953 262.6037664831141 2.634546421462929
0.0373 6370.838153589864 1.00017099219161 1.53412847827165 262.452001665882 2.602987369848877
0.0374 6370.861556498094 1.000170452095043 1.534043161450897 262.2998827623909 2.571693663858616
0.0375 6370.885013920175 1.000169912938096 1.533957785110978 262.1474095188627 2.540664434942091
0.0376 6370.908525895022 1.0001693747224 1.533872349459418 261.9945816823587 2.509898803176282
0.0377 6370.932092461419 1.000168837449535 1.533786854704001 261.8413990007738 2.479395877386795
0.0378 6370.955713658025 1.000168301121034 1.53370130105276 261.6878612228364 2.449154755271732
0.0379 6370.979389523365 1.00016776573838 1.533615688713947 261.5339680981264 2.419174523529997
0.038 6371.003120095837 1.000167231303008 1.533530017896046 261.3797193770569 2.389454257983551
0.0381 6371.026905413711 1.000166697816305 1.533444288807751 261.2251148108807 2.359993023705367
0.0382 6371.050745515122 1.00016616527961 1.533358501657954 261.0701541517077 2.330789875150457
0.0383 6371.074640438081 1.000165633694215 1.533272656655712 260.9148371524756 2.301843856278853
0.0384 6371.098590220466 1.000165103061364 1.533186754010259 260.7591635669731 2.273154000689624
0.0385 6371.122594900026 1.000164573382255 1.533100793931009 260.6031331498287 2.244719331749056
0.0386 6371.14665451438 1.000164044658037 1.533014776627513 260.4467456565279 2.216538862725153
0.03870000000000001 6371.170769101017 1.000163516889815 1.532928702309436 260.2900008433897 2.188611596915459
0.0388 6371.194938697295 1.000162990078647 1.532842571186618 260.1328984675846 2.160936527783225
0.0389 6371.21916334044 1.000162464225545 1.532756383468964 259.97543828714 2.133512639092158
0.039 6371.243443067552 1.000161939331475 1.532670139366511 259.8176200609113 2.106338905035809
0.0391 6371.267777915597 1.000161415397357 1.532583839089373 259.6594435486167 2.079414290379096
0.0392 6371.292167921411 1.000160892424069 1.53249748284774 259.5009085108258 2.052737750592255
0.0393 6371.3166131217 1.00016037041244 1.532411070851881 259.3420147089477 2.02630823198567
0.0394 6371.34111355304 1.000159849363259 1.532324603312103 259.1827619052368 2.000124671848445
0.0395 6371.365669251875 1.000159329277266 1.532238080438774 259.0231498628108 1.974185998589522
0.0396 6371.390280254519 1.000158810155163 1.532151502442267 258.8631783456266 1.948491131872656
0.0397 6371.414946597153 1.000158291997603 1.53206486953303 258.7028471185043 1.923038982759777
0.0398 6371.439668315832 1.0001577748052 1.531978181921436 258.5421559470918 1.897828453845504
0.0399 6371.464445446477 1.000157258578522 1.531891439817919 258.3811045978999 1.87285843940359
0.04 6371.489278024878 1.000156743318097 1.531804643432871 258.2196928382908 1.848127825526366
0.0401 6371.514166086697 1.000156229024411 1.53171779297668 258.057920436472 1.823635490265767
0.0402 6371.53910966746 1.000155715697905 1.531630888659667 257.8957871615083 1.799380303777621
0.0403 6371.564108802569 1.000155203338983 1.531543930692118 257.7332927833039 1.775361128461969
0.04040000000000001 6371.58916352729 1.000154691948004 1.531456919284273 257.5704370726143 1.751576819108386
0.0405 6371.614273876762 1.000154181525289 1.531369854646249 257.4072198010462 1.728026223039961
0.0406 6371.639439885991 1.000153672071117 1.531282736988144 257.2436407410577 1.704708180257721
0.0407 6371.664661589854 1.000153163585729 1.53119556651991 257.0796996659464 1.681621523583851
0.0408 6371.689939023097 1.000152656069325 1.531108343451425 256.9153963498669 1.658765078809533
0.0409 6371.715272220336 1.000152149522065 1.531021067992417 256.7507305678135 1.636137664838148
0.041 6371.740661216056 1.000151643944072 1.530933740352521 256.5857020956377 1.613738093833812
0.0411 6371.766106044611 1.000151139335428 1.53084636074121 256.4203107100301 1.591565171365361
0.0412 6371.791606740227 1.000150635696181 1.530758929367806 256.2545561885271 1.569617696553941
0.0413 6371.817163336998 1.000150133026337 1.530671446441468 256.0884383095103 1.547894462220075
0.0414 6371.84277586889 1.000149631325868 1.530583912171182 255.9219568522125 1.52639425503177
0.0415 6371.868444369738 1.000149130594706 1.530496326765771 255.7551115967061 1.505115855650572
0.04160000000000001 6371.894168873247 1.00014863083275 1.530408690433815 255.5879023238971 1.484058038878702
0.0417 6371.919949412993 1.00014813203986 1.530321003383723 255.4203288155485 1.463219573810126
0.0418 6371.945786022421 1.000147634215862 1.530233265823691 255.2523908542629 1.44259922397652
0.0419 6371.971678734851 1.000147137360546 1.530145477961651 255.0840882234705 1.422195747494292
0.042 6371.99762758347 1.000146641473667 1.530057640005318 254.915420707447 1.402007897215363
0.04210000000000001 6372.023632601336 1.000146146554947 1.529969752162163 254.7463880913191 1.382034420876513
0.0422 6372.049693821378 1.000145652604072 1.529881814639382 254.5769901610414 1.362274061245341
0.0423 6372.075811276401 1.000145159620695 1.52979382764391 254.4072267033961 1.342725556269223
0.0424 6372.101984999074 1.000144667604437 1.529705791382385 254.2370975060165 1.32338763922698
0.0425 6372.128215021945 1.000144176554885 1.529617706061161 254.066602357358 1.30425903887443
0.0426 6372.154501377428 1.000143686471594 1.529529571886289 253.895741046715 1.285338479595406
0.0427 6372.180844097813 1.000143197354087 1.529441389063501 253.7245133642158 1.266624681550033
0.0428 6372.20724321526 1.000142709201857 1.529353157798215 253.5529191008103 1.24811636082237
0.0429 6372.233698761803 1.000142222014363 1.529264878295489 253.380958048282 1.229812229570593
0.043 6372.260210769346 1.000141735791037 1.529176550760067 253.2086299992478 1.211710996175742
0.0431 6372.286779269671 1.000141250531279 1.52908817539633 253.0359347471407 1.193811365388535
0.0432 6372.313404294427 1.000140766234458 1.528999752408261 252.862872086227 1.176112038479793
0.04330000000000001 6372.34008587514 1.000140282899918 1.52891128199951 252.6894418115888 1.158611713386997
0.0434 6372.36682404321 1.000139800526969 1.528822764373317 252.5156437191362 1.141309084863732
0.0435 6372.393618829908 1.000139319114896 1.528734199732549 252.3414776056005 1.124202844627095
0.0436 6372.420470266381 1.000138838662957 1.528645588279631 252.1669432685234 1.107291681504351
0.0437 6372.447378383651 1.00013835917038 1.528556930216606 251.9920405062679 1.090574281581674
0.0438 6372.474343212613 1.000137880636367 1.528468225745065 251.8167691180132 1.074049328350854
0.0439 6372.501364784039 1.000137403060094 1.528379475066183 251.6411289037482 1.057715502855749
0.044 6372.528443128574 1.000136926440711 1.528290678380689 251.4651196642716 1.041571483839004
0.0441 6372.555578276739 1.000136450777343 1.528201835888854 251.2887412011981 1.025615947888944
0.0442 6372.58277025893 1.000135976069088 1.528112947790475 251.1119933169524 1.009847569585016
0.0443 6372.610019105421 1.000135502315021 1.528024014284893 250.9348758147629 0.9942650216428751
0.0444 6372.637324846362 1.000135029514193 1.527935035570959 250.7573884986444 0.9788669750580919
0.0445 6372.664687511779 1.000134557665631 1.527846011847025 250.5795311734395 0.9636520992545604
0.0446 6372.692107131573 1.000134086768338 1.527756943310963 250.4013036447767 0.9486190622252244
0.0447 6372.719583735526 1.000133616821297 1.527667830160105 250.2227057190829 0.9337665306770089
0.0448 6372.747117353295 1.000133147823465 1.527578672591284 250.043737203583 0.9190931701742012
0.0449 6372.774708014415 1.00013267977378 1.527489470800815 249.8643979062998 0.904597645281307
0.04500000000000001 6372.802355748302 1.000132212671158 1.527400224984449 249.6846876360368 0.8902786197039514
0.0451 6372.830060584247 1.000131746514494 1.527310935337423 249.5046062023952 0.876134756432101
0.0452 6372.857822551422 1.000131281302664 1.52722160205438 249.3241534157568 0.8621647178798471
0.0453 6372.885641678878 1.000130817034522 1.527132225329433 249.1433290872955 0.8483671660269272
0.0454 6372.913517995545 1.000130353708904 1.52704280535611 248.9621330289596 0.8347407625573365
0.0455 6372.941451530233 1.000129891324627 1.526953342327376 248.7805650534837 0.8212841689995622
0.0456 6372.969442311635 1.00012942988049 1.52686383643558 248.5986249743709 0.8079960468639299
0.0457 6372.997490368321 1.000128969375274 1.526774287872495 248.4163126059105 0.7948750577818915
0.0458 6373.025595728745 1.000128509807742 1.52668469682928 248.2336277631606 0.7819198636419875
0.0459 6373.05375842124 1.00012805117664 1.526595063496498 248.0505702619415 0.7691291267259984
0.046 6373.081978474022 1.0001275934807 1.526505388064064 247.8671399188541 0.7565015098459866
0.0461 6373.110255915191 1.000127136718635 1.526415670721297 247.683336551256 0.7440356764776653
0.0462 6373.138590772728 1.000126680889143 1.526325911656851 247.4991599772674 0.7317302908950607
0.0463 6373.166983074497 1.000126225990909 1.526236111058752 247.3146100157709 0.7195840183039406
0.0464 6373.195432848246 1.000125772022602 1.526146269114373 247.1296864864001 0.7075955249736309
0.0465 6373.223940121607 1.000125318982878 1.526056386010423 246.9443892095513 0.6957634783695423
0.0466 6373.252504922097 1.000124866870378 1.525966461932951 246.7587180063714 0.6840865472832702
0.04670000000000001 6373.281127277116 1.000124415683731 1.52587649706734 246.5726726987463 0.6725634019618618
0.0468 6373.309807213951 1.000123965421554 1.525786491598262 246.3862531093185 0.6611927142380167
0.0469 6373.338544759775 1.000123516082451 1.525696445709733 246.1994590614639 0.6499731576567853
0.047 6373.367339941644 1.000123067665014 1.525606359585062 246.0122903793148 0.6389034076042158
0.0471 6373.396192786503 1.000122620167826 1.525516233406867 245.8247468877306 0.6279821414318171
0.0472 6373.425103321184 1.000122173589457 1.525426067357035 245.636828412304 0.6172080385822113
0.0473 6373.454071572407 1.000121727928467 1.525335861616763 245.4485347793546 0.6065797807130753
0.0474 6373.483097566777 1.00012128318341 1.525245616366506 245.2598658159471 0.5960960518213875
0.0475 6373.512181330791 1.000120839352826 1.525155331786002 245.0708213498614 0.5857555383639659
0.0476 6373.541322890832 1.000120396435249 1.52506500805426 244.8814012095926 0.5755569293786762
0.0477 6373.570522273173 1.000119954429203 1.524974645349531 244.6916052243749 0.5654989166057971
0.0478 6373.599779503978 1.000119513333208 1.524884243849325 244.5014332241402 0.5555801946048028
0.04790000000000001 6373.6290946093 1.000119073145773 1.524793803730417 244.3108850395473 0.5457994608738477
0.048 6373.658467615083 1.0001186338654 1.524703325168811 244.1199605019586 0.5361554159653105
0.0481 6373.687898547162 1.000118195490588 1.524612808339731 243.928659443446 0.5266467636017551
0.0482 6373.717387431265 1.000117758019827 1.524522253417651 243.7369816967788 0.5172722107898479
0.0483 6373.746934293009 1.000117321451603 1.524431660576264 243.5449270954417 0.5080304679345526
0.04840000000000001 6373.776539157908 1.000116885784398 1.524341029988481 243.3524954735993 0.4989202489495554
0.0485 6373.806202051364 1.000116451016686 1.524250361826425 243.1596866661315 0.4899402713699173
0.0486 6373.835922998678 1.000116017146941 1.524159656261428 242.966500508592 0.4810892564598506
0.0487 6373.865702025042 1.000115584173631 1.524068913464027 242.7729368372264 0.4723659293220815
0.0488 6373.895539155544 1.000115152095223 1.523978133603942 242.5789954889659 0.4637690190048444
0.0489 6373.925434415165 1.000114720910178 1.523887316850117 242.3846763014275 0.4552972586078875
0.049 6373.955387828785 1.000114290616958 1.523796463370641 242.1899791128961 0.4469493853864444
0.0491 6373.985399421178 1.000113861214022 1.523705573332823 241.9949037623427 0.4387241408554732
0.0492 6374.015469217016 1.000113432699827 1.523614646903147 241.7994500893941 0.4306202708905647
0.0493 6374.045597240867 1.000113005072831 1.523523684247245 241.6036179343631 0.4226365258300495
0.0494 6374.075783517196 1.000112578331489 1.523432685529955 241.4074071382246 0.41477166057353
0.0495 6374.106028070369 1.00011215247426 1.52334165091524 241.2108175426036 0.4070244346796364
0.04960000000000001 6374.136330924648 1.000111727499598 1.52325058056626 241.0138489897876 0.3993936124633731
0.0497 6374.166692104197 1.000111303405961 1.523159474645326 240.8165013227198 0.3918779630913884
0.0498 6374.197111633078 1.000110880191809 1.523068333313888 240.618774384994 0.384476260675886
0.0499 6374.227589535255 1.000110457855604 1.522977156732538 240.4206680208425 0.3771872843669554
0.05 6374.258125834592 1.000110036395806 1.522885945061055 240.2221820751537 0.3700098184446078
0.05010000000000001 6374.288720554854 1.000109615810883 1.52279469845832 240.0233163934485 0.36294265240788
0.0502 6374.31937371971 1.000109196099302 1.522703417082369 239.8240708218863 0.3559845810636272
0.0503 6374.350085352729 1.000108777259535 1.522612101090384 239.6244452072591 0.349134404613467
0.0504 6374.380855477386 1.000108359290057 1.522520750638659 239.4244393969915 0.3423909287395014
0.0505 6374.411684117058 1.000107942189349 1.522429365882629 239.2240532391228 0.3357529646880142
0.0506 6374.442571295027 1.000107525955896 1.522337946976848 239.0232865823249 0.329219329352917
0.0507 6374.473517034479 1.000107110588185 1.522246494075018 238.8221392758845 0.3227888453565485
0.0508 6374.504521358507 1.000106696084712 1.522155007329933 238.6206111697032 0.3164603411296166
0.0509 6374.535584290108 1.000106282443978 1.522063486893517 238.4187021142974 0.3102326509896624
0.051 6374.566705852186 1.000105869664489 1.521971932916811 238.2164119607922 0.3041046152178611
0.0511 6374.597886067554 1.000105457744759 1.521880345549966 238.0137405608983 0.2980750801338321
0.0512 6374.62912495893 1.000105046683308 1.52178872494226 237.8106877669528 0.2921428981709056
0.05130000000000001 6374.660422548942 1.000104636478662 1.521697071242059 237.6072534318781 0.2863069279474033
0.0514 6374.691778860127 1.000104227129359 1.521605384596841 237.403437409176 0.2805660343375315
0.0515 6374.723193914929 1.000103818633939 1.521513665153205 237.1992395529631 0.2749190885419101
0.0516 6374.754667735704 1.000103410990955 1.521421913056833 236.9946597179236 0.2693649681542479
0.0517 6374.786200344719 1.000103004198968 1.521330128452519 236.7896977593267 0.2639025572283559
0.05180000000000001 6374.817791764151 1.000102598256546 1.521238311484163 236.5843535330213 0.2585307463429646
0.0519 6374.849442016089 1.000102193162269 1.52114646229475 236.3786268954235 0.2532484326648783
0.052 6374.881151122534 1.000101788914724 1.521054581026385 236.172517703529 0.248054520011218
0.0521 6374.912919105399 1.000101385512511 1.520962667820246 235.9660258149069 0.2429479189096576
0.0522 6374.944745986512 1.000100982954239 1.520870722816616 235.7591510876699 0.23792754665657
0.0523 6374.976631787614 1.000100581238527 1.520778746154885 235.5518933805105 0.2329923273752435
0.0524 6375.00857653036 1.000100180364007 1.520686737973515 235.3442525526588 0.2281411920706778
0.0525 6375.040580236322 1.000099780329321 1.52059469841007 235.1362284639066 0.2233730786844227
0.0526 6375.072642926986 1.000099381133122 1.520502627601218 234.9278209745897 0.2186869321468817
0.0527 6375.104764623756 1.000098982774078 1.520410525682704 234.7190299455877 0.214081704428504
0.0528 6375.13694534795 1.000098585250867 1.520318392789367 234.5098552383241 0.2095563545894231
0.0529 6375.169185120805 1.00009818856218 1.520226229055151 234.3002967147662 0.2051098488275496
0.05300000000000001 6375.201483963477 1.000097792706721 1.520134034613075 234.0903542374016 0.2007411605246247
0.0531 6375.233841897039 1.000097397683207 1.520041809595254 233.880027669244 0.1964492702913835
0.0532 6375.266258942484 1.000097003490368 1.519949554132911 233.669316873851 0.1922331660113863
0.0533 6375.298735120726 1.000096610126951 1.519857268356328 233.4582217152828 0.1880918428821158
0.0534 6375.331270452596 1.000096217591712 1.519764952394909 233.2467420581255 0.1840243034558633
0.05350000000000001 6375.363864958848 1.000095825883425 1.519672606377142 233.0348777674857 0.180029557678467
0.0536 6375.396518660159 1.000095435000877 1.519580230430597 232.8226287089664 0.1761066229261972
0.0537 6375.429231577124 1.000095044942872 1.519487824681947 232.6099947486908 0.1722545240420059
0.0538 6375.462003730265 1.000094655708225 1.51939538925697 232.396975753279 0.1684722933693579
0.0539 6375.494835140024 1.00009426729577 1.519302924280522 232.1835715898413 0.1647589707848875
0.054 6375.527725826769 1.000093879704355 1.519210429876559 231.9697821260028 0.1611136037300387
0.0541 6375.560675810791 1.000093492932844 1.519117906168147 231.7556072298611 0.1575352472400581
0.05420000000000001 6375.593685112306 1.000093106980117 1.519025353277437 231.5410467700107 0.1540229639726064
0.0543 6375.626753751456 1.00009272184507 1.518932771325687 231.3261006155366 0.1505758242343397
0.0544 6375.659881748309 1.000092337526616 1.518840160433263 231.1107686359909 0.1471929060057182
0.0545 6375.69306912286 1.000091954023684 1.518747520719617 230.8950507014105 0.1438732949649874
0.0546 6375.72631589503 1.000091571335221 1.518654852303322 230.6789466823051 0.1406160845101869
0.05470000000000001 6375.759622084669 1.000091189460189 1.518562155302053 230.4624564496515 0.1374203757797773
0.0548 6375.792987711555 1.000090808397571 1.518469429832584 230.2455798748937 0.1342852776718766
0.0549 6375.826412795395 1.000090428146362 1.51837667601082 230.0283168299305 0.1312099068618545
0.055 6375.859897355826 1.000090048705579 1.518283893951771 229.8106671871282 0.1281933878188003
0.0551 6375.893441412415 1.000089670074257 1.51819108376954 229.5926308193019 0.1252348528201104
0.05520000000000001 6375.927044984658 1.000089292251445 1.518098245577379 229.3742075997224 0.1223334419649618
0.0553 6375.960708091984 1.000088915236213 1.518005379487645 229.1553974021034 0.1194883031861002
0.0554 6375.994430753754 1.00008853902765 1.517912485611819 228.9362001005965 0.1166985922602844
0.0555 6376.02821298926 1.000088163624862 1.517819564060495 228.7166155698081 0.1139634728175998
0.0556 6376.062054817728 1.000087789026972 1.517726614943427 228.4966436847707 0.1112821163487545
0.0557 6376.095956258315 1.000087415233126 1.517633638369469 228.2762843209538 0.1086537022114978
0.0558 6376.129917330116 1.000087042242485 1.51754063444661 228.0555373542469 0.1060774176352774
0.05590000000000001 6376.163938052157 1.000086670054231 1.517447603281992 227.8344026609769 0.1035524577249333
0.056 6376.198018443402 1.000086298667563 1.517354544981894 227.6128801178846 0.1010780254625259
0.0561 6376.232158522749 1.000085928081704 1.517261459651706 227.3909696021304 0.0986533317081478
0.0562 6376.266358309032 1.00008555829589 1.517168347396016 227.1686709912946 0.09627759519930451
0.0563 6376.300617821022 1.000085189309381 1.517075208318528 226.9459841633592 0.09395004254876353
0.05640000000000001 6376.334937077428 1.000084821121454 1.516982042522084 226.7229089967203 0.09166990824138956
0.0565 6376.369316096896 1.000084453731408 1.516888850108726 226.499445370176 0.08943643462940433
0.0566 6376.403754898012 1.000084087138559 1.516795631179617 226.2755931629202 0.08724887192640556
0.0567 6376.438253499298 1.000083721342246 1.516702385835107 226.051352254561 0.08510647820031647
0.0568 6376.472811919219 1.000083356341824 1.516609114174709 225.8267225250787 0.08300851936447744
0.05690000000000001 6376.507430176176 1.000082992136671 1.51651581629709 225.6017038548556 0.08095426916815503
0.057 6376.542108288514 1.000082628726183 1.516422492300125 225.3762961246583 0.07894300918533384
0.0571 6376.576846274517 1.000082266109778 1.516329142280825 225.1504992156378 0.07697402880243343
0.0572 6376.611644152412 1.000081904286892 1.516235766335435 224.9243130093231 0.07504662520473954
0.0573 6376.646501940366 1.000081543256984 1.516142364559339 224.6977373876219 0.07316010336166909
0.0574 6376.681419656491 1.00008118301953 1.51604893704715 224.4707722328084 0.07131377601073156
0.0575 6376.716397318841 1.000080823574027 1.515955483892655 224.2434174275348 0.06950696364049572
0.05760000000000001 6376.751434945413 1.000080464919993 1.515862005188847 224.0156728548144 0.06773899447213681
0.0577 6376.78653255415 1.000080107056967 1.515768501027946 223.7875383980266 0.06600920444001597
0.0578 6376.821690162936 1.000079749984507 1.515674971501345 223.5590139409177 0.06431693717106005
0.0579 6376.856907789605 1.000079393702192 1.515581416699669 223.3300993675706 0.06266154396279534
0.058 6376.892185451933 1.000079038209619 1.515487836712782 223.100794562435 0.06104238376070539
0.05810000000000001 6376.927523167644 1.000078683506408 1.515394231629739 222.8710994103152 0.05945882313417206
0.0582 6376.962920954408 1.0000783295922 1.515300601538831 222.6410137963466 0.05791023625126281
0.0583 6376.998378829842 1.000077976466652 1.515206946527616 222.4105376060251 0.05639600485281311
0.0584 6377.033896811511 1.000077624129444 1.515113266682858 222.1796707251777 0.05491551822505022
0.0585 6377.069474916928 1.000077272580278 1.515019562090571 221.9484130399686 0.05346817317142433
0.05860000000000001 6377.105113163554 1.000076921818873 1.514925832836022 221.7167644368986 0.05205337398337468
0.0587 6377.1408115688 1.000076571844969 1.514832079003735 221.4847248027999 0.05067053241005365
0.05880000000000001 6377.176570150026 1.000076222658327 1.514738300677496 221.2522940248294 0.04931906762706641
0.0589 6377.212388924543 1.000075874258727 1.51464449794035 221.0194719904697 0.0479984062042755
0.059 6377.248267909611 1.000075526645969 1.514550670874621 220.7862585875281 0.04670798207264816
0.0591 6377.284207122442 1.000075179819873 1.514456819561899 220.5526537041254 0.0454472364901025
0.0592 6377.320206580199 1.000074833780281 1.514362944083069 220.3186572287076 0.04421561800656398
0.05930000000000001 6377.356266299997 1.00007448852705 1.514269044518293 220.084269050022 0.04301258242792834
0.0594 6377.392386298903 1.000074144060062 1.514175120947031 219.8494890571295 0.04183759277933131
0.0595 6377.428566593938 1.000073800379215 1.514081173448035 219.6143171394041 0.04069011926748331
0.0596 6377.464807202075 1.000073457484428 1.513987202099388 219.3787531865154 0.03956963924206916
0.0597 6377.50110814024 1.000073115375639 1.513893206978445 219.1427970884405 0.03847563715646293
0.05980000000000001 6377.537469425315 1.000072774052805 1.513799188161904 218.906448735452 0.03740760452751303
0.0599 6377.573891074137 1.000072433515905 1.513705145725774 218.6697080181124 0.03636503989456393
0.06 6377.610373103495 1.000072093764931 1.513611079745412 218.4325748272853 0.03534744877777728
0.0601 6377.646915530137 1.000071754799901 1.51351699029547 218.1950490541125 0.03435434363553828
0.0602 6377.683518370764 1.000071416620848 1.513422877449979 217.9571305900371 0.03338524382132383
0.0603 6377.720181642034 1.000071079227824 1.513328741282303 217.7188193267801 0.03243967553964686
0.0604 6377.756905360562 1.000070742620901 1.513234581865151 217.4801151563464 0.03151717180142162
0.06050000000000001 6377.793689542921 1.000070406800168 1.513140399270605 217.2410179710126 0.03061727237857192
0.0606 6377.83053420564 1.000070071765732 1.513046193570099 217.0015276633393 0.02973952375806303
0.0607 6377.867439365206 1.000069737517722 1.51295196483445 216.7616441261588 0.02888347909519237
0.0608 6377.904405038067 1.00006940405628 1.512857713133842 216.5213672525637 0.02804869816625553
0.0609 6377.941431240626 1.00006907138157 1.512763438537849 216.2806969359302 0.02723474732072338
0.06100000000000001 6377.978517989247 1.000068739493771 1.512669141115427 216.0396330698949 0.02644119943265792
0.0611 6378.015665300253 1.000068408393081 1.51257482093495 215.7981755483542 0.02566763385163975
0.0612 6378.052873189929 1.000068078079716 1.512480478064166 215.5563242654647 0.02491363635313747
0.0613 6378.090141674516 1.000067748553907 1.512386112570252 215.3140791156492 0.02417879908835632
0.0614 6378.127470770219 1.000067419815905 1.5122917245198 215.0714399935786 0.02346272053349441
0.06150000000000001 6378.164860493203 1.000067091865976 1.512197313978812 214.828406794178 0.02276500543857323
0.0616 6378.202310859596 1.000066764704402 1.512102881012733 214.5849794126269 0.0220852647757658
0.0617 6378.239821885484 1.000066438331486 1.51200842568643 214.3411577443529 0.02142311568724449
0.0618 6378.277393586919 1.000066112747541 1.51191394806423 214.0969416850261 0.02077818143258567
0.0619 6378.315025979913 1.000065787952901 1.511819448209887 213.8523311305647 0.0201500913357795
0.062 6378.352719080443 1.000065463947915 1.51172492618662 213.6073259771177 0.01953848073176983
0.0621 6378.390472904447 1.000065140732946 1.511630382057121 213.3619261210941 0.01894299091272399
0.06220000000000001 6378.428287467828 1.000064818308375 1.511535815883527 213.1161314591158 0.01836326907373993
0.0623 6378.466162786453 1.000064496674596 1.511441227727467 212.8699418880586 0.01779896825841826
0.0624 6378.50409887615 1.00006417583202 1.511346617650042 212.6233573050234 0.01724974730392677
0.0625 6378.542095752717 1.000063855781072 1.511251985711854 212.3763776073414 0.01671527078583442
0.0626 6378.580153431912 1.000063536522193 1.511157331972983 212.1290026925743 0.01619520896263112
0.06270000000000001 6378.618271929461 1.000063218055837 1.511062656493017 211.8812324585027 0.01568923771994226
0.06280000000000001 6378.656451261055 1.000062900382472 1.510967959331062 211.6330668031436 0.01519703851454134
0.0629 6378.69469144235 1.000062583502583 1.510873240545718 211.3845056247268 0.0147182983180321
0.063 6378.732992488969 1.000062267416665 1.510778500195127 211.1355488217008 0.01425270956036492
0.0631 6378.771354416501 1.000061952125229 1.51068373833695 210.8861962927448 0.01379997007315084
0.06320000000000001 6378.809777240502 1.000061637628799 1.510588955028373 210.6364479367388 0.01335978303270717
0.06330000000000001 6378.848260976494 1.000061323927911 1.510494150326142 210.3863036527877 0.01293185690302562
0.0634 6378.886805639969 1.000061011023115 1.51039932428654 210.135763340203 0.01251590537850724
0.0635 6378.925411246383 1.000060698914974 1.510304476965407 209.8848268985092 0.01211164732659826
0.0636 6378.964077811163 1.000060387604063 1.510209608418143 209.6334942274378 0.0117188067302814
0.06370000000000001 6379.002805349703 1.000060077090967 1.510114718699715 209.381765226933 0.01133711263047867
0.06380000000000001 6379.041593877365 1.000059767376287 1.510019807864669 209.1296397971281 0.01096629906831835
0.0639 6379.08044340948 1.000059458460632 1.509924875967119 208.8771178383812 0.01060610502741674
0.064 6379.119353961349 1.000059150344625 1.509829923060785 208.6241992512336 0.01025627437598738
0.0641 6379.15832554824 1.000058843028897 1.509734949198975 208.3708839364393 0.009916555809012368
0.06420000000000001 6379.197358185394 1.000058536514093 1.509639954434593 208.1171717949359 0.009586702790304356
0.06430000000000001 6379.236451888019 1.000058230800867 1.509544938820149 207.8630627278734 0.009266473494638734
0.0644 6379.275606671295 1.000057925889884 1.50944990240778 207.6085566365854 0.008955630749812885
0.0645 6379.314822550369 1.000057621781818 1.509354845249226 207.3536534226004 0.008653941978781323
0.0646 6379.354099540362 1.000057318477354 1.509259767395863 207.0983529876479 0.008361179141817486
0.06470000000000001 6379.393437656365 1.000057015977186 1.509164668898715 206.842655233629 0.008077118678686619
0.0648 6379.432836913438 1.000056714282016 1.509069549808412 206.5865600626515 0.007801541450959986
0.0649 6379.472297326615 1.000056413392558 1.508974410175262 206.3300673770008 0.007534232684335553
0.065 6379.5118189109 1.000056113309531 1.508879250049208 206.0731770791512 0.007274981911101374
0.06510000000000001 6379.551401681269 1.000055814033666 1.508784069479858 205.8158890717485 0.00702358291267765
0.06520000000000001 6379.591045652671 1.000055515565699 1.508688868516493 205.5582032576398 0.006779833662329861
0.0653 6379.630750840023 1.000055217906376 1.508593647208053 205.3001195398491 0.006543536267966212
0.0654 6379.670517258221 1.00005492105645 1.508498405603159 205.0416378215663 0.006314496915100967
0.0655 6379.710344922127 1.00005462501668 1.508403143750126 204.7827580061761 0.006092525810019422
0.06560000000000001 6379.75023384658 1.000054329787833 1.508307861696949 204.5234799972289 0.005877437123067595
0.06570000000000001 6379.790184046391 1.000054035370685 1.508212559491326 204.2638036984584 0.005669048932175172
0.0658 6379.830195536342 1.000053741766013 1.508117237180667 204.0037290137756 0.00546718316656125
0.0659 6379.870268331191 1.000053448974606 1.508021894812069 203.7432558472568 0.00527166555065308
0.066 6379.910402445669 1.000053156997256 1.507926532432361 203.4823841031501 0.005082325548247796
0.06610000000000001 6379.950597894481 1.000052865834759 1.507831150088095 203.2211136858749 0.004898996306909966
0.06620000000000001 6379.990854692303 1.000052575487921 1.507735747825535 202.9594445000279 0.004721514602625517
0.0663 6380.031172853789 1.000052285957547 1.507640325690701 202.6973764503713 0.004549720784707682
0.0664 6380.071552393564 1.000051997244452 1.507544883729335 202.4349094418329 0.004383458720987398
0.0665 6380.11199332623 1.000051709349452 1.50744942198694 202.1720433795061 0.004222575743290265
0.06660000000000001 6380.152495666362 1.00005142227337 1.507353940508751 201.9087781686497 0.004066922593211014
0.06670000000000001 6380.19305942851 1.000051136017029 1.507258439339773 201.6451137146881 0.003916353368195981
0.0668 6380.233684627199 1.00005085058126 1.507162918524783 201.3810499232053 0.003770725467940835
0.0669 6380.27437127693 1.000050565966894 1.507067378108313 201.1165866999567 0.003629899541126818
0.067 6380.315119392176 1.000050282174766 1.506971818134669 200.8517239508573 0.003493739432482031
0.06710000000000001 6380.355928987389 1.000049999205715 1.506876238647951 200.58646158197 0.003362112130192111
0.06720000000000001 6380.396800076996 1.000049717060579 1.506780639692029 200.320799499529 0.003234887713686004
0.0673 6380.437732675396 1.000049435740202 1.506685021310581 200.0547376099283 0.003111939301769613
0.0674 6380.478726796968 1.000049155245428 1.506589383547065 199.7882758197096 0.002993143001135853
0.0675 6380.519782456065 1.000048875577102 1.506493726444755 199.5214140355801 0.002878377855272042
0.06760000000000001 6380.560899667016 1.000048596736072 1.50639805004674 199.2541521643947 0.002767525793743186
0.06770000000000001 6380.602078444126 1.000048318723185 1.506302354395893 198.9864901131799 0.002660471581893221
0.0678 6380.643318801676 1.00004804153929 1.506206639534945 198.7184277891041 0.002557102770931856
0.0679 6380.684620753925 1.000047765185236 1.506110905506425 198.4499650994893 0.002457309648454381
0.068 6380.725984315106 1.000047489661871 1.506015152352697 198.1811019518112 0.002360985189378895
0.06810000000000001 6380.767409499432 1.000047214970047 1.50591938011596 197.9118382536934 0.002268025007311051
0.0682 6380.808896321088 1.000046941110609 1.505823588838265 197.6421739129249 0.00217832730635325
0.0683 6380.850444794241 1.000046668084408 1.505727778561485 197.3721088374367 0.002091792833342213
0.0684 6380.89205493303 1.000046395892288 1.505631949327363 197.1016429353075 0.002008324830546191
0.06850000000000001 6380.933726751573 1.000046124535097 1.505536101177494 196.8307761147756 0.001927828988818236
0.06860000000000001 6380.975460263967 1.000045854013678 1.505440234153326 196.5595082842154 0.00185021340119925
0.0687 6381.017255484283 1.000045584328873 1.505344348296179 196.2878393521609 0.001775388517001279
0.0688 6381.059112426572 1.000045315481523 1.505248443647245 196.0157692272818 0.001703267096348027
0.0689 6381.101031104859 1.000045047472464 1.505152520247578 195.7432978184137 0.001633764165206107
0.06900000000000001 6381.143011533151 1.000044780302532 1.505056578138124 195.4704250345161 0.001566796970878008
0.06910000000000001 6381.185053725429 1.00004451397256 1.504960617359701 195.1971507847142 0.001502284938001564
0.0692 6381.227157695651 1.000044248483375 1.504864637953044 194.9234749782689 0.001440149625020357
0.0693 6381.269323457755 1.000043983835805 1.504768639958735 194.6493975245893 0.001380314681157535
0.0694 6381.311551025657 1.00004372003067 1.5046726234173 194.3749183332319 0.00132270580388307
0.06950000000000001 6381.353840413248 1.000043457068788 1.504576588369147 194.1000373138894 0.001267250696878611
0.06960000000000001 6381.396191634398 1.000043194950973 1.504480534854581 193.824754376414 0.001213879028512627
0.0697 6381.438604702957 1.000042933678033 1.504384462913831 193.5490694307822 0.00116252239080955
