0 6365.5 1.000303965777949 1.560760683595929 297.15 8.953462551940214
0.0001 6365.506420237111 1.000303722602676 1.560684696023846 297.1082684587763 8.931043119255538
0.0002 6365.512888855643 1.000303477828749 1.560608686209203 297.0662224383217 8.908504328995395
0.0003 6365.519405869977 1.000303231460621 1.560532653995658 297.0238618451484 8.885847154657538
0.0004 6365.525971294597 1.000302983502771 1.560456599227491 296.9811865851183 8.863072574140928
0.0005 6365.532585144088 1.000302733959704 1.560380521749689 296.938196563431 8.840181569681649
0.0006000000000000001 6365.539247433133 1.00030248283595 1.560304421408096 296.894891684636 8.817175127801224
0.0007 6365.545958176518 1.000302230136066 1.560228298049152 296.8512718526325 8.794054239248286
0.0008 6365.552717389128 1.000301975864632 1.560152151520065 296.8073369706693 8.770819898940029
0.0009000000000000001 6365.559525085945 1.000301720026254 1.560075981668867 296.7630869413568 8.747473105909576
0.001 6365.566381282053 1.000301462625564 1.559999788344053 296.7185216666552 8.724014863240624
0.0011 6365.573285992631 1.000301203667217 1.559923571395133 296.6736410478978 8.700446178020517
0.0012 6365.580239232957 1.000300943155894 1.559847330672144 296.6284449857798 8.676768061274315
0.0013 6365.587241018407 1.000300681096301 1.559771066025883 296.5829333803575 8.652981527904899
0.0014 6365.594291364452 1.000300417493167 1.5596947773079 296.537106131061 8.629087596638982
0.0015 6365.601390286661 1.000300152351246 1.559618464370369 296.4909631367053 8.605087289972795
0.0016 6365.608537800698 1.000299885675316 1.559542127066244 296.4445042954611 8.580981634096014
0.0017 6365.615733922323 1.000299617470179 1.559465765249127 296.397729504902 8.556771658855387
0.0018 6365.622978667391 1.00029934774066 1.559389378773448 296.3506386619573 8.532458397669023
0.0019 6365.630272051851 1.00029907649161 1.559312967494197 296.3032316629709 8.508042887495522
0.002 6365.637614091746 1.000298803727901 1.559236531267135 296.2555084036484 8.483526168744843
0.0021 6365.645004803214 1.000298529454428 1.559160069948734 296.2074687791099 8.458909285243786
0.0022 6365.652444202485 1.000298253676113 1.559083583396137 296.1591126838492 8.434193284152569
0.0023 6365.659932305882 1.000297976397897 1.55900707146721 296.1104400117687 8.409379215920675
0.0024 6365.66746912982 1.000297697624746 1.558930534020552 296.0614506561677 8.384468134218171
0.0025 6365.675054690807 1.000297417361648 1.558853970915386 296.0121445097546 8.359461095878896
0.0026 6365.682689005442 1.000297135613613 1.55877738201169 295.9625214646288 8.33435916082844
0.0027 6365.690372090414 1.000296852385674 1.558700767170155 295.9125814123103 8.309163392035876
0.0028 6365.698103962503 1.000296567682888 1.558624126252095 295.8623242437278 8.283874855444305
0.0029 6365.705884638583 1.000296281510331 1.558547459119639 295.8117498492132 8.258494619904221
0.003 6365.71371413561 1.000295993873103 1.558470765635527 295.7608581185367 8.233023757127469
0.0031 6365.721592470635 1.000295704776325 1.558394045663254 295.7096489408713 8.207463341605347
0.0032 6365.729519660797 1.000295414225139 1.558317299066939 295.6581222048166 8.181814450556226
0.0033 6365.737495723323 1.00029512222471 1.558240525711497 295.6062777983988 8.156078163861061
0.0034 6365.745520675527 1.000294828780224 1.558163725462491 295.5541156090766 8.130255564001683
0.0035 6365.753594534808 1.000294533896886 1.55808689818619 295.501635523747 8.104347735998857
0.0036 6365.761717318659 1.000294237579924 1.558010043749563 295.448837428716 8.078355767332692
0.0037 6365.769889044655 1.000293939834586 1.557933162020309 295.3957212097456 8.052280747900845
0.0038 6365.778109730456 1.000293640666142 1.557856252866762 295.3422867520361 8.026123769944347
0.0039 6365.786379393811 1.000293340079881 1.557779316158032 295.2885339402263 7.999885927982099
0.004 6365.794698052553 1.000293038081111 1.557702351763919 295.2344626584053 7.973568318750988
0.0041 6365.803065724599 1.000292734675163 1.557625359554903 295.1800727901062 7.947172041137125
0.004200000000000001 6365.81148242795 1.000292429867387 1.557548339402145 295.1253642183245 7.920698196118461
0.0043 6365.819948180694 1.00029212366315 1.557471291177609 295.070336825488 7.894147886684306
0.0044 6365.828463000998 1.000291816067843 1.557394214753821 295.01499049351 7.867522217794767
0.004500000000000001 6365.837026907117 1.000291507086873 1.557317110004118 294.9593251037367 7.840822296288601
0.0046 6365.845639917384 1.000291196725668 1.55723997680257 294.9033405370054 7.814049230845079
0.0047 6365.854302050217 1.000290884989674 1.557162815023871 294.8470366735922 7.787204131891709
0.0048 6365.863013324113 1.000290571884357 1.557085624543434 294.7904133932647 7.760288111562868
0.0049 6365.871773757655 1.0002902574152 1.557008405237413 294.7334705752404 7.733302283613067
0.005 6365.880583369502 1.000289941587706 1.556931156982697 294.6762080982347 7.706247763372324
0.0051 6365.889442178395 1.000289624407397 1.556853879656808 294.6186258404308 7.679125667664874
0.005200000000000001 6365.898350203156 1.00028930587981 1.556776573138071 294.5607236794857 7.651937114744692
0.0053 6365.907307462685 1.000288986010502 1.556699237305443 294.502501492548 7.624683224236383
0.0054 6365.916313975962 1.00028866480505 1.55662187203861 294.4439591562463 7.597365117062068
0.005500000000000001 6365.925369762045 1.000288342269044 1.556544477218055 294.3850965467062 7.569983915382031
0.0056 6365.934474840071 1.000288018408094 1.556467052724881 294.3259135395396 7.542540742521434
0.0057 6365.943629229252 1.000287693227828 1.556389598440939 294.2664100098613 7.515036722910712
0.0058 6365.952832948881 1.00028736673389 1.556312114248795 294.206585832272 7.487472982009436
0.0059 6365.962086018326 1.000287038931939 1.556234600031778 294.1464408808819 7.459850646249243
0.006 6365.971388457029 1.000286709827654 1.556157055673861 294.0859750293101 7.432170842965682
0.0061 6365.980740284512 1.00028637942673 1.556079481059772 294.0251881506737 7.404434700324636
0.006200000000000001 6365.990141520369 1.000286047734875 1.556001876074984 293.9640801176046 7.376643347262207
0.0063 6365.999592184271 1.000285714757817 1.555924240605677 293.9026508022383 7.348797913411034
0.0064 6366.009092295963 1.000285380501297 1.555846574538735 293.8409000762434 7.320899529045343
0.006500000000000001 6366.018641875262 1.000285044971075 1.555768877761798 293.7788278107977 7.292949325001771
0.0066 6366.028240942062 1.000284708172923 1.555691150163214 293.7164338765941 7.26494843261363
0.0067 6366.037889516329 1.00028437011263 1.555613391632039 293.6537181438588 7.236897983650352
0.0068 6366.047587618101 1.000284030796001 1.555535602058145 293.5906804823447 7.20879911024626
0.006900000000000001 6366.057335267486 1.000283690228855 1.555457781331969 293.527320761338 7.180652944834594
0.007 6366.067132484669 1.000283348417025 1.55537992934484 293.4636388496518 7.152460620076256
0.0071 6366.076979289901 1.00028300536636 1.555302045988764 293.399634615644 7.124223268799029
0.007200000000000001 6366.086875703506 1.000282661082722 1.555224131156447 293.3353079272114 7.095942023926251
0.0073 6366.096821745879 1.00028231557199 1.555146184741364 293.2706586517837 7.067618018405522
0.0074 6366.106817437485 1.000281968840053 1.5550682066377 293.2056866563474 7.039252385150399
0.007500000000000001 6366.116862798856 1.000281620892816 1.554990196740395 293.1403918074337 7.010846256966452
0.0076 6366.126957850596 1.000281271736198 1.554912154945118 293.0747739711245 6.982400766485132
0.0077 6366.137102613377 1.000280921376131 1.554834081148285 293.0088330130524 6.953917046095068
0.007800000000000001 6366.147297107935 1.00028056981856 1.554755975247031 292.9425687984243 6.925396227883534
0.007900000000000001 6366.157541355078 1.000280217069442 1.554677837139258 292.8759811919921 6.89683944355498
0.008 6366.167835375682 1.000279863134749 1.554599666723542 292.80907005807 6.868247824370006
0.0081 6366.178179190683 1.000279508020464 1.554521463899316 292.7418352605586 6.83962250108679
0.008200000000000001 6366.188572821091 1.000279151732582 1.554443228566679 292.6742766629089 6.810964603877245
0.0083 6366.199016287977 1.000278794277113 1.554364960626454 292.6063941281467 6.78227526226855
0.008400000000000001 6366.209509612479 1.000278435660075 1.554286659980247 292.5381875188835 6.753555605079526
0.008500000000000001 6366.220052815798 1.000278075887501 1.554208326530442 292.4696566973115 6.724806760349552
0.0086 6366.230645919201 1.000277714965435 1.554129960180072 292.400801525191 6.696029855265114
0.008700000000000001 6366.241288944019 1.000277352899931 1.554051560833012 292.3316218638746 6.667226016101321
0.008800000000000001 6366.251981911645 1.000276989697054 1.553973128393861 292.2621175743069 6.638396368153448
0.0089 6366.262724843535 1.000276625362884 1.55389466276791 292.1922885170246 6.609542035668585
0.009000000000000001 6366.273517761208 1.000276259903507 1.553816163861288 292.1221345521507 6.580664141774941
0.0091 6366.284360686243 1.000275893325021 1.553737631580835 292.0516555394237 6.551763808425822
0.0092 6366.295253640284 1.000275525633536 1.553659065834126 291.9808513381566 6.522842156314482
0.009300000000000001 6366.306196645034 1.000275156835172 1.553580466529493 291.9097218072783 6.493900304823131
0.0094 6366.317189722256 1.000274786936055 1.553501833576058 291.8382668053331 6.464939371954857
0.0095 6366.328232893775 1.000274415942327 1.553423166883675 291.7664861904635 6.435960474258581
0.009600000000000001 6366.339326181472 1.000274043860134 1.553344466362941 291.6943798204337 6.406964726770854
0.0097 6366.350469607291 1.000273670695635 1.553265731925209 291.6219475526058 6.377953242938689
0.0098 6366.361663193232 1.000273296454997 1.553186963482642 291.5491892439931 6.348927134573334
0.009900000000000001 6366.372906961354 1.000272921144395 1.553108160948102 291.476104751201 6.319887511759121
0.01 6366.384200933773 1.000272544770015 1.55302932423521 291.4026939304744 6.290835482805062
0.0101 6366.395545132664 1.000272167338048 1.552950453258404 291.3289566376856 6.261772154172892
0.0102 6366.406939580254 1.000271788854698 1.552871547932809 291.2548927283464 6.232698630414604
0.0103 6366.418384298833 1.000271409326172 1.55279260817437 291.1805020575842 6.20361601409625
0.0104 6366.429879310741 1.00027102875869 1.552713633899756 291.1057844801838 6.174525405747338
0.0105 6366.441424638377 1.000270647158475 1.552634625026442 291.0307398505514 6.145427903780298
0.0106 6366.453020304192 1.000270264531761 1.552555581472615 290.9553680227503 6.116324604437778
0.0107 6366.464666330693 1.000269880884787 1.552476503157239 290.8796688504952 6.087216601723924
0.0108 6366.47636274044 1.000269496223801 1.552397390000096 290.8036421871401 6.058104987333612
0.0109 6366.488109556046 1.000269110555057 1.552318241921665 290.7272878857019 6.028990850595493
0.011 6366.499906800178 1.000268723884814 1.552239058843202 290.650605798843 5.999875278399332
0.0111 6366.511754495555 1.000268336219341 1.552159840686758 290.5735957788946 5.970759355139311
0.0112 6366.523652664945 1.000267947564909 1.552080587375158 290.496257677857 5.941644162648451
0.0113 6366.535601331173 1.0002675579278 1.552001298831946 290.4185913473756 5.912530780124372
0.0114 6366.54760051711 1.000267167314296 1.551921974981477 290.3405966387826 5.883420284079739
0.0115 6366.55965024568 1.00026677573069 1.55184261574887 290.2622734030791 5.854313748270592
0.0116 6366.571750539855 1.000266383183277 1.551763221059984 290.1836214909412 5.825212243633816
0.0117 6366.583901422659 1.000265989678359 1.551683790841475 290.1046407527136 5.796116838220423
0.0118 6366.596102917162 1.000265595222241 1.551604325020764 290.0253310384459 5.767028597144296
0.0119 6366.608355046484 1.000265199821235 1.551524823526047 289.9456921978561 5.737948582504964
0.012 6366.620657833792 1.000264803481656 1.551445286286273 289.8657240803494 5.708877853330272
0.0121 6366.633011302303 1.000264406209824 1.551365713231183 289.7854265350292 5.679817465517012
0.0122 6366.645415475279 1.000264008012062 1.551286104291287 289.7047994106855 5.650768471763179
0.0123 6366.657870376029 1.000263608894699 1.551206459397853 289.623842555813 5.621731921511185
0.0124 6366.670376027906 1.000263208864067 1.551126778482924 289.5425558186106 5.592708860884868
0.0125 6366.682932454313 1.000262807926499 1.551047061479332 289.460939046964 5.563700332620473
0.0126 6366.695539678693 1.000262406088336 1.550967308320647 289.3789920884927 5.534707376021037
0.0127 6366.708197724537 1.000262003355918 1.550887518941287 289.2967147905091 5.505731026879451
0.0128 6366.720906615379 1.000261599735588 1.55080769327634 289.2141070000356 5.47677231742289
0.0129 6366.733666374796 1.000261195233695 1.55072783126177 289.1311685638228 5.44783227625736
0.013 6366.746477026411 1.000260789856587 1.550647932834243 289.0478993283317 5.418911928300086
0.0131 6366.759338593884 1.000260383610616 1.550567997931207 288.9642991397571 5.390012294726658
0.0132 6366.772251100921 1.000259976502135 1.55048802649092 288.8803678440103 5.361134392904037
0.0133 6366.785214571271 1.0002595685375 1.550408018452394 288.7961052867362 5.332279236336192
0.0134 6366.798229028722 1.000259159723068 1.550327973755419 288.7115113133081 5.303447834601824
0.0135 6366.811294497101 1.000258750065196 1.550247892340524 288.6265857688448 5.274641193300496
0.0136 6366.824411000278 1.000258339570245 1.550167774149072 288.5413284981936 5.24586031398696
0.0137 6366.837578562161 1.000257928244575 1.550087619123185 288.455739345953 5.217106194119886
0.0138 6366.850797206699 1.000257516094546 1.550007427205724 288.3698181564558 5.188379826996876
0.0139 6366.864066957878 1.00025710312652 1.549927198340342 288.2835647737924 5.159682201703762
0.014 6366.877387839723 1.00025668934686 1.549846932471479 288.1969790417987 5.131014303052294
0.0141 6366.890759876296 1.000256274761927 1.549766629544354 288.1100608040746 5.102377111528018
0.0142 6366.904183091697 1.000255859378084 1.549686289504944 288.0228099039713 5.073771603228691
0.0143 6366.917657510062 1.000255443201691 1.549605912299989 287.9352261845978 5.045198749808939
0.0144 6366.931183155563 1.000255026239111 1.549525497877044 287.8473094888385 5.016659518429082
0.0145 6366.944760052411 1.000254608496702 1.549445046184383 287.7590596593294 4.988154871690792
0.0146 6366.958388224848 1.000254189980826 1.549364557171095 287.6704765384878 4.95968576759048
0.0147 6366.972067697153 1.00025377069784 1.549284030787028 287.5815599685064 4.931253159461422
0.0148 6366.985798493639 1.0002533506541 1.549203466982799 287.4923097913473 4.902857995916362
0.0149 6366.999580638651 1.000252929855963 1.549122865709811 287.4027258487657 4.874501220799915
0.015 6367.013414156571 1.000252508309782 1.549042226920221 287.3128079822862 4.846183773126262
0.0151 6367.027299071811 1.000252086021909 1.548961550566968 287.2225560332266 4.817906587032288
0.0152 6367.041235408817 1.000251662998692 1.548880836603768 287.1319698426918 4.789670591721713
0.0153 6367.055223192065 1.000251239246478 1.54880008498509 287.0410492515797 4.761476711413353
0.0154 6367.069262446063 1.000250814771614 1.548719295666192 286.9497941005874 4.73332586528975
0.0155 6367.083353195352 1.000250389580438 1.548638468603084 286.8582042302108 4.705218967444373
0.0156 6367.097495464501 1.000249963679291 1.548557603752563 286.7662794807451 4.677156926829248
0.0157 6367.111689278109 1.000249537074508 1.548476701072191 286.67401969229 4.649140647204827
0.0158 6367.125934660807 1.00024910977242 1.548395760520278 286.5814247047564 4.621171027090237
0.0159 6367.140231637251 1.000248681779355 1.548314782055939 286.4884943578658 4.59324895971216
0.016 6367.154580232129 1.000248253101639 1.548233765639026 286.3952284911624 4.565375332957681
0.0161 6367.168980470154 1.000247823745591 1.548152711230178 286.3016269440012 4.537551029320499
0.0162 6367.183432376069 1.000247393717527 1.548071618790765 286.2076895555541 4.509776925852903
0.0163 6367.197935974642 1.00024696302376 1.547990488282974 286.1134161648273 4.482053894121678
0.0164 6367.21249129067 1.000246531670596 1.547909319669689 286.0188066106438 4.454382800153929
0.0165 6367.227098348973 1.000246099664337 1.54782811291464 285.9238607316728 4.426764504397302
0.0166 6367.241757174401 1.00024566701128 1.547746867982258 285.8285783663945 4.399199861661632
0.0167 6367.256467791823 1.000245233717717 1.547665584837756 285.732959353153 4.371689721086866
0.0168 6367.271230226138 1.000244799789936 1.547584263447076 285.6370035301032 4.344234926080604
0.0169 6367.286044502266 1.000244365234215 1.547502903777004 285.5407107352702 4.316836314288533
0.017 6367.300910645152 1.000243930056831 1.547421505794997 285.4440808065132 4.289494717538087
0.0171 6367.315828679764 1.000243494264052 1.547340069469319 285.347113581532 4.262210961794591
0.0172 6367.330798631093 1.00024305786214 1.547258594768974 285.2498088978963 4.234985867124435
0.0173 6367.34582052415 1.000242620857352 1.547177081663712 285.1521665930221 4.20782024764374
0.0174 6367.360894383972 1.000242183255937 1.547095530124085 285.0541865041836 4.180714911477542
0.0175 6367.376020235613 1.000241745064137 1.547013940121316 284.9558684685129 4.153670660716163
0.0176 6367.391198104151 1.000241306288189 1.546932311627473 284.8572123230182 4.126688291376922
0.0177 6367.406428014682 1.000240866934321 1.546850644615301 284.7582179045656 4.09976859335663
0.0178 6367.421709992322 1.000240427008754 1.546768939058376 284.6588850499091 4.07291235039751
0.0179 6367.437044062207 1.000239986517701 1.546687194930926 284.5592135956548 4.046120340035969
0.018 6367.452430249493 1.000239545467367 1.546605412208014 284.4592033782964 4.019393333571155
0.0181 6367.467868579353 1.00023910386395 1.546523590865397 284.3588542342035 3.992732096021192
0.0182 6367.483359076979 1.00023866171364 1.546441730879588 284.2581659996393 3.966137386087878
0.0183 6367.498901767578 1.000238219022617 1.546359832227876 284.157138510743 3.939609956112484
0.0184 6367.514496676377 1.000237775797054 1.546277894888239 284.0557716035472 3.913150552041517
0.0185 6367.53014382862 1.000237332043114 1.546195918839455 283.9540651139722 3.88675991338677
0.0186 6367.545843249562 1.000236887766953 1.546113904060987 283.8520188778438 3.860438773192073
0.0187 6367.561594964479 1.000236442974715 1.546031850533085 283.7496327308871 3.834187857994415
0.0188 6367.577398998659 1.000235997672538 1.545949758236707 283.6469065087152 3.808007887784205
0.0189 6367.593255377407 1.000235551866547 1.545867627153558 283.5438400468523 3.781899575975173
0.019 6367.609164126042 1.00023510556286 1.545785457266077 283.4404331807281 3.755863629367223
0.0191 6367.625125269893 1.000234658767585 1.545703248557413 283.3366857456953 3.72990074811584
0.0192 6367.641138834307 1.000234211486818 1.545621001011493 283.2325975770062 3.704011625691658
0.0193 6367.657204844641 1.000233763726646 1.545538714612957 283.1281685098364 3.678196948852506
0.0194 6367.673323326264 1.000233315493146 1.545456389347131 283.0233983792845 3.652457397610039
0.0195 6367.68949430456 1.000232866792384 1.545374025200125 282.9182870203603 3.626793645194109
0.0196 6367.705717804923 1.000232417630415 1.545291622158748 282.8128342680028 3.601206358024994
0.0197 6367.721993852756 1.000231968013284 1.545209180210527 282.7070399570861 3.575696195683243
0.0198 6367.738322473475 1.000231517947023 1.545126699343726 282.6009039224131 3.550263810877251
0.0199 6367.754703692504 1.000231067437655 1.545044179547298 282.4944259987218 3.524909849414327
0.02 6367.771137535279 1.000230616491189 1.544961620810968 282.3876060206852 3.499634950170918
0.0201 6367.787624027244 1.000230165113626 1.544879023125119 282.2804438229172 3.47443974506487
0.0202 6367.80416319385 1.000229713310951 1.54479638648088 282.1729392399724 3.449324859026865
0.0203 6367.820755060559 1.00022926108914 1.544713710870081 282.0650921063642 3.424290909976609
0.0204 6367.837399652841 1.000228808454156 1.54463099628528 281.956902256535 3.399338508788618
0.0205 6367.85409699617 1.000228355411949 1.544548242719718 281.8483695248977 3.374468259275114
0.0206 6367.87084711603 1.000227901968458 1.54446545016735 281.739493745806 3.349680758153092
0.0207 6367.88765003791 1.000227448129608 1.544382618622843 281.6302747535841 3.324976595025628
0.0208 6367.904505787305 1.000226993901311 1.544299748081572 281.5207123825147 3.300356352354297
0.0209 6367.921414389717 1.000226539289468 1.544216838539594 281.4108064668393 3.275820605434982
0.021 6367.938375870653 1.000226084299964 1.544133889993661 281.3005568407578 3.251369922374336
0.0211 6367.955390255622 1.000225628938674 1.544050902441241 281.1899633384586 3.227004864073386
0.0212 6367.97245757014 1.000225173211456 1.543967875880473 281.0790257940884 3.202725984198647
0.0213 6367.989577839727 1.000224717124159 1.543884810310215 280.9677440417762 3.17853382916568
0.0214 6368.006751089903 1.000224260682612 1.543801705729986 280.8561179156276 3.154428938116746
0.0215 6368.023977346196 1.000223803892637 1.543718562140008 280.7441472497243 3.130411842900444
0.0216 6368.041256634133 1.000223346760035 1.543635379541188 280.6318318781363 3.106483068054524
0.0217 6368.058588979243 1.0002228892906 1.543552157935089 280.5191716349217 3.082643130786777
0.0218 6368.075974407059 1.000222431490105 1.543468897323998 280.406166354115 3.058892540954122
0.0219 6368.093412943113 1.000221973364312 1.543385597710843 280.2928158697626 3.035231801052307
0.022 6368.11090461294 1.000221514918969 1.54330225909926 280.1791200158931 3.011661406192545
0.0221 6368.128449442071 1.000221056159806 1.543218881493496 280.0650786265409 2.988181844090008
0.0222 6368.146047456042 1.000220597092542 1.543135464898547 279.9506915357287 2.964793595044357
0.0223 6368.163698680387 1.000220137722877 1.543052009320024 279.835958577485 2.941497131928291
0.0224 6368.181403140638 1.000219678056498 1.542968514764207 279.7208795858504 2.918292920174251
0.0225 6368.199160862328 1.000219218099076 1.542884981238056 279.6054543948652 2.895181417758224
0.0226 6368.216971870985 1.000218757856268 1.542801408749189 279.4896828385994 2.872163075192532
0.0227 6368.234836192136 1.000218297333712 1.542717797305861 279.373564751117 2.849238335506272
0.0228 6368.252753851308 1.000217836537033 1.542634146917004 279.2570999664998 2.82640763423829
0.0229 6368.270724874021 1.00021737547184 1.542550457592188 279.1402883188651 2.803671399429505
0.023 6368.288749285794 1.000216914143724 1.542466729341639 279.023129642342 2.78103005160781
0.0231 6368.306827112141 1.000216452558261 1.542382962176224 278.9056237710832 2.758484003780652
0.0232 6368.324958378574 1.000215990721011 1.542299156107462 278.787770539271 2.736033661427077
0.0233 6368.343143110599 1.000215528637517 1.54221531114749 278.6695697811055 2.713679422487095
0.0234 6368.361381333718 1.000215066313305 1.542131427309103 278.5510213308338 2.691421677359575
0.0235 6368.379673073425 1.000214603753885 1.542047504605744 278.4321250227389 2.669260808892917
0.0236 6368.398018355209 1.00021414096475 1.54196354305146 278.312880691139 2.647197192378696
0.0237 6368.416417204555 1.000213677951376 1.541879542660928 278.1932881703937 2.625231195547102
0.0238 6368.434869646939 1.000213214719221 1.541795503449479 278.0733472948981 2.603363178560869
0.0239 6368.453375707832 1.000212751273728 1.541711425433035 277.9530578990947 2.581593494013169
0.024 6368.471935412696 1.00021228762032 1.541627308628164 277.832419817479 2.559922486925049
0.0241 6368.490548786986 1.000211823764405 1.541543153052023 277.711432884594 2.53835049474143
0.0242 6368.509215856148 1.000211359711372 1.5414589587224 277.5900969350358 2.516877847329933
0.0243 6368.527936645622 1.000210895466592 1.541374725657716 277.4684118034596 2.495504866980377
0.0244 6368.546711180835 1.000210431035419 1.541290453876943 277.3463773245738 2.474231868402872
0.0245 6368.565539487207 1.000209966423188 1.541206143399728 277.223993333152 2.453059158729728
0.0246 6368.58442159015 1.000209501635219 1.541121794246259 277.1012596640265 2.431987037514939
0.0247 6368.603357515062 1.00020903667681 1.541037406437346 276.9781761520952 2.411015796736429
0.0248 6368.622347287333 1.000208571553244 1.540952979994408 276.8547426323324 2.390145720799957
0.0249 6368.641390932343 1.000208106269783 1.540868514939432 276.7309589397718 2.369377086538685
0.025 6368.660488475457 1.000207640831671 1.540784011295015 276.6068249095296 2.348710163220467
0.0251 6368.679639942033 1.000207175244137 1.540699469084325 276.4823403767872 2.328145212548842
0.0252 6368.698845357413 1.000206709512386 1.540614888331099 276.3575051768147 2.307682488671622
0.0253 6368.71810474693 1.000206243641609 1.540530269059697 276.2323191449531 2.287322238183315
0.0254 6368.737418135903 1.000205777636975 1.540445611295011 276.106782116632 2.267064700134072
0.0255 6368.756785549637 1.000205311503635 1.540360915062523 275.9808939273579 2.246910106034499
0.0256 6368.776207013426 1.000204845246722 1.540276180388278 275.854654412732 2.226858679865936
0.0257 6368.795682552547 1.000204378871348 1.540191407298903 275.728063408444 2.206910638087593
0.0258 6368.815212192265 1.000203912382609 1.540106595821555 275.6011207502783 2.187066189646269
0.0259 6368.83479595783 1.000203445785578 1.540021745983982 275.473826274102 2.167325535983996
0.026 6368.854433874478 1.000202979085311 1.539936857814464 275.3461798158945 2.147688871052805
0.0261 6368.874125967427 1.000202512286845 1.539851931341843 275.2181812117241 2.128156381321884
0.0262 6368.893872261884 1.000202045395194 1.539766966595497 275.0898302977533 2.10872824579007
0.0263 6368.913672783036 1.000201578415357 1.539681963605367 274.9611269102633 2.089404636001635
0.0264 6368.933527556057 1.000201111352311 1.539596922401912 274.8320708856294 2.070185716055592
0.0265 6368.953436606102 1.000200644211013 1.539511843016155 274.7026620603395 2.051071642621943
0.0266 6368.97339995831 1.000200176996401 1.539426725479622 274.572900270988 2.032062564955043
0.0267 6368.993417637802 1.000199709713393 1.539341569824388 274.4427853542874 2.013158624910265
0.0268 6369.013489669683 1.000199242366887 1.539256376083055 274.3123171470623 1.994359956958719
0.0269 6369.033616079038 1.00019877496176 1.539171144288735 274.1814954862501 1.975666688203544
0.027 6369.053796890938 1.000198307502872 1.539085874475055 274.0503202089061 1.957078938397717
0.0271 6369.074032130429 1.000197839995058 1.539000566676176 273.9187911522098 1.938596819962503
0.0272 6369.094321822544 1.000197372443138 1.538915220926755 273.7869081534649 1.92022043800572
0.0273 6369.114665992294 1.000196904851908 1.538829837261969 273.6546710500874 1.901949890339058
0.0274 6369.13506466467 1.000196437226146 1.538744415717467 273.5220796796469 1.883785267503418
0.0275 6369.155517864645 1.000195969570608 1.53865895632944 273.3891338798079 1.865726652781031
0.0276 6369.17602561717 1.00019550189003 1.538573459134537 273.2558334883942 1.847774122225322
0.0277 6369.196587947177 1.000195034189129 1.538487924169923 273.1221783433479 1.829927744676831
0.0278 6369.217204879576 1.000194566472599 1.538402351473252 272.988168282753 1.812187581788663
0.0279 6369.237876439258 1.000194098745115 1.53831674108263 272.8538031448237 1.794553688047808
0.028 6369.25860265109 1.000193631011333 1.538231093036675 272.7190827679159 1.77702611080025
0.0281 6369.279383539919 1.000193163275884 1.538145407374472 272.5840069905274 1.759604890275153
0.0282 6369.300219130569 1.000192695543382 1.538059684135567 272.4485756513039 1.74229005961044
0.0283 6369.321109447842 1.00019222781842 1.537973923359993 272.312788589027 1.725081644876753
0.0284 6369.342054516518 1.000191760105568 1.53788812508823 272.176645642632 1.707979665105832
0.0285 6369.363054361354 1.000191292409377 1.537802289361227 272.0401466511961 1.690984132315759
0.0286 6369.384109007085 1.000190824734377 1.537716416220383 271.9032914539501 1.674095051539829
0.0287 6369.405218478419 1.000190357085077 1.53763050570755 271.7660798902788 1.657312420854535
0.0288 6369.426382800042 1.000189889465966 1.537544557865026 271.6285117997262 1.640636231408906
0.0289 6369.447601996619 1.000189421881509 1.537458572735561 271.4905870219785 1.62406646745161
0.029 6369.468876092786 1.000188954336154 1.537372550362327 271.3523053968933 1.607603106364397
0.0291 6369.490205113157 1.000188486834325 1.537286490788948 271.2136667644817 1.591246118690425
0.0292 6369.511589082321 1.000188019380427 1.537200394059489 271.0746709649146 1.574995468166075
0.0293 6369.533028024841 1.000187551978843 1.537114260218402 270.9353178385344 1.558851111754016
0.0294 6369.554521965255 1.000187084633937 1.537028089310589 270.7956072258429 1.542812999674112
0.0295 6369.576070928076 1.000186617350048 1.536941881381379 270.6555389675076 1.526881075437013
0.0296 6369.597674937791 1.000186150131497 1.536855636476494 270.5151129043614 1.511055275877655
0.0297 6369.61933401886 1.000185682982583 1.536769354642077 270.3743288774089 1.495335531190006
0.0298 6369.641048195717 1.000185215907585 1.536683035924663 270.2331867278375 1.479721764963029
0.0299 6369.66281749277 1.000184748910759 1.536596680371211 270.0916862969947 1.464213894213292
0.03 6369.684641934399 1.000184281996343 1.53651028802906 269.949827426405 1.448811829422768
0.0301 6369.706521544957 1.00018381516855 1.536423858945955 269.8076099577823 1.433515474576495
0.0302 6369.728456348769 1.000183348431574 1.536337393170021 269.6650337330001 1.418324727196329
0.0303 6369.750446370133 1.000182881789589 1.536250890749769 269.5220985941327 1.403239478382915
0.0304 6369.772491633321 1.000182415246746 1.536164351734086 269.3788043834141 1.388259612849358
0.0305 6369.794592162573 1.000181948807175 1.536077776172235 269.2351509432737 1.373385008963617
0.0306 6369.816747982104 1.000181482474989 1.535991164113843 269.0911381163236 1.358615538786424
0.0307 6369.838959116098 1.000181016254273 1.535904515608943 268.9467657453655 1.343951068111615
0.0308 6369.861225588712 1.000180550149095 1.535817830707889 268.8020336733724 1.329391456504596
0.0309 6369.883547424071 1.000180084163504 1.535731109461402 268.6569417435361 1.314936557347913
0.031 6369.905924646275 1.000179618301524 1.535644351920563 268.5114897992138 1.300586217877205
0.0311 6369.928357279389 1.00017915256716 1.535557558136802 268.3656776839697 1.286340279227191
0.0312 6369.950845347455 1.000178686964396 1.53547072816189 268.2195052415453 1.272198576471116
0.0313 6369.973388874478 1.000178221497194 1.535383862047964 268.0729723158951 1.258160938667079
0.0314 6369.995987884437 1.000177756169496 1.535296959847439 267.9260787511565 1.244227188898537
0.0315 6370.018642401283 1.000177290985224 1.535210021613106 267.7788243916624 1.230397144319344
0.0316 6370.04135244893 1.000176825948278 1.535123047398085 267.6312090819582 1.21667061619978
0.0317 6370.064118051264 1.000176361062536 1.535036037255805 267.4832326667846 1.203047409969714
0.0318 6370.086939232141 1.000175896331858 1.534948991240016 267.3348949910832 1.189527325264507
0.0319 6370.109816015386 1.000175431760081 1.534861909404788 267.1861958999906 1.176110155970302
0.032 6370.13274842479 1.000174967351023 1.534774791804496 267.0371352388623 1.162795690272443
0.0321 6370.155736484116 1.000174503108479 1.534687638493813 266.8877128532489 1.149583710700086
0.0322 6370.17878021709 1.000174039036225 1.534600449527727 266.7379285889136 1.136473994174987
0.0323 6370.201879647412 1.000173575138017 1.534513224961503 266.5877822918209 1.123466312058123
0.0324 6370.225034798746 1.000173111417589 1.534425964850726 266.4372738081478 1.11056043019883
0.0325 6370.248245694725 1.000172647878656 1.534338669251242 266.2864029842843 1.097756108983329
0.0326 6370.27151235895 1.00017218452491 1.534251338219185 266.1351696668274 1.085053103383196
0.0327 6370.294834814986 1.000171721360025 1.534163971810982 265.9835737025927 1.072451163005754
0.0328 6370.31821308637 1.000171258387654 1.534076570083326 265.8316149385968 1.059950032142415
0.0329 6370.341647196601 1.00017079561143 1.533989133093165 265.6792932220927 1.047549449821837
0.033 6370.365137169149 1.000170333034964 1.533901660897731 265.5266084005347 1.03524914985762
0.0331 6370.388683027448 1.000169870661848 1.533814153554522 265.3735603215895 1.023048860900341
0.0332 6370.412284794898 1.000169408495656 1.533726611121256 265.2201488331606 1.010948306490849
0.0333 6370.43594249487 1.000168946539938 1.533639033655923 265.0663737833464 0.9989472051087833
0.0334 6370.459656150694 1.000168484798226 1.533551421216788 264.9122350204879 0.9870452702284894
0.0335 6370.483425785671 1.000168023274032 1.533463773862311 264.7577323931386 0.9752422103692348
0.0336 6370.507251423066 1.000167561970849 1.533376091651224 264.6028657500709 0.9635377291486049
0.0337 6370.53113308611 1.000167100892148 1.533288374642471 264.4476349402879 0.9519315253366689
0.0338 6370.555070797999 1.000166640041381 1.53320062289524 264.2920398130053 0.9404232929082638
0.0339 6370.579064581897 1.000166179421982 1.533112836468931 264.1360802176695 0.9290127210982928
0.034 6370.603114460928 1.000165719037363 1.533025015423177 263.9797560039691 0.917699494456847
0.0341 6370.627220458186 1.000165258890919 1.532937159817802 263.823067021788 0.9064832929003943
0.0342 6370.651382596729 1.000164798986023 1.532849269712873 263.6660131212642 0.8953637917710053
0.0343 6370.675600899576 1.00016433932603 1.532761345168654 263.5085941527544 0.8843406618890283
0.0344 6370.699875389716 1.000163879914276 1.532673386245591 263.350809966846 0.873413569609494
0.0345 6370.7242060901 1.000163420754077 1.532585393004334 263.1926604143508 0.862582176877556
0.0346 6370.748593023643 1.00016296184873 1.532497365505769 263.0341453463233 0.8518461412858419
0.0347 6370.773036213224 1.000162503201513 1.532409303810897 262.8752646140423 0.8412051161296424
0.0348 6370.79753568169 1.000162044815685 1.532321207980959 262.7160180690174 0.8306587504640165
0.0349 6370.822091451847 1.000161586694486 1.532233078077353 262.5564055629947 0.8202066891611322
0.035 6370.846703546468 1.000161128841139 1.53214491416165 262.3964269479565 0.8098485729674627
0.0351 6370.871371988289 1.000160671258845 1.532056716295619 262.2360820761218 0.7995840385612326
0.0352 6370.896096800009 1.00016021395079 1.531968484541153 262.0753707999401 0.7894127186097335
0.0353 6370.920878004293 1.000159756920138 1.53188021896034 261.9142929720973 0.7793342418276364
0.0354 6370.945715623767 1.000159300170037 1.531791919615404 261.752848445516 0.7693482330351414
0.0355 6370.970609681022 1.000158843703616 1.531703586568727 261.5910370733549 0.7594543132163445
0.0356 6370.995560198612 1.000158387523986 1.531615219882872 261.4288587090213 0.7496520995785244
0.0357 6371.020567199054 1.000157931634239 1.531526819620491 261.2663132061469 0.739941205609476
0.0358 6371.045630704828 1.000157476037451 1.531438385844417 261.103400418618 0.7303212411382565
0.0359 6371.070750738378 1.000157020736678 1.531349918617599 260.940120200545 0.7207918123925666
0.036 6371.09592732211 1.000156565734958 1.531261418003125 260.7764724062871 0.7113525220594773
0.0361 6371.121160478393 1.000156111035314 1.531172884064206 260.6124568904455 0.7020029693445555
0.0362 6371.14645022956 1.000155656640748 1.531084316864177 260.4480735078581 0.6927427500311713
0.0363 6371.171796597907 1.000155202554248 1.530995716466494 260.2833221136051 0.6835714565406343
0.0364 6371.197199605689 1.000154748778781 1.53090708293472 260.1182025630209 0.6744886779927729
0.0365 6371.222659275129 1.000154295317301 1.530818416332517 259.9527147116645 0.6654940002643631
0.0366 6371.248175628408 1.00015384217274 1.53072971672369 259.7868584153492 0.6565870060509569
0.0367 6371.273748687672 1.000153389348017 1.530640984172114 259.6206335301307 0.6477672749265253
0.0368 6371.29937847503 1.000152936846033 1.530552218741758 259.4540399123069 0.6390343834038759
0.0369 6371.32506501255 1.00015248466967 1.53046342049669 259.2870774184242 0.6303879049954705
0.03700000000000001 6371.350808322266 1.000152032821797 1.530374589501096 259.1197459052713 0.6218274102737119
0.0371 6371.376608426172 1.000151581305263 1.530285725819189 258.9520452298792 0.61335246693163
0.0372 6371.402465346227 1.000151130122903 1.5301968295153 258.7839752495273 0.6049626398439367
0.0373 6371.428379104347 1.000150679277535 1.530107900653823 258.6155358217433 0.596657491127831
0.0374 6371.454349722416 1.00015022877196 1.530018939299247 258.4467268042971 0.5884365802035774
0.0375 6371.480377222276 1.000149778608964 1.529929945516083 258.2775480552071 0.5802994638557146
0.0376 6371.506461625733 1.000149328791317 1.529840919368945 258.1079994327341 0.5722456962937261
0.0377 6371.532602954554 1.000148879321772 1.529751860922484 257.9380807953988 0.564274829213862
0.0378 6371.558801230469 1.000148430203068 1.529662770241416 257.7677920019527 0.5563864118587439
0.0379 6371.585056475167 1.000147981437927 1.529573647390505 257.597132911413 0.5485799910800399
0.038 6371.611368710304 1.000147533029057 1.529484492434561 257.426103383022 0.540855111397571
0.0381 6371.637737957494 1.000147084979149 1.529395305438428 257.2547032762876 0.533211315062225
0.0382 6371.664164238314 1.00014663729088 1.529306086467026 257.0829324509604 0.5256481421158651
0.0383 6371.690647574302 1.000146189966913 1.529216835585246 256.910790767039 0.5181651304525784
0.0384 6371.717187986959 1.000145743009893 1.529127552858065 256.7382780847646 0.5107618158793643
0.0385 6371.743785497748 1.000145296422452 1.529038238350458 256.5653942646385 0.5034377321778011
0.0386 6371.770440128093 1.00014485020721 1.528948892127429 256.3921391673983 0.4961924111638848
0.03870000000000001 6371.797151899379 1.000144404366767 1.528859514254009 256.2185126540361 0.4890253827495842
0.0388 6371.823920832954 1.000143958903714 1.528770104795234 256.0445145857979 0.4819361750035566
0.0389 6371.850746950127 1.000143513820624 1.528680663816161 255.8701448241721 0.4749243142113141
0.039 6371.87763027217 1.000143069120058 1.528591191381836 255.6954032308957 0.4679893249360468
0.0391 6371.904570820315 1.000142624804561 1.528501687557334 255.5202896679538 0.4611307300791008
0.0392 6371.931568615757 1.000142180876668 1.528412152407704 255.3448039975796 0.4543480509403595
0.0393 6371.958623679652 1.000141737338896 1.528322585997997 255.1689460822607 0.4476408072787377
0.0394 6371.985736033118 1.000141294193752 1.528232988393277 254.9927157847332 0.4410085173720986
0.0395 6372.012905697235 1.000140851443726 1.528143359658578 254.8161129679751 0.4344506980770627
0.0396 6372.040132693043 1.000140409091299 1.528053699858912 254.639137495219 0.4279668648893443
0.0397 6372.067417041547 1.000139967138935 1.527964009059283 254.4617892299456 0.4215565320032739
0.0398 6372.094758763711 1.000139525589088 1.527874287324681 254.284068035878 0.4152192123711859
0.0399 6372.122157880463 1.000139084444198 1.52778453472004 254.1059737769878 0.408954417763076
0.04 6372.149614412692 1.000138643706691 1.527694751310298 253.9275063175004 0.4027616588260736
0.0401 6372.177128381248 1.000138203378984 1.527604937160334 253.7486655218898 0.3966404451433184
0.0402 6372.204699806942 1.000137763463478 1.527515092335006 253.5694512548783 0.3905902852928667
0.0403 6372.232328710549 1.000137323962563 1.527425216899124 253.3898633814305 0.3846106869062101
0.04040000000000001 6372.260015112805 1.000136884878618 1.527335310917459 253.209901766765 0.3787011567271854
0.0405 6372.28775903441 1.000136446214009 1.527245374454719 253.0295662763373 0.372861200669693
0.0406 6372.315560496021 1.000136007971091 1.527155407575593 252.8488567758626 0.3670903238765572
0.0407 6372.343419518262 1.000135570152206 1.527065410344674 252.6677731312988 0.3613880307768031
0.0408 6372.371336121716 1.000135132759685 1.526975382826535 252.4863152088459 0.3557538251432937
0.0409 6372.39931032693 1.000134695795849 1.526885325085652 252.3044828749524 0.350187210150304
0.041 6372.427342154413 1.000134259263007 1.526795237186473 252.1222759963151 0.3446876884306528
0.0411 6372.455431624635 1.000133823163456 1.526705119193358 251.9396944398731 0.3392547621324019
0.0412 6372.483578758028 1.000133387499483 1.526614971170598 251.7567380728195 0.3338879329758212
0.0413 6372.511783574988 1.000132952273364 1.526524793182399 251.5734067625784 0.3285867023090316
0.0414 6372.540046095872 1.000132517487365 1.52643458529292 251.3897003768337 0.3233505711649319
0.0415 6372.568366340999 1.000132083143741 1.526344347566216 251.2056187835059 0.3181790403162794
0.04160000000000001 6372.596744330652 1.000131649244736 1.526254080066266 251.0211618507636 0.3130716103315068
0.0417 6372.625180085075 1.000131215792586 1.526163782856942 250.8363294470122 0.3080277816295659
0.0418 6372.653673624475 1.000130782789515 1.52607345600207 250.651121440911 0.3030470545352774
0.0419 6372.682224969022 1.000130350237737 1.525983099565343 250.4655377013559 0.2981289293333845
0.042 6372.710834138848 1.000129918139458 1.525892713610372 250.2795780974851 0.293272906322939
0.04210000000000001 6372.739501154049 1.000129486496872 1.525802298200678 250.0932424986794 0.2884784858711838
0.0422 6372.768226034682 1.000129055312167 1.525711853399664 249.9065307745676 0.2837451684672475
0.0423 6372.797008800767 1.000128624587519 1.52562137927064 249.7194427950152 0.2790724547750351
0.0424 6372.825849472288 1.000128194325095 1.52553087587681 249.5319784301299 0.2744598456862257
0.0425 6372.854748069191 1.000127764527055 1.52544034328126 249.3441375502561 0.269906842372609
0.0426 6372.883704611387 1.000127335195548 1.525349781546969 249.1559200259861 0.2654129463384856
0.0427 6372.912719118747 1.000126906332715 1.525259190736798 248.9673257281432 0.2609776594719782
0.0428 6372.941791611108 1.000126477940688 1.525168570913486 248.7783545277988 0.2566004840968114
0.0429 6372.970922108269 1.000126050021593 1.525077922139651 248.5890062962488 0.2522809230227293
0.043 6373.000110629992 1.000125622577545 1.524987244477802 248.3992809050495 0.2480184795968834
0.0431 6373.029357196004 1.000125195610652 1.524896537990307 248.2091782259757 0.2438126577530598
0.0432 6373.058661825993 1.000124769123014 1.524805802739405 248.0186981310447 0.2396629620619858
0.04330000000000001 6373.088024539614 1.000124343116722 1.524715038787214 247.8278404925103 0.2355688977805456
0.0434 6373.117445356482 1.000123917593862 1.524624246195705 247.6366051828685 0.2315299709008349
0.0435 6373.146924296178 1.000123492556511 1.524533425026726 247.444992074846 0.227545688198409
0.0436 6373.176461378246 1.000123068006737 1.524442575341979 247.2530010414001 0.2236155572803621
0.0437 6373.206056622195 1.000122643946603 1.524351697203021 247.0606319557304 0.2197390866332029
0.0438 6373.235710047497 1.000122220378165 1.524260790671282 246.867884691267 0.2159157856697969
0.0439 6373.265421673589 1.00012179730347 1.524169855808024 246.6747591216707 0.2121451647761094
0.044 6373.295191519871 1.00012137472456 1.524078892674374 246.4812551208387 0.2084267353576041
0.0441 6373.325019605709 1.000120952643469 1.523987901331314 246.2873725628928 0.2047600098848357
0.0442 6373.354905950432 1.000120531062227 1.523896881839663 246.0931113221912 0.2011445019390331
0.0443 6373.384850573334 1.000120109982853 1.523805834260087 245.8984712733289 0.1975797262569734
0.0444 6373.414853493674 1.000119689407365 1.523714758653101 245.7034522911193 0.1940651987750598
0.0445 6373.444914730675 1.000119269337771 1.52362365507906 245.5080542506124 0.190600436673572
0.0446 6373.475034303525 1.000118849776075 1.523532523598155 245.3122770270887 0.1871849584199871
0.0447 6373.505212231377 1.000118430724273 1.523441364270421 245.1161204960475 0.1838182838117168
0.0448 6373.535448533351 1.000118012184359 1.523350177155722 244.9195845332187 0.1804999340187624
0.0449 6373.565743228528 1.000117594158316 1.523258962313766 244.7226690145684 0.1772294316257484
0.04500000000000001 6373.596096335958 1.000117176648128 1.52316771980407 244.5253738162759 0.1740063006729611
0.0451 6373.626507874653 1.000116759655768 1.523076449686008 244.3276988147567 0.1708300666976655
0.0452 6373.656977863594 1.000116343183207 1.522985152018767 244.1296438866392 0.1677002567741282
0.0453 6373.687506321727 1.00011592723241 1.522893826861361 243.9312089087765 0.1646163995537012
0.0454 6373.718093267961 1.000115511805336 1.522802474272633 243.7323937582522 0.1615780253042741
0.0455 6373.748738721173 1.000115096903942 1.522711094311253 243.5331983123746 0.1585846659490102
0.0456 6373.779442700205 1.000114682530177 1.5226196870357 243.3336224486646 0.1556358551044733
0.0457 6373.810205223866 1.000114268685987 1.522528252504288 243.1336660448682 0.1527311281185754
0.0458 6373.841026310931 1.000113855373313 1.522436790775147 242.9333289789496 0.1498700221077143
0.0459 6373.871905980139 1.000113442594093 1.522345301906207 242.732611129098 0.1470520759935406
0.046 6373.902844250199 1.00011303035026 1.522253785955235 242.5315123737095 0.1442768305388447
0.0461 6373.933841139783 1.000112618643742 1.522162242979799 242.3300325914105 0.1415438283834741
0.0462 6373.964896667534 1.000112207476464 1.522070673037287 242.1281716610287 0.1388526140789609
0.0463 6373.996010852058 1.000111796850346 1.521979076184897 241.9259294616221 0.1362027341233983
0.0464 6374.027183711928 1.000111386767306 1.521887452479642 241.7233058724677 0.1335937369951904
0.0465 6374.058415265686 1.000110977229258 1.521795801978319 241.5203007730432 0.1310251731861788
0.0466 6374.089705531839 1.00011056823811 1.521704124737575 241.3169140430454 0.1284965952346648
0.04670000000000001 6374.121054528864 1.00011015979577 1.521612420813827 241.1131455623835 0.1260075577575526
0.0468 6374.152462275203 1.000109751904141 1.521520690263323 240.9089952111798 0.1235576174819992
0.0469 6374.183928789266 1.000109344565122 1.521428933142096 240.7044628697694 0.1211463332764908
0.047 6374.215454089431 1.00010893778061 1.521337149506001 240.4995484187001 0.1187732661813432
0.0471 6374.247038194043 1.0001085315525 1.52124533941067 240.2942517387208 0.116437979438491
0.0472 6374.278681121416 1.000108125882681 1.521153502911573 240.0885727107933 0.1141400385209737
0.0473 6374.310382889832 1.000107720773042 1.521061640063945 239.882511216092 0.1118790111616954
0.0474 6374.34214351754 1.000107316225469 1.520969750922847 239.6760671359924 0.1096544673814764
0.0475 6374.373963022756 1.000106912241843 1.520877835543122 239.4692403520829 0.1074659795167807
0.0476 6374.405841423671 1.000106508824046 1.520785893979427 239.262030746141 0.1053131222464776
0.0477 6374.437778738435 1.000106105973955 1.520693926286204 239.0544382001748 0.1031954726187002
0.0478 6374.469774985173 1.000105703693446 1.52060193251769 238.8464625963755 0.1011126100761876
0.04790000000000001 6374.501830181977 1.000105301984392 1.520509912727931 238.6381038171475 0.09906411648183788
0.048 6374.533944346909 1.000104900848663 1.52041786697077 238.4293617450898 0.09704957614318603
0.0481 6374.566117497998 1.00010450028813 1.520325795299831 238.2202362630145 0.09506857583664033
0.0482 6374.598349653244 1.000104100304659 1.520233697768541 238.010727253917 0.09312070483067274
0.0483 6374.630640830615 1.000103700900115 1.520141574430111 237.8008346010055 0.09120555490898002
0.04840000000000001 6374.66299104805 1.000103302076362 1.520049425337573 237.5905581876772 0.08932272039254927
0.0485 6374.695400323456 1.000102903835261 1.519957250543724 237.3798978975364 0.08747179816151306
0.0486 6374.72786867471 1.000102506178673 1.519865050101164 237.1688536143823 0.08565238767614024
0.0487 6374.76039611966 1.000102109108455 1.519772824062295 236.9574252222095 0.08386409099734279
0.0488 6374.792982676122 1.000101712626465 1.519680572479305 236.7456126052074 0.08210651280658875
0.0489 6374.825628361884 1.000101316734558 1.519588295404165 236.5334156477546 0.08037926042517278
0.049 6374.858333194703 1.000100921434588 1.519495992888649 236.3208342344309 0.07868194383303891
0.0491 6374.891097192307 1.000100526728409 1.519403664984323 236.107868250005 0.07701417568681543
0.0492 6374.923920372395 1.000100132617871 1.51931131174254 235.894517579435 0.07537557133735785
0.0493 6374.956802752636 1.000099739104826 1.519218933214449 235.6807821078681 0.07376574884669948
0.0494 6374.989744350669 1.000099346191122 1.519126529450995 235.4666617206525 0.07218432900449735
0.0495 6375.022745184105 1.000098953878608 1.519034100502907 235.2521563033196 0.07063093534366585
0.04960000000000001 6375.055805270525 1.000098562169132 1.518941646420704 235.03726574159 0.06910519415560232
0.0497 6375.088924627482 1.00009817106454 1.518849167254713 234.8219899213676 0.06760673450473841
0.0498 6375.122103272502 1.000097780566676 1.518756663055036 234.6063287287396 0.06613518824254982
0.0499 6375.155341223079 1.000097390677388 1.518664133871571 234.3902820499883 0.06469019002105864
0.05 6375.188638496681 1.000097001398517 1.518571579754024 234.1738497715731 0.06327137730555114
0.05010000000000001 6375.221995110747 1.000096612731908 1.518479000751868 233.957031780143 0.06187839038691599
0.0502 6375.255411082688 1.000096224679403 1.518386396914391 233.7398279625298 0.06051087239328223
0.0503 6375.288886429886 1.000095837242845 1.518293768290671 233.5222382057431 0.05916846930108468
0.0504 6375.322421169696 1.000095450424074 1.518201114929577 233.3042623969753 0.05785082994562768
0.0505 6375.356015319447 1.000095064224932 1.518108436879759 233.0859004235966 0.0565576060310024
0.0506 6375.389668896436 1.000094678647259 1.51801573418969 232.8671521731661 0.05528845213953786
0.0507 6375.423381917936 1.000094293692895 1.517923006907619 232.6480175334144 0.05404302574050947
0.0508 6375.457154401192 1.000093909363679 1.517830255081592 232.4284963922495 0.05282098719842331
0.0509 6375.490986363423 1.000093525661452 1.517737478759466 232.2085886377507 0.05162199978066932
0.051 6375.524877821817 1.000093142588051 1.517644677988868 231.9882941581867 0.05044572966474233
0.0511 6375.558828793539 1.000092760145315 1.51755185281725 231.7676128419974 0.04929184594470994
0.0512 6375.592839295725 1.000092378335082 1.517459003291854 231.5465445777885 0.04816002063719737
0.05130000000000001 6375.626909345484 1.00009199715919 1.517366129459718 231.3250892543546 0.04704992868697083
0.0514 6375.661038959901 1.000091616619476 1.517273231367675 231.1032467606441 0.04596124797167037
0.0515 6375.695228156032 1.000091236717779 1.517180309062378 230.8810169857887 0.04489365930632954
0.0516 6375.729476950909 1.000090857455935 1.51708736259025 230.6583998190916 0.04384684644714172
0.0517 6375.763785361534 1.00009047883578 1.516994391997554 230.4353951500274 0.04282049609475073
0.05180000000000001 6375.798153404888 1.000090100859152 1.516901397330331 230.2120028682301 0.04181429789695366
0.0519 6375.832581097921 1.000089723527887 1.516808378634433 229.9882228635114 0.04082794445100977
0.052 6375.867068457563 1.000089346843822 1.516715335955517 229.7640550258424 0.03986113130526077
0.0521 6375.901615500712 1.000088970808792 1.516622269339039 229.5394992453715 0.03891355696038717
0.0522 6375.936222244245 1.000088595424634 1.516529178830291 229.314555412407 0.03798492286999149
0.0523 6375.970888705011 1.000088220693183 1.516436064474335 229.0892234174283 0.03707493344079509
0.0524 6376.005614899835 1.000087846616275 1.516342926316067 228.8635031510747 0.03618329603222677
0.0525 6376.040400845517 1.000087473195745 1.516249764400187 228.637394504139 0.03530972095553468
0.0526 6376.075246558831 1.000087100433429 1.516156578771199 228.4108973675974 0.03445392147253301
0.0527 6376.110152056526 1.000086728331161 1.516063369473444 228.1840116325797 0.03361561379362157
0.0528 6376.145117355328 1.000086356890777 1.515970136551049 227.9567371903694 0.03279451707543432
0.0529 6376.180142471937 1.000085986114111 1.515876880047969 227.7290739324097 0.03199035341802187
0.05300000000000001 6376.215227423027 1.000085616002998 1.515783600007977 227.5010217503212 0.03120284786158973
0.0531 6376.250372225251 1.000085246559272 1.51569029647466 227.2725805358663 0.03043172838257389
0.0532 6376.285576895234 1.000084877784766 1.515596969491433 227.0437501809787 0.02967672588947333
0.0533 6376.320841449578 1.000084509681315 1.515503619101521 226.8145305777401 0.02893757421803314
0.0534 6376.356165904864 1.000084142250752 1.515410245347976 226.5849216183859 0.0282140101260689
0.05350000000000001 6376.391550277644 1.00008377549491 1.515316848273669 226.354923195311 0.02750577328783235
0.0536 6376.426994584451 1.000083409415622 1.515223427921309 226.12453520107 0.02681260628790663
0.0537 6376.462498841789 1.00008304401472 1.515129984333415 225.8937575283711 0.02613425461463932
0.0538 6376.498063066142 1.000082679294036 1.51503651755234 225.6625900700764 0.02547046665315535
0.0539 6376.53368727397 1.000082315255401 1.514943027620282 225.4310327191955 0.02482099367791949
0.054 6376.569371481709 1.000081951900647 1.514849514579249 225.199085368892 0.02418558984490544
0.0541 6376.605115705772 1.000081589231604 1.514755978471084 224.9667479124831 0.02356401218332427
0.05420000000000001 6376.640919962549 1.000081227250102 1.514662419337467 224.7340202434337 0.02295602058692143
0.0543 6376.676784268405 1.000080865957971 1.514568837219935 224.5009022553685 0.02236137780490996
0.0544 6376.712708639684 1.000080505357039 1.51447523215983 224.2673938420538 0.02177984943242231
0.0545 6376.748693092708 1.000080145449134 1.514381604198344 224.0334948973981 0.02121120390061252
0.0546 6376.784737643773 1.000079786236084 1.514287953376531 223.7992053154752 0.02065521246642141
0.05470000000000001 6376.820842309156 1.000079427719715 1.514194279735252 223.5645249904891 0.02011164920181222
0.0548 6376.857007105106 1.000079069901854 1.514100583315252 223.3294538168092 0.01958029098279656
0.0549 6376.893232047857 1.000078712784324 1.514006864157076 223.0939916889291 0.01906091747790759
0.055 6376.929517153615 1.000078356368951 1.513913122301163 222.8581385015021 0.0185533111364826
0.0551 6376.965862438567 1.000078000657557 1.513819357787768 222.6218941493174 0.01805725717645058
0.05520000000000001 6377.002267918872 1.000077645651964 1.513725570657023 222.3852585273297 0.01757254357188036
0.0553 6377.038733610676 1.000077291353992 1.51363176094889 222.148231530606 0.01709896104000831
0.0554 6377.075259530096 1.000076937765463 1.513537928703205 221.9108130543731 0.01663630302813405
0.0555 6377.111845693229 1.000076584888193 1.513444073959655 221.6730029940112 0.01618436570006691
0.0556 6377.148492116151 1.000076232724 1.513350196757787 221.434801245019 0.01574294792219227
0.0557 6377.185198814916 1.000075881274701 1.513256297136998 221.1962077030488 0.01531185124935225
0.0558 6377.221965805556 1.000075530542109 1.513162375136567 220.9572222638889 0.01489087991030927
0.05590000000000001 6377.258793104081 1.000075180528037 1.513068430795629 220.7178448234753 0.01447984079295598
0.056 6377.29568072648 1.000074831234296 1.512974464153187 220.4780752778801 0.01407854342918159
0.0561 6377.332628688721 1.000074482662697 1.512880475248107 220.2379135233112 0.01368679997946534
0.0562 6377.369637006752 1.000074134815047 1.512786464119138 219.9973594561128 0.01330442521718211
0.0563 6377.406705696496 1.000073787693152 1.512692430804891 219.7564129727765 0.0129312365126446
0.05640000000000001 6377.443834773859 1.000073441298816 1.512598375343862 219.5150739699183 0.01256705381681573
0.0565 6377.481024254723 1.000073095633842 1.512504297774414 219.2733423443018 0.01221169964482762
0.0566 6377.518274154951 1.00007275070003 1.512410198134796 219.0312179928209 0.01186499905917603
0.0567 6377.555584490384 1.000072406499177 1.51231607646314 218.7887008125052 0.01152677965269758
0.0568 6377.592955276842 1.000072063033079 1.512221932797458 218.5457907005265 0.01119687153129894
0.05690000000000001 6377.630386530125 1.000071720303531 1.512127767175639 218.3024875541863 0.01087510729642164
0.057 6377.667878266013 1.000071378312323 1.512033579635479 218.0587912709165 0.01056132202729147
0.0571 6377.705430500263 1.000071037061244 1.511939370214656 217.8147017482905 0.01025535326295647
0.0572 6377.743043248615 1.000070696552079 1.511845138950728 217.5702188840004 0.009957040984060609
0.0573 6377.780716526786 1.000070356786612 1.511750885881157 217.3253425758916 0.00966622759447941
0.0574 6377.818450350474 1.000070017766624 1.511656611043306 217.080072721922 0.009382757902655673
0.0575 6377.856244735353 1.000069679493892 1.511562314474431 216.8344092202032 0.009106479102836677
0.05760000000000001 6377.894099697083 1.00006934197019 1.511467996211684 216.588351968959 0.008837240756023082
0.0577 6377.9320152513 1.000069005197291 1.511373656292127 216.3419008665495 0.008574894770809015
0.0578 6377.96999141362 1.000068669176963 1.511279294752728 216.0950558114704 0.008319295384016332
0.0579 6378.00802819964 1.00006833391097 1.51118491163035 215.8478167023417 0.008070299141146537
0.058 6378.046125624936 1.000067999401075 1.511090506961783 215.6001834379134 0.007827764876688037
0.05810000000000001 6378.084283705066 1.000067665649036 1.510996080783704 215.3521559170716 0.007591553694265482
0.0582 6378.122502455565 1.000067332656607 1.51090163313274 215.1037340388265 0.007361528946622026
0.0583 6378.160781891951 1.00006700042554 1.510807164045402 214.8549177023182 0.007137556215475961
0.0584 6378.199122029721 1.000066668957581 1.510712673558126 214.6057068068111 0.006919503291229785
0.0585 6378.237522884353 1.000066338254473 1.510618161707278 214.3561012517056 0.006707240152565401
0.05860000000000001 6378.275984471305 1.000066008317957 1.510523628529141 214.1061009365202 0.006500638945890691
0.0587 6378.314506806014 1.000065679149766 1.51042907405992 213.8557057609095 0.006299573964700459
0.05880000000000001 6378.3530899039 1.000065350751631 1.510334498335751 213.6049156246521 0.006103921628802783
0.0589 6378.391733780361 1.000065023125279 1.510239901392701 213.3537304276509 0.005913560463452944
0.059 6378.430438450779 1.000064696272431 1.510145283266764 213.1021500699388 0.005728371078395556
0.0591 6378.469203930512 1.000064370194804 1.510050643993868 212.8501744516728 0.005548236146807841
0.0592 6378.508030234903 1.000064044894112 1.509955983609871 212.5978034731282 0.00537304038416074
0.05930000000000001 6378.546917379274 1.000063720372062 1.509861302150593 212.3450370347222 0.005202670527023683
0.0594 6378.585865378926 1.000063396630356 1.509766599651763 212.0918750369841 0.005037015311762255
0.0595 6378.624874249143 1.000063073670691 1.509671876149063 211.8383173805677 0.0048759654532014
0.0596 6378.663944005189 1.000062751494761 1.509577131678144 211.5843639662684 0.004719413623233635
0.0597 6378.70307466231 1.000062430104252 1.509482366274567 211.3300146949822 0.00456725442933937
0.05980000000000001 6378.742266235731 1.000062109500845 1.509387579973862 211.075269467747 0.004419384393114342
0.0599 6378.781518740658 1.000061789686216 1.509292772811517 210.8201281857249 0.004275701928721307
0.06 6378.820832192279 1.000061470662037 1.509197944822948 210.5645907501843 0.004136107321311188
0.0601 6378.860206605765 1.00006115242997 1.509103096043552 210.3086570625295 0.004000502705444369
0.0602 6378.899641996262 1.000060834991674 1.50900822650868 210.0523270242951 0.00386879204347085
0.0603 6378.939138378903 1.000060518348802 1.508913336253632 209.7956005371278 0.003740881103890997
0.0604 6378.978695768799 1.000060202503 1.508818425313674 209.5384775028045 0.00361667743972635
0.06050000000000001 6379.018314181044 1.000059887455907 1.508723493724039 209.2809578232144 0.003496090366870029
0.0606 6379.05799363071 1.000059573209157 1.508628541519933 209.0230414003826 0.003379030942460405
0.0607 6379.097734132855 1.000059259764375 1.508533568736518 208.7647281364406 0.003265411943238723
0.0608 6379.137535702514 1.000058947123183 1.50843857540894 208.5060179336618 0.003155147843951093
0.0609 6379.177398354703 1.000058635287193 1.508343561572303 208.2469106944321 0.003048154795741431
0.06100000000000001 6379.217322104422 1.000058324258011 1.508248527261698 207.9874063212554 0.002944350604586421
0.0611 6379.257306966651 1.000058014037236 1.508153472512201 207.7275047167717 0.002843654709765665
0.0612 6379.297352956349 1.00005770462646 1.508058397358842 207.4672057837332 0.0027459881623518
0.0613 6379.337460088461 1.000057396027267 1.507963301836658 207.2065094250046 0.002651273603752556
0.0614 6379.377628377909 1.000057088241233 1.507868185980652 206.9454155435923 0.002559435244310088
0.06150000000000001 6379.417857839599 1.000056781269928 1.507773049825817 206.6839240426092 0.002470398841928579
0.0616 6379.458148488416 1.000056475114912 1.507677893407152 206.4220348252983 0.002384091680780642
0.0617 6379.498500339228 1.000056169777741 1.507582716759613 206.1597477950207 0.002300442550063188
0.0618 6379.538913406883 1.000055865259957 1.507487519918183 205.8970628552619 0.002219381722826457
0.0619 6379.579387706211 1.000055561563099 1.507392302917812 205.6339799096253 0.002140840934871106
0.062 6379.619923252025 1.000055258688695 1.507297065793456 205.3704988618387 0.002064753363725538
0.0621 6379.660520059117 1.000054956638266 1.507201808580067 205.106619615742 0.001991053607699224
0.06220000000000001 6379.701178142259 1.000054655413323 1.507106531312605 204.8423420753173 0.001919677665033428
0.0623 6379.741897516209 1.000054355015369 1.50701123402602 204.5776661446411 0.001850562913120793
0.0624 6379.782678195702 1.000054055445899 1.506915916755276 204.3125917279375 0.001783648087846959
0.0625 6379.823520195456 1.000053756706398 1.506820579535335 204.0471187295374 0.001718873263005573
0.0626 6379.86442353017 1.000053458798341 1.506725222401179 203.7812470538955 0.001656179829832204
0.06270000000000001 6379.905388214524 1.000053161723195 1.506629845387784 203.514976605591 0.001595510476640486
0.06280000000000001 6379.946414263181 1.000052865482419 1.506534448530147 203.2483072893209 0.001536809168568186
0.0629 6379.987501690784 1.000052570077459 1.506439031863278 202.9812390099067 0.001480021127441078
0.063 6380.028650511956 1.000052275509753 1.506343595422203 202.7137716722881 0.001425092811753062
0.0631 6380.069860741302 1.000051981780731 1.506248139241957 202.4459051815346 0.001371971896772643
0.06320000000000001 6380.111132393412 1.000051688891811 1.506152663357602 202.1776394428224 0.00132060725476847
0.06330000000000001 6380.152465482852 1.0000513968444 1.50605716780423 201.9089743614635 0.001270948935375367
0.0634 6380.193860024171 1.000051105639898 1.505961652616935 201.6399098428882 0.001222948146084086
0.0635 6380.235316031901 1.000050815279692 1.505866117830846 201.370445792645 0.001176557232871432
0.0636 6380.276833520552 1.00005052576516 1.505770563481122 201.1005821164125 0.001131729660972129
0.06370000000000001 6380.318412504618 1.000050237097668 1.505674989602946 200.8303187199816 0.001088419995788657
0.06380000000000001 6380.360052998574 1.000049949278573 1.505579396231534 200.5596555092674 0.001046583883952274
0.0639 6380.401755016875 1.00004966230922 1.505483783402122 200.2885923903149 0.001006178034531837
0.064 6380.443518573957 1.000049376190943 1.505388151149997 200.0171292692816 0.0009671602003910253
0.0641 6380.485343684237 1.000049090925067 1.505292499510465 199.7452660524608 0.0009294891597064541
0.06420000000000001 6380.527230362114 1.000048806512902 1.505196828518881 199.4730026462584 0.0008931246976362547
0.06430000000000001 6380.569178621968 1.000048522955749 1.50510113821063 199.20033895721 0.0008580275881545588
0.0644 6380.61118847816 1.000048240254898 1.505005428621143 198.9272748919578 0.0008241595760428696
0.0645 6380.653259945032 1.000047958411626 1.50490969978588 198.6538103572919 0.0007914833590545519
0.0646 6380.695393036907 1.000047677427199 1.504813951740356 198.3799452601028 0.0007599625702353213
0.06470000000000001 6380.737587768089 1.000047397302871 1.504718184520131 198.1056795074227 0.0007295617604239482
0.0648 6380.779844152862 1.000047118039885 1.504622398160801 197.8310130063963 0.0007002463809158892
0.0649 6380.822162205492 1.000046839639469 1.504526592698025 197.5559456643044 0.0006719827663064485
0.065 6380.864541940226 1.000046562102841 1.504430768167488 197.280477388534 0.0006447381175035486
0.06510000000000001 6380.906983371291 1.000046285431208 1.50433492460495 197.0046080866081 0.0006184804849238211
0.06520000000000001 6380.949486512895 1.000046009625761 1.504239062046205 196.7283376661798 0.0005931787518637312
0.0653 6380.992051379229 1.00004573468768 1.504143180527112 196.4516660350085 0.0005688026180497747
0.0654 6381.034677984462 1.000045460618134 1.504047280083576 196.1745931009958 0.0005453225833760928
0.0655 6381.077366342744 1.000045187418277 1.503951360751564 195.8971187721671 0.0005227099318205513
0.06560000000000001 6381.120116468205 1.000044915089251 1.503855422567097 195.6192429566662 0.0005009367155468898
0.06570000000000001 6381.16292837496 1.000044643632183 1.503759465566261 195.340965562761 0.0004799757391938668
0.0658 6381.2058020771 1.000044373048191 1.503663489785191 195.0622864988494 0.0004598005443514962
0.0659 6381.248737588698 1.000044103338375 1.503567495260092 194.7832056734654 0.0004403853942254417
0.066 6381.291734923809 1.000043834503824 1.50347148202723 194.5037229952435 0.000421705258487839
0.06610000000000001 6381.334794096466 1.000043566545613 1.503375450122935 194.2238383729717 0.0004037357983244035
0.06620000000000001 6381.377915120685 1.000043299464804 1.503279399583604 193.9435517155506 0.000386453351665894
0.0663 6381.421098010459 1.000043033262444 1.503183330445695 193.6628629320165 0.0003698349186156296
0.0664 6381.464342779766 1.000042767939567 1.503087242745732 193.3817719315183 0.0003538581470662736
0.0665 6381.507649442561 1.000042503497194 1.502991136520312 193.1002786233524 0.0003385013185129044
0.06660000000000001 6381.551018012779 1.000042239936329 1.502895011806114 192.8183829169337 0.0003237433340555161
0.06670000000000001 6381.594448504338 1.000041977257963 1.502798868639867 192.5360847218011 0.0003095637005972743
0.0668 6381.637940931135 1.000041715463075 1.50270270705838 192.2533839476235 0.000295942517236588
0.0669 6381.681495307045 1.000041454552627 1.502606527098531 191.970280504206 0.0002828604618532178
0.067 6381.725111645927 1.000041194527567 1.502510328797288 191.6867743014776 0.0002702987778877683
0.06710000000000001 6381.768789961616 1.000040935388828 1.502414112191677 191.4028652494975 0.0002582392613163243
0.06720000000000001 6381.812530267929 1.00004067713733 1.502317877318805 191.1185532584608 0.0002466642478192605
0.0673 6381.856332578665 1.000040419773975 1.502221624215862 190.833838238675 0.0002355566001429723
0.0674 6381.900196907601 1.000040163299655 1.502125352920101 190.5487201005952 0.0002248996956579425
0.0675 6381.944123268492 1.000039907715241 1.502029063468868 190.263198754801 0.0002146774141080514
0.06760000000000001 6381.988111675077 1.000039653021592 1.501932755899593 189.9772741120017 0.0002048741255544358
0.06770000000000001 6382.032162141069 1.000039399219554 1.501836430249765 189.6909460830487 0.0001954746785123992
0.0678 6382.076274680167 1.000039146309952 1.501740086556981 189.4042145789116 0.0001864643882795648
0.0679 6382.120449306047 1.000038894293602 1.501643724858894 189.1170795106958 0.0001778290254573311
0.068 6382.164686032364 1.000038643171299 1.50154734519326 188.829540789637 0.0001695548046627763
0.06810000000000001 6382.208984872751 1.000038392943825 1.50145094759791 188.5415983271185 0.0001616283734318278
0.0682 6382.253345840825 1.000038143611947 1.501354532110768 188.2532520346361 0.0001540368013107568
0.0683 6382.297768950179 1.000037895176413 1.501258098769835 187.9645018238333 0.0001467675691386858
0.0684 6382.342254214388 1.00003764763796 1.501161647613192 187.6753476064777 0.0001398085585165838
0.06850000000000001 6382.386801647003 1.000037400997303 1.501065178679025 187.3857892944787 0.0001331480414645457
0.06860000000000001 6382.431411261557 1.000037155255147 1.500968692005596 187.095826799882 0.0001267746702646415
0.0687 6382.47608307156 1.000036910412176 1.50087218763125 186.8054600348572 0.0001206774674888148
0.0688 6382.520817090505 1.000036666469061 1.500775665594442 186.5146889117158 0.0001148458162114471
0.0689 6382.56561333186 1.000036423426454 1.500679125933691 186.2235133429111 0.0001092694504043404
0.06900000000000001 6382.610471809074 1.000036181284993 1.50058256868762 185.9319332410208 0.0001039384455130119
0.06910000000000001 6382.655392535575 1.000035940045299 1.500485993894936 185.6399485187643 9.88432092140336e-05
0.0692 6382.70037552477 1.000035699707976 1.500389401594446 185.3475590889969 9.39744723509285e-05
0.0693 6382.745420790044 1.00003546027361 1.500292791825041 185.054764864716 8.932328004792415e-05
0.0694 6382.790528344762 1.000035221742772 1.500196164625708 184.7615657590489 8.488098299965367e-05
0.06950000000000001 6382.835698202268 1.000034984116016 1.500099520035522 184.467961685259 8.063922893591513e-05
0.06960000000000001 6382.880930375883 1.000034747393879 1.500002858093652 184.1739525567631 7.6589954259819e-05
0.0697 6382.926224878907 1.000034511576881 1.499906178839373 183.8795382871025 7.272537585695257e-05
