0 6365.5 1.000274792041908 1.565471885752423 298.15 2.217971988592804
0.0001 6365.503421134306 1.000274696833524 1.565389460972854 298.1277626270088 2.215033466399848
0.0002 6365.506894739541 1.000274600196981 1.565307032385725 298.1051841929824 2.21205335151259
0.0003 6365.51042081826 1.00027450213366 1.565224599843875 298.0822646813089 2.209031796936223
0.0004 6365.513999373117 1.00027440264496 1.56514216320255 298.0590040747378 2.205968957682445
0.0005 6365.517630406858 1.000274301732298 1.565059722320071 298.0354023554218 2.202864990764182
0.0006000000000000001 6365.521313922321 1.000274199397112 1.564977277056836 298.0114595049162 2.199720055184718
0.0007 6365.525049922437 1.000274095640854 1.564894827275685 297.9871755041617 2.196534311924354
0.0008 6365.528838410224 1.000273990464998 1.564812372841675 297.9625503335432 2.193307923937024
0.0009000000000000001 6365.532679388791 1.000273883871036 1.564729913621858 297.9375839728604 2.190041056135125
0.001 6365.536572861331 1.000273775860477 1.564647449485277 297.9122764013513 2.186733875381192
0.0011 6365.540518831122 1.000273666434848 1.564564980303008 297.8866275977042 2.183386550477875
0.0012 6365.544517301529 1.000273555595698 1.564482505947789 297.8606375400635 2.179999252157007
0.0013 6365.548568275996 1.000273443344591 1.564400026293977 297.8343062060238 2.176572153067
0.0014 6365.552671758054 1.000273329683109 1.564317541217825 297.8076335726477 2.173105427763188
0.0015 6365.556827751311 1.000273214612856 1.564235050596877 297.7806196164773 2.169599252697253
0.0016 6365.561036259457 1.000273098135451 1.564152554310235 297.753264313529 2.16605380620422
0.0017 6365.565297286258 1.000272980252534 1.564070052238414 297.7255676393223 2.162469268493918
0.0018 6365.569610835562 1.00027286096576 1.563987544263394 297.6975295688447 2.158845821633885
0.0019 6365.573976911292 1.000272740276805 1.563905030268285 297.6691500765991 2.15518364954285
0.002 6365.578395517448 1.000272618187362 1.563822510137601 297.6404291365856 2.151482937975681
0.0021 6365.582866658107 1.000272494699145 1.563739983756813 297.6113667223079 2.147743874511256
0.0022 6365.587390337415 1.000272369813882 1.563657451012793 297.5819628068028 2.143966648543249
0.0023 6365.591966559599 1.000272243533322 1.563574911793383 297.5522173626044 2.140151451262416
0.0024 6365.596595328958 1.000272115859233 1.563492365987432 297.522130361774 2.136298475647129
0.0025 6365.601276649861 1.000271986793397 1.563409813484934 297.4917017759057 2.132407916450732
0.0026 6365.606010526752 1.00027185633762 1.563327254176731 297.4609315761148 2.128479970186511
0.0027 6365.610796964143 1.000271724493721 1.563244687954701 297.4298197330676 2.124514835117816
0.0028 6365.615635966622 1.00027159126354 1.563162114711585 297.398366216957 2.120512711241287
0.0029 6365.620527538842 1.000271456648935 1.563079534341046 297.366570997527 2.116473800275971
0.003 6365.625471685529 1.000271320651781 1.562996946737492 297.3344340440602 2.112398305647817
0.0031 6365.630468411478 1.000271183273971 1.562914351796204 297.3019553253902 2.108286432477053
0.0032 6365.635517721553 1.000271044517416 1.562831749413325 297.2691348099069 2.104138387564687
0.0033 6365.640619620684 1.000270904384047 1.562749139485617 297.235972465557 2.099954379378149
0.0034 6365.645774113869 1.000270762875809 1.562666521910765 297.2024682598498 2.095734618037551
0.0035 6365.650981206178 1.00027061999467 1.562583896586907 297.1686221598451 2.091479315299615
0.0036 6365.656240902741 1.00027047574261 1.56250126341323 297.1344341321832 2.087188684546686
0.0037 6365.661553208759 1.000270330121633 1.562418622289258 297.0999041430667 2.082862940769679
0.0038 6365.666918129497 1.000270183133754 1.562335973115399 297.0650321582729 2.078502300554631
0.0039 6365.672335670285 1.000270034781012 1.562253315792552 297.0298181431471 2.074106982066928
0.004 6365.677805836521 1.00026988506546 1.562170650222345 296.9942620626151 2.069677205037626
0.0041 6365.683328633664 1.00026973398917 1.56208797630693 296.9583638811831 2.065213190748195
0.004200000000000001 6365.688904067241 1.000269581554231 1.562005293949116 296.9221235629315 2.060715162014415
0.0043 6365.694532142841 1.000269427762749 1.561922603052212 296.8855410715327 2.056183343173117
0.0044 6365.700212866115 1.00026927261685 1.561839903520153 296.8486163702513 2.051617960066587
0.004500000000000001 6365.705946242781 1.000269116118674 1.561757195257339 296.8113494219264 2.047019240024701
0.0046 6365.711732278616 1.000268958270382 1.561674478168819 296.7737401889948 2.042387411852069
0.0047 6365.717570979463 1.000268799074149 1.561591752159989 296.7357886334916 2.037722705812135
0.0048 6365.723462351225 1.00026863853217 1.561509017136981 296.6974947170378 2.033025353609747
0.0049 6365.729406399867 1.000268476646655 1.561426273006193 296.6588584008645 2.028295588377971
0.005 6365.735403131417 1.000268313419834 1.561343519674657 296.6198796457887 2.023533644659008
0.0051 6365.741452551963 1.000268148853952 1.561260757049868 296.5805584122376 2.018739758390814
0.005200000000000001 6365.747554667656 1.000267982951271 1.561177985039654 296.540894660236 2.013914166889278
0.0053 6365.753709484704 1.000267815714072 1.561095203552515 296.5008883494246 2.009057108833907
0.0054 6365.759917009378 1.000267647144653 1.561012412497187 296.4605394390422 2.00416882424911
0.005500000000000001 6365.766177248011 1.000267477245325 1.560929611783062 296.4198478879315 1.999249554488266
0.0056 6365.77249020699 1.000267306018421 1.560846801319715 296.3788136545626 1.994299542219837
0.0057 6365.778855892767 1.000267133466288 1.560763981017402 296.3374366970155 1.989319031408379
0.005800000000000001 6365.785274311851 1.000266959591291 1.56068115078657 296.2957169729683 1.984308267296204
0.0059 6365.791745470811 1.000266784395812 1.56059831053821 296.2536544397266 1.979267496389931
0.006 6365.798269376274 1.000266607882248 1.560515460183758 296.2112490542176 1.974196966442669
0.0061 6365.804846034926 1.000266430053016 1.560432599634837 296.1685007729783 1.969096926435423
0.006200000000000001 6365.811475453512 1.000266250910545 1.560349728803679 296.1254095521734 1.963967626561954
0.0063 6365.818157638832 1.000266070457284 1.560266847602834 296.0819753475952 1.958809318211423
0.0064 6365.824892597747 1.000265888695698 1.560183955945173 296.0381981146455 1.95362225394886
0.006500000000000001 6365.831680337175 1.000265705628267 1.560101053744074 295.9940778083659 1.948406687501173
0.0066 6365.838520864089 1.00026552125749 1.560018140913111 295.9496143834193 1.943162873737452
0.0067 6365.845414185523 1.00026533558588 1.559935217366346 295.9048077941023 1.937891068652709
0.006800000000000001 6365.852360308563 1.000265148615968 1.559852283018169 295.8596579943391 1.932591529349446
0.006900000000000001 6365.859359240356 1.000264960350298 1.55976933778339 295.814164937687 1.927264514020536
0.007 6365.866410988102 1.000264770791436 1.559686381577018 295.7683285773372 1.921910281931349
0.0071 6365.87351555906 1.000264579941958 1.559603414314587 295.7221488661083 1.916529093401097
0.007200000000000001 6365.880672960544 1.000264387804461 1.559520435911833 295.6756257564642 1.911121209786895
0.0073 6365.887883199923 1.000264194381553 1.559437446284925 295.6287592005023 1.905686893464276
0.0074 6365.895146284622 1.000263999675864 1.559354445350313 295.5815491499592 1.900226407809729
0.007500000000000001 6365.902462222121 1.000263803690034 1.559271433024839 295.5339955562112 1.89474001718247
0.0076 6365.909831019956 1.000263606426722 1.559188409225655 295.4860983702855 1.889227986907516
0.0077 6365.917252685716 1.000263407888603 1.559105373870201 295.4378575428431 1.883690583255282
0.007800000000000001 6365.924727227048 1.000263208078366 1.559022326876312 295.38927302419 1.878128073424541
0.007900000000000001 6365.932254651649 1.000263006998718 1.558939268162102 295.3403447642835 1.872540725524615
0.008 6365.939834967273 1.000262804652379 1.558856197645997 295.2910727127263 1.866928808556168
0.0081 6365.947468181728 1.000262601042086 1.558773115246767 295.2414568187663 1.861292592392614
0.008200000000000001 6365.955154302877 1.000262396170591 1.558690020883507 295.1914970313027 1.85563234776215
0.0083 6365.962893338631 1.000262190040662 1.558606914475618 295.1411932988975 1.849948346230381
0.008400000000000001 6365.970685296963 1.000261982655081 1.558523795942806 295.0905455697406 1.844240860177562
0.008500000000000001 6365.978530185893 1.000261774016646 1.558440665205082 295.0395537916965 1.838510162785133
0.0086 6365.986428013495 1.000261564128172 1.55835752218276 294.9882179122809 1.832756528014189
0.008700000000000001 6365.994378787898 1.000261352992486 1.558274366796477 294.9365378786609 1.826980230586574
0.008800000000000001 6366.002382517283 1.000261140612432 1.558191198967172 294.8845136376607 1.821181545966607
0.0089 6366.010439209882 1.000260926990869 1.558108018616095 294.8321451357673 1.815360750342726
0.009000000000000001 6366.01854887398 1.000260712130669 1.558024825664773 294.7794323191309 1.809518120608448
0.0091 6366.026711517915 1.000260496034722 1.557941620035076 294.726375133553 1.803653934341973
0.0092 6366.034927150075 1.000260278705931 1.557858401649117 294.6729735245098 1.797768469789674
0.009300000000000001 6366.043195778903 1.000260060147213 1.557775170429351 294.6192274371286 1.791862005844313
0.0094 6366.05151741289 1.000259840361501 1.557691926298494 294.5651368162179 1.785934822029098
0.0095 6366.059892060579 1.000259619351742 1.557608669179601 294.5107016062369 1.779987198475179
0.009600000000000001 6366.068319730566 1.000259397120898 1.557525398995955 294.45592175132 1.774019415904978
0.0097 6366.076800431499 1.000259173671946 1.557442115671215 294.4007971952586 1.768031755610933
0.0098 6366.085334172072 1.000258949007875 1.557358819129229 294.3453278815308 1.762024499439373
0.009900000000000001 6366.093920961033 1.000258723131691 1.557275509294263 294.2895137532836 1.755997929769202
0.01 6366.102560807181 1.000258496046414 1.557192186090753 294.233354753327 1.749952329491862
0.0101 6366.111253719362 1.000258267755075 1.557108849443505 294.1768508241461 1.743887981993183
0.0102 6366.119999706476 1.000258038260723 1.557025499277562 294.1200019079064 1.737805171134554
0.0103 6366.12879877747 1.00025780756642 1.556942135518285 294.0628079464426 1.731704181232165
0.0104 6366.137650941342 1.000257575675241 1.556858758091299 294.005268881276 1.725585297039401
0.0105 6366.14655620714 1.000257342590276 1.55677536692254 293.947384653591 1.719448803724787
0.0106 6366.15551458396 1.000257108314627 1.556691961938196 293.8891552042586 1.713294986854966
0.0107 6366.164526080948 1.000256872851412 1.556608543064787 293.8305804738365 1.707124132375113
0.0108 6366.173590707298 1.000256636203762 1.556525110229063 293.771660402563 1.700936526588722
0.0109 6366.182708472255 1.000256398374821 1.556441663358111 293.7123949303458 1.694732456136773
0.011 6366.191879385109 1.000256159367747 1.556358202379252 293.6527839967906 1.688512207981215
0.0111 6366.201103455203 1.000255919185711 1.556274727220097 293.5928275411783 1.682276069382864
0.0112 6366.210380691926 1.000255677831899 1.5561912378086 293.5325255024821 1.676024327883618
0.0113 6366.219711104714 1.000255435309508 1.556107734072898 293.4718778193623 1.669757271286183
0.0114 6366.229094703051 1.000255191621751 1.556024215941483 293.4108844301712 1.663475187635036
0.0115 6366.23853149647 1.00025494677185 1.555940683343134 293.3495452729425 1.657178365195537
0.0116 6366.248021494553 1.000254700763045 1.555857136206834 293.2878602854079 1.650867092436098
0.0117 6366.257564706926 1.000254453598586 1.55577357446191 293.2258294049801 1.644541658006691
0.0118 6366.267161143264 1.000254205281737 1.555689998037965 293.1634525687822 1.638202350722194
0.0119 6366.27681081329 1.000253955815775 1.555606406864855 293.1007297136179 1.631849459539711
0.012 6366.286513726772 1.000253705203988 1.555522800872742 293.0376607759835 1.625483273540112
0.0121 6366.296269893525 1.000253453449679 1.555439179992058 292.9742456920857 1.619104081910154
0.0122 6366.306079323413 1.000253200556163 1.555355544153489 292.9104843978179 1.612712173920437
0.0123 6366.315942026342 1.000252946526767 1.555271893288051 292.8463768287778 1.606307838907531
0.0124 6366.325858012267 1.000252691364832 1.555188227326969 292.7819229202618 1.599891366253744
0.0125 6366.33582729119 1.000252435073709 1.555104546201836 292.7171226072645 1.593463045367475
0.0126 6366.345849873156 1.000252177656764 1.555020849844448 292.6519758244853 1.587023165664193
0.0127 6366.355925768257 1.000251919117373 1.554937138186906 292.5864825063276 1.580572016546812
0.0128 6366.36605498663 1.000251659458926 1.554853411161598 292.5206425869054 1.574109887386677
0.0129 6366.376237538459 1.000251398684824 1.554769668701196 292.4544560000194 1.567637067501665
0.013 6366.38647343397 1.00025113679848 1.554685910738604 292.3879226791981 1.561153846140678
0.0131 6366.396762683437 1.00025087380332 1.554602137207047 292.321042557663 1.554660512460631
0.0132 6366.407105297177 1.00025060970278 1.554518348040051 292.2538155683513 1.548157355509231
0.0133 6366.417501285552 1.000250344500311 1.554434543171353 292.1862416439111 1.541644664204908
0.0134 6366.427950658969 1.000250078199373 1.554350722534986 292.1183207167004 1.53512272731733
0.0135 6366.438453427879 1.000249810803438 1.55426688606532 292.0500527187877 1.52859183344796
0.0136 6366.449009602776 1.00024954231599 1.554183033696946 291.9814375819577 1.522052271011201
0.0137 6366.459619194198 1.000249272740525 1.554099165364743 291.9124752377114 1.515504328214995
0.0138 6366.470282212728 1.000249002080551 1.554015281003882 291.843165617266 1.508948293041461
0.0139 6366.480998668993 1.000248730339584 1.553931380549793 291.773508651543 1.502384453226451
0.014 6366.491768573662 1.000248457521156 1.553847463938185 291.7035042711981 1.495813096243049
0.0141 6366.502591937447 1.000248183628806 1.553763531105067 291.6331524065971 1.489234509280069
0.0142 6366.513468771103 1.000247908666087 1.553679581986738 291.562452987834 1.482648979224504
0.0143 6366.524399085429 1.000247632636561 1.553595616519712 291.4914059447132 1.476056792640678
0.0144 6366.535382891266 1.000247355543802 1.553511634640849 291.4200112067728 1.46945823575331
0.0145 6366.546420199498 1.000247077391396 1.553427636287223 291.3482687032614 1.462853594426212
0.0146 6366.557511021051 1.000246798182936 1.553343621396279 291.2761783631676 1.456243154145964
0.0147 6366.568655366892 1.000246517922031 1.55325958990564 291.2037401152019 1.449627200001254
0.0148 6366.579853248032 1.000246236612296 1.553175541753273 291.1309538877912 1.443006016663387
0.0149 6366.591104675522 1.000245954257359 1.553091476877415 291.0578196091082 1.436379888370047
0.015 6366.602409660455 1.000245670860858 1.553007395216555 290.9843372070417 1.429749098903751
0.0151 6366.613768213967 1.000245386426441 1.552923296709481 290.9105066092146 1.42311393157463
0.0152 6366.625180347232 1.000245100957766 1.55283918129527 290.8363277429897 1.416474669202201
0.0153 6366.63664607147 1.000244814458503 1.55275504891326 290.761800535446 1.409831594094529
0.0154 6366.648165397937 1.000244526932329 1.552670899503069 290.6869249134082 1.40318498803223
0.0155 6366.659738337933 1.000244238382935 1.552586733004616 290.6117008034352 1.396535132248807
0.0156 6366.671364902797 1.000243948814018 1.55250254935807 290.5361281318195 1.389882307412119
0.0157 6366.68304510391 1.000243658229288 1.552418348503891 290.460206824588 1.383226793605911
0.0158 6366.694778952689 1.000243366632464 1.552334130382851 290.383936807525 1.376568870313468
0.0159 6366.706566460595 1.000243074027273 1.55224989493595 290.3073180061309 1.369908816395641
0.016 6366.71840763913 1.000242780417454 1.552165642104496 290.2303503456523 1.363246910075164
0.0161 6366.730302499834 1.000242485806754 1.552081371830079 290.1530337510811 1.356583428918433
0.0162 6366.742251054284 1.00024219019893 1.551997084054566 290.0753681471555 1.349918649817348
0.0163 6366.754253314098 1.000241893597748 1.551912778720103 289.997353458365 1.343252848971743
0.0164 6366.766309290934 1.000241596006985 1.551828455769141 289.9189896089273 1.336586301869357
0.0165 6366.77841899649 1.000241297430424 1.551744115144363 289.8402765228178 1.32991928327044
0.0166 6366.790582442501 1.000240997871862 1.55165975678873 289.7612141237458 1.323252067187889
0.0167 6366.80279964074 1.0002406973351 1.551575380645574 289.6818023351901 1.316584926872464
0.0168 6366.815070603021 1.00024039582395 1.551490986658418 289.6020410803634 1.309918134792098
0.0169 6366.827395341194 1.000240093342234 1.551406574771109 289.5219302822419 1.303251962616757
0.017 6366.839773867147 1.000239789893782 1.551322144927743 289.4414698635418 1.296586681198931
0.0171 6366.852206192809 1.000239485482433 1.551237697072726 289.3606597467427 1.289922560558143
0.0172 6366.864692330142 1.000239180112032 1.551153231150762 289.2794998540761 1.283259869862596
0.0173 6366.87723229115 1.000238873786437 1.551068747106784 289.197990107525 1.276598877411892
0.0174 6366.889826087872 1.000238566509512 1.550984244886057 289.1161304288302 1.269939850620323
0.0175 6366.902473732385 1.000238258285129 1.550899724434085 289.0339207394958 1.263283056000242
0.0176 6366.915175236803 1.000237949117169 1.550815185696709 288.9513609607838 1.256628759144558
0.0177 6366.927930613275 1.000237639009522 1.550730628619993 288.8684510137135 1.249977224709814
0.0178 6366.94073987399 1.000237327966085 1.550646053150339 288.7851908190681 1.243328716399833
0.0179 6366.95360303117 1.000237015990764 1.55056145923437 288.7015802973941 1.236683496948979
0.018 6366.966520097078 1.000236703087472 1.550476846819057 288.6176193689956 1.230041828105044
0.0181 6366.979491084008 1.000236389260131 1.550392215851611 288.5333079539463 1.223403970613651
0.0182 6366.992516004294 1.000236074512669 1.550307566279545 288.4486459720891 1.216770184201803
0.0183 6367.005594870302 1.000235758849024 1.550222898050648 288.3636333430367 1.210140727561529
0.0184 6367.018727694438 1.00023544227314 1.550138211112978 288.2782699861531 1.203515858332275
0.0185 6367.03191448914 1.00023512478897 1.550053505414906 288.1925558205898 1.196895833087528
0.0186 6367.045155266882 1.000234806400473 1.549968780905077 288.1064907652675 1.190280907317395
0.0187 6367.058450040175 1.000234487111616 1.549884037532393 288.0200747388648 1.183671335411779
0.0188 6367.071798821562 1.000234166926373 1.549799275246079 287.9333076598472 1.177067370646831
0.0189 6367.085201623623 1.000233845848727 1.549714493995605 287.8461894464498 1.170469265167883
0.019 6367.098658458972 1.000233523882665 1.549629693730768 287.758720016683 1.163877269974303
0.0191 6367.112169340257 1.000233201032184 1.549544874401608 287.6708992883326 1.157291634904011
0.0192 6367.125734280158 1.000232877301286 1.549460035958502 287.5827271789716 1.150712608618994
0.0193 6367.139353291395 1.000232552693982 1.549375178352012 287.4942036059305 1.144140438587843
0.0194 6367.153026386716 1.000232227214287 1.5492903015331 287.4053284863447 1.137575371074143
0.0195 6367.166753578907 1.000231900866226 1.549205405452938 287.3161017371075 1.131017651117936
0.0196 6367.180534880782 1.000231573653826 1.549120490063019 287.2265232749168 1.124467522524312
0.0197 6367.194370305194 1.000231245581127 1.549035555315084 287.13659301624 1.11792522784602
0.0198 6367.208259865027 1.00023091665217 1.548950601161173 287.0463108773259 1.111391008369681
0.0199 6367.222203573197 1.000230586871004 1.548865627553631 286.9556767742223 1.104865104102537
0.02 6367.236201442653 1.000230256241685 1.548780634445077 286.8646906227581 1.09834775375675
0.0201 6367.250253486378 1.000229924768276 1.548695621788386 286.7733523385435 1.091839194735124
0.0202 6367.264359717387 1.000229592454844 1.548610589536738 286.6816618369879 1.085339663118215
0.0203 6367.278520148726 1.000229259305464 1.548525537643607 286.5896190332818 1.078849393649037
0.0204 6367.292734793474 1.000228925324215 1.548440466062756 286.4972238424206 1.072368619720835
0.0205 6367.307003664742 1.000228590515183 1.548355374748204 286.4044761791751 1.06589757336123
0.0206 6367.321326775673 1.000228254882461 1.548270263654255 286.3113759581269 1.059436485221077
0.0207 6367.335704139439 1.000227918430146 1.548185132735535 286.2179230936448 1.052985584559297
0.0208 6367.350135769249 1.000227581162341 1.548099981946904 286.1241174998849 1.046545099229522
0.0209 6367.364621678335 1.000227243083155 1.548014811243556 286.0299590908197 1.040115255668901
0.021 6367.379161879968 1.000226904196702 1.547929620580905 285.9354477802093 1.033696278882958
0.0211 6367.393756387445 1.000226564507102 1.547844409914726 285.8405834816066 1.027288392433059
0.0212 6367.408405214096 1.00022622401848 1.547759179201008 285.7453661083754 1.020891818424793
0.0213 6367.423108373279 1.000225882734966 1.547673928396073 285.6497955736844 1.014506777494885
0.0214 6367.437865878385 1.000225540660697 1.547588657456483 285.5538717904955 1.008133488797874
0.0215 6367.452677742834 1.000225197799811 1.547503366339127 285.4575946715812 1.001772169994902
0.0216 6367.467543980075 1.000224854156455 1.547418055001166 285.3609641295133 0.9954230372406886
0.0217 6367.482464603588 1.00022450973478 1.547332723400017 285.26398007668 0.9890863051725898
0.0218 6367.497439626882 1.000224164538939 1.547247371493411 285.1666424252688 0.9827621868974785
0.0219 6367.512469063496 1.000223818573095 1.547161999239338 285.0689510872779 0.9764508939807125
0.022 6367.527552926997 1.00022347184141 1.547076606596099 284.9709059745222 0.9701526364348514
0.0221 6367.542691230982 1.000223124348055 1.546991193522239 284.8725069986157 0.9638676227070041
0.0222 6367.557883989079 1.000222776097203 1.546905759976618 284.773754070989 0.9575960596686173
0.0223 6367.573131214939 1.000222427093033 1.546820305918386 284.6746471028954 0.9513381526046307
0.0224 6367.588432922247 1.000222077339727 1.546734831306917 284.5751860053932 0.9450941052012979
0.0225 6367.603789124714 1.000221726841472 1.546649336101953 284.4753706893574 0.9388641195360381
0.0226 6367.61919983608 1.000221375602458 1.546563820263459 284.3752010654797 0.9326483960666915
0.0227 6367.634665070112 1.000221023626882 1.546478283751678 284.2746770442744 0.9264471336212915
0.0228 6367.650184840603 1.000220670918943 1.546392726527174 284.1737985360786 0.9202605293876265
0.0229 6367.665759161379 1.000220317482842 1.546307148550771 284.0725654510342 0.9140887789018796
0.023 6367.68138804629 1.000219963322788 1.546221549783568 283.9709776991175 0.9079320760403277
0.0231 6367.697071509211 1.000219608442992 1.546135930186936 283.8690351901277 0.9017906130086527
0.0232 6367.712809564049 1.000219252847667 1.546050289722582 283.7667378336804 0.8956645803317916
0.0233 6367.728602224735 1.000218896541032 1.545964628352424 283.664085539226 0.8895541668453711
0.0234 6367.744449505227 1.000218539527309 1.545878946038697 283.5610782160255 0.883459559684822
0.0235 6367.760351419511 1.000218181810723 1.54579324274391 283.4577157731804 0.8773809442778333
0.0236 6367.776307981598 1.000217823395502 1.545707518430864 283.3539981196149 0.8713185043341514
0.0237 6367.792319205526 1.000217464285878 1.545621773062607 283.2499251640815 0.8652724218369551
0.0238 6367.808385105359 1.000217104486087 1.54553600660251 283.1454968151674 0.8592428770343839
0.0239 6367.824505695185 1.000216744000366 1.545450219014187 283.0407129813001 0.8532300484312252
0.024 6367.840680989119 1.000216382832957 1.54536441026156 282.9355735707239 0.8472341127790761
0.0241 6367.856911001304 1.000216020988105 1.545278580308809 282.8300784915235 0.841255245069398
0.0242 6367.873195745905 1.000215658470057 1.545192729120376 282.724227651618 0.8352936185250329
0.0243 6367.889535237113 1.000215295283063 1.545106856661052 282.6180209587668 0.8293494045925646
0.0244 6367.905929489144 1.000214931431375 1.545020962895816 282.511458320564 0.8234227729341822
0.0245 6367.92237851624 1.00021456691925 1.544935047789981 282.4045396444379 0.8175138914200579
0.0246 6367.938882332667 1.000214201750946 1.544849111309133 282.2972648376634 0.8116229261215433
0.0247 6367.955440952715 1.000213835930724 1.544763153419112 282.1896338073497 0.8057500413032307
0.0248 6367.972054390699 1.000213469462846 1.544677174086059 282.0816464604581 0.7998953994168128
0.0249 6367.988722660957 1.00021310235158 1.544591173276352 281.9733027037786 0.7940591610928567
0.025 6368.005445777852 1.000212734601192 1.544505150956721 281.8646024439594 0.7882414851356451
0.0251 6368.022223755771 1.000212366215953 1.544419107094083 281.7555455874889 0.7824425285156242
0.0252 6368.039056609123 1.000211997200136 1.544333041655702 281.6461320407019 0.7766624463633132
0.0253 6368.055944352343 1.000211627558014 1.544246954609066 281.5363617097736 0.7709013919627595
0.0254 6368.072886999887 1.000211257293865 1.544160845921978 281.4262345007372 0.7651595167464159
0.0255 6368.089884566233 1.000210886411967 1.544074715562491 281.3157503194842 0.7594369702892433
0.0256 6368.106937065888 1.000210514916601 1.543988563498923 281.2049090717286 0.7537339003011755
0.0257 6368.124044513375 1.000210142812048 1.543902389699883 281.0937106630603 0.7480504526243547
0.0258 6368.141206923243 1.000209770102593 1.543816194134265 280.9821549989214 0.7423867712265482
0.0259 6368.158424310062 1.00020939679252 1.543729976771216 280.8702419845944 0.7367429981953916
0.026 6368.175696688426 1.000209022886119 1.543643737580147 280.7579715252317 0.7311192737349027
0.0261 6368.193024072949 1.000208648387676 1.543557476530771 280.6453435258321 0.7255157361594788
0.0262 6368.210406478269 1.000208273301482 1.543471193593037 280.5323578912525 0.7199325218898723
0.0263 6368.227843919043 1.000207897631829 1.543384888737204 280.4190145262195 0.7143697654493251
0.0264 6368.245336409952 1.00020752138301 1.543298561933777 280.3053133353122 0.7088275994584262
0.0265 6368.262883965698 1.000207144559318 1.543212213153532 280.1912542229619 0.703306154631046
0.0266 6368.280486601003 1.000206767165049 1.543125842367511 280.0768370934815 0.6978055597718682
0.0267 6368.298144330611 1.000206389204498 1.54303944954705 279.9620618510302 0.6923259417709559
0.0268 6368.315857169288 1.000206010681964 1.542953034663731 279.8469283996313 0.6868674256010836
0.0269 6368.333625131817 1.000205631601744 1.542866597689407 279.73143664319 0.6814301343152226
0.027 6368.351448233007 1.000205251968137 1.542780138596211 279.6155864854576 0.6760141890416943
0.0271 6368.369326487682 1.000204871785445 1.542693657356507 279.4993778300672 0.6706197089828625
0.0272 6368.38725991069 1.000204491057966 1.542607153943 279.3828105805159 0.6652468114114978
0.0273 6368.405248516897 1.000204109790002 1.542520628328589 279.2658846401708 0.659895611668439
0.0274 6368.423292321189 1.000203727985856 1.542434080486452 279.1485999122691 0.6545662231601644
0.0275 6368.441391338474 1.000203345649829 1.542347510390082 279.0309562999177 0.6492587573565457
0.0276 6368.459545583678 1.000202962786225 1.542260918013165 278.9129537060934 0.6439733237887909
0.0277 6368.477755071745 1.000202579399347 1.542174303329716 278.7945920336609 0.6387100300483575
0.0278 6368.496019817639 1.000202195493499 1.542087666313968 278.6758711853489 0.6334689817841984
0.0279 6368.514339836344 1.000201811072985 1.54200100694044 278.5567910637618 0.6282502827017888
0.028 6368.532715142864 1.000201426142108 1.541914325183907 278.4373515713859 0.6230540345620599
0.0281 6368.551145752218 1.000201040705173 1.541827621019409 278.3175526105832 0.6178803371799994
0.0282 6368.569631679447 1.000200654766484 1.541740894422254 278.1973940835977 0.6127292884239552
0.0283 6368.588172939609 1.000200268330346 1.541654145367983 278.0768758925432 0.6076009842143618
0.0284 6368.60676954778 1.000199881401062 1.541567373832437 277.9559979394329 0.6024955185244171
0.0285 6368.625421519055 1.000199493982937 1.541480579791696 277.8347601261443 0.597412983378174
0.0286 6368.644128868546 1.000199106080276 1.541393763222085 277.7131623544541 0.5923534688518248
0.0287 6368.662891611382 1.000198717697381 1.541306924100229 277.5912045260151 0.5873170630726755
0.0288 6368.681709762713 1.000198328838556 1.541220062402964 277.4688865423676 0.5823038522197945
0.0289 6368.700583337702 1.000197939508104 1.541133178107415 277.3462083049398 0.5773139205243506
0.029 6368.719512351532 1.000197549710327 1.541046271190967 277.2231697150413 0.5723473502698958
0.0291 6368.738496819404 1.000197159449528 1.540959341631228 277.0997706738757 0.5674042217935532
0.0292 6368.757536756532 1.000196768730008 1.540872389406093 276.9760110825399 0.562484613486901
0.0293 6368.776632178151 1.000196377556068 1.540785414493701 276.8518908420186 0.557588601796808
0.0294 6368.795783099511 1.000195985932008 1.540698416872452 276.7274098531783 0.5527162612264652
0.0295 6368.814989535877 1.000195593862127 1.54061139652098 276.6025680168026 0.5478676643382141
0.0296 6368.834251502532 1.000195201350725 1.540524353418209 276.4773652335451 0.5430428817533175
0.0297 6368.853569014775 1.000194808402098 1.540437287543271 276.3518014039649 0.5382419821551512
0.0298 6368.872942087921 1.000194415020544 1.540350198875578 276.2258764285147 0.5334650322907292
0.0299 6368.892370737301 1.000194021210359 1.540263087394781 276.0995902075464 0.5287120969730978
0.03 6368.91185497826 1.000193626975836 1.540175953080806 275.9729426413118 0.5239832390836823
0.0301 6368.931394826161 1.000193232321271 1.540088795913783 275.845933629956 0.5192785195745961
0.0302 6368.95099029638 1.000192837250955 1.540001615874139 275.7185630735297 0.5145979974717954
0.0303 6368.970641404311 1.00019244176918 1.539914412942524 275.5908308719771 0.5099417298775303
0.0304 6368.990348165361 1.000192045880236 1.53982718709983 275.4627369251538 0.5053097719740681
0.0305 6369.010110594952 1.000191649588411 1.53973993832721 275.3342811328147 0.500702177026505
0.0306 6369.02992870852 1.000191252897993 1.539652666606064 275.2054633946203 0.4961189963864104
0.0307 6369.049802521518 1.000190855813268 1.539565371918029 275.0762836101306 0.4915602794952226
0.0308 6369.069732049414 1.000190458338519 1.539478054244982 274.946741678811 0.4870260738882463
0.0309 6369.089717307685 1.000190060478031 1.539390713569068 274.8168375000499 0.4825164251992283
0.031 6369.109758311827 1.000189662236082 1.539303349872656 274.6865709731236 0.4780313771632529
0.0311 6369.129855077349 1.000189263616955 1.539215963138342 274.5559419972313 0.4735709716222908
0.0312 6369.150007619774 1.000188864624926 1.539128553349006 274.424950471472 0.4691352485288679
0.0313 6369.170215954636 1.000188465264271 1.539041120487731 274.2935962948676 0.4647242459515323
0.0314 6369.190480097485 1.000188065539264 1.538953664537869 274.1618793663455 0.4603380000790837
0.0315 6369.210800063886 1.000187665454178 1.538866185482988 274.0297995847444 0.4559765452257852
0.0316 6369.231175869412 1.000187265013284 1.538778683306893 273.8973568488203 0.4516399138367378
0.0317 6369.251607529655 1.000186864220849 1.53869115799367 273.7645510572405 0.4473281364930355
0.0318 6369.272095060216 1.00018646308114 1.538603609527578 273.6313821085954 0.4430412419176711
0.03190000000000001 6369.292638476711 1.00018606159842 1.538516037893164 273.4978499013809 0.4387792569806541
0.032 6369.313237794766 1.000185659776954 1.538428443075183 273.3639543340217 0.4345422067056317
0.0321 6369.333893030022 1.000185257621 1.538340825058633 273.2296953048543 0.4303301142753478
0.0322 6369.354604198133 1.000184855134815 1.53825318382876 273.095072712138 0.4261430010382146
0.0323 6369.375371314762 1.000184452322657 1.53816551937101 272.9600864540493 0.4219808865144891
0.0324 6369.396194395586 1.000184049188777 1.538077831671087 272.8247364286939 0.4178437884031642
0.0325 6369.417073456293 1.000183645737426 1.537990120714921 272.6890225340948 0.4137317225882947
0.0326 6369.438008512585 1.000183241972853 1.537902386488674 272.5529446681979 0.4096447031460357
0.0327 6369.458999580173 1.000182837899304 1.537814628978736 272.4165027288726 0.4055827423516621
0.0328 6369.480046674781 1.000182433521021 1.53772684817173 272.279696613923 0.4015458506870961
0.0329 6369.501149812143 1.000182028842247 1.537639044054487 272.1425262210704 0.3975340368477192
0.033 6369.522309008006 1.000181623867218 1.537551216614093 272.0049914479595 0.3935473077500538
0.0331 6369.543524278127 1.00018121860017 1.537463365837858 271.8670921921756 0.3895856685399336
0.0332 6369.564795638274 1.000180813045336 1.537375491713289 271.7288283512215 0.3856491225996329
0.0333 6369.586123104225 1.000180407206945 1.537287594228161 271.5901998225407 0.3817376715565169
0.0334 6369.607506691769 1.000180001089227 1.537199673370419 271.4512065035 0.3778513152906619
0.0335 6369.628946416708 1.000179594696403 1.537111729128291 271.3118482914009 0.373990051943471
0.03360000000000001 6369.650442294849 1.000179188032697 1.537023761490183 271.1721250834802 0.3701538779261045
0.0337 6369.671994342016 1.000178781102326 1.536935770444745 271.0320367768976 0.3663427879277419
0.0338 6369.693602574038 1.000178373909507 1.536847755980826 270.8915832687538 0.3625567749248067
0.0339 6369.715267006754 1.000177966458451 1.536759718087522 270.7507644560964 0.3587958301899998
0.034 6369.736987656016 1.000177558753368 1.536671656754134 270.6095802358958 0.3550599433006968
0.0341 6369.758764537683 1.000177150798465 1.536583571970184 270.4680305050578 0.3513491021484511
0.0342 6369.780597667626 1.000176742597945 1.536495463725399 270.3261151604287 0.3476632929484747
0.0343 6369.802487061723 1.000176334156008 1.53640733200972 270.1838340988019 0.3440025002492556
0.0344 6369.824432735862 1.000175925476851 1.536319176813334 270.0411872168996 0.3403667069417098
0.0345 6369.846434705939 1.000175516564668 1.536230998126617 269.898174411397 0.3367558942695418
0.0346 6369.868492987862 1.000175107423648 1.53614279594016 269.7547955788981 0.3331700418385352
0.0347 6369.890607597544 1.000174698057979 1.536054570244791 269.6110506159656 0.3296091276273281
0.03480000000000001 6369.91277855091 1.000174288471845 1.535966321031498 269.4669394190854 0.326073127996697
0.0349 6369.935005863894 1.000173878669425 1.535878048291532 269.3224618846901 0.3225620177004578
0.035 6369.957289552433 1.000173468654897 1.535789752016326 269.1776179091829 0.3190757698964682
0.0351 6369.979629632479 1.000173058432434 1.535701432197513 269.0324073888841 0.3156143561559089
0.0352 6370.00202611999 1.000172648006205 1.535613088826978 268.8868302200666 0.3121777464748533
0.03530000000000001 6370.024479030929 1.000172237380377 1.535524721896763 268.7408862989622 0.3087659092852322
0.0354 6370.046988381271 1.000171826559111 1.535436331399157 268.5945755217375 0.3053788114652392
0.0355 6370.069554186996 1.000171415546568 1.535347917326613 268.4478977845237 0.3020164183511083
0.0356 6370.092176464094 1.000171004346903 1.535259479671815 268.3008529833868 0.2986786937476444
0.0357 6370.11485522856 1.000170592964266 1.535171018427667 268.1534410143576 0.2953655999402394
0.0358 6370.1375904964 1.000170181402807 1.535082533587211 268.0056617734016 0.2920770977056627
0.0359 6370.160382283623 1.000169769666668 1.534994025143775 267.857515156449 0.2888131463243092
0.036 6370.183230606249 1.00016935775999 1.534905493090817 267.7090010593828 0.2855737035916295
0.0361 6370.206135480302 1.00016894568691 1.534816937422039 267.5601193780384 0.2823587258299473
0.0362 6370.229096921814 1.00016853345156 1.534728358131324 267.4108700082101 0.2791681679005209
0.0363 6370.252114946825 1.000168121058068 1.534639755212752 267.2612528456388 0.2760019832153363
0.0364 6370.275189571381 1.00016770851056 1.534551128660582 267.1112677860241 0.2728601237495236
0.03650000000000001 6370.298320811535 1.000167295813156 1.534462478469313 266.9609147250243 0.2697425400536236
0.0366 6370.321508683344 1.000166882969974 1.53437380463361 266.8101935582621 0.2666491812660872
0.0367 6370.344753202875 1.000166469985124 1.534285107148334 266.659104181313 0.2635799951255146
0.0368 6370.368054386198 1.000166056862717 1.534196386008535 266.507646489711 0.260534927983372
0.0369 6370.391412249392 1.000165643606856 1.53410764120947 266.3558203789547 0.257513924816805
0.03700000000000001 6370.414826808537 1.000165230221643 1.534018872746568 266.2036257445074 0.2545169292414306
0.0371 6370.438298079725 1.000164816711174 1.533930080615463 266.0510624817847 0.2515438835240019
0.0372 6370.461826079051 1.00016440307954 1.533841264811984 265.8981304861671 0.2485947285956395
0.0373 6370.485410822615 1.000163989330829 1.533752425332122 265.7448296530055 0.2456694040650334
0.0374 6370.509052326522 1.000163575469126 1.533663562172073 265.5911598776091 0.2427678482314002
0.0375 6370.532750606884 1.000163161498509 1.533574675328222 265.4371210552521 0.239889998097877
0.0376 6370.556505679819 1.000162747423053 1.533485764797131 265.2827130811787 0.2370357893850008
0.0377 6370.580317561447 1.00016233324683 1.533396830575554 265.127935850598 0.2342051565440546
0.0378 6370.604186267895 1.000161918973907 1.533307872660408 264.9727892586833 0.2313980327706151
0.0379 6370.628111815296 1.000161504608344 1.533218891048824 264.8172732005786 0.2286143500182918
0.038 6370.652094219785 1.0001610901542 1.533129885738086 264.6613875713982 0.2258540390124379
0.0381 6370.676133497505 1.000160675615527 1.533040856725692 264.505132266221 0.2231170292638419
0.03820000000000001 6370.7002296646 1.000160260996376 1.532951804009262 264.3485071801023 0.2204032490828104
0.0383 6370.72438273722 1.000159846300788 1.53286272758668 264.1915122080676 0.2177126255930137
0.0384 6370.748592731522 1.000159431532807 1.532773627455909 264.0341472451072 0.2150450847454141
0.0385 6370.772859663663 1.000159016696465 1.532684503615166 263.8764121861935 0.2124005513326696
0.0386 6370.797183549807 1.000158601795795 1.532595356062812 263.7183069262577 0.2097789490029072
0.03870000000000001 6370.821564406119 1.000158186834821 1.532506184797388 263.5598313602249 0.2071802002745563
0.0388 6370.846002248773 1.000157771817566 1.532416989817598 263.4009853829788 0.204604226550068
0.0389 6370.870497093941 1.000157356748047 1.532327771122336 263.2417688893855 0.2020509481306816
0.039 6370.895048957803 1.000156941630277 1.532238528710655 263.0821817742816 0.1995202842306699
0.0391 6370.919657856541 1.000156526468262 1.532149262581784 262.9222239324857 0.1970121529920282
0.0392 6370.944323806339 1.000156111266005 1.532059972735126 262.761895258799 0.1945264714990283
0.0393 6370.969046823388 1.000155696027506 1.53197065917024 262.6011956479809 0.1920631557924706
0.0394 6370.993826923878 1.000155280756758 1.531881321886873 262.4401249947913 0.1896221208849952
0.0395 6371.018664124006 1.00015486545775 1.531791960884917 262.2786831939601 0.1872032807753489
0.0396 6371.043558439969 1.000154450134465 1.531702576164449 262.1168701401997 0.1848065484633419
0.0397 6371.06850988797 1.000154034790883 1.531613167725709 261.9546857281929 0.1824318359644993
0.0398 6371.093518484212 1.000153619430979 1.531523735569075 261.7921298526225 0.1800790543253662
0.03990000000000001 6371.118584244902 1.000153204058721 1.531434279695128 261.6292024081357 0.1777481136379046
0.04 6371.143707186251 1.000152788678076 1.531344800104571 261.4659032893682 0.1754389230547992
0.0401 6371.168887324469 1.000152373293003 1.531255296798309 261.3022323909494 0.1731513908045353
0.0402 6371.194124675773 1.000151957907456 1.531165769777382 261.1381896074735 0.1708854242060216
0.0403 6371.219419256378 1.000151542525387 1.531076219043006 260.9737748335405 0.1686409296842431
0.04040000000000001 6371.244771082505 1.00015112715074 1.530986644596518 260.8089879637149 0.1664178127847971
0.0405 6371.270180170374 1.000150711787455 1.530897046439462 260.6438288925673 0.1642159781895997
0.0406 6371.29564653621 1.000150296439469 1.530807424573499 260.4782975146385 0.162035329731576
0.0407 6371.321170196237 1.000149881110711 1.530717779000487 260.3123937244576 0.1598757704101012
0.0408 6371.346751166684 1.000149465805107 1.53062810972239 260.1461174165537 0.1577372024063751
0.0409 6371.372389463778 1.000149050526577 1.53053841674137 259.979468485444 0.1556195270985117
0.041 6371.398085103751 1.000148635279036 1.530448700059711 259.8124468256164 0.1535226450765867
0.04110000000000001 6371.423838102836 1.000148220066395 1.530358959679867 259.6450523315642 0.1514464561583784
0.0412 6371.449648477266 1.00014780489256 1.53026919560443 259.4772848977694 0.1493908594044445
0.0413 6371.475516243278 1.000147389761429 1.530179407836164 259.3091444186961 0.1473557531333731
0.0414 6371.501441417106 1.000146974676898 1.530089596377957 259.1406307888141 0.1453410349374038
0.0415 6371.527424014989 1.000146559642858 1.529999761232858 258.9717439025698 0.1433466016974137
0.04160000000000001 6371.553464053167 1.000146144663193 1.529909902404059 258.8024836544154 0.1413723495986244
0.0417 6371.579561547878 1.000145729741782 1.529820019894908 258.6328499387913 0.1394181741457478
0.0418 6371.605716515365 1.0001453148825 1.529730113708894 258.4628426501262 0.1374839701783526
0.0419 6371.631928971869 1.000144900089217 1.529640183849646 258.2924616828544 0.1355696318864317
0.042 6371.658198933632 1.000144485365797 1.529550230320938 258.1217069313929 0.1336750528254974
0.04210000000000001 6371.684526416897 1.000144070716099 1.529460253126693 257.95057829017 0.1318001259322754
0.0422 6371.710911437908 1.000143656143976 1.529370252270971 257.7790756535968 0.1299447435397331
0.0423 6371.73735401291 1.000143241653277 1.52928022775798 257.607198916084 0.128108797392629
0.0424 6371.763854158147 1.000142827247846 1.529190179592061 257.4349479720426 0.126292178662853
0.0425 6371.790411889865 1.00014241293152 1.529100107777694 257.2623227158773 0.1244947779646954
0.0426 6371.817027224308 1.000141998708133 1.529010012319504 257.0893230419991 0.1227164853702884
0.0427 6371.843700177722 1.000141584581511 1.528919893222254 256.9159488448071 0.1209571904247262
0.04280000000000001 6371.870430766352 1.000141170555476 1.528829750490842 256.742200018712 0.1192167821615933
0.0429 6371.897219006444 1.000140756633847 1.528739584130302 256.5680764581128 0.1174951491179912
0.043 6371.924064914243 1.000140342820434 1.528649394145786 256.3935780574205 0.1157921793500205
0.0431 6371.950968505995 1.000139929119044 1.52855918054262 256.2187047110341 0.1141077604477691
0.0432 6371.977929797943 1.000139515533477 1.528468943326235 256.0434563133703 0.1124417795507947
0.04330000000000001 6372.004948806332 1.000139102067528 1.528378682502202 255.8678327588399 0.1107941233630633
0.0434 6372.032025547408 1.000138688724989 1.528288398076218 255.6918339418479 0.1091646781680912
0.0435 6372.059160037413 1.000138275509644 1.52819809005412 255.515459756817 0.1075533298442713
0.0436 6372.08635229259 1.000137862425272 1.528107758441861 255.3387100981639 0.1059599638797238
0.0437 6372.113602329182 1.000137449475646 1.528017403245557 255.1615848603173 0.1043844653874946
0.0438 6372.140910163429 1.000137036664536 1.527927024471417 254.9840839377115 0.102826719120496
0.0439 6372.168275811574 1.000136623995705 1.527836622125789 254.8062072247693 0.1012866094863107
0.044 6372.195699289855 1.00013621147291 1.527746196215158 254.6279546159429 0.09976402056246705
0.0441 6372.223180614511 1.000135799099904 1.527655746746119 254.4493260056787 0.09825883611099839
0.0442 6372.250719801779 1.000135386880432 1.527565273725413 254.2703212884347 0.09677093959342008
0.0443 6372.278316867898 1.000134974818237 1.527474777159889 254.0909403586633 0.09530021418535709
0.0444 6372.305971829102 1.000134562917053 1.527384257056528 253.9111831108402 0.0938465427915133
0.04450000000000001 6372.333684701624 1.000134151180611 1.527293713422424 253.7310494394473 0.09240980806019432
0.0446 6372.361455501697 1.000133739612636 1.527203146264812 253.5505392389722 0.09098989239792595
0.0447 6372.389284245553 1.000133328216847 1.52711255559104 253.3696524039086 0.08958667798401701
0.0448 6372.417170949421 1.000132916996957 1.527021941408562 253.188388828762 0.08820004678510857
0.0449 6372.44511562953 1.000132505956674 1.526931303724981 253.0067484080554 0.08682988056965907
0.04500000000000001 6372.473118302106 1.000132095099701 1.526840642547993 252.8247310363121 0.08547606092218954
0.0451 6372.501178983373 1.000131684429735 1.526749957885435 252.6423366080729 0.0841384692577337
0.0452 6372.529297689555 1.000131273950466 1.526659249745249 252.4595650178907 0.08281698683604162
0.0453 6372.557474436871 1.00013086366558 1.52656851813549 252.2764161603358 0.08151149477580293
0.0454 6372.585709241543 1.000130453578758 1.52647776306435 252.0928899299728 0.08022187406859035
0.0455 6372.614002119784 1.000130043693674 1.52638698454011 251.9089862214017 0.07894800559319329
0.0456 6372.642353087812 1.000129634013995 1.526296182571195 251.7247049292226 0.07768977012933225
0.04570000000000001 6372.670762161838 1.000129224543387 1.526205357166119 251.5400459480533 0.07644704837167435
0.0458 6372.699229358072 1.000128815285505 1.526114508333533 251.3550091725291 0.07521972094364476
0.0459 6372.727754692724 1.000128406244002 1.52602363608217 251.1695944972975 0.0740076684111209
0.046 6372.756338181997 1.000127997422524 1.52593274042092 250.9838018170175 0.07281077129608682
0.0461 6372.784979842097 1.00012758882471 1.525841821358747 250.797631026372 0.07162891009028001
0.04620000000000001 6372.813679689221 1.000127180454196 1.525750878904742 250.6110820200614 0.07046196526863709
0.0463 6372.84243773957 1.00012677231461 1.525659913068104 250.4241546927923 0.06930981730262059
0.0464 6372.871254009339 1.000126364409576 1.525568923858151 250.2368489392947 0.06817234667364285
0.0465 6372.90012851472 1.00012595674271 1.525477911284285 250.0491646543222 0.06704943388628547
0.0466 6372.929061271901 1.000125549317625 1.525386875356058 249.8611017326406 0.06594095948135868
0.04670000000000001 6372.958052297073 1.000125142137926 1.525295816083079 249.6726600690271 0.06484680404894225
0.0468 6372.987101606417 1.000124735207213 1.525204733475114 249.4838395582887 0.06376684824143289
0.0469 6373.016209216115 1.00012432852908 1.525113627542005 249.2946400952559 0.06270097278635407
0.047 6373.045375142344 1.000123922107117 1.52502249829371 249.1050615747653 0.06164905849900628
0.0471 6373.074599401281 1.000123515944904 1.52493134574029 248.915103891677 0.06061098629521951
0.0472 6373.103882009095 1.00012311004602 1.52484016989192 248.7247669408806 0.05958663720393297
0.0473 6373.133222981956 1.000122704414034 1.524748970758877 248.5340506172837 0.05857589237957611
0.04740000000000001 6373.162622336029 1.000122299052512 1.524657748351524 248.3429548158114 0.05757863311441337
0.0475 6373.192080087475 1.000121893965012 1.524566502680363 248.1514794314124 0.05659474085081322
0.0476 6373.221596252452 1.000121489155089 1.524475233755956 247.9596243590594 0.05562409719337861
0.0477 6373.251170847116 1.000121084626288 1.524383941589005 247.7673894937483 0.05466658392096849
0.0478 6373.280803887616 1.000120680382152 1.524292626190293 247.5747747304989 0.05372208299861033
0.04790000000000001 6373.3104953901 1.000120276426216 1.524201287570718 247.3817799643488 0.05279047658927301
0.048 6373.340245370714 1.000119872762009 1.52410992574126 247.188405090359 0.0518716470655857
0.0481 6373.370053845596 1.000119469393054 1.524018540713026 246.9946500036261 0.05096547702146794
0.0482 6373.399920830882 1.000119066322869 1.52392713249719 246.8005145992646 0.05007184928350421
0.0483 6373.429846342706 1.000118663554965 1.523835701105061 246.6059987724124 0.04919064692231621
0.04840000000000001 6373.459830397194 1.000118261092848 1.523744246548014 246.411102418237 0.04832175326381517
0.0485 6373.489873010472 1.000117858940017 1.523652768837555 246.2158254319355 0.04746505190030652
0.0486 6373.519974198658 1.000117457099965 1.523561267985265 246.0201677087229 0.04662042670142415
0.0487 6373.550133977869 1.000117055576179 1.523469744002826 245.8241291438493 0.04578776182507263
0.0488 6373.58035236422 1.000116654372141 1.523378196902018 245.6277096325711 0.0449669417280435
0.0489 6373.610629373815 1.000116253491325 1.523286626694733 245.4309090702035 0.0441578511768576
0.049 6373.640965022759 1.0001158529372 1.523195033392935 245.2337273520678 0.04336037525803374
0.04910000000000001 6373.671359327149 1.00011545271323 1.523103417008701 245.0361643735326 0.04257439938862672
0.0492 6373.701812303081 1.00011505282287 1.523011777554196 244.8382200299724 0.0417998093263002
0.0493 6373.732323966647 1.000114653269571 1.522920115041684 244.639894216797 0.04103649117955861
0.0494 6373.76289433393 1.000114254056777 1.522828429483517 244.4411868294577 0.04028433141774999
0.0495 6373.79352342101 1.000113855187926 1.522736720892156 244.2420977634355 0.03954321688087085
0.04960000000000001 6373.824211243966 1.000113456666451 1.52264498928014 244.042626914223 0.03881303478922319
0.0497 6373.854957818867 1.000113058495775 1.522553234660117 243.8427741773661 0.03809367275315717
0.0498 6373.885763161782 1.000112660679319 1.52246145704481 243.6425394484166 0.03738501878235442
0.0499 6373.916627288772 1.000112263220495 1.522369656447041 243.4419226229855 0.03668696129534173
0.05 6373.947550215893 1.00011186612271 1.522277832879744 243.2409235966956 0.03599938912850993
0.05010000000000001 6373.978531959198 1.000111469389365 1.522185986355921 243.0395422652108 0.03532219154527067
0.0502 6374.009572534735 1.000111073023853 1.522094116888673 242.837778524225 0.03465525824493106
0.0503 6374.040671958544 1.000110677029561 1.522002224491196 242.6356322694613 0.03399847937147321
0.0504 6374.071830246664 1.000110281409872 1.521910309176777 242.4331033966845 0.03335174552223391
0.0505 6374.103047415126 1.000109886168159 1.52181837095879 242.2301918016827 0.03271494775634979
0.0506 6374.134323479957 1.000109491307791 1.521726409850708 242.0268973802798 0.03208797760315977
0.0507 6374.165658457177 1.00010909683213 1.521634425866076 241.8232200283527 0.03147072707048166
0.05080000000000001 6374.197052362802 1.000108702744531 1.521542419018558 241.6191596417842 0.03086308865255091
0.0509 6374.228505212845 1.000108309048343 1.521450389321879 241.4147161165046 0.03026495533809059
0.051 6374.260017023309 1.000107915746909 1.521358336789879 241.2098893484912 0.0296762206181091
0.0511 6374.291587810194 1.000107522843563 1.521266261436469 241.0046792337392 0.02909677849347309
0.0512 6374.323217589494 1.000107130341636 1.52117416327566 240.7990856682912 0.0285265234825098
0.05130000000000001 6374.354906377196 1.00010673824445 1.521082042321545 240.5931085482251 0.02796535062834548
0.0514 6374.386654189286 1.000106346555321 1.520989898588306 240.3867477696425 0.02741315550610432
0.0515 6374.418461041737 1.000105955277557 1.520897732090226 240.18000322871 0.02686983423010527
0.0516 6374.450326950524 1.000105564414463 1.52080554284166 239.9728748215943 0.02633528346063127
0.0517 6374.48225193161 1.000105173969333 1.520713330857058 239.7653624445328 0.02580940041091335
0.05180000000000001 6374.514236000956 1.000104783945457 1.520621096150958 239.5574659937869 0.02529208285365904
0.0519 6374.546279174515 1.000104394346118 1.520528838737995 239.3491853656532 0.02478322912759172
0.05200000000000001 6374.578381468235 1.000104005174591 1.520436558632865 239.1405204564697 0.02428273814382754
0.0521 6374.610542898058 1.000103616434145 1.520344255850386 238.931471162622 0.02379050939210515
0.0522 6374.642763479918 1.000103228128041 1.520251930405447 238.7220373805307 0.0233064429468278
0.0523 6374.675043229746 1.000102840259536 1.520159582313018 238.5122190066521 0.0228304394729891
0.0524 6374.707382163464 1.000102452831877 1.520067211588165 238.302015937484 0.02236240023196608
0.05250000000000001 6374.73978029699 1.000102065848306 1.519974818246033 238.0914280695655 0.02190222708715175
0.0526 6374.772237646233 1.000101679312057 1.519882402301876 237.8804552994828 0.02144982250945424
0.0527 6374.804754227098 1.000101293226358 1.519789963771003 237.6690975238638 0.02100508958262379
0.0528 6374.837330055483 1.000100907594429 1.519697502668837 237.4573546393598 0.02056793200841093
0.0529 6374.869965147281 1.000100522419483 1.51960501901086 237.2452265426754 0.02013825411167744
0.05300000000000001 6374.902659518374 1.000100137704726 1.519512512812679 237.0327131305684 0.01971596084529657
0.0531 6374.935413184642 1.000099753453359 1.519419984089946 236.8198142998261 0.01930095779486141
0.0532 6374.968226161956 1.000099369668572 1.519327432858435 236.6065299472833 0.01889315118333149
0.0533 6375.001098466182 1.000098986353551 1.519234859133982 236.392859969816 0.01849244787548575
0.0534 6375.034030113177 1.000098603511473 1.519142262932522 236.1788042643474 0.01809875538225288
0.05350000000000001 6375.067021118794 1.000098221145509 1.519049644270064 235.9643627278423 0.01771198186487426
0.0536 6375.100071498875 1.000097839258822 1.518957003162723 235.7495352573127 0.01733203613894371
0.05370000000000001 6375.133181269261 1.000097457854567 1.518864339626692 235.5343217498061 0.01695882767827103
0.0538 6375.166350445779 1.000097076935894 1.518771653678229 235.3187221024349 0.01659226661867325
0.0539 6375.199579044257 1.000096696505943 1.518678945333717 235.1027362123294 0.01623226376148902
0.054 6375.232867080508 1.000096316567848 1.5185862146096 234.8863639766968 0.01587873057713099
0.0541 6375.266214570344 1.000095937124735 1.518493461522414 234.6696052927617 0.01553157920829584
0.05420000000000001 6375.299621529567 1.000095558179724 1.518400686088783 234.4524600578142 0.01519072247320836
0.0543 6375.333087973972 1.000095179735925 1.518307888325404 234.2349281691794 0.01485607386859702
0.0544 6375.366613919347 1.000094801796442 1.518215068249094 234.0170095242419 0.01452754757261282
0.0545 6375.400199381474 1.000094424364371 1.518122225876719 233.7987040204215 0.01420505844753313
0.0546 6375.433844376124 1.000094047442801 1.518029361225251 233.5800115551914 0.01388852204238836
0.05470000000000001 6375.467548919065 1.000093671034812 1.517936474311754 233.3609320260779 0.01357785459542055
0.0548 6375.501313026055 1.000093295143478 1.517843565153356 233.1414653306428 0.01327297303637766
0.0549 6375.535136712844 1.000092919771864 1.517750633767295 232.9216113665128 0.012973794988736
0.055 6375.569019995176 1.000092544923028 1.517657680170897 232.7013700313563 0.01268023877170894
0.0551 6375.602962888787 1.000092170600018 1.517564704381547 232.4807412228828 0.01239222340215261
0.05520000000000001 6375.636965409405 1.000091796805878 1.517471706416746 232.2597248388669 0.0121096685963646
0.0553 6375.67102757275 1.00009142354364 1.517378686294071 232.0383207771246 0.01183249477168418
0.05540000000000001 6375.705149394535 1.000091050816331 1.517285644031186 231.8165289355251 0.01156062304800382
0.0555 6375.739330890464 1.000090678626969 1.517192579645843 231.5943492119849 0.01129397524912346
0.0556 6375.773572076234 1.000090306978564 1.517099493155886 231.3717815044796 0.01103247390399228
0.0557 6375.807872967534 1.000089935874117 1.517006384579244 231.1488257110262 0.01077604224778252
0.0558 6375.842233580046 1.000089565316623 1.516913253933921 230.9254817297009 0.0105246042228731
0.05590000000000001 6375.876653929441 1.000089195309066 1.51682010123804 230.7017494586329 0.01027808447967409
0.056 6375.911134031384 1.000088825854425 1.516726926509777 230.4776287960048 0.01003640837732801
0.0561 6375.945673901532 1.000088456955667 1.516633729767423 230.2531196400404 0.009799501984269687
0.0562 6375.980273555533 1.000088088615755 1.516540511029345 230.0282218890346 0.009567292078701698
0.0563 6376.014933009027 1.000087720837639 1.516447270314003 229.8029354413237 0.009339706148879676
0.05640000000000001 6376.049652277646 1.000087353624265 1.51635400763994 229.577260195303 0.00911667239332146
0.0565 6376.084431377012 1.000086986978568 1.516260723025793 229.351196049421 0.008898119720866326
0.0566 6376.119270322743 1.000086620903474 1.516167416490291 229.1247429021736 0.008683977750610901
0.0567 6376.154169130441 1.000086255401902 1.516074088052251 228.8979006521334 0.008474176811755265
0.0568 6376.189127815707 1.000085890476762 1.515980737730569 228.6706691979028 0.008268647943254975
0.05690000000000001 6376.224146394129 1.000085526130955 1.515887365544253 228.4430484381609 0.008067322893440823
0.057 6376.259224881288 1.000085162367375 1.515793971512377 228.215038271628 0.007870134119442752
0.05710000000000001 6376.294363292755 1.000084799188903 1.515700555654128 227.9866385970898 0.007677014786548988
0.0572 6376.329561644095 1.000084436598416 1.515607117988756 227.757849313385 0.007487898767416451
0.0573 6376.36481995086 1.00008407459878 1.51551365853564 227.5286703194114 0.007302720641180783
0.0574 6376.400138228595 1.000083713192851 1.515420177314215 227.2991015141319 0.007121415692451139
0.0575 6376.435516492838 1.000083352383479 1.515326674344021 227.0691427965506 0.006943919910168526
0.05760000000000001 6376.470954759117 1.000082992173502 1.515233149644689 226.838794065743 0.006770169986394246
0.0577 6376.506453042948 1.000082632565751 1.515139603235948 226.6080552208372 0.006600103314950118
0.0578 6376.542011359843 1.000082273563047 1.515046035137609 226.3769261610208 0.006433657989967965
0.0579 6376.5776297253 1.000081915168202 1.514952445369584 226.1454067855524 0.006270772804334625
0.058 6376.613308154811 1.000081557384018 1.514858833951876 225.9134969937317 0.006111387248001008
0.05810000000000001 6376.649046663856 1.000081200213289 1.514765200904571 225.6811966849353 0.005955441506231973
0.0582 6376.68484526791 1.000080843658799 1.514671546247858 225.4485057585874 0.005802876457706741
0.05830000000000001 6376.720703982433 1.000080487723324 1.514577870002025 225.2154241141888 0.005653633672557115
0.0584 6376.756622822879 1.000080132409628 1.514484172187438 224.9819516512874 0.00550765541026543
0.0585 6376.792601804693 1.000079777720467 1.514390452824575 224.7480882694966 0.005364884617494195
0.05860000000000001 6376.828640943309 1.000079423658588 1.51429671193399 224.5138338684945 0.00522526492580556
0.0587 6376.864740254151 1.000079070226727 1.514202949536349 224.2791883480185 0.005088740649280904
0.05880000000000001 6376.900899752634 1.000078717427612 1.514109165652395 224.0441516078766 0.004955256782055665
0.0589 6376.937119454165 1.000078365263959 1.514015360302992 223.8087235479305 0.004824758995743515
0.059 6376.973399374137 1.000078013738478 1.513921533509066 223.5729040681066 0.004697193636785663
0.0591 6377.009739527938 1.000077662853863 1.513827685291676 223.3366930684023 0.004572507723705582
0.0592 6377.046139930942 1.000077312612806 1.513733815671941 223.1000904488741 0.004450648944265342
0.05930000000000001 6377.082600598516 1.000076963017982 1.513639924671106 222.8630961096495 0.004331565652547125
0.0594 6377.119121546013 1.00007661407206 1.513546012310504 222.6257099509152 0.004215206865936557
0.0595 6377.155702788781 1.000076265777698 1.513452078611551 222.3879318729227 0.004101522262031074
0.0596 6377.192344342155 1.000075918137543 1.513358123595779 222.1497617759945 0.003990462175465123
0.0597 6377.22904622146 1.000075571154234 1.513264147284815 221.9111995605125 0.003881977594645958
0.05980000000000001 6377.26580844201 1.000075224830397 1.51317014970037 221.6722451269351 0.003776020158423712
0.0599 6377.302631019112 1.000074879168649 1.513076130864278 221.432898375774 0.003672542152664793
0.06000000000000001 6377.339513968058 1.000074534171597 1.512982090798443 221.1931592076238 0.00357149650677278
0.0601 6377.376457304132 1.000074189841837 1.512888029524907 220.953027523144 0.00347283679011359
0.0602 6377.413461042607 1.000073846181955 1.512793947065766 220.7125032230532 0.003376517208373615
0.0603 6377.450525198747 1.000073503194527 1.512699843443245 220.471586208147 0.003282492599855979
0.0604 6377.487649787802 1.000073160882115 1.512605718679667 220.2302763792858 0.003190718431695011
0.06050000000000001 6377.524834825015 1.000072819247275 1.51251157279745 219.9885736374012 0.003101150796009935
0.0606 6377.562080325616 1.00007247829255 1.512417405819118 219.7464778834955 0.003013746405989822
0.0607 6377.599386304824 1.000072138020471 1.512323217767288 219.5039890186421 0.002928462591913899
0.0608 6377.636752777848 1.000071798433561 1.512229008664688 219.2611069439853 0.002845257297108902
0.0609 6377.674179759886 1.000071459534329 1.512134778534148 219.0178315607403 0.002764089073845134
0.06100000000000001 6377.711667266124 1.000071121325276 1.512040527398591 218.7741627701934 0.002684917079172944
0.0611 6377.749215311739 1.000070783808889 1.511946255281049 218.5301004736956 0.002607701070699419
0.0612 6377.786823911894 1.000070446987646 1.511851962204665 218.2856445726869 0.002532401402318086
0.0613 6377.824493081743 1.000070110864014 1.511757648192672 218.0407949686722 0.002458979019868929
0.0614 6377.862222836427 1.000069775440446 1.511663313268422 217.7955515632274 0.002387395456755193
0.06150000000000001 6377.900013191077 1.000069440719387 1.511568957455356 217.5499142579992 0.002317612829507045
0.0616 6377.937864160814 1.000069106703269 1.511474580777025 217.3038829547112 0.002249593833297315
0.06170000000000001 6377.975775760743 1.000068773394512 1.511380183257082 217.0574575551699 0.002183301737409171
0.0618 6378.013748005962 1.000068440795526 1.511285764919309 216.8106379612467 0.002118700380651264
0.0619 6378.051780911555 1.000068108908708 1.511191325787558 216.5634240748899 0.002055754166736614
0.062 6378.089874492594 1.000067777736445 1.511096865885813 216.3158157981364 0.001994428059618178
0.0621 6378.128028764143 1.000067447281109 1.511002385238153 216.0678130330706 0.001934687578770188
0.06220000000000001 6378.166243741248 1.000067117545065 1.510907883868768 215.8194156818889 0.001876498794456277
0.0623 6378.204519438948 1.000066788530662 1.510813361801948 215.5706236468353 0.001819828322928028
0.0624 6378.24285587227 1.00006646024024 1.510718819062102 215.3214368302423 0.001764643321613149
0.0625 6378.281253056225 1.000066132676124 1.51062425567375 215.071855134537 0.001710911484260066
0.0626 6378.319711005815 1.000065805840631 1.510529671661498 214.8218784621998 0.001658601036039738
0.06270000000000001 6378.358229736031 1.000065479736061 1.510435067050086 214.5715067157997 0.001607680728633152
0.06280000000000001 6378.396809261849 1.000065154364706 1.510340441864346 214.3207397979826 0.001558119835278807
0.0629 6378.435449598233 1.000064829728843 1.510245796129234 214.0695776114889 0.00150988814579828
0.063 6378.474150760136 1.000064505830739 1.510151129869801 213.8180200591181 0.001462955961585086
0.0631 6378.512912762498 1.000064182672646 1.51005644311121 213.5660670437645 0.001417294090582698
0.06320000000000001 6378.551735620247 1.000063860256807 1.50996173587875 213.3137184683932 0.001372873842228055
0.06330000000000001 6378.590619348299 1.000063538585448 1.509867008197803 213.0609742360579 0.001329667022381261
0.0634 6378.629563961555 1.000063217660787 1.509772260093878 212.8078342498951 0.001287645928230981
0.0635 6378.668569474904 1.000062897485025 1.509677491592583 212.5542984131242 0.001246783343182582
0.0636 6378.707635903224 1.000062578060354 1.509582702719643 212.3003666290473 0.001207052531729483
0.06370000000000001 6378.746763261378 1.000062259388951 1.50948789350089 212.0460388010432 0.001168427234308381
0.06380000000000001 6378.785951564219 1.000061941472981 1.509393063962281 211.7913148325737 0.001130881662142649
0.0639 6378.825200826585 1.000061624314597 1.509298214129865 211.536194627195 0.001094390492074201
0.064 6378.864511063301 1.000061307915935 1.509203344029834 211.2806780885461 0.001058928861381187
0.0641 6378.903882289177 1.000060992279123 1.509108453688472 211.0247651203489 0.001024472362588361
0.06420000000000001 6378.943314519014 1.000060677406273 1.509013543132168 210.7684556264079 0.0009909970382697884
0.06430000000000001 6378.982807767598 1.000060363299484 1.508918612387457 210.5117495106105 0.0009584793758453222
0.0644 6379.022362049701 1.000060049960843 1.508823661480963 210.2546466769444 0.0009268963023744673
0.0645 6379.061977380081 1.000059737392422 1.508728690439438 209.9971470294744 0.0008962251793416976
0.06460000000000001 6379.101653773484 1.000059425596281 1.508633699289735 209.7392504723538 0.0008664437974444266
0.06470000000000001 6379.141391244642 1.000059114574465 1.508538688058839 209.4809569098305 0.0008375303713796221
0.0648 6379.181189808272 1.000058804329007 1.508443656773845 209.2222662462353 0.0008094635346293014
0.0649 6379.221049479079 1.000058494861926 1.508348605461955 208.9631783859876 0.0007822223342504346
0.065 6379.260970271756 1.000058186175227 1.508253534150502 208.7036932335894 0.0007557862256671897
0.06510000000000001 6379.300952200978 1.000057878270901 1.508158442866923 208.4438106936435 0.0007301350674706056
0.06520000000000001 6379.340995281408 1.000057571150925 1.508063331638783 208.1835306708471 0.0007052491162220487
0.0653 6379.381099527696 1.000057264817264 1.507968200493754 207.9228530699742 0.0006811090212633543
0.0654 6379.421264954477 1.000056959271866 1.507873049459635 207.6617777958994 0.0006576958195398797
0.0655 6379.461491576372 1.000056654516668 1.507777878564336 207.4003047535801 0.0006349909304298293
0.06560000000000001 6379.501779407987 1.000056350553591 1.507682687835891 207.138433848086 0.0006129761505892437
0.06570000000000001 6379.542128463915 1.000056047384542 1.507587477302446 206.8761649845518 0.0005916336488030929
0.0658 6379.582538758734 1.000055745011415 1.50749224699227 206.6134980682303 0.0005709459608588032
0.0659 6379.623010307007 1.000055443436087 1.507396996933758 206.3504330044574 0.0005508959844274553
0.066 6379.663543123284 1.000055142660425 1.507301727155398 206.0869696986573 0.0005314669739648027
0.06610000000000001 6379.704137222099 1.000054842686278 1.507206437685829 205.823108056355 0.0005126425356300809
0.06620000000000001 6379.744792617973 1.000054543515482 1.507111128553796 205.5588479831757 0.000494406622222426
0.0663 6379.78550932541 1.000054245149857 1.507015799788158 205.2941893848337 0.0004767435281362374
0.0664 6379.826287358901 1.00005394759121 1.506920451417902 205.0291321671433 0.0004596378843389946
0.0665 6379.867126732921 1.000053650841333 1.506825083472141 204.7636762360138 0.0004430746533697058
0.06660000000000001 6379.908027461932 1.000053354902002 1.506729695980099 204.4978214974429 0.0004270391243603616
0.06670000000000001 6379.948989560377 1.00005305977498 1.506634288971112 204.2315678575468 0.0004115169080834441
0.0668 6379.990013042689 1.000052765462015 1.506538862474667 203.9649152225242 0.0003964939320204507
0.0669 6380.031097923282 1.000052471964838 1.506443416520338 203.6978634986684 0.0003819564354593162
0.067 6380.072244216556 1.000052179285166 1.50634795113784 203.4304125923853 0.0003678909646189141
0.06710000000000001 6380.113451936897 1.000051887424703 1.506252466357005 203.1625624101692 0.0003542843677991612
0.06720000000000001 6380.154721098673 1.000051596385136 1.50615696220779 202.8943128586269 0.0003411237905624313
0.0673 6380.196051716238 1.000051306168134 1.506061438720276 202.6256638444537 0.0003283966709421988
0.0674 6380.23744380393 1.000051016775357 1.505965895924654 202.3566152744573 0.0003160907346845938
0.0675 6380.278897376072 1.000050728208445 1.505870333851251 202.0871670555342 0.0003041939905190784
0.06760000000000001 6380.32041244697 1.000050440469023 1.505774752530508 201.8173190946931 0.0002926947254635517
0.06770000000000001 6380.361989030916 1.000050153558703 1.505679151992988 201.5470712990431 0.0002815815001608423
0.0678 6380.403627142187 1.000049867479079 1.505583532269386 201.276423575788 0.0002708431442493545
0.0679 6380.445326795039 1.00004958223173 1.505487893390508 201.00537583225 0.0002604687517694502
0.06800000000000001 6380.487088003715 1.000049297818221 1.505392235387296 200.7339279758515 0.0002504476766034462
0.06810000000000001 6380.528910782445 1.000049014240099 1.505296558290806 200.4620799141097 0.0002407695279522011
0.0682 6380.570795145438 1.000048731498896 1.505200862132216 200.189831554654 0.000231424165849251
0.0683 6380.612741106889 1.000048449596129 1.505105146942841 199.9171828052203 0.0002224016967114245
0.0684 6380.654748680977 1.000048168533299 1.505009412754099 199.6441335736507 0.0002136924689277117
0.06850000000000001 6380.696817881863 1.000047888311889 1.504913659597552 199.3706837678882 0.0002052870684865966
0.06860000000000001 6380.738948723693 1.000047608933369 1.504817887504868 199.0968332959936 0.0001971763146433554
0.0687 6380.781141220597 1.000047330399191 1.504722096507853 198.8225820661227 0.0001893512556258887
0.0688 6380.823395386685 1.000047052710791 1.504626286638426 198.5479299865491 0.0001818031643823442
0.0689 6380.865711236053 1.00004677586959 1.50453045792864 198.2728769656532 0.0001745235343685512
0.06900000000000001 6380.90808878278 1.000046499876991 1.504434610410672 197.9974229119274 0.0001675040753773648
0.06910000000000001 6380.950528040929 1.000046224734382 1.504338744116817 197.7215677339649 0.000160736709409417
0.0692 6380.993029024543 1.000045950443135 1.504242859079486 197.445311340471 0.0001542135665868019
0.0693 6381.03559174765 1.000045677004605 1.504146955331232 197.1686536402752 0.0001479269811094604
0.0694 6381.078216224262 1.000045404420129 1.504051032904717 196.8915945422958 0.0001418694872536534
0.06950000000000001 6381.120902468372 1.00004513269103 1.50395509183275 196.614133955581 0.0001360338154157612
0.06960000000000001 6381.163650493955 1.000044861818612 1.503859132148241 196.3362717892914 0.0001304128881986278
0.0697 6381.206460314971 1.000044591804166 1.503763153884228 196.0580079526879 0.000124999816542367
0.0698 6381.249331945362 1.000044322648962 1.503667157073884 195.7793423551501 0.0001197878959003523
0.0699 6381.29226539905 1.000044054354256 1.5035711417505 195.5002749061754 0.0001147706024596958
0.07000000000000001 6381.335260689943 1.000043786921287 1.503475107947481 195.2208055153736 0.0001099415894067858
0.07010000000000001 6381.378317831928 1.000043520351275 1.503379055698385 194.9409340924671 0.0001052946832383632
0.0702 6381.421436838877 1.000043254645427 1.503282985036872 194.660660547302 0.0001008238801184233
0.0703 6381.464617724642 1.000042989804929 1.503186895996722 194.3799847898252 9.652334228039885e-005
0.0704 6381.507860503059 1.000042725830952 1.503090788611856 194.0989067301138 9.23873944762434e-005
0.07050000000000001 6381.551165187946 1.000042462724651 1.502994662916304 193.8174262783508 8.841052047088302e-005
0.07060000000000001 6381.5945317931 1.000042200487161 1.502898518944239 193.5355433448498 8.458735958374294e-005
0.0707 6381.637960332304 1.000041939119603 1.502802356729935 193.2532578400245 8.091270327600159e-005
0.0708 6381.681450819319 1.000041678623078 1.50270617630781 192.9705696744248 7.738149178533195e-005
0.07090000000000001 6381.725003267891 1.000041418998671 1.502609977712393 192.687478758707 7.398881080644526e-005
0.07100000000000001 6381.768617691744 1.000041160247451 1.50251376097835 192.4039850036633 7.072988821913804e-005
0.0711 6381.812294104588 1.000040902370467 1.502417526140453 192.1200883201803 6.760009086227765e-005
0.0712 6381.85603252011 1.000040645368753 1.502321273233607 191.835788619287 6.459492135563877e-005
0.0713 6381.899832951981 1.000040389243324 1.502225002292848 191.5510858121241 6.171001496767585e-005
0.07140000000000001 6381.943695413853 1.000040133995178 1.502128713353327 191.265979809957 5.894113653057977e-005
0.07150000000000001 6381.987619919359 1.000039879625296 1.502032406450316 190.9804705241689 5.628417740192747e-005
0.0716 6382.031606482113 1.000039626134641 1.501936081619219 190.6945578662675 5.373515247318484e-005
0.0717 6382.075655115709 1.000039373524157 1.501839738895555 190.4082417478902 5.129019722486348e-005
0.0718 6382.119765833725 1.000039121794773 1.501743378314969 190.121522080787 4.894556482806162e-005
0.07190000000000001 6382.163938649717 1.000038870947399 1.501646999913232 189.8343987768379 4.669762329279768e-005
0.07200000000000001 6382.208173577224 1.000038620982926 1.501550603726233 189.546871748047 4.454285266249737e-005
0.0721 6382.252470629764 1.00003837190223 1.50145418978998 189.2589409065366 4.247784225472227e-005
0.0722 6382.296829820835 1.000038123706166 1.501357758140617 188.970606164571 4.04992879481856e-005
0.0723 6382.341251163919 1.000037876395574 1.501261308814403 188.6818674345267 3.860398951529208e-005
0.07240000000000001 6382.385734672475 1.000037629971274 1.501164841847708 188.3927246289103 3.678884800074649e-005
0.07250000000000001 6382.430280359945 1.000037384434069 1.501068357277041 188.1031776603585 3.505086314555408e-005
0.0726 6382.47488823975 1.000037139784744 1.500971855139021 187.8132264416262 3.338713085626708e-005
0.0727 6382.519558325292 1.000036896024066 1.500875335470395 187.5228708856042 3.179484071949191e-005
0.0728 6382.564290629952 1.000036653152783 1.500778798308031 187.2321109053136 3.027127356108799e-005
0.07290000000000001 6382.609085167091 1.000036411171627 1.500682243688908 186.9409464139111 2.881379905001743e-005
0.07300000000000001 6382.653941950052 1.000036170081309 1.500585671650139 186.6493773246601 2.741987334633426e-005
0.0731 6382.698860992158 1.000035929882524 1.500489082228947 186.3574035509718 2.608703679355603e-005
0.0732 6382.743842306711 1.000035690575948 1.500392475462686 186.0650250063812 2.481291165443756e-005
0.0733 6382.788885906991 1.000035452162239 1.500295851388815 185.7722416045598 2.359519989034097e-005
0.07340000000000001 6382.83399180626 1.000035214642036 1.500199210044931 185.4790532593087 2.243168098362386e-005
0.07350000000000001 6382.87916001776 1.000034978015961 1.500102551468733 185.1854598845592 2.132020980282384e-005
0.0736 6382.924390554711 1.000034742284617 1.50000587569804 184.8914613943788 2.025871451028777e-005
0.0737 6382.969683430313 1.000034507448588 1.499909182770818 184.5970577029647 1.924519451182234e-005
0.0738 6383.015038657747 1.00003427350844 1.499812472725112 184.3022487246443 1.827771844807208e-005
0.07390000000000001 6383.06045625017 1.000034040464721 1.499715745599107 184.0070343738929 1.735442222727678e-005
0.07400000000000001 6383.105936220723 1.000033808317961 1.499619001431106 183.7114145653039 1.647350709881503e-005
0.0741 6383.151478582522 1.000033577068669 1.499522240259516 183.4153892136068 1.563323776744957e-005
0.0742 6383.197083348665 1.000033346717338 1.499425462122879 183.1189582336787 1.483194054768059e-005
0.07430000000000001 6383.242750532227 1.000033117264442 1.499328667059844 182.8221215405268 1.406800155774365e-005
0.07440000000000001 6383.288480146263 1.000032888710436 1.499231855109173 182.5248790492886 1.333986495296841e-005
0.0745 6383.334272203807 1.000032661055756 1.499135026309755 182.2272306752551 1.264603119806765e-005
0.0746 6383.380126717871 1.00003243430082 1.499038180700593 181.9291763338414 1.198505537773419e-005
0.0747 6383.426043701446 1.000032208446026 1.498941318320796 181.6307159405986 1.135554554533879e-005
0.07480000000000001 6383.472023167505 1.000031983491757 1.498844439209589 181.3318494112199 1.075616110915377e-005
0.07490000000000001 6383.518065128994 1.000031759438372 1.498747543406321 181.03257666154 1.018561125565023e-005
0.075 6383.564169598841 1.000031536286216 1.498650630950458 180.7328976075359 9.642653409421508e-006
0.0751 6383.610336589952 1.000031314035612 1.498553701881564 180.4328121653142 9.126091729243871e-006
0.0752 6383.656566115211 1.000031092686866 1.498456756239321 180.1323202511297 8.634775639874059e-006
0.07530000000000001 6383.702858187481 1.000030872240265 1.498359794063541 179.831421781373 8.167598398998499e-006
0.07540000000000001 6383.749212819603 1.000030652696075 1.498262815394131 179.5301166725825 7.723495698944186e-006
0.0755 6383.795630024395 1.000030434054548 1.498165820271114 179.2284048414325 7.301444302587297e-006
0.0756 6383.842109814655 1.000030216315911 1.498068808734632 178.9262862047452 6.900460713042124e-006
0.0757 6383.888652203158 1.000029999480377 1.497971780824922 178.6237606794729 6.519599876559006e-006
0.07580000000000001 6383.935257202657 1.000029783548139 1.497874736582354 178.3208281827273 6.157953918237342e-006
0.07590000000000001 6383.981924825885 1.000029568519368 1.497777676047393 178.0174886317503 5.814650909915343e-006
0.076 6384.028655085547 1.000029354394221 1.497680599260621 177.7137419439436 5.488853669883527e-006
0.0761 6384.075447994333 1.000029141172832 1.497583506262723 177.4095880368385 5.179758593775936e-006
0.0762 6384.122303564906 1.000028928855318 1.497486397094506 177.1050268281146 4.886594516256698e-006
0.07630000000000001 6384.169221809908 1.000028717441778 1.497389271796868 176.8000582355988 4.608621602918327e-006
0.07640000000000001 6384.216202741959 1.000028506932288 1.497292130410832 176.4946821772663 4.34513027190562e-006
0.0765 6384.263246373656 1.000028297326909 1.497194972977521 176.1888985712338 4.0954401447514e-006
0.0766 6384.310352717574 1.000028088625681 1.497097799538163 175.8827073357719 3.858899025934153e-006
0.0767 6384.357521786264 1.000027880828627 1.4970006101341 175.576108389287 3.634881910609488e-006
0.07680000000000001 6384.404753592255 1.000027673935748 1.496903404806772 175.2691016503453 3.422790020062273e-006
0.07690000000000001 6384.452048148053 1.000027467947028 1.496806183597728 174.9616870376548 3.222049864306938e-006
0.077 6384.499405466143 1.000027262862432 1.496708946548627 174.6538644700712 3.032112331378249e-006
0.0771 6384.546825558985 1.000027058681904 1.496611693701231 174.3456338665982 2.852451802782936e-006
0.07720000000000001 6384.594308439017 1.000026855405372 1.496514425097397 174.036995146393 2.682565294614722e-006
0.07730000000000001 6384.641854118652 1.000026653032741 1.496417140779096 173.7279482287607 2.521971623818955e-006
0.07740000000000001 6384.689462610282 1.000026451563901 1.496319840788404 173.4184930331661 2.370210599121732e-006
0.0775 6384.737133926275 1.000026250998721 1.496222525167486 173.1086294792098 2.226842236096608e-006
0.0776 6384.784868078978 1.000026051337049 1.496125193958627 172.7983574866402 2.091445995908472e-006
0.07770000000000001 6384.832665080711 1.000025852578718 1.496027847204199 172.4876769753772 1.963620047224138e-006
0.07780000000000001 6384.880524943772 1.000025654723538 1.49593048494668 172.1765878654827 1.842980550772085e-006
0.0779 6384.928447680435 1.000025457771302 1.495833107228653 171.8650900771721 1.729160966105231e-006
0.078 6384.976433302953 1.000025261721784 1.495735714092793 171.5531835308028 1.621811380053402e-006
0.0781 6385.024481823553 1.000025066574737 1.495638305581882 171.2408681469036 1.520597856408047e-006
0.07820000000000001 6385.07259325444 1.000024872329898 1.495540881738789 170.9281438461393 1.42520180632448e-006
0.07830000000000001 6385.120767607793 1.000024678986982 1.495443442606498 170.615010549346 1.335319379014564e-006
0.0784 6385.169004895768 1.000024486545686 1.495345988228073 170.3014681775079 1.250660872217406e-006
0.0785 6385.217305130499 1.000024295005688 1.49524851864669 169.9875166517567 1.17095016201056e-006
0.0786 6385.265668324095 1.000024104366645 1.495151033905612 169.6731558933838 1.095924151495702e-006
0.07870000000000001 6385.314094488641 1.0000239146282 1.495053534048193 169.3583858238343 1.025332237895347e-006
0.07880000000000001 6385.362583636197 1.000023725789971 1.494956019117899 169.0432063647189 9.589357976189488e-007
0.0789 6385.411135778801 1.000023537851559 1.494858489158273 168.7276174377961 8.96507688841763e-007
0.079 6385.459750928463 1.000023350812548 1.494760944212966 168.4116189649898 8.378317711702123e-007
0.0791 6385.508429097175 1.0000231646725 1.494663384325713 168.0952108683658 7.827024419424519e-007
0.07920000000000001 6385.557170296898 1.000022979430958 1.494565809540345 167.7783930701615 7.309241887525785e-007
0.07930000000000001 6385.605974539574 1.000022795087449 1.494468219900778 167.4611654927679 6.82311157755308e-007
0.0794 6385.654841837119 1.000022611641478 1.494370615451033 167.1435280587297 6.366867373451608e-007
0.0795 6385.703772201421 1.000022429092532 1.494272996235209 166.8254806907629 5.938831567960795e-007
0.0796 6385.75276564435 1.000022247440078 1.494175362297503 166.5070233117257 5.537410994457903e-007
0.07970000000000001 6385.801822177746 1.000022066683565 1.49407771368219 166.1881558446534 5.16109330039708e-007
0.07980000000000001 6385.850941813426 1.000021886822422 1.493980050433656 165.8688782127291 4.808443358222335e-007
0.0799 6385.900124563184 1.000021707856061 1.493882372596352 165.5491903393075 4.478099810022446e-007
0.08 6385.949370438787 1.000021529783871 1.493784680214825 165.2290921478851 4.168771741980003e-007
0.08010000000000001 6385.998679451979 1.000021352605227 1.493686973333709 164.9085835621357 3.879235484983576e-007
0.08020000000000001 6386.048051614478 1.000021176319481 1.493589251997728 164.5876645058928 3.608331537583642e-007
0.08030000000000001 6386.097486937977 1.000021000925968 1.493491516251686 164.2663349031494 3.354961607738966e-007
0.0804 6386.146985434145 1.000020826424003 1.493393766140464 163.9445946780583 3.118085769767675e-007
0.0805 6386.196547114626 1.000020652812883 1.493296001709038 163.6224437549316 2.89671973300352e-007
0.08060000000000001 6386.246171991037 1.000020480091886 1.493198223002473 163.2998820582592 2.689932218733766e-007
0.08070000000000001 6386.295860074973 1.000020308260269 1.493100430065898 162.9769095126784 2.49684244200803e-007
0.08080000000000001 6386.345611378 1.000020137317274 1.493002622944542 162.6535260429981 2.316617695083792e-007
0.0809 6386.395425911664 1.000019967262119 1.492904801683698 162.3297315741869 2.148471029213265e-007
0.081 6386.445303687479 1.000019798094008 1.492806966328758 162.0055260313847 1.99165903163957e-007
0.08110000000000001 6386.49524471694 1.000019629812123 1.492709116925174 161.680909339891 1.845479694672845e-007
0.08120000000000001 6386.545249011514 1.000019462415629 1.492611253518491 161.3558814251591 1.709270373827349e-007
0.0813 6386.595316582641 1.000019295903671 1.492513376154324 161.0304422128314 1.582405832060961e-007
0.0814 6386.645447441738 1.000019130275375 1.492415484878372 160.7045916287042 1.464296367166091e-007
0.0815 6386.695641600195 1.00001896552985 1.492317579736406 160.3783295987331 1.354386019524036e-007
0.08160000000000001 6386.745899069377 1.000018801666184 1.492219660774279 160.0516560490513 1.252150857433712e-007
0.08170000000000001 6386.796219860623 1.000018638683447 1.492121728037908 159.7245709059515 1.157097337293222e-007
0.0818 6386.846603985247 1.000018476580691 1.492023781573297 159.3970740958979 1.068760736015056e-007
0.0819 6386.897051454536 1.000018315356949 1.491925821426512 159.0691655455142 9.867036530808396e-008
0.082 6386.947562279755 1.000018155011235 1.491827847643697 158.7408451815958 9.105145797367613e-008
0.08210000000000001 6386.998136472136 1.000017995542545 1.491729860271073 158.4121129311151 8.398065328718373e-008
0.08220000000000001 6387.048774042894 1.000017836949855 1.49163185935493 158.0829687211925 7.742157511887439e-008
0.0823 6387.09947500321 1.000017679232124 1.491533844941621 157.7534124791376 7.134004513670191e-008
0.0824 6387.150239364244 1.000017522388291 1.491435817077575 157.4234441324137 6.57039641926575e-008
0.0825 6387.201067137127 1.000017366417278 1.491337775809295 157.0930636086731 6.048319926222924e-008
0.08260000000000001 6387.251958332968 1.000017211317987 1.491239721183341 156.7622708357102 5.564947572035065e-008
0.08270000000000001 6387.302912962846 1.000017057089303 1.491141653246342 156.4310657415025 5.117627474892462e-008
0.0828 6387.353931037815 1.000016903730091 1.49104357204501 156.099448254205 4.703873567172515e-008
0.0829 6387.405012568903 1.000016751239199 1.490945477626102 155.7674183021321 4.321356302142708e-008
0.083 6387.456157567112 1.000016599615455 1.490847370036452 155.4349758137699 3.967893814901248e-008
0.08310000000000001 6387.507366043418 1.00001644885767 1.490749249322959 155.1021207177818 3.641443519050344e-008
0.08320000000000001 6387.55863800877 1.000016298964638 1.49065111553257 154.7688529429964 3.340094121204822e-008
0.0833 6387.60997347409 1.00001614993513 1.490552968712319 154.4351724184143 3.062058036035033e-008
0.0834 6387.661372450276 1.000016001767904 1.490454808909283 154.101079073207 2.805664185022799e-008
0.08350000000000001 6387.712834948196 1.000015854461696 1.490356636170606 153.7665728367236 2.56935116268178e-008
0.08360000000000001 6387.764360978696 1.000015708015227 1.490258450543492 153.4316536384789 2.35166075449105e-008
0.08370000000000001 6387.81595055259 1.000015562427196 1.490160252075207 153.0963214081647 2.151231791354184e-008
0.0838 6387.867603680671 1.000015417696288 1.490062040813074 152.7605760756386 1.96679432583883e-008
0.0839 6387.919320373702 1.000015273821167 1.489963816804471 152.4244175709354 1.797164116012745e-008
0.08400000000000001 6387.97110064242 1.000015130800481 1.489865580096837 152.0878458242672 1.641237403125306e-008
0.08410000000000001 6388.022944497537 1.000014988632857 1.48976733073766 151.7508607660119 1.497985969887201e-008
0.08420000000000001 6388.074851949735 1.000014847316908 1.489669068774498 151.4134623267245 1.366452466580354e-008
0.0843 6388.126823009671 1.000014706851226 1.489570794254947 151.0756504371374 1.2457459926526e-008
0.0844 6388.178857687977 1.000014567234386 1.489472507226661 150.7374250281486 1.135037921919409e-008
0.08450000000000001 6388.230955995256 1.000014428464946 1.489374207737358 150.3987860308333 1.033557959940466e-008
0.08460000000000001 6388.283117942085 1.000014290541446 1.489275895834797 150.0597333764503 9.405904225404655e-009
0.0847 6388.335343539012 1.000014153462407 1.489177571566776 149.7202669964235 8.554707248685451e-009
0.0848 6388.38763279656 1.000014017226333 1.489079234981177 149.3803868223603 7.775820708159896e-009
0.0849 6388.439985725227 1.000013881831711 1.488980886125905 149.0400927860218 7.063523329682495e-009
0.08500000000000001 6388.492402335481 1.00001374727701 1.488882525048912 148.699384819376 6.412511137045826e-009
0.08510000000000001 6388.544882637763 1.000013613560681 1.488784151798217 148.3582628545386 5.817869783603999e-009
0.0852 6388.597426642489 1.000013480681158 1.488685766421865 148.0167268238205 5.275048518210603e-009
0.0853 6388.650034360046 1.000013348636856 1.488587368967963 147.674776659704 4.779835701877531e-009
0.0854 6388.702705800794 1.000013217426176 1.488488959484646 147.3324122948369 4.328335795551445e-009
0.08550000000000001 6388.755440975068 1.000013087047498 1.488390538020118 146.9896336620562 3.916947742558239e-009
0.08560000000000001 6388.808239893174 1.000012957499187 1.488292104622597 146.6464406943704 3.542344672419235e-009
0.0857 6388.86110256539 1.000012828779589 1.488193659340364 146.3028333249653 3.201454856080882e-009
0.0858 6388.914029001969 1.000012700887035 1.488095202221735 145.9588114872039 2.891443845511867e-009
0.0859 6388.967019213134 1.000012573819836 1.487996733315062 145.6143751146268 2.609697733627674e-009
0.08600000000000001 6389.020073209085 1.000012447576288 1.487898252668747 145.2695241409459 2.35380747334864e-009
0.08610000000000001 6389.073190999991 1.00001232215467 1.487799760331217 144.9242585000565 2.121554197384489e-009
0.0862 6389.126372595994 1.000012197553242 1.487701256350956 144.5785781260369 1.910895482969475e-009
0.0863 6389.179618007211 1.000012073770249 1.487602740776459 144.2324829531311 1.71995250838184e-009
0.08640000000000001 6389.232927243726 1.000011950803918 1.487504213656282 143.8859729157783 1.546998050609857e-009
0.08650000000000001 6389.286300315604 1.000011828652461 1.487405675038999 143.5390479485712 1.390445275826617e-009
0.08660000000000001 6389.339737232876 1.00001170731407 1.48730712497323 143.1917079863036 1.248837276808509e-009
0.0867 6389.393238005549 1.000011586786923 1.487208563507619 142.8439529639348 1.120837313494432e-009
0.0868 6389.446802643599 1.00001146706918 1.487109990690843 142.4957828166074 1.005219715187954e-009
0.08690000000000001 6389.500431156977 1.000011348158985 1.487011406571625 142.1471974796472 9.008614048744064e-010
0.08700000000000001 6389.554123555608 1.000011230054465 1.486912811198694 141.7981968885514 8.067340081560531e-010
0.08710000000000001 6389.607879849385 1.00001111275373 1.486814204620831 141.4487809789947 7.218965112246167e-010
