0 6365.5 1.000365279963162 1.565471885752423 298.15 23.76398559206576
0.0001 6365.503421134306 1.00036507838191 1.565409161564539 298.1277626270088 23.73250142571266
0.0002 6365.506882198743 1.000364874587479 1.565346414302899 298.1052657081681 23.70068683243238
0.0003 6365.510383208091 1.000364668583758 1.565283643631378 298.0825091474065 23.66854292885461
0.0004 6365.513924177345 1.000364460374676 1.565220849216542 298.0594928472577 23.63607084261655
0.0005 6365.517505121715 1.000364249964199 1.565158030727165 298.0362167088541 23.60327171231261
0.0006000000000000001 6365.521126056621 1.000364037356332 1.565095187834401 298.0126806319626 23.57014668750179
0.0007 6365.524786997695 1.000363822555122 1.565032320211449 297.9888845149843 23.5366969286646
0.0008 6365.528487960776 1.000363605564652 1.564969427533708 297.964828254955 23.50292360715953
0.0009000000000000001 6365.532228961914 1.000363386389046 1.564906509478653 297.9405117475566 23.46882790519561
0.001 6365.536010017364 1.000363165032463 1.564843565725814 297.9159348871348 23.4344110158127
0.0011 6365.539831143584 1.000362941499106 1.564780595956519 297.8910975667053 23.39967414284479
0.0012 6365.54369235724 1.000362715793214 1.564717599854081 297.8659996779419 23.36461850085781
0.0013 6365.547593675197 1.000362487919065 1.564654577103663 297.8406411112177 23.32924531516154
0.0014 6365.551535114524 1.000362257880976 1.564591527392301 297.8150217555934 23.29355582174643
0.0015 6365.55551669249 1.000362025683304 1.564528450408576 297.7891414988175 23.25755126723661
0.0016 6365.559538426562 1.000361791330443 1.564465345843025 297.7630002273494 23.22123290887523
0.0017 6365.563600334407 1.000361554826827 1.564402213387691 297.7365978263541 23.18460201446828
0.0018 6365.567702433888 1.000361316176927 1.56433905273639 297.7099341797256 23.14765986236876
0.0019 6365.571844743065 1.000361075385256 1.564275863584437 297.6830091700748 23.11040774141123
0.002 6365.576027280194 1.000360832456361 1.564212645628766 297.6558226787419 23.07284695087875
0.0021 6365.58025006372 1.000360587394831 1.564149398567891 297.6283745858194 23.03497880048533
0.0022 6365.584513112289 1.000360340205293 1.564086122101754 297.6006647701232 22.9968046102847
0.0023 6365.588816444732 1.000360090892412 1.564022815931826 297.5726931092453 22.95832571069251
0.0024 6365.593160080075 1.00035983946089 1.563959479761027 297.5444594795125 22.91954344237778
0.0025 6365.597544037534 1.00035958591547 1.563896113293771 297.5159637560281 22.88045915626778
0.0026 6365.601968336514 1.000359330260933 1.56383271623577 297.4872058126597 22.84107421347911
0.0027 6365.606432996608 1.000359072502095 1.563769288294221 297.4581855220453 22.80138998527283
0.0028 6365.610938037597 1.000358812643814 1.563705829177567 297.4289027556168 22.76140785303313
0.0029 6365.615483479451 1.000358550690984 1.563642338595794 297.3993573835709 22.7211292081729
0.003 6365.620069342321 1.000358286648537 1.563578816260085 297.3695492749156 22.68055545214361
0.0031 6365.624695646547 1.000358020521445 1.563515261882856 297.3394782974473 22.63968799634799
0.0032 6365.62936241265 1.000357752314717 1.563451675177943 297.309144317774 22.59852826211654
0.0033 6365.634069661339 1.000357482033397 1.563388055860491 297.2785472012978 22.55707768062731
0.0034 6365.638817413502 1.00035720968257 1.563324403646749 297.2476868122384 22.5153376928814
0.0035 6365.64360569021 1.000356935267359 1.563260718254345 297.2165630136332 22.47330974964579
0.0036 6365.648434512716 1.000356658792923 1.563196999402109 297.185175667349 22.43099531141163
0.0037 6365.65330390245 1.000356380264457 1.563133246810079 297.1535246340762 22.38839584832811
0.0038 6365.658213881024 1.000356099687198 1.563069460199519 297.1216097733467 22.34551284016766
0.0039 6365.663164470228 1.000355817066417 1.563005639292811 297.0894309435156 22.30234777624293
0.004 6365.668155692032 1.000355532407422 1.562941783813693 297.0569880017914 22.25890215538681
0.0041 6365.673187568579 1.00035524571556 1.562877893486902 297.0242808042357 22.21517748589223
0.004200000000000001 6365.678260122192 1.000354956996215 1.562813968038511 296.9913092057512 22.1711752854356
0.0043 6365.683373375368 1.000354666254806 1.562750007195614 296.9580730601059 22.12689708104723
0.0044 6365.688527350781 1.000354373496792 1.562686010686485 296.9245722199265 22.08234440904169
0.004500000000000001 6365.693722071274 1.000354078727665 1.562621978240627 296.8908065367167 22.03751881497921
0.0046 6365.698957559871 1.000353781952957 1.562557909588574 296.8567758608391 21.99242185357931
0.0047 6365.704233839762 1.000353483178236 1.562493804462093 296.822480041545 21.94705508869687
0.0048 6365.709550934314 1.000353182409105 1.56242966259397 296.7879189269623 21.90142009324255
0.0049 6365.714908867062 1.000352879651205 1.562365483718187 296.753092364096 21.85551844911872
0.005 6365.720307661714 1.000352574910213 1.562301267569764 296.7180001988571 21.80935174719356
0.0051 6365.725747342145 1.000352268191841 1.56223701388496 296.6826422760572 21.76292158722798
0.005200000000000001 6365.731227932402 1.000351959501839 1.56217272240101 296.6470184393846 21.71622957777868
0.0053 6365.736749456701 1.000351648845993 1.562108392856264 296.6111285314458 21.66927733618638
0.0054 6365.742311939423 1.000351336230122 1.562044024990249 296.5749723937537 21.62206648849331
0.005500000000000001 6365.747915405119 1.000351021660084 1.561979618543468 296.5385498667273 21.57459866937609
0.0056 6365.753559878503 1.000350705141772 1.561915173257636 296.5018607897276 21.52687552212401
0.0057 6365.759245384459 1.000350386681113 1.561850688875398 296.4649050010161 21.47889869851679
0.005800000000000001 6365.764971948033 1.000350066284072 1.561786165140666 296.427682337784 21.43066985879428
0.0059 6365.770739594437 1.000349743956647 1.561721601798266 296.3901926361585 21.38219067159481
0.006 6365.776548349045 1.000349419704872 1.561656998594223 296.3524357312089 21.33346281389285
0.0061 6365.782398237397 1.000349093534817 1.561592355275506 296.3144114569221 21.28448797089823
0.006200000000000001 6365.788289285191 1.000348765452586 1.561527671590326 296.2761196462569 21.2352678360539
0.0063 6365.794221518291 1.000348435464317 1.561462947287849 296.2375601311077 21.18580411091879
0.0064 6365.800194962721 1.000348103576186 1.561398182118257 296.1987327423166 21.13609850511125
0.006500000000000001 6365.806209644662 1.000347769794399 1.56133337583297 296.1596373096971 21.08615273626698
0.0066 6365.812265590459 1.000347434125201 1.561268528184386 296.1202736620165 21.03596852994342
0.0067 6365.818362826613 1.000347096574867 1.561203638925897 296.0806416270133 20.98554761956907
0.006800000000000001 6365.824501379787 1.000346757149711 1.561138707812081 296.0407410313854 20.93489174635453
0.006900000000000001 6365.830681276797 1.000346415856076 1.56107373459853 296.0005717008202 20.8840026592558
0.007 6365.836902544618 1.000346072700344 1.5610087190419 295.9601334599819 20.83288211488426
0.0071 6365.843165210383 1.000345727688926 1.560943660899914 295.9194261325123 20.78153187743138
0.007200000000000001 6365.849469301376 1.00034538082827 1.560878559931411 295.878449541054 20.72995371862272
0.0073 6365.855814845042 1.000345032124857 1.560813415896194 295.837203507227 20.67814941761172
0.0074 6365.862201868976 1.000344681585199 1.560748228555239 295.7956878516578 20.62612076094016
0.007500000000000001 6365.868630400927 1.000344329215846 1.560682997670499 295.7539023939743 20.57386954245321
0.0076 6365.875100468798 1.000343975023376 1.560617723005059 295.7118469528108 20.52139756322912
0.0077 6365.881612100646 1.000343619014402 1.560552404323063 295.6695213458028 20.46870663149342
0.007800000000000001 6365.888165324674 1.000343261195572 1.560487041389635 295.6269253896161 20.41579856257703
0.007900000000000001 6365.894760169242 1.000342901573563 1.560421633971176 295.5840588999294 20.36267517881473
0.008 6365.901396662855 1.000342540155086 1.560356181834902 295.5409216914399 20.30933830947282
0.0081 6365.908074834173 1.000342176946886 1.560290684749301 295.4975135778753 20.25578979068343
0.008200000000000001 6365.914794712001 1.000341811955737 1.560225142483863 295.4538343719941 20.20203146536383
0.0083 6365.921556325292 1.000341445188449 1.560159554809062 295.4098838856024 20.14806518315688
0.008400000000000001 6365.928359703148 1.000341076651859 1.560093921496661 295.3656619295374 20.09389280032746
0.008500000000000001 6365.935204874818 1.00034070635284 1.560028242319326 295.3211683136841 20.03951617970215
0.0086 6365.942091869696 1.000340334298294 1.559962517050835 295.2764028469759 19.98493719058644
0.008700000000000001 6365.949020717323 1.000339960495157 1.559896745466088 295.2313653374002 19.93015770868877
0.008800000000000001 6365.955991447383 1.000339584950393 1.559830927341072 295.1860555920106 19.87517961605127
0.0089 6365.963004089705 1.000339207670999 1.559765062452831 295.1404734169204 19.82000480095842
0.009000000000000001 6365.97005867426 1.000338828664004 1.559699150579444 295.094618617309 19.76463515785957
0.0091 6365.977155231165 1.000338447936464 1.559633191500218 295.0484909974279 19.70907258729106
0.0092 6365.984293790675 1.00033806549547 1.559567184995439 295.0020903606118 19.65331899580492
0.009300000000000001 6365.99147438319 1.00033768134814 1.559501130846522 294.9554165092676 19.59737629586856
0.0094 6365.998697039248 1.000337295501625 1.559435028835964 294.9084692448859 19.54124640579261
0.0095 6366.00596178953 1.000336907963103 1.559368878747377 294.8612483680585 19.48493124966516
0.009600000000000001 6366.01326866485 1.000336518739784 1.559302680365498 294.8137536784728 19.4284327572571
0.0097 6366.020617696168 1.000336127838907 1.559236433476148 294.765984974906 19.37175286392737
0.0098 6366.028008914578 1.000335735267742 1.559170137866162 294.7179420552424 19.31489351055568
0.009900000000000001 6366.035442351312 1.000335341033586 1.559103793323678 294.6696247164736 19.25785664345373
0.01 6366.042918037737 1.000334945143766 1.559037399637758 294.6210327547104 19.20064421428988
0.0101 6366.050436005357 1.000334547605638 1.558970956598675 294.5721659651771 19.14325817999252
0.0102 6366.057996285813 1.000334148426589 1.558904463997793 294.5230241422167 19.08570050266684
0.0103 6366.065598910876 1.00033374761403 1.558837921627627 294.4736070793096 19.0279731495251
0.0104 6366.073243912454 1.000333345175404 1.55877132928175 294.4239145690489 18.97007809276787
0.0105 6366.080931322587 1.000332941118181 1.558704686754894 294.3739464031827 18.91201730954093
0.0106 6366.088661173447 1.00033253544986 1.55863799384291 294.3237023725959 18.85379278182256
0.0107 6366.096433497337 1.000332128177966 1.558571250342834 294.2731822673103 18.7954064963312
0.0108 6366.104248326692 1.000331719310053 1.558504456052747 294.2223858765022 18.73686044445336
0.0109 6366.112105694077 1.000331308853703 1.558437610771906 294.1713129884969 18.67815662214346
0.011 6366.120005632187 1.000330896816523 1.558370714300716 294.1199633907858 18.61929702985065
0.0111 6366.127948173842 1.000330483206149 1.558303766440675 294.0683368700269 18.56028367242463
0.0112 6366.135933351994 1.000330068030243 1.558236766994543 294.0164332120388 18.50111855901442
0.0113 6366.14396119972 1.000329651296495 1.55816971576606 293.9642522018183 18.44180370299374
0.0114 6366.152031750225 1.000329233012618 1.55810261256026 293.9117936235406 18.38234112186562
0.0115 6366.160145036838 1.000328813186356 1.558035457183256 293.859057260553 18.32273283715997
0.0116 6366.168301093015 1.000328391825474 1.55796824944232 293.8060428954049 18.26298087437094
0.0117 6366.176499952334 1.000327968937767 1.557900989145878 293.7527503098298 18.20308726284021
0.0118 6366.184741648499 1.000327544531054 1.557833676103594 293.6991792847574 18.14305403567343
0.0119 6366.193026215335 1.000327118613178 1.557766310126208 293.645329600325 18.08288322965606
0.012 6366.20135368679 1.000326691192009 1.557698891025631 293.591201035866 18.02257688514241
0.0121 6366.209724096933 1.000326262275441 1.557631418615014 293.5367933699334 17.96213704598391
0.0122 6366.218137479955 1.000325831871393 1.557563892708623 293.4821063802941 17.90156575942386
0.0123 6366.226593870163 1.000325399987809 1.557496313121935 293.4271398439404 17.84086507601171
0.0124 6366.235093301988 1.000324966632657 1.557428679671584 293.3718935370783 17.78003704949056
0.0125 6366.243635809976 1.000324531813929 1.557360992175375 293.3163672351574 17.71908373673021
0.0126 6366.252221428792 1.00032409553964 1.557293250452319 293.2605607128525 17.65800719760744
0.0127 6366.260850193218 1.000323657817828 1.55722545432266 293.2044737440818 17.59680949492513
0.0128 6366.269522138152 1.000323218656558 1.557157603607774 293.148106102013 17.53549269431782
0.0129 6366.278237298606 1.000322778063915 1.557089698130235 293.0914575590626 17.47405886415053
0.013 6366.286995709707 1.000322336048007 1.557021737713856 293.0345278869025 17.4125100754236
0.0131 6366.295797406699 1.000321892616966 1.556953722183611 292.9773168564537 17.35084840166456
0.0132 6366.304642424936 1.000321447778945 1.556885651365719 292.919824237916 17.28907591885768
0.0133 6366.313530799885 1.000321001542122 1.556817525087542 292.8620498007502 17.22719470532234
0.0134 6366.322462567123 1.000320553914692 1.556749343177763 292.8039933137019 17.1652068416354
0.0135 6366.331437762341 1.000320104904877 1.556681105466158 292.7456545447834 17.10311441050898
0.0136 6366.340456421339 1.000319654520917 1.556612811783797 292.6870332612979 17.04091949671217
0.0137 6366.349518580027 1.000319202771075 1.556544461962936 292.6281292298271 16.97862418695454
0.0138 6366.35862427442 1.000318749663633 1.556476055837109 292.5689422162731 16.9162305698256
0.0139 6366.367773540643 1.000318295206897 1.556407593240972 292.5094719858224 16.85374073565271
0.014 6366.376966414929 1.000317839409191 1.556339074010551 292.4497183029642 16.79115677641497
0.0141 6366.386202933616 1.000317382278859 1.556270497982977 292.389680931496 16.72848078564425
0.0142 6366.395483133148 1.000316923824267 1.556201864996675 292.3293596345351 16.66571485833204
0.0143 6366.404807050074 1.000316464053799 1.556133174891317 292.2687541745194 16.60286109082358
0.0144 6366.414174721045 1.000316002975858 1.556064427507814 292.2078643132066 16.5399215807118
0.0145 6366.423586182817 1.000315540598869 1.555995622688281 292.1466898116927 16.47689842674929
0.0146 6366.433041472245 1.000315076931274 1.555926760276159 292.0852304304052 16.41379372873544
0.0147 6366.442540626292 1.000314611981533 1.555857840116041 292.0234859291039 16.35060958740959
0.0148 6366.452083682014 1.000314145758127 1.555788862053841 291.9614560669101 16.2873481043741
0.0149 6366.461670676573 1.000313678269552 1.555719825936737 291.8991406022768 16.22401138195656
0.015 6366.471301647226 1.000313209524325 1.555650731613123 291.8365392930308 16.16060152314427
0.0151 6366.480976631332 1.000312739530978 1.55558157893273 291.7736518963424 16.09712063144616
0.0152 6366.490695666343 1.000312268298062 1.555512367746419 291.710478168773 16.03357081083233
0.0153 6366.500458789812 1.000311795834145 1.555443097906489 291.647017866222 15.96995416557191
0.0154 6366.510266039384 1.000311322147811 1.555373769266384 291.5832707440035 15.90627280020149
0.0155 6366.520117452804 1.000310847247662 1.555304381680851 291.5192365567754 15.84252881934513
0.0156 6366.530013067907 1.000310371142315 1.555234935005952 291.4549150586043 15.77872432767006
0.0157 6366.539952922623 1.000309893840404 1.55516542909899 291.3903060029483 15.71486142975954
0.0158 6366.549937054976 1.000309415350577 1.555095863818602 291.325409142656 15.65094223000313
0.0159 6366.559965503078 1.000308935681501 1.555026239024635 291.2602242299912 15.5869688325102
0.016 6366.570038305138 1.000308454841854 1.554956554578266 291.1947510166027 15.52294334097078
0.0161 6366.58015549945 1.000307972840331 1.554886810341976 291.1289892535777 15.4588678585975
0.0162 6366.590317124398 1.000307489685643 1.554817006179555 291.0629386914123 15.39474448798602
0.0163 6366.600523218458 1.000307005386512 1.554747141955999 290.9965990800232 15.33057533101606
0.0164 6366.610773820192 1.000306519951677 1.554677217537718 290.9299701687536 15.26636248874625
0.0165 6366.621068968248 1.000306033389891 1.554607232792313 290.8630517063911 15.20210806132029
0.0166 6366.63140870136 1.000305545709917 1.554537187588812 290.7958434411615 15.13781414784994
0.0167 6366.641793058349 1.000305056920534 1.554467081797463 290.7283451207294 15.07348284630374
0.0168 6366.652222078121 1.000304567030534 1.554396915289827 290.6605564922151 15.00911625341252
0.0169 6366.662695799663 1.000304076048721 1.554326687938794 290.5924773021892 14.94471646455208
0.017 6366.673214262048 1.000303583983911 1.554256399618594 290.5241072966904 14.88028557364825
0.0171 6366.683777504426 1.000303090844933 1.554186050204756 290.4554462212312 14.81582567307044
0.0172 6366.694385566034 1.000302596640626 1.554115639574111 290.3864938207802 14.75133885350296
0.0173 6366.705038486186 1.000302101379842 1.554045167604824 290.3172498397915 14.68682720386066
0.0174 6366.715736304277 1.000301605071444 1.553974634176386 290.2477140221994 14.62229281117111
0.0175 6366.72647905978 1.000301107724305 1.55390403916963 290.1778861114293 14.55773776047317
0.0176 6366.737266792246 1.00030060934731 1.553833382466681 290.1077658504045 14.49316413471002
0.0177 6366.748099541302 1.000300109949352 1.553762663951028 290.0373529815396 14.42857401461109
0.0178 6366.758977346653 1.000299609539337 1.553691883507477 289.9666472467587 14.36396947859583
0.0179 6366.769900248077 1.000299108126177 1.553621041022192 289.8956483875012 14.29935260266626
0.018 6366.780868285429 1.000298605718797 1.553550136382645 289.8243561447097 14.23472546028349
0.0181 6366.791881498637 1.000298102326128 1.553479169477688 289.7527702588599 14.17009012228176
0.0182 6366.8029399277 1.000297597957111 1.553408140197443 289.6808904699486 14.10544865674473
0.0183 6366.814043612691 1.000297092620696 1.553337048433482 289.6087165175057 14.0408031289033
0.0184 6366.825192593754 1.00029658632584 1.553265894078627 289.5362481405999 13.9761556010279
0.0185 6366.8363869111 1.000296079081508 1.553194677027112 289.4634850778506 13.91150813232598
0.0186 6366.847626605015 1.000295570896673 1.553123397174471 289.3904270674042 13.84686277880802
0.0187 6366.858911715848 1.000295061780315 1.553052054417647 289.3170738469875 13.78222159322172
0.0188 6366.870242284019 1.00029455174142 1.552980648654885 289.2434251538779 13.71758662491265
0.0189 6366.881618350014 1.000294040788982 1.552909179785843 289.1694807249095 13.65295991971655
0.019 6366.893039954384 1.000293528931999 1.552837647711478 289.0952402965025 13.5883435198722
0.0191 6366.904507137749 1.000293016179476 1.552766052334135 289.0207036046339 13.52373946388262
0.0192 6366.916019940786 1.000292502540426 1.552694393557543 288.9458703848903 13.45914978644829
0.0193 6366.927578404243 1.000291988023862 1.552622671286752 288.870740372421 13.39457651831323
0.0194 6366.939182568925 1.000291472638807 1.552550885428205 288.795313301985 13.33002168619295
0.0195 6366.950832475703 1.000290956394286 1.552479035889703 288.7195889079334 13.26548731264631
0.0196 6366.962528165504 1.000290439299328 1.552407122580435 288.6435669242272 13.20097541597789
0.0197 6366.974269679318 1.000289921362966 1.552335145410921 288.5672470844314 13.13648801012029
0.0198 6366.986057058195 1.000289402594239 1.552263104293086 288.4906291217325 13.07202710453651
0.0199 6366.997890343241 1.000288883002187 1.55219099914023 288.4137127689327 13.00759470410238
0.02 6367.009769575621 1.000288362595852 1.552118829867002 288.3364977584619 12.9431928090042
0.0201 6367.021694796556 1.000287841384281 1.552046596389449 288.2589838223893 12.87882341463611
0.0202 6367.033666047319 1.000287319376522 1.551974298624989 288.1811706924294 12.81448851149278
0.0203 6367.045683369242 1.000286796581625 1.551901936492429 288.1030580999244 12.75019008504258
0.0204 6367.057746803712 1.000286273008642 1.551829509911956 288.0246457758734 12.68593011564019
0.0205 6367.069856392164 1.000285748666627 1.551757018805092 287.9459334509328 12.62171057841462
0.0206 6367.082012176091 1.000285223564633 1.551684463094792 287.8669208554101 12.55753344315283
0.0207 6367.09421419703 1.000284697711715 1.55161184270543 287.7876077193054 12.49340067422178
0.0208 6367.106462496575 1.000284171116927 1.551539157562681 287.7079937722641 12.42931423041869
0.0209 6367.118757116366 1.000283643789325 1.551466407593638 287.6280787436184 12.36527606489351
0.021 6367.131098098093 1.000283115737963 1.551393592726801 287.547862362393 12.30128812504253
0.0211 6367.143485483492 1.000282586971894 1.551320712892065 287.4673443572991 12.23735235239278
0.0212 6367.155919314349 1.000282057500172 1.551247768020663 287.386524456735 12.17347068249162
0.0213 6367.168399632492 1.000281527331847 1.551174758045271 287.3054023888029 12.10964504481045
0.0214 6367.180926479797 1.000280996475969 1.551101682899935 287.2239778813217 12.0458773626438
0.0215 6367.193499898183 1.000280464941584 1.551028542520096 287.1422506618086 11.98216955298556
0.0216 6367.206119929613 1.000279932737739 1.550955336842576 287.0602204575147 11.91852352644706
0.0217 6367.218786616092 1.000279399873475 1.550882065805601 286.9778869954015 11.85494118712919
0.0218 6367.231499999667 1.00027886635783 1.550808729348813 286.8952500021645 11.79142443253177
0.0219 6367.244260122424 1.00027833219984 1.550735327413193 286.812309204245 11.72797515345358
0.022 6367.25706702649 1.000277797408537 1.55066185994121 286.7290643278124 11.66459523387028
0.0221 6367.269920754034 1.000277261992948 1.550588326876597 286.6455150987816 11.60128655083974
0.0222 6367.282821347257 1.000276725962096 1.550514728164607 286.5616612428315 11.53805097440753
0.0223 6367.2957688484 1.000276189324999 1.550441063751836 286.4775024853983 11.47489036749463
0.0224 6367.308763299743 1.00027565209067 1.55036733358626 286.39303855167 11.41180658578581
0.0225 6367.321804743598 1.000275114268116 1.550293537617301 286.3082691666158 11.34880147764474
0.0226 6367.334893222311 1.000274575866338 1.550219675795737 286.2231940549804 11.28587688400289
0.0227 6367.348028778265 1.000274036894332 1.55014574807375 286.1378129412777 11.22303463824886
0.0228 6367.361211453873 1.000273497361085 1.550071754404945 286.0521255498269 11.16027656614866
0.0229 6367.374441291579 1.000272957275579 1.549997694744314 285.966131604734 11.09760448572695
0.023 6367.387718333863 1.000272416646789 1.549923569048223 285.8798308298923 11.03502020716201
0.0231 6367.401042623229 1.000271875483681 1.549849377274488 285.7932229490119 10.97252553270251
0.0232 6367.414414202214 1.000271333795213 1.54977511938227 285.7063076856078 10.91012225655442
0.0233 6367.427833113383 1.000270791590336 1.549700795332153 285.6190847630118 10.84781216478565
0.0234 6367.441299399326 1.000270248877991 1.549626405086132 285.5315539043839 10.7855970352309
0.0235 6367.454813102661 1.000269705667111 1.549551948607573 285.4437148327014 10.72347863738014
0.0236 6367.468374266034 1.000269161966618 1.549477425861246 285.3555672707815 10.66145873229274
0.0237 6367.481982932111 1.000268617785425 1.549402836813362 285.2671109412762 10.59953907249114
0.0238 6367.495639143587 1.000268073132437 1.549328181431448 285.1783455666836 10.53772140186732
0.0239 6367.509342943176 1.000267528016545 1.549253459684505 285.089270869354 10.47600745558573
0.024 6367.523094373618 1.000266982446631 1.54917867154286 284.9998865714841 10.41439895997844
0.0241 6367.53689347767 1.000266436431567 1.549103816978313 284.9101923951465 10.35289763246525
0.0242 6367.550740298111 1.00026588998021 1.549028895963995 284.8201880622777 10.29150518144572
0.0243 6367.564634877742 1.000265343101409 1.548953908474477 284.7298732946782 10.23022330619999
0.0244 6367.578577259378 1.000264795803999 1.54887885448569 284.6392478140423 10.16905369681019
0.0245 6367.592567485856 1.000264248096801 1.548803733974951 284.548311341934 10.10799803404615
0.0246 6367.606605600028 1.000263699988627 1.548728546921037 284.4570635998169 10.04705798928784
0.0247 6367.620691644762 1.000263151488271 1.548653293304043 284.3655043090483 9.986235224424171
0.0248 6367.63482566294 1.000262602604517 1.548577973105483 284.2736331908908 9.925531391764441
0.0249 6367.64900769746 1.000262053346133 1.54850258630826 284.1814499665123 9.864948133942342
0.025 6367.663237791232 1.000261503721874 1.548427132896669 284.0889543569923 9.804487083824588
0.0251 6367.67751598718 1.00026095374048 1.548351612856382 283.9961460833332 9.744149864423921
0.0252 6367.691842328239 1.000260403410675 1.548276026174464 283.9030248664489 9.683938088797326
0.0253 6367.706216857354 1.000259852741169 1.548200372839366 283.8095904271999 9.623853359975573
0.0254 6367.720639617479 1.000259301740655 1.54812465284094 283.7158424863877 9.563897270866338
0.0255 6367.735110651579 1.000258750417811 1.548048866170369 283.6217807647371 9.504071404150675
0.0256 6367.749630002626 1.000258198781298 1.547973012820294 283.5274049829312 9.444377332214208
0.0257 6367.7641977136 1.00025764683976 1.547897092784661 283.4327148616002 9.384816617048656
0.0258 6367.778813827487 1.000257094601825 1.547821106058827 283.3377101213326 9.325390810169132
0.0259 6367.793478387277 1.000256542076103 1.547745052639542 283.2423904826995 9.266101452539312
0.026 6367.808191435966 1.000255989271185 1.547668932524906 283.1467556662186 9.206950074460448
0.0261 6367.822953016555 1.000255436195646 1.547592745714394 283.0508053923899 9.147938195505425
0.0262 6367.837763172044 1.00025488285804 1.54751649220888 282.9545393817133 9.08906732444208
0.0263 6367.852621945439 1.000254329266905 1.547440172010572 282.8579573546475 9.030338959121144
0.0264 6367.867529379745 1.000253775430758 1.547363785123068 282.7610590316571 8.97175458641931
0.0265 6367.882485517967 1.000253221358096 1.547287331551325 282.6638441332124 8.913315682153847
0.0266 6367.897490403112 1.000252667057398 1.547210811301656 282.5663123797721 8.85502371098748
0.0267 6367.912544078182 1.000252112537121 1.547134224381756 282.4684634918184 8.796880126366027
0.0268 6367.927646586178 1.000251557805703 1.547057570800686 282.3702971898455 8.738886370428336
0.0269 6367.942797970098 1.00025100287156 1.546980850568834 282.2718131943651 8.681043873927708
0.027 6367.957998272936 1.000250447743087 1.546904063697959 282.1730112259187 8.623354056157558
0.0271 6367.973247537682 1.000249892428658 1.546827210201167 282.0738910050653 8.565818324864043
0.0272 6367.98854580732 1.000249336936624 1.546750290092931 281.9744522524233 8.508438076190455
0.0273 6368.003893124824 1.000248781275316 1.546673303389054 281.8746946886462 8.451214694584499
0.0274 6368.019289533166 1.000248225453039 1.546596250106703 281.7746180344233 8.394149552720432
0.0275 6368.034735075305 1.000247669478077 1.546519130264394 281.6742220105206 8.337244011445534
0.0276 6368.050229794193 1.000247113358692 1.546441943881943 281.5735063377455 8.280499419683517
0.0277 6368.065773732772 1.000246557103121 1.546364690980559 281.4724707369823 8.223917114379216
0.0278 6368.081366933972 1.000246000719576 1.546287371582742 281.3711149291802 8.167498420417299
0.0279 6368.097009440713 1.000245444216248 1.546209985712338 281.2694386353654 8.111244650555243
0.028 6368.112701295901 1.0002448876013 1.546132533394552 281.167441576641 8.055157105350556
0.0281 6368.12844254243 1.000244330882873 1.546055014655873 281.0651234742044 7.99923707309869
0.0282 6368.144233223177 1.00024377406908 1.545977429524147 280.9624840493478 7.943485829761982
0.0283 6368.160073381008 1.000243217168011 1.5458997780285 280.8595230234463 7.887904638893263
0.0284 6368.175963058769 1.000242660187728 1.54582206019944 280.7562401179988 7.832494751589169
0.0285 6368.191902299293 1.000242103136268 1.545744276068743 280.6526350545991 7.777257406405987
0.0286 6368.207891145391 1.000241546021643 1.54566642566948 280.5487075549589 7.722193829305194
0.0287 6368.223929639859 1.000240988851835 1.545588509036099 280.4444573409145 7.667305233590317
0.0288 6368.240017825474 1.000240431634801 1.545510526204283 280.33988413442 7.612592819838533
0.0289 6368.256155744991 1.00023987437847 1.54543247721106 280.2349876575598 7.558057775842674
0.029 6368.272343441145 1.000239317090743 1.545354362094742 280.1297676325602 7.503701276554067
0.0291 6368.288580956649 1.000238759779494 1.545276180894928 280.0242237817832 7.449524484017159
0.0292 6368.304868334193 1.000238202452567 1.545197933652525 279.9183558277449 7.395528547317372
0.0293 6368.321205616447 1.000237645117779 1.545119620409712 279.8121634930971 7.341714602511808
0.0294 6368.337592846051 1.000237087782917 1.545041241209954 279.7056465006689 7.288083772591078
0.0295 6368.354030065625 1.000236530455738 1.544962796098006 279.5988045734374 7.234637167406073
0.0296 6368.370517317761 1.000235973143971 1.544884285119895 279.4916374345511 7.181375883622801
0.0297 6368.387054645025 1.000235415855315 1.5448057083229 279.3841448073357 7.128301004669171
0.0298 6368.403642089955 1.000234858597437 1.54472706575561 279.2763264152944 7.075413600679926
0.0299 6368.420279695061 1.000234301377975 1.54464835746785 279.1681819821018 7.022714728439851
0.03 6368.436967502825 1.000233744204537 1.544569583510694 279.0597112316394 6.97020543134823
0.0301 6368.453705555698 1.000233187084698 1.544490743936488 278.9509138879661 6.91788673935262
0.0302 6368.4704938961 1.000232630026003 1.544411838798828 278.8417896753475 6.865759668912517
0.0303 6368.487332566423 1.000232073035963 1.544332868152568 278.7323383182505 6.81382522294687
0.0304 6368.504221609022 1.000231516122061 1.544253832053787 278.6225595413547 6.762084390791223
0.0305 6368.521161066223 1.000230959291745 1.54417473055981 278.5124530695524 6.710538148150327
0.0306 6368.538150980316 1.000230402552432 1.544095563729176 278.4020186279489 6.659187457051952
0.0307 6368.555191393557 1.000229845911503 1.5440163316217 278.29125594188 6.60803326581008
0.0308 6368.572282348167 1.00022928937631 1.543937034298371 278.1801647369179 6.557076508983577
0.0309 6368.58942388633 1.00022873295417 1.543857671821422 278.0687447388535 6.506318107325248
0.031 6368.606616050196 1.000228176652365 1.543778244254319 277.9569956737263 6.455758967753789
0.0311 6368.623858881873 1.000227620478146 1.543698751661697 277.8449172678237 6.405399983313187
0.0312 6368.641152423435 1.000227064438728 1.543619194109415 277.7325092476698 6.355242033128103
0.0313 6368.658496716914 1.00022650854129 1.543539571664558 277.6197713400605 6.305285982381633
0.0314 6368.675891804302 1.00022595279298 1.543459884395368 277.5067032720402 6.255532682267739
0.0315 6368.693337727551 1.000225397200909 1.543380132371288 277.3933047709191 6.205982969963399
0.0316 6368.710834528574 1.000224841772152 1.543300315662946 277.2795755642677 6.15663766859149
0.0317 6368.728382249239 1.000224286513751 1.54322043434218 277.165515379946 6.107497587200275
0.0318 6368.745980931371 1.000223731432709 1.543140488481963 277.0511239460919 6.058563520726009
0.03190000000000001 6368.763630616752 1.000223176535996 1.543060478156426 276.9364009911095 6.009836249957036
0.032 6368.781331347122 1.000222621830543 1.54298040344094 276.8213462437101 5.961316541521769
0.0321 6368.79908316417 1.000222067323248 1.542900264411953 276.7059594328947 5.913005147852545
0.0322 6368.816886109546 1.00022151302097 1.542820061147094 276.5902402879482 5.864902807156018
0.0323 6368.834740224849 1.000220958930531 1.542739793725163 276.4741885384805 5.817010243404409
0.0324 6368.852645551633 1.000220405058716 1.542659462226048 276.3578039143853 5.769328166293547
0.0325 6368.870602131402 1.000219851412273 1.54257906673084 276.2410861458874 5.721857271238902
0.0326 6368.888610005613 1.000219297997913 1.542498607321698 276.124034963519 5.674598239343585
0.0327 6368.906669215671 1.000218744822308 1.542418084081948 276.0066500981374 5.627551737384591
0.0328 6368.924779802934 1.000218191892091 1.542337497096036 275.8889312809309 5.580718417795406
0.0329 6368.942941808706 1.000217639213859 1.542256846449488 275.7708782434132 5.534098918645184
0.033 6368.961155274242 1.00021708679417 1.542176132228945 275.6524907174288 5.487693863623996
0.0331 6368.979420240744 1.000216534639541 1.54209535452217 275.5337684351651 5.441503862031607
0.0332 6368.997736749361 1.000215982756452 1.542014513418002 275.4147111291526 5.395529508762857
0.0333 6369.016104841188 1.000215431151344 1.541933609006372 275.2953185322762 5.349771384298909
0.0334 6369.034524557266 1.000214879830618 1.541852641378298 275.1755903777697 5.304230054692932
0.0335 6369.052995938579 1.000214328800635 1.541771610625867 275.0555263992336 5.258906071566137
0.03360000000000001 6369.07151902606 1.000213778067717 1.541690516842239 274.9351263306111 5.213799972089439
0.0337 6369.090093860579 1.000213227638145 1.541609360121644 274.8143899062355 5.168912278993158
0.0338 6369.108720482955 1.000212677518161 1.541528140559354 274.6933168607951 5.124243500546866
0.0339 6369.127398933945 1.000212127713966 1.541446858251683 274.5719069293563 5.07979413056278
0.034 6369.146129254251 1.00021157823172 1.541365513296023 274.4501598473697 5.035564648393704
0.0341 6369.164911484513 1.000211029077543 1.541284105790765 274.3280753506646 4.991555518928007
0.0342 6369.183745665314 1.000210480257514 1.541202635835355 274.20565317546 4.947767192592408
0.0343 6369.202631837173 1.000209931777671 1.541121103530253 274.0828930583774 4.904200105355927
0.0344 6369.221570040551 1.00020938364401 1.541039508976936 273.9597947364163 4.860854678722613
0.0345 6369.240560315848 1.000208835862486 1.540957852277878 273.83635794699 4.817731319746594
0.0346 6369.259602703398 1.000208288439013 1.540876133536574 273.7125824279141 4.774830421031616
0.0347 6369.278697243475 1.000207741379461 1.540794352857503 273.5884679174118 4.732152360738243
0.03480000000000001 6369.297843976288 1.000207194689662 1.540712510346155 273.4640141541262 4.68969750259435
0.0349 6369.317042941984 1.000206648375401 1.540630606108952 273.3392208771023 4.647466195896854
0.035 6369.336294180642 1.000206102442425 1.540548640253332 273.2140878258286 4.605458775534901
0.0351 6369.355597732279 1.000205556896437 1.54046661288768 273.0886147401897 4.563675561984354
0.0352 6369.374953636841 1.000205011743096 1.540384524121365 272.962801360531 4.522116861341394
0.03530000000000001 6369.394361934214 1.000204466988021 1.540302374064677 272.8366474276121 4.480782965319821
0.0354 6369.41382266421 1.000203922636786 1.540220162828876 272.7101526826358 4.43967415127537
0.0355 6369.433335866579 1.000203378694924 1.540137890526133 272.5833168672365 4.398790682217681
0.0356 6369.452901580999 1.000202835167922 1.540055557269567 272.4561397235037 4.358132806835121
0.0357 6369.47251984708 1.000202292061228 1.539973163173206 272.3286209939823 4.317700759513182
0.0358 6369.492190704362 1.000201749380243 1.539890708352018 272.2007604216486 4.277494760346852
0.0359 6369.511914192314 1.000201207130326 1.539808192921845 272.0725577499578 4.23751501517678
0.036 6369.531690350336 1.000200665316792 1.539725616999468 271.9440127228144 4.197761715602426
0.0361 6369.551519217757 1.000200123944913 1.539642980702504 271.815125084578 4.1582350390079
0.0362 6369.571400833833 1.000199583019917 1.5395602841495 271.6858945800872 4.118935148594452
0.0363 6369.591335237747 1.000199042546988 1.539477527459874 271.5563209546475 4.079862193403349
0.0364 6369.611322468609 1.000198502531265 1.539394710753885 271.4264039540434 4.041016308347341
0.03650000000000001 6369.631362565456 1.000197962977846 1.539311834152677 271.2961433245381 4.002397614239857
0.0366 6369.651455567252 1.000197423891781 1.539228897778218 271.1655388128619 3.964006217822102
0.0367 6369.671601512884 1.000196885278078 1.539145901753374 271.0345901662535 3.925842211807163
0.0368 6369.691800441166 1.000196347141701 1.539062846201772 270.9032971324185 3.887905674901051
0.0369 6369.712052390835 1.000195809487567 1.538979731247935 270.7716594595712 3.850196671849335
0.03700000000000001 6369.732357400552 1.000195272320553 1.538896557017164 270.6396768964104 3.812715253466153
0.0371 6369.752715508902 1.000194735645487 1.538813323635579 270.5073491921374 3.775461456676526
0.0372 6369.77312675439 1.000194199467154 1.538730031230129 270.3746760964622 3.738435304556493
0.0373 6369.793591175448 1.000193663790295 1.538646679928509 270.2416573595909 3.701636806369635
0.0374 6369.814108810425 1.000193128619606 1.538563269859242 270.1082927322385 3.665065957611579
0.0375 6369.834679697594 1.000192593959737 1.538479801151601 269.9745819656399 3.628722740055674
0.0376 6369.855303875149 1.000192059815296 1.538396273935642 269.8405248115327 3.592607121791932
0.0377 6369.875981381202 1.000191526190843 1.538312688342194 269.7061210221863 3.556719057280116
0.0378 6369.896712253787 1.000190993090895 1.538229044502807 269.5713703503847 3.5210584873913
0.0379 6369.917496530856 1.000190460519922 1.538145342549802 269.4362725494378 3.485625339458718
0.038 6369.938334250279 1.000189928482352 1.538061582616217 269.3008273731879 3.450419527328254
0.0381 6369.959225449846 1.000189396982566 1.537977764835837 269.165034576003 3.415440951407132
0.03820000000000001 6369.980170167263 1.0001888660249 1.537893889343141 269.0288939127894 3.380689498718513
0.0383 6370.001168440158 1.000188335613645 1.537809956273341 268.8924051389735 3.346165042949795
0.0384 6370.022220306071 1.000187805753049 1.537725965762312 268.7555680105373 3.311867444515743
0.0385 6370.04332580246 1.000187276447311 1.537641917946666 268.6183822840129 3.277796550612185
0.0386 6370.064484966699 1.000186747700589 1.537557812963661 268.4808477164582 3.243952195266753
0.03870000000000001 6370.085697836079 1.000186219516993 1.537473650951251 268.3429640654871 3.210334199404137
0.0388 6370.106964447805 1.000185691900589 1.537389432048054 268.2047310892689 3.176942370905106
0.0389 6370.128284838997 1.000185164855398 1.53730515639332 268.0661485465229 3.143776504665404
0.039 6370.149659046689 1.000184638385396 1.537220824126976 267.927216196524 3.110836382658768
0.0391 6370.171087107831 1.000184112494513 1.537136435389549 267.787933799097 3.078121773998372
0.0392 6370.192569059285 1.000183587186637 1.537051990322243 267.648301114646 3.045632435007804
0.0393 6370.214104937826 1.000183062465606 1.536967489066853 267.5083179041307 3.013368109280697
0.0394 6370.235694780142 1.000182538335217 1.536882931765786 267.3679839290784 2.981328527749961
0.0395 6370.257338622833 1.000182014799221 1.536798318562043 267.227298951584 2.949513408755428
0.0396 6370.279036502413 1.000181491861324 1.536713649599242 267.0862627343157 2.917922458114035
0.0397 6370.300788455305 1.000180969525186 1.536628925021565 266.9448750405153 2.886555369189827
0.0398 6370.322594517846 1.000180447794425 1.536544144973759 266.8031356340038 2.855411822966465
0.03990000000000001 6370.344454726282 1.000179926672613 1.536459309601149 266.6610442791697 2.824491488116997
0.04 6370.366369116769 1.000179406163274 1.536374419049637 266.5186007409988 2.793794021083849
0.0401 6370.388337725377 1.000178886269893 1.536289473465618 266.37580478505 2.763319066148304
0.0402 6370.410360588081 1.000178366995906 1.53620447299607 266.2326561774738 2.733066255510159
0.0403 6370.432437740768 1.000177848344707 1.536119417788478 266.0891546850056 2.703035209363377
0.04040000000000001 6370.454569219236 1.000177330319645 1.536034307990832 265.9453000749662 2.673225535974182
0.0405 6370.476755059187 1.000176812924024 1.535949143751671 265.8010921152853 2.643636831765118
0.0406 6370.498995296237 1.000176296161104 1.535863925219989 265.6565305744601 2.61426868138679
0.0407 6370.521289965906 1.000175780034101 1.535778652545302 265.5116152216086 2.585120657810159
0.0408 6370.543639103626 1.000175264546186 1.535693325877587 265.366345826434 2.556192322401724
0.0409 6370.566042744731 1.000174749700489 1.53560794536729 265.2207221592483 2.527483225011812
0.041 6370.588500924468 1.000174235500093 1.535522511165334 265.0747439909609 2.498992904056788
0.04110000000000001 6370.611013677986 1.000173721948038 1.535437023423075 264.9284110930897 2.470720886607012
0.0412 6370.633581040347 1.000173209047321 1.535351482292326 264.7817232377441 2.442666688470099
0.0413 6370.656203046514 1.000172696800895 1.535265887925313 264.63468019766 2.414829814285442
0.0414 6370.678879731358 1.000172185211669 1.535180240474721 264.4872817461763 2.387209757608344
0.0415 6370.701611129656 1.000171674282509 1.535094540093606 264.339527657235 2.359806000999804
0.04160000000000001 6370.724397276092 1.000171164016239 1.535008786935449 264.1914177054044 2.332618016121642
0.0417 6370.747238205253 1.000170654415639 1.534922981154133 264.0429516658563 2.305645263823783
0.0418 6370.770133951633 1.000170145483445 1.534837122903898 263.8941293143888 2.278887194241278
0.0419 6370.793084549629 1.000169637222353 1.534751212339393 263.7449504274149 2.252343246885732
0.042 6370.816090033545 1.000169129635013 1.534665249615593 263.5954147819565 2.226012850738873
0.04210000000000001 6370.839150437589 1.000168622724035 1.534579234887865 263.445522155674 2.199895424353274
0.0422 6370.862265795871 1.000168116491985 1.5344931683119 263.2952723268367 2.173990375943542
0.0423 6370.885436142408 1.000167610941389 1.534407050043736 263.1446650743463 2.148297103487786
0.0424 6370.908661511119 1.000167106074729 1.534320880239726 262.9937001777256 2.12281499482377
0.0425 6370.931941935827 1.000166601894446 1.534234659056552 262.8423774171237 2.097543427749038
0.0426 6370.955277450258 1.000166098402938 1.534148386651196 262.6906965733223 2.07248177012185
0.0427 6370.978668088043 1.000165595602564 1.534062063180934 262.5386574277239 2.047629379960039
0.04280000000000001 6371.002113882713 1.00016509349564 1.53397568880332 262.3862597623637 2.022985605544643
0.0429 6371.025614867705 1.00016459208444 1.533889263676223 262.2335033599151 1.998549785523306
0.043 6371.049171076358 1.000164091371199 1.533802787957751 262.0803880036723 1.974321249010725
0.0431 6371.07278254191 1.000163591358111 1.533716261806265 261.9269134775858 1.950299315698357
0.0432 6371.096449297505 1.000163092047328 1.533629685380388 261.773079566215 1.926483295951821
0.04330000000000001 6371.120171376189 1.000162593440962 1.533543058839004 261.6188860547694 1.902872490923053
0.0434 6371.143948810909 1.000162095541087 1.533456382341158 261.4643327290913 1.87946619265391
0.0435 6371.167781634515 1.000161598349733 1.533369656046199 261.3094193756555 1.856263684183324
0.0436 6371.191669879755 1.000161101868893 1.533282880113619 261.1541457815928 1.833264239658685
0.0437 6371.215613579284 1.000160606100522 1.533196054703142 260.9985117346549 1.810467124439081
0.0438 6371.239612765655 1.000160111046532 1.533109179974693 260.8425170232439 1.787871595208961
0.0439 6371.263667471323 1.000159616708797 1.533022256088335 260.6861614364001 1.765476900086293
0.044 6371.287777728645 1.000159123089154 1.532935283204348 260.5294447638083 1.743282278734
0.0441 6371.311943569879 1.000158630189399 1.532848261483159 260.372366795786 1.721286962469528
0.0442 6371.336165027183 1.000158138011292 1.532761191085322 260.2149273233125 1.699490174380849
0.0443 6371.360442132616 1.000157646556553 1.53267407217157 260.057126137994 1.677891129433954
0.0444 6371.384774918141 1.000157155826863 1.532586904902751 259.898963032087 1.656489034589237
0.04450000000000001 6371.409163415617 1.000156665823869 1.532499689439829 259.7404377984921 1.635283088914313
0.0446 6371.433607656806 1.000156176549176 1.532412425943902 259.5815502307604 1.614272483699006
0.0447 6371.458107673372 1.000155688004357 1.532325114576147 259.4223001230815 1.593456402568539
0.0448 6371.482663496877 1.000155200190944 1.532237755497858 259.2626872703012 1.57283402160115
0.0449 6371.507275158785 1.000154713110433 1.532150348870407 259.1027114678976 1.552404509440825
0.04500000000000001 6371.531942690461 1.000154226764285 1.532062894855215 258.9423725120054 1.532167027416664
0.0451 6371.556666123168 1.000153741153923 1.53197539361383 258.7816701994092 1.512120729658865
0.0452 6371.581445488071 1.000153256280737 1.531887845307792 258.6206043275382 1.492264763215214
0.0453 6371.606280816236 1.000152772146079 1.531800250098712 258.459174694466 1.4725982681688
0.0454 6371.631172138628 1.000152288751266 1.531712608148254 258.2973810989164 1.45312037775686
0.0455 6371.656119486112 1.000151806097581 1.53162491961809 258.1352233402694 1.433830218489993
0.0456 6371.681122889456 1.00015132418627 1.531537184669922 257.9727012185375 1.414726910268255
0.04570000000000001 6371.706182379324 1.000150843018547 1.531449403465456 257.8098145343955 1.395809566503979
0.0458 6371.731297986283 1.000150362595591 1.531361576166396 257.6465630891624 1.377077294239314
0.0459 6371.756469740799 1.000149882918547 1.531273702934435 257.4829466848076 1.358529194266905
0.046 6371.78169767324 1.000149403988527 1.531185783931258 257.3189651239389 1.340164361248889
0.0461 6371.806981813875 1.000148925806608 1.531097819318497 257.1546182098144 1.321981883838881
0.04620000000000001 6371.832322192868 1.000148448373836 1.53100980925779 256.9899057463603 1.30398084480479
0.0463 6371.857718840289 1.000147971691224 1.530921753910689 256.8248275381233 1.286160321144797
0.0464 6371.883171786105 1.000147495759751 1.530833653438706 256.6593833903183 1.268519384213967
0.0465 6371.908681060184 1.000147020580365 1.530745508003291 256.4935731088048 1.25105709984331
0.0466 6371.934246692296 1.000146546153984 1.530657317765805 256.3273965000743 1.233772528460445
0.04670000000000001 6371.959868712111 1.000146072481492 1.530569082887551 256.160853371281 1.216664725214789
0.0468 6371.985547149197 1.000145599563742 1.530480803529713 255.993943530223 1.199732740097922
0.0469 6372.011282033024 1.000145127401559 1.530392479853391 255.826666785343 1.182975618066
0.047 6372.037073392965 1.000144655995734 1.530304112019582 255.6590229457282 1.166392399162327
0.0471 6372.062921258291 1.00014418534703 1.530215700189139 255.49101182111 1.149982118640028
0.0472 6372.088825658174 1.000143715456179 1.530127244522811 255.32263322187 1.133743807085399
0.0473 6372.114786621688 1.000143246323886 1.530038745181192 255.1538869590285 1.117676490539618
0.04740000000000001 6372.140804177807 1.000142777950825 1.529950202324738 254.9847728442559 1.101779190622811
0.0475 6372.166878355407 1.00014231033764 1.529861616113766 254.8152906898553 1.086050924655358
0.0476 6372.193009183264 1.000141843484948 1.529772986708403 254.6454403087859 1.070490705783111
0.0477 6372.219196690055 1.000141377393339 1.529684314268621 254.4752215146453 1.055097543098744
0.0478 6372.245440904359 1.000140912063374 1.52959559895422 254.304634121664 1.039870441764257
0.04790000000000001 6372.271741854659 1.000140447495586 1.52950684092478 254.1336779447164 1.024808403135048
0.048 6372.298099569335 1.000139983690481 1.529418040339721 253.9623527993216 1.009910424882833
0.0481 6372.324514076672 1.00013952064854 1.52932919735823 253.7906585016311 0.995175501117489
0.0482 6372.350985404855 1.000139058370217 1.529240312139292 253.6185948684409 0.9806026225108798
0.0483 6372.377513581972 1.000138596855938 1.529151384841679 253.4461617171795 0.9661907764185422
0.04840000000000001 6372.404098636013 1.000138136106106 1.529062415623903 253.2733588659138 0.951938947002769
0.0485 6372.43074059487 1.000137676121098 1.528973404644263 253.1001861333433 0.9378461153545661
0.0486 6372.457439486338 1.000137216901265 1.528884352060801 252.9266433388001 0.9239112596159501
0.0487 6372.484195338115 1.000136758446934 1.528795258031296 252.7527303022547 0.9101333551025385
0.0488 6372.511008177798 1.000136300758409 1.528706122713295 252.5784468443102 0.896511374424981
0.0489 6372.537878032893 1.000135843835968 1.528616946264031 252.4037927861963 0.8830442876102166
0.049 6372.564804930805 1.000135387679867 1.528527728840481 252.2287679497694 0.8697310622229775
0.04910000000000001 6372.591788898842 1.00013493229034 1.528438470599323 252.0533721575301 0.8565706634883604
0.0492 6372.618829964217 1.000134477667595 1.528349171696958 251.8776052325883 0.8435620544101068
0.0493 6372.645928154048 1.00013402381182 1.528259832289468 251.701466998686 0.8307041958930972
0.0494 6372.673083495354 1.000133570723182 1.528170452532628 251.524957280198 0.8179960468637014
0.0495 6372.700296015059 1.000133118401823 1.528081032581888 251.3480759021139 0.8054365643885506
0.04960000000000001 6372.727565739992 1.000132666847867 1.527991572592385 251.1708226900499 0.793024703795128
0.0497 6372.754892696886 1.000132216061416 1.527902072718919 250.993197470243 0.7807594187907118
0.0498 6372.782276912377 1.000131766042551 1.527812533115923 250.8152000695508 0.7686396615813664
0.0499 6372.809718413009 1.000131316791334 1.527722953937522 250.6368303154399 0.7566643829897534
0.05 6372.83721722523 1.000130868307805 1.527633335337452 250.4580880360035 0.7448325325745308
0.05010000000000001 6372.864773375393 1.000130420591988 1.527543677469103 250.2789730599437 0.7331430587469225
0.0502 6372.892386889755 1.000129973643886 1.527453980485487 250.0994852165953 0.721594908889577
0.0503 6372.92005779448 1.000129527463484 1.527364244539237 249.9196243358782 0.7101870294703593
0.0504 6372.94778611564 1.000129082050748 1.527274469782612 249.739390248339 0.6989183661614216
0.0505 6372.975571879211 1.000128637405628 1.527184656367454 249.5587827851272 0.6877878639535603
0.0506 6373.003415111076 1.000128193528053 1.52709480444524 249.3778017780072 0.676794467272326
0.0507 6373.031315837025 1.00012775041794 1.527004914167004 249.1964470593406 0.6659371200917664
0.05080000000000001 6373.059274082754 1.000127308075185 1.526914985683383 249.0147184620977 0.6552147660494465
0.0509 6373.08728987387 1.000126866499671 1.526825019144608 248.832615819846 0.6446263485594629
0.051 6373.115363235882 1.000126425691262 1.526735014700473 248.6501389667677 0.6341708109266151
0.0511 6373.143494194211 1.000125985649809 1.526644972500326 248.4672877376305 0.62384709645723
0.0512 6373.171682774184 1.000125546375147 1.526554892693094 248.2840619678049 0.6136541485721215
0.05130000000000001 6373.199929001038 1.000125107867096 1.526464775427238 248.1004614932525 0.60359091091722
0.0514 6373.228232899919 1.000124670125462 1.526374620850785 247.9164861505263 0.5936563274742318
0.0515 6373.25659449588 1.000124233150036 1.526284429111301 247.7321357767822 0.5838493426712587
0.0516 6373.285013813884 1.000123796940598 1.526194200355876 247.5474102097554 0.5741689014908241
0.0517 6373.313490878803 1.000123361496913 1.526103934731137 247.3623092877782 0.5646139495794318
0.05180000000000001 6373.342025715422 1.000122926818732 1.526013632383229 247.1768328497564 0.5551834333542336
0.0519 6373.370618348433 1.000122492905796 1.525923293457807 246.9909807351868 0.5458763001111313
0.05200000000000001 6373.399268802438 1.000122059757833 1.525832918100059 246.8047527841517 0.5366914981308865
0.0521 6373.427977101953 1.000121627374559 1.525742506454666 246.6181488373067 0.5276279767842149
0.0522 6373.456743271402 1.000121195755679 1.525652058665792 246.4311687358867 0.5186846866369896
0.0523 6373.485567335122 1.000120764900888 1.525561574877114 246.2438123217061 0.5098605795543528
0.0524 6373.514449317363 1.000120334809868 1.525471055231791 246.0560794371407 0.5011546088032016
0.05250000000000001 6373.543389242284 1.000119905482293 1.525380499872463 245.8679699251519 0.4925657291557996
0.0526 6373.572387133959 1.000119476917827 1.525289908941252 245.6794836292683 0.4840928969906087
0.0527 6373.601443016372 1.000119049116125 1.525199282579746 245.4906203935801 0.4757350703928627
0.0528 6373.630556913426 1.000118622076832 1.52510862092899 245.3013800627335 0.4674912092542986
0.0529 6373.659728848929 1.000118195799584 1.525017924129513 245.1117624819598 0.4593602753735451
0.05300000000000001 6373.688958846609 1.00011777028401 1.524927192321278 244.9217674970399 0.4513412325527729
0.0531 6373.718246930106 1.000117345529731 1.52483642564371 244.7313949543108 0.4434330466952925
0.0532 6373.747593122975 1.000116921536359 1.524745624235684 244.5406447006648 0.4356346859019653
0.0533 6373.776997448684 1.000116498303502 1.524654788235506 244.349516583556 0.4279451205669231
0.0534 6373.806459930619 1.000116075830757 1.524563917780918 244.1580104509766 0.4203633234711562
0.05350000000000001 6373.835980592081 1.000115654117719 1.524473013009099 243.9661261514742 0.4128882698768416
0.0536 6373.865559456285 1.000115233163973 1.524382074056656 243.7738635341465 0.4055189376197272
0.05370000000000001 6373.895196546363 1.000114812969101 1.524291101059625 243.5812224486407 0.3982543072007873
0.0538 6373.924891885365 1.00011439353268 1.524200094153442 243.3882027451303 0.3910933618760121
0.0539 6373.954645496256 1.000113974854279 1.524109053472966 243.1948042743387 0.384035087746992
0.054 6373.98445740192 1.000113556933465 1.524017979152466 243.0010268875211 0.377078473848929
0.0541 6374.014327625158 1.000113139769801 1.523926871325628 242.8068704364708 0.3702225122385126
0.05420000000000001 6374.044256188691 1.000112723362844 1.523835730125519 242.6123347735073 0.3634661980801283
0.0543 6374.074243115156 1.00011230771215 1.523744555684616 242.417419751488 0.356808529731859
0.0544 6374.104288427108 1.00011189281727 1.523653348134785 242.2221252237963 0.350248508829603
0.0545 6374.134392147026 1.000111478677753 1.523562107607289 242.0264510443302 0.3437851403701624
0.0546 6374.164554297304 1.000111065293146 1.523470834232769 241.8303970675255 0.3374174327944359
0.05470000000000001 6374.194774900258 1.000110652662993 1.523379528141247 241.6339631483205 0.3311443980675772
0.0548 6374.225053978125 1.000110240786835 1.523288189462145 241.4371491421856 0.3249650517601915
0.0549 6374.255391553062 1.000109829664215 1.52319681832424 241.2399549050996 0.3188784131267083
0.055 6374.285787647145 1.000109419294672 1.523105414855676 241.0423802935555 0.3128835051836006
0.0551 6374.316242282377 1.000109009677745 1.523013979184001 240.8444251645491 0.3069793547859412
0.05520000000000001 6374.346755480679 1.000108600812974 1.522922511436083 240.6460893755842 0.3011649927033769
0.0553 6374.377327263896 1.000108192699897 1.522831011738185 240.4473727846734 0.2954394536947768
0.05540000000000001 6374.407957653796 1.000107785338053 1.522739480215932 240.2482752503255 0.2898017765814026
0.0555 6374.438646672068 1.000107378726982 1.522647916994284 240.0487966315581 0.2842510043196115
0.0556 6374.469394340329 1.000106972866223 1.522556322197573 239.8489367878614 0.2787861840710803
0.0557 6374.500200680116 1.000106567755318 1.522464695949489 239.648695579246 0.2734063672741662
0.0558 6374.531065712892 1.000106163393812 1.52237303837304 239.4480728662014 0.2681106097116384
0.05590000000000001 6374.561989460046 1.000105759781247 1.522281349590626 239.2470685097018 0.2628979715785599
0.056 6374.592971942891 1.000105356917172 1.522189629723954 239.0456823712119 0.2577675175489636
0.0561 6374.624013182664 1.000104954801136 1.522097878894098 238.8439143126815 0.2527183168410249
0.0562 6374.655113200534 1.000104553432692 1.522006097221457 238.6417641965271 0.2477494432807637
0.0563 6374.686272017591 1.000104152811394 1.521914284825784 238.4392318856561 0.2428599753655772
0.05640000000000001 6374.717489654854 1.000103752936801 1.521822441826152 238.2363172434488 0.2380489963255288
0.0565 6374.74876613327 1.000103353808475 1.52173056834098 238.0330201337464 0.2333155941836052
0.0566 6374.780101473712 1.000102955425984 1.52163866448801 237.8293404208752 0.228658861815586
0.0567 6374.811495696983 1.000102557788896 1.521546730384338 237.6252779696105 0.2240778970073177
0.0568 6374.842948823816 1.000102160896787 1.521454766146352 237.4208326451948 0.219571802512008
0.05690000000000001 6374.874460874871 1.000101764749237 1.521362771889806 237.2160043133375 0.2151396861058663
0.057 6374.906031870737 1.000101369345831 1.521270747729752 237.0107928402093 0.2107806606423847
0.05710000000000001 6374.937661831935 1.000100974686158 1.521178693780584 236.8051980924241 0.2064938441051522
0.0572 6374.969350778915 1.000100580769814 1.521086610156026 236.5992199370511 0.2022783596600696
0.0573 6375.001098732059 1.000100187596401 1.520994496969102 236.3928582416146 0.1981333357060573
0.0574 6375.03290571168 1.000099795165526 1.520902354332176 236.1861128740824 0.1940579059242891
0.0575 6375.064771738022 1.000099403476804 1.520810182356925 235.9789837028596 0.1900512093263179
0.05760000000000001 6375.096696831261 1.000099012529854 1.520717981154359 235.7714705968068 0.1861123903014106
0.0577 6375.128681011506 1.000098622324306 1.52062575083479 235.5635734252099 0.1822405986617226
0.0578 6375.160724298802 1.000098232859792 1.520533491507865 235.3552920577866 0.178434989686926
0.0579 6375.192826713123 1.000097844135956 1.520441203282535 235.1466263647038 0.1746947241677835
0.058 6375.224988274378 1.000097456152447 1.520348886267087 234.9375762165422 0.1710189684475077
0.05810000000000001 6375.257209002412 1.000097068908922 1.520256540569103 234.72814148432 0.167406894462949
0.0582 6375.289488917004 1.000096682405048 1.520164166295503 234.518322039475 0.1638576797837915
0.05830000000000001 6375.321828037868 1.000096296640497 1.520071763552511 234.3081177538592 0.1603705076507268
0.0584 6375.354226384654 1.000095911614952 1.519979332445674 234.0975284997497 0.1569445670126714
0.0585 6375.386683976947 1.000095527328105 1.519886873079865 233.8865541498439 0.1535790525624343
0.05860000000000001 6375.419200834271 1.000095143779655 1.519794385559252 233.6751945772406 0.1502731647709615
0.0587 6375.451776976083 1.000094760969312 1.519701869987331 233.4634496554589 0.147026109920905
0.05880000000000001 6375.484412421782 1.000094378896793 1.51960932646693 233.2513192584196 0.143837100138387
0.0589 6375.517107190702 1.000093997561828 1.519516755100177 233.0388032604395 0.1407053534237233
0.059 6375.549861302115 1.000093616964154 1.519424155988526 232.8259015362554 0.1376300936813406
0.0591 6375.582674775233 1.000093237103519 1.519331529232755 232.6126139609881 0.134610550747583
0.0592 6375.615547629207 1.000092857979681 1.519238874932941 232.3989404101548 0.1316459604179964
0.05930000000000001 6375.648479883127 1.000092479592408 1.51914619318851 232.1848807596742 0.128735564473279
0.0594 6375.681471556024 1.000092101941478 1.519053484098191 231.9704348858439 0.125878610703604
0.0595 6375.714522666868 1.000091725026682 1.51896074776004 231.7556026653573 0.1230743529322914
0.0596 6375.747633234571 1.000091348847819 1.518867984271436 231.5403839752861 0.1203220510377791
0.0597 6375.780803277987 1.000090973404701 1.518775193729081 231.3247786930864 0.1176209709747015
0.05980000000000001 6375.814032815908 1.00009059869715 1.518682376229013 231.1087866965985 0.1149703847936726
0.0599 6375.847321867072 1.000090224724999 1.518589531866588 230.8924078640292 0.1123695706596524
0.06000000000000001 6375.88067045016 1.000089851488094 1.51849666073648 230.6756420739579 0.1098178128694131
0.0601 6375.914078583794 1.000089478986292 1.518403762932708 230.4584892053362 0.1073144018677315
0.0602 6375.94754628654 1.00008910721946 1.51831083854862 230.2409491374882 0.1048586342623917
0.0603 6375.981073576907 1.00008873618748 1.518217887676893 230.0230217501047 0.1024498128379362
0.0604 6376.014660473349 1.000088365890244 1.518124910409542 229.804706923231 0.1000872465681856
0.06050000000000001 6376.048306994267 1.000087996327655 1.518031906837909 229.5860045372673 0.09777025062772353
0.0606 6376.082013158003 1.000087627499632 1.517938877052678 229.3669144729801 0.09549814640233911
0.0607 6376.115778982847 1.000087259406102 1.517845821143892 229.1474366114966 0.09327026149811442
0.0608 6376.149604487036 1.000086892047007 1.517752739200907 228.9275708342692 0.0910859297490795
0.0609 6376.18348968875 1.000086525422303 1.517659631312427 228.7073170231228 0.08894449122456388
0.06100000000000001 6376.21743460612 1.000086159531955 1.517566497566534 228.486675060219 0.08684529223457223
0.0611 6376.251439257222 1.000085794375943 1.517473338050611 228.2656448280567 0.08478768533440301
0.0612 6376.285503660079 1.000085429954259 1.517380152851433 228.0442262094892 0.0827710293283051
0.0613 6376.319627832663 1.000085066266909 1.517286942055108 227.8224190876894 0.08079468927153341
0.0614 6376.353811792896 1.000084703313913 1.517193705747093 227.6002233461785 0.07885803647190195
0.06150000000000001 6376.388055558646 1.000084341095301 1.517100444012204 227.3776388688033 0.07696044848976044
0.0616 6376.422359147732 1.000083979611117 1.517007156934654 227.1546655397414 0.07510130913715443
0.06170000000000001 6376.456722577923 1.000083618861421 1.516913844597973 226.9313032435015 0.07328000847585693
0.0618 6376.491145866938 1.000083258846284 1.516820507085075 226.7075518649057 0.07149594281419067
0.0619 6376.525629032445 1.000082899565791 1.516727144478249 226.483411289107 0.06974851470308793
0.062 6376.560172092066 1.000082541020039 1.516633756859145 226.258881401572 0.06803713293081552
0.0621 6376.594775063371 1.000082183209142 1.516540344308791 226.0339620880862 0.06636121251685603
0.06220000000000001 6376.629437963886 1.000081826133223 1.516446906907603 225.8086532347428 0.06472017470462839
0.0623 6376.664160811083 1.000081469792423 1.516353444735361 225.5829547279599 0.06311344695341176
0.0624 6376.698943622392 1.000081114186892 1.516259957871249 225.3568664544513 0.06154046292892157
0.0625 6376.733786415193 1.000080759316799 1.516166446393815 225.1303883012441 0.06000066249323737
0.0626 6376.768689206822 1.000080405182323 1.516072910381013 224.9035201556552 0.05849349169345857
0.06270000000000001 6376.803652014567 1.000080051783657 1.515979349910189 224.6762619053146 0.05701840274971304
0.06280000000000001 6376.83867485567 1.000079699121008 1.515885765058086 224.4486134381481 0.05557485404192461
0.0629 6376.873757747326 1.000079347194598 1.515792155900841 224.2205746423828 0.05416231009579158
0.063 6376.908900706688 1.00007899600466 1.515698522514013 223.9921454065296 0.05278024156768265
0.0631 6376.944103750863 1.000078645551444 1.515604864972549 223.7633256193893 0.05142812522875975
0.06320000000000001 6376.979366896913 1.000078295835212 1.515511183350815 223.534115170064 0.0501054439482173
0.06330000000000001 6377.014690161857 1.00007794685624 1.5154174777226 223.3045139479276 0.04881168667538021
0.0634 6377.05007356267 1.000077598614817 1.515323748161099 223.074521842644 0.04754634842119531
0.0635 6377.085517116284 1.000077251111246 1.515229994738948 222.8441387441548 0.04630893023867538
0.0636 6377.121020839587 1.000076904345845 1.515136217528183 222.6133645426852 0.04509893920258214
0.06370000000000001 6377.156584749426 1.000076558318943 1.515042416600304 222.3821991287326 0.04391588838816497
0.06380000000000001 6377.192208862604 1.000076213030885 1.514948592026225 222.1506423930722 0.04275929684915912
0.0639 6377.227893195885 1.00007586848203 1.51485474387629 221.9186942267451 0.0416286895948708
0.064 6377.26363776599 1.000075524672747 1.514760872220313 221.6863545210644 0.04052359756654347
0.0641 6377.2994425896 1.000075181603422 1.514666977127538 221.4536231676033 0.03944355761284177
0.06420000000000001 6377.335307683352 1.000074839274454 1.514573058666664 221.2205000582129 0.03838811246469287
0.06430000000000001 6377.371233063846 1.000074497686253 1.514479116905839 220.9869850849985 0.03735681070916514
0.0644 6377.407218747642 1.000074156839244 1.514385151912686 220.7530781403256 0.03634920676273285
0.0645 6377.443264751258 1.000073816733867 1.514291163754284 220.5187791168254 0.03536486084379482
0.06460000000000001 6377.479371091174 1.000073477370571 1.514197152497182 220.2840879073718 0.03440333894434208
0.06470000000000001 6377.515537783831 1.000073138749823 1.514103118207394 220.0490044050988 0.03346421280108905
0.0648 6377.551764845633 1.000072800872098 1.514009060950427 219.8135285033885 0.03254705986578098
0.0649 6377.588052292942 1.000072463737889 1.51391498079125 219.5776600958774 0.03165146327488886
0.065 6377.624400142086 1.000072127347698 1.513820877794348 219.3413990764442 0.03077701181856573
0.06510000000000001 6377.660808409352 1.000071791702041 1.51372675202367 219.1047453392101 0.02992329990899432
0.06520000000000001 6377.697277110993 1.000071456801448 1.513632603542666 218.8676987785447 0.02908992754811334
0.0653 6377.733806263222 1.000071122646461 1.513538432414302 218.6302592890596 0.02827650029467296
0.0654 6377.770395882215 1.000070789237633 1.513444238701037 218.3924267656033 0.02748262923067994
0.0655 6377.807045984117 1.000070456575531 1.513350022464835 218.1542011032428 0.02670793092720993
0.06560000000000001 6377.84375658503 1.000070124660734 1.513255783767195 217.9155821973053 0.02595202740982937
0.06570000000000001 6377.880527701024 1.000069793493833 1.513161522669116 217.6765699433425 0.02521454612319393
0.0658 6377.917359348135 1.000069463075432 1.513067239231118 217.4371642371251 0.0244951198951978
0.0659 6377.954251542359 1.000069133406145 1.512972933513277 217.1973649746659 0.02379338690067162
0.066 6377.991204299662 1.000068804486599 1.512878605575184 216.9571720521966 0.02310899062441193
0.06610000000000001 6378.028217635973 1.000068476317434 1.512784255475969 216.7165853661735 0.02244157982379255
0.06620000000000001 6378.065291567188 1.000068148899299 1.512689883274303 216.4756048132775 0.02179080849086294
0.0663 6378.102426109167 1.000067822232857 1.512595489028419 216.2342302904143 0.02115633581396649
0.0664 6378.139621277739 1.00006749631878 1.512501072796098 215.9924616946963 0.02053782613884921
0.0665 6378.176877088698 1.000067171157754 1.512406634634678 215.7502989234607 0.01993494892941301
0.06660000000000001 6378.214193557806 1.000066846750472 1.512312174601065 215.5077418742634 0.01934737872796975
0.06670000000000001 6378.251570700791 1.000066523097642 1.512217692751729 215.2647904448612 0.01877479511505044
0.0668 6378.289008533348 1.000066200199981 1.512123189142721 215.0214445332357 0.01821688266890916
0.0669 6378.326507071142 1.000065878058216 1.512028663829665 214.7777040375753 0.01767333092453681
0.067 6378.364066329805 1.000065556673085 1.51193411686777 214.5335688562694 0.01714383433233121
0.06710000000000001 6378.401686324936 1.000065236045338 1.511839548311834 214.2890388879144 0.01662809221643309
0.06720000000000001 6378.439367072105 1.000064916175731 1.511744958216262 214.0441140313195 0.01612580873271408
0.0673 6378.477108586849 1.000064597065034 1.511650346635047 213.798794185483 0.01563669282637328
0.0674 6378.514910884675 1.000064278714025 1.511555713621781 213.553079249616 0.01516045818931608
0.0675 6378.552773981058 1.000063961123491 1.511461059229688 213.3069691231248 0.0146968232171461
0.06760000000000001 6378.590697891444 1.00006364429423 1.511366383511582 213.0604637056166 0.01424551096591896
0.06770000000000001 6378.628682631248 1.000063328227049 1.511271686519917 212.8135628968879 0.01380624910859009
0.0678 6378.666728215856 1.000063012922762 1.511176968306763 212.5662665969361 0.01337876989124871
0.0679 6378.704834660623 1.000062698382195 1.511082228923822 212.3185747059478 0.01296281008906545
0.06800000000000001 6378.743001980876 1.000062384606181 1.51098746842244 212.0704871243046 0.01255811096204271
0.06810000000000001 6378.781230191912 1.000062071595561 1.510892686853592 211.8220037525715 0.01216441821052083
0.0682 6378.819519308998 1.000061759351186 1.510797884267907 211.5731244915145 0.01178148193053165
0.0683 6378.857869347374 1.000061447873913 1.510703060715671 211.3238492420709 0.0114090565688911
0.0684 6378.89628032225 1.000061137164609 1.510608216246816 211.0741779053732 0.01104690087820326
0.06850000000000001 6378.93475224881 1.000060827224148 1.510513350910942 210.8241103827371 0.01069477787165052
0.06860000000000001 6378.973285142207 1.000060518053412 1.510418464757314 210.5736465756557 0.01035245477765013
0.0687 6379.011879017568 1.000060209653288 1.510323557834875 210.3227863858114 0.01001970299440431
0.0688 6379.05053388999 1.000059902024674 1.510228630192249 210.0715297150636 0.009696298044300654
0.0689 6379.089249774546 1.000059595168471 1.510133681877733 209.8198764654493 0.009382019528225906
0.06900000000000001 6379.12802668628 1.00005928908559 1.510038712939315 209.5678265391829 0.009076651079789716
0.06910000000000001 6379.166864640208 1.000058983776947 1.509943723424674 209.3153798386501 0.008779980319464564
0.0692 6379.20576365132 1.000058679243464 1.509848713381209 209.0625362664199 0.008491798808683086
0.0693 6379.24472373458 1.00005837548607 1.509753682855986 208.8092957252328 0.008211902003856672
0.0694 6379.283744904925 1.000058072505698 1.509658631895819 208.5556581179889 0.00794008921035883
0.06950000000000001 6379.322827177265 1.000057770303291 1.509563560547202 208.3016233477773 0.007676163536528219
0.06960000000000001 6379.361970566485 1.000057468879792 1.509468468856376 208.047191317847 0.007419931847595241
0.0697 6379.401175087442 1.000057168236152 1.509373356869299 207.7923619316242 0.007171204719660027
0.0698 6379.440440754971 1.000056868373329 1.509278224631636 207.5371350926888 0.006929796393641364
0.0699 6379.479767583877 1.000056569292281 1.509183072188827 207.2815107047981 0.00669552472929752
0.07000000000000001 6379.519155588943 1.000056270993974 1.509087899586022 207.0254886718689 0.006468211159243684
0.07010000000000001 6379.558604784927 1.000055973479378 1.508992706868126 206.7690688979777 0.006247680643036675
0.0702 6379.598115186557 1.000055676749466 1.508897494079792 206.5122512873785 0.006033761621334808
0.0703 6379.637686808542 1.000055380805215 1.508802261265431 206.2550357444787 0.005826285970094507
0.0704 6379.677319665562 1.000055085647608 1.508707008469213 205.9974221738456 0.005625088954877362
0.07050000000000001 6379.717013772275 1.000054791277627 1.508611735735072 205.7394104802119 0.005430009185251276
0.07060000000000001 6379.756769143313 1.000054497696261 1.508516443106722 205.4810005684639 0.00524088856928432
0.0707 6379.796585793285 1.000054204904501 1.508421130627629 205.2221923436476 0.005057572268169959
0.0708 6379.836463736775 1.00005391290334 1.508325798341065 204.9629857109629 0.004879908650971354
0.07090000000000001 6379.876402988342 1.000053621693774 1.50823044629007 204.703380575775 0.00470774924951675
0.07100000000000001 6379.916403562524 1.0000533312768 1.508135074517482 204.4433768435969 0.004540948713423642
0.0711 6379.956465473832 1.00005304165342 1.508039683065931 204.1829744200953 0.004379364765298961
0.0712 6379.996588736755 1.000052752824635 1.507944271977843 203.9221732110908 0.004222858156104334
0.0713 6380.03677336576 1.000052464791448 1.507848841295454 203.6609731225575 0.0040712926207005
0.07140000000000001 6380.077019375287 1.000052177554864 1.507753391060813 203.3993740606351 0.003924534833587132
0.07150000000000001 6380.117326779756 1.00005189111589 1.507657921315768 203.1373759315874 0.003782454364811358
0.0716 6380.157695593562 1.000051605475532 1.507562432102 202.8749786418497 0.003644923636134135
0.0717 6380.198125831077 1.000051320634797 1.507466923461011 202.6121820979992 0.003511817877370042
0.0718 6380.238617506651 1.000051036594693 1.507371395434123 202.3489862067667 0.003383015082975666
0.07190000000000001 6380.279170634612 1.000050753356228 1.507275848062498 202.0853908750249 0.003258395968860245
0.07200000000000001 6380.319785229262 1.000050470920409 1.507180281387136 201.8213960097945 0.003137843929448223
0.0721 6380.360461304885 1.000050189288245 1.507084695448865 201.5570015182497 0.003021244994992364
0.0722 6380.401198875738 1.000049908460741 1.506989090288384 201.2922073077006 0.002908487789135757
0.0723 6380.441997956061 1.000049628438904 1.506893465946222 201.0270132856052 0.002799463486754475
0.07240000000000001 6380.482858560065 1.000049349223738 1.506797822462767 200.7614193595754 0.002694065772071708
0.07250000000000001 6380.523780701944 1.000049070816248 1.50670215987828 200.4954254373646 0.002592190797047119
0.0726 6380.564764395869 1.000048793217436 1.506606478232863 200.2290314268506 0.002493737140054644
0.0727 6380.605809655987 1.000048516428302 1.506510777566507 199.9622372360826 0.002398605764881134
0.0728 6380.646916496426 1.000048240449844 1.506415057919065 199.6950427732339 0.002306699979992957
0.07290000000000001 6380.688084931288 1.000047965283058 1.506319319330268 199.4274479466257 0.002217925398139487
0.07300000000000001 6380.729314974658 1.000047690928938 1.506223561839734 199.1594526647208 0.002132189896262259
0.0731 6380.770606640596 1.000047417388476 1.506127785486955 198.8910568361242 0.00204940357572922
0.0732 6380.811959943143 1.000047144662659 1.506031990311331 198.6222603695709 0.001969478722894482
0.0733 6380.853374896316 1.000046872752472 1.505936176352131 198.3530631739494 0.001892329770003579
0.07340000000000001 6380.89485151411 1.000046601658896 1.505840343648547 198.0834651582844 0.001817873256426328
0.07350000000000001 6380.936389810502 1.00004633138291 1.505744492239655 197.8134662317365 0.001746027790241274
0.0736 6380.977989799445 1.000046061925487 1.50564862216445 197.543066303608 0.001676714010172503
0.0737 6381.019651494871 1.000045793287598 1.505552733461813 197.2722652833376 0.001609854547879239
0.0738 6381.061374910692 1.000045525470207 1.50545682617057 197.0010630804994 0.001545373990607828
0.07390000000000001 6381.103160060799 1.000045258474276 1.505360900329447 196.729459604804 0.001483198844209019
0.07400000000000001 6381.14500695906 1.000044992300761 1.505264955977086 196.4574547661094 0.001423257496527426
0.0741 6381.186915619323 1.000044726950614 1.505168993152063 196.1850484743981 0.001365480181156771
0.0742 6381.228886055415 1.00004446242478 1.50507301189289 195.9122406398 0.001309798941583552
0.07430000000000001 6381.270918281143 1.000044198724201 1.50497701223799 195.6390311725694 0.001256147595701875
0.07440000000000001 6381.313012310292 1.000043935849811 1.50488099422574 195.3654199831025 0.001204461700722049
0.0745 6381.355168156625 1.000043673802539 1.504784957894455 195.0914069819372 0.001154678518463575
0.0746 6381.397385833886 1.000043412583308 1.504688903282386 194.8169920797417 0.001106736981037527
0.0747 6381.439665355797 1.000043152193035 1.504592830427738 194.5421751873199 0.001060577656926771
0.07480000000000001 6381.482006736062 1.00004289263263 1.504496739368659 194.2669562156001 0.001016142717460198
0.07490000000000001 6381.524409988359 1.000042633902996 1.504400630143246 193.9913350756641 0.0009733759036933091
0.075 6381.566875126352 1.00004237600503 1.504304502789574 193.7153116787121 0.0009322224936801892
0.0751 6381.609402163678 1.000042118939621 1.504208357345661 193.4388859360919 0.0008926292701599461
0.0752 6381.651991113958 1.000041862707652 1.504112193849485 193.1620577592756 0.0008545444886409829
0.07530000000000001 6381.694641990789 1.000041607309995 1.504016012339009 192.8848270598713 0.0008179178458984251
0.07540000000000001 6381.737354807749 1.000041352747517 1.503919812852148 192.6071937496289 0.0007827004488797493
0.0755 6381.780129578398 1.000041099021078 1.5038235954268 192.3291577404165 0.000748844784017406
0.0756 6381.822966316268 1.000040846131527 1.50372736010084 192.0507189442559 0.0007163046869607918
0.0757 6381.86586503488 1.000040594079706 1.503631106912114 191.7718772732814 0.0006850353127116395
0.07580000000000001 6381.908825747727 1.000040342866448 1.503534835898455 191.4926326397748 0.0006549931061823403
0.07590000000000001 6381.951848468285 1.000040092492577 1.503438547097681 191.2129849561483 0.0006261357731622672
0.076 6381.994933210009 1.00003984295891 1.503342240547596 190.9329341349438 0.0005984222517010668
0.0761 6382.038079986332 1.000039594266252 1.503245916285998 190.6524800888395 0.0005718126839075738
0.0762 6382.08128881067 1.0000393464154 1.503149574350679 190.3716227306435 0.0005462683881627057
0.07630000000000001 6382.124559696415 1.000039099407142 1.503053214779423 190.0903619733057 0.000521751831749131
0.07640000000000001 6382.167892656938 1.000038853242254 1.50295683761002 189.8086977299003 0.0004982266038931676
0.0765 6382.211287705594 1.000038607921504 1.502860442880251 189.5266299136373 0.0004756573892238753
0.0766 6382.254744855713 1.000038363445649 1.502764030627912 189.2441584378629 0.0004540099416449697
0.0767 6382.298264120608 1.000038119815438 1.502667600890798 188.9612832160473 0.0004332510586191291
0.07680000000000001 6382.341845513569 1.000037877031605 1.502571153706717 188.6780041618025 0.0004133485558669346
0.07690000000000001 6382.385489047866 1.000037635094876 1.502474689113496 188.3943211888708 0.0003942712424748783
0.077 6382.429194736749 1.000037394005968 1.502378207148961 188.1102342111302 0.000375988896414884
0.0771 6382.472962593448 1.000037153765583 1.502281707850967 187.825743142589 0.0003584722404718721
0.07720000000000001 6382.516792631172 1.000036914374415 1.502185191257373 187.5408478973853 0.0003416929185791508
0.07730000000000001 6382.560684863108 1.000036675833144 1.502088657406084 187.2555483897994 0.0003256234725602389
0.07740000000000001 6382.604639302424 1.00003643814244 1.50199210633501 186.9698445342414 0.0003102373192732998
0.0775 6382.648655962269 1.000036201302962 1.501895538082085 186.6837362452515 0.0002955087281585187
0.0776 6382.692734855767 1.000035965315355 1.501798952685283 186.3972234375177 0.0002814127991864614
0.07770000000000001 6382.736875996025 1.000035730180254 1.5017023501826 186.1103060258346 0.0002679254412014922
0.07780000000000001 6382.78107939613 1.00003549589828 1.50160573061206 185.8229839251561 0.0002550233506656181
0.0779 6382.825345069145 1.000035262470044 1.501509094011733 185.5352570505605 0.0002426839907912841
0.078 6382.869673028114 1.000035029896142 1.501412440419719 185.2471253172561 0.0002308855710671242
0.0781 6382.914063286062 1.000034798177158 1.501315769874152 184.9585886405988 0.0002196070271722805
0.07820000000000001 6382.958515855989 1.000034567313664 1.501219082413203 184.6696469360689 0.0002088280012745284
0.07830000000000001 6383.003030750881 1.000034337306219 1.501122378075099 184.3803001192767 0.0001985288227123097
0.0784 6383.047607983695 1.000034108155368 1.501025656898098 184.0905481059803 0.0001886904890567823
0.0785 6383.092247567374 1.000033879861643 1.500928918920506 183.8003908120676 0.0001792946475492196
0.0786 6383.136949514838 1.000033652425564 1.500832164180667 183.509828153551 0.0001703235769124291
0.07870000000000001 6383.181713838986 1.000033425847634 1.500735392716994 183.2188600465905 0.0001617601695333049
0.07880000000000001 6383.226540552695 1.000033200128347 1.500638604567931 182.9274864074822 0.0001535879140111217
0.0789 6383.271429668823 1.000032975268179 1.500541799771981 182.6357071526521 0.0001457908780695714
0.079 6383.316381200205 1.000032751267595 1.500444978367703 182.3435221986682 0.0001383536918292632
0.0791 6383.361395159656 1.000032528127045 1.500348140393697 182.0509314622344 0.0001312615314361015
0.07920000000000001 6383.406471559973 1.000032305846963 1.500251285888637 181.7579348601788 0.000124500103042303
0.07930000000000001 6383.451610413926 1.000032084427772 1.500154414891242 181.4645323094832 0.000118055627137354
0.0794 6383.49681173427 1.000031863869877 1.500057527440285 181.1707237272475 0.0001119148232226225
0.0795 6383.542075533735 1.000031644173672 1.499960623574611 180.8765090307255 0.000106064894828862
0.0796 6383.58740182503 1.000031425339534 1.499863703333127 180.5818881373069 0.0001004935148698664
0.07970000000000001 6383.632790620844 1.000031207367824 1.499766766754793 180.2868609645174 9.518881132989552e-005
0.07980000000000001 6383.678241933844 1.000030990258893 1.499669813878627 179.9914274300126 9.013935328028624e-005
0.0799 6383.723755776678 1.000030774013071 1.499572844743733 179.6955874515901 8.533413722155185e-005
0.08 6383.769332161971 1.000030558630678 1.499475859389262 179.3993409471894 8.076257374625461e-005
0.08010000000000001 6383.814971102325 1.000030344112014 1.499378857854441 179.1026878348861 7.64144745186026e-005
0.08020000000000001 6383.860672610324 1.000030130457367 1.499281840178555 178.8056280328973 7.228003956678523e-005
0.08030000000000001 6383.906436698526 1.000029917667009 1.499184806400967 178.5081614595823 6.834984488346672e-005
0.0804 6383.952263379472 1.000029705741196 1.499087756561109 178.2102880334304 6.461483033006661e-005
0.0805 6383.998152665681 1.000029494680168 1.498990690698483 177.9120076730727 6.106628784092723e-005
0.08060000000000001 6384.044104569648 1.00002928448415 1.498893608852654 177.6133202972882 5.769584992254244e-005
0.08070000000000001 6384.090119103847 1.00002907515335 1.498796511063264 177.3142258249917 5.449547844333732e-005
0.08080000000000001 6384.136196280733 1.000028866687961 1.498699397370042 177.0147241752342 5.145745370991354e-005
0.0809 6384.182336112735 1.000028659088161 1.49860226781277 176.7148152672202 4.857436382530277e-005
0.081 6384.228538612264 1.000028452354109 1.498505122431315 176.4144990202843 4.583909432416031e-005
0.08110000000000001 6384.274803791707 1.00002824648595 1.498407961265619 176.1137753539032 4.324481808118782e-005
0.08120000000000001 6384.321131663431 1.000028041483813 1.498310784355696 175.812644187701 4.078498548782596e-005
0.0813 6384.367522239778 1.000027837347809 1.498213591741636 175.5111054414441 3.845331489267543e-005
0.0814 6384.413975533071 1.000027634078034 1.498116383463617 175.2091590350404 3.624378330128471e-005
0.0815 6384.46049155561 1.000027431674565 1.498019159561883 174.9068048885341 3.415061733067465e-005
0.08160000000000001 6384.507070319674 1.000027230137467 1.497921920076753 174.604042922117 3.216828441423956e-005
0.08170000000000001 6384.553711837519 1.000027029466784 1.49782466504864 174.3008730561286 3.029148425227319e-005
0.0818 6384.600416121377 1.000026829662545 1.497727394518028 173.9972952110505 2.851514050366177e-005
0.0819 6384.64718318346 1.000026630724762 1.497630108525471 173.6933093075121 2.683439271433964e-005
0.082 6384.694013035958 1.000026432653431 1.497532807111622 173.3889152662727 2.524458847779335e-005
0.08210000000000001 6384.740905691039 1.000026235448528 1.497435490317195 173.0841130082453 2.374127582348458e-005
0.08220000000000001 6384.787861160847 1.000026039110017 1.497338158182999 172.7789024544967 2.232019582833528e-005
0.0823 6384.834879457503 1.00002584363784 1.497240810749923 172.4732835262297 2.097727544689006e-005
0.0824 6384.881960593109 1.000025649031925 1.497143448058927 172.1672561447948 1.970862055593528e-005
0.0825 6384.92910457974 1.000025455292182 1.497046070151059 171.8608202316904 1.851050920894667e-005
0.08260000000000001 6384.976311429453 1.000025262418503 1.496948677067449 171.5539757085566 1.737938509601279e-005
0.08270000000000001 6385.023581154279 1.000025070410763 1.496851268849312 171.2467224971873 1.631185120495328e-005
0.0828 6385.070913766228 1.000024879268821 1.49675384553794 170.9390605195184 1.530466367913579e-005
0.0829 6385.118309277287 1.000024688992517 1.496656407174704 170.6309896976335 1.435472586783596e-005
0.083 6385.16576769942 1.000024499581674 1.496558953801066 170.3225099537698 1.345908256478986e-005
0.08310000000000001 6385.213289044567 1.000024311036098 1.496461485458563 170.0136212103124 1.26149144306631e-005
0.08320000000000001 6385.260873324648 1.000024123355576 1.496364002188831 169.7043233897883 1.181953259527194e-005
0.0833 6385.308520551558 1.000023936539881 1.496266504033552 169.3946164148723 1.107037343541166e-005
0.0834 6385.35623073717 1.000023750588764 1.496168991034535 169.0845002083928 1.036499352412122e-005
0.08350000000000001 6385.404003893333 1.00002356550196 1.496071463233647 168.7739746933379 9.701064747294121e-006
0.08360000000000001 6385.451840031873 1.000023381279188 1.495973920672831 168.4630397928257 9.076369583517218e-006
0.08370000000000001 6385.499739164593 1.000023197920148 1.495876363394135 168.1516954301459 8.488796543357978e-006
0.0838 6385.547701303274 1.00002301542452 1.495778791439673 167.839941528718 7.93633576381464e-006
0.0839 6385.595726459672 1.000022833791971 1.495681204851643 167.5277780121331 7.417074754349351e-006
0.08400000000000001 6385.643814645521 1.000022653022145 1.495583603672332 167.2152048041124 6.929194290324356e-006
0.08410000000000001 6385.691965872532 1.000022473114673 1.495485987944102 166.9022218285426 6.470964450309037e-006
0.08420000000000001 6385.740180152389 1.000022294069165 1.495388357709404 166.5888290094698 6.040740793280149e-006
0.0843 6385.788457496758 1.000022115885213 1.495290713010764 166.2750262710705 5.636960672049056e-006
0.0844 6385.836797917278 1.000021938562393 1.495193053890795 165.9608135376924 5.25813967937297e-006
0.08450000000000001 6385.885201425564 1.000021762100263 1.495095380392183 165.6461907338311 4.902868222950473e-006
0.08460000000000001 6385.933668033211 1.00002158649836 1.494997692557713 165.3311577841299 4.56980822586861e-006
0.0847 6385.982197751786 1.000021411756206 1.494899990430229 165.0157146133919 4.257689948973731e-006
0.0848 6386.030790592835 1.000021237873304 1.494802274052664 164.6998611465737 3.965308931685374e-006
0.0849 6386.079446567879 1.00002106484914 1.494704543468042 164.3835973087856 3.691523047888589e-006
0.08500000000000001 6386.128165688417 1.000020892683181 1.494606798719452 164.0669230252919 3.435249673560736e-006
0.08510000000000001 6386.176947965922 1.000020721374875 1.494509039850067 163.7498382215102 3.195462962853176e-006
0.0852 6386.225793411843 1.000020550923654 1.494411266903147 163.432342823024 2.971191229414233e-006
0.0853 6386.274702037606 1.00002038132893 1.494313479922019 163.1144367555584 2.761514429755169e-006
0.0854 6386.323673854614 1.000020212590099 1.4942156789501 162.79611994501 2.565561745617391e-006
0.08550000000000001 6386.372708874244 1.000020044706537 1.494117864030879 162.4773923174174 2.382509262214875e-006
0.08560000000000001 6386.421807107849 1.000019877677603 1.494020035207921 162.1582537989788 2.211577739435425e-006
0.0857 6386.47096856676 1.000019711502638 1.493922192524869 161.8387043160577 2.052030473029321e-006
0.0858 6386.520193262281 1.000019546180964 1.493824336025449 161.5187437951716 1.903171242915682e-006
0.0859 6386.569481205694 1.000019381711885 1.493726465753464 161.1983721629916 1.764342345811477e-006
0.08600000000000001 6386.618832408254 1.000019218094688 1.493628581752783 160.8775893463484 1.63492270942559e-006
0.08610000000000001 6386.668246881194 1.000019055328642 1.493530684067359 160.5563952722381 1.514326085521403e-006
0.0862 6386.717724635721 1.000018893412996 1.493432772741219 160.2347898678107 1.401999319207916e-006
0.0863 6386.767265683021 1.000018732346982 1.49333484781846 159.912773060364 1.297420691894645e-006
0.08640000000000001 6386.81687003425 1.000018572129815 1.493236909343258 159.5903447773729 1.200098335400934e-006
0.08650000000000001 6386.866537700544 1.00001841276069 1.493138957359858 159.2675049464664 1.109568714732223e-006
0.08660000000000001 6386.916268693011 1.000018254238786 1.493040991912584 158.9442534954268 1.025395177150898e-006
0.0867 6386.966063022738 1.000018096563261 1.492943013045831 158.6205903522022 9.47166565193134e-007
0.0868 6387.015920700785 1.000017939733258 1.492845020804061 158.2965154449001 8.744958913396234e-007
0.08690000000000001 6387.065841738185 1.0000177837479 1.492747015231817 157.9720287017998 8.070190721223042e-007
0.08700000000000001 6387.11582614595 1.000017628606294 1.492648996373698 157.647130051328 7.443937194846495e-007
0.08710000000000001 6387.165873935066 1.000017474307525 1.49255096427439 157.3218194220711 6.862979872971415e-007
