0 6365.5 1.000386571238751 1.561983199470489 298.15 28.83363585170646
0.0001 6365.505641973939 1.00038619761069 1.561925199984602 298.1133271693938 28.77066055240153
0.0002 6365.511320875436 1.000385821982142 1.56186715163238 298.0764143096629 28.70739430580981
0.0003 6365.517036735739 1.000385444359217 1.561809054137239 298.0392612176987 28.64383893925412
0.0004 6365.522789586267 1.000385064748063 1.561750907223491 298.0018676892631 28.57999628878165
0.0005 6365.528579458622 1.00038468315486 1.56169271061667 297.9642335189595 28.5158681990558
0.0006000000000000001 6365.534406384576 1.000384299585823 1.561634464043261 297.9263585002562 28.45145652333863
0.0007 6365.540270396083 1.000383914047201 1.561576167230678 297.8882424254629 28.38676312339219
0.0008 6365.546171525265 1.000383526545277 1.561517819907548 297.8498850857776 28.32178986949991
0.0009000000000000001 6365.552109804423 1.000383137086371 1.561459421803435 297.8112862712518 28.25653864034685
0.001 6365.558085266028 1.000382745676833 1.561400972648899 297.7724457708194 28.19101132300982
0.0011 6365.564097942725 1.00038235232305 1.561342472175643 297.7333633722855 28.12520981287687
0.0012 6365.570147867332 1.000381957031441 1.561283920116341 297.6940388623433 28.05913601361612
0.0013 6365.576235072836 1.00038155980846 1.561225316204681 297.6544720265691 27.99279183710428
0.0014 6365.582359592394 1.000381160660596 1.56116666017545 297.6146626494395 27.92617920339427
0.0015 6365.588521459337 1.000380759594369 1.561107951764462 297.5746105143079 27.85930004061308
0.0016 6365.594720707164 1.000380356616334 1.561049190708537 297.5343154034339 27.79215628494819
0.0017 6365.600957369541 1.000379951733081 1.560990376745544 297.4937770979835 27.72474988058384
0.0018 6365.607231480301 1.000379544951231 1.560931509614485 297.452995378041 27.65708277965643
0.0019 6365.613543073448 1.000379136277439 1.560872589055304 297.411970022585 27.58915694215058
0.002 6365.619892183151 1.000378725718396 1.560813614809034 297.3707008095183 27.52097433588308
0.0021 6365.626278843744 1.000378313280823 1.560754586617766 297.3291875156618 27.45253693642722
0.0022 6365.632703089728 1.000377898971474 1.560695504224663 297.2874299167664 27.38384672706609
0.0023 6365.639164955769 1.000377482797139 1.560636367373889 297.2454277875012 27.31490569870633
0.0024 6365.645664476694 1.00037706476464 1.560577175810745 297.2031809014887 27.24571584986902
0.0025 6365.652201687496 1.000376644880829 1.560517929281535 297.1606890312759 27.17627918657332
0.0026 6365.658776623332 1.000376223152595 1.560458627533641 297.1179519483452 27.10659772228748
0.0027 6365.665389319516 1.000375799586856 1.56039927031551 297.0749694231448 27.03667347790825
0.0028 6365.672039811529 1.000375374190566 1.560339857376679 297.0317412250587 26.96650848164303
0.0029 6365.678728135011 1.000374946970708 1.560280388467735 296.9882671224303 26.89610476897856
0.003 6365.685454325759 1.0003745179343 1.560220863340373 296.9445468825687 26.82546438261982
0.0031 6365.692218419732 1.000374087088393 1.560161281747294 296.9005802717423 26.75458937240936
0.0032 6365.699020453048 1.000373654440066 1.560101643442337 296.8563670551852 26.68348179526533
0.0033 6365.705860461982 1.000373219996433 1.5600419481805 296.8119069971143 26.61214371513785
0.0034 6365.712738482966 1.000372783764642 1.559982195717675 296.7671998607183 26.54057720291724
0.0035 6365.719654552589 1.000372345751868 1.559922385811024 296.7222454081688 26.46878433637984
0.0036 6365.726608707597 1.000371905965322 1.559862518218662 296.6770434006206 26.39676720011424
0.0037 6365.73360098489 1.000371464412243 1.55980259269995 296.6315935982178 26.32452788545641
0.0038 6365.740631421521 1.000371021099905 1.559742609015188 296.5858957601112 26.25206849044312
0.0039 6365.747700054701 1.000370576035612 1.559682566925935 296.5399496444464 26.17939111971756
0.004 6365.754806921788 1.000370129226698 1.559622466194717 296.4937550083763 26.1064978844723
0.0041 6365.7619520603 1.000369680680529 1.559562306585272 296.4473116080484 26.03339090235408
0.004200000000000001 6365.769135507901 1.000369230404504 1.559502087862383 296.4006191986467 25.96007229745217
0.0043 6365.776357302407 1.000368778406049 1.55944180979198 296.3536775343563 25.88654420016478
0.0044 6365.783617481786 1.000368324692625 1.559381472141129 296.3064863683925 25.81280874716754
0.004500000000000001 6365.790916084155 1.00036786927172 1.559321074677967 296.2590454529894 25.73886808131631
0.0046 6365.79825314778 1.000367412150855 1.559260617171824 296.2113545394294 25.66472435161412
0.0047 6365.805628711074 1.000366953337581 1.559200099393075 296.1634133780193 25.59037971309451
0.0048 6365.813042812598 1.000366492839478 1.559139521113335 296.1152217181142 25.51583632677814
0.0049 6365.820495491061 1.000366030664158 1.559078882105281 296.0667793081055 25.4410963595736
0.005 6365.827986785316 1.00036556681926 1.559018182142726 296.0180858954449 25.36616198423263
0.0051 6365.835516734364 1.000365101312457 1.55895742100066 295.9691412266319 25.29103537925003
0.005200000000000001 6365.843085377349 1.00036463415145 1.558896598455215 295.9199450472323 25.21571872880845
0.0053 6365.850692753557 1.000364165343967 1.558835714283681 295.8704971018777 25.14021422269537
0.0054 6365.858338902421 1.000363694897769 1.55877476826447 295.8207971342657 25.06452405621964
0.005500000000000001 6365.866023863513 1.000363222820644 1.558713760177194 295.7708448871657 24.98865043013644
0.0056 6365.873747676549 1.000362749120411 1.558652689802614 295.7206401024308 24.91259555058073
0.0057 6365.881510381387 1.000362273804917 1.558591556922619 295.670182520986 24.83636162896416
0.0058 6365.88931201802 1.000361796882037 1.558530361320339 295.6194718828696 24.7599508819521
0.0059 6365.897152626586 1.000361318359677 1.558469102780039 295.5685079271915 24.68336553131469
0.006 6365.905032247359 1.000360838245769 1.558407781087156 295.5172903921633 24.60660780388498
0.0061 6365.912950920752 1.000360356548275 1.558346396028347 295.4658190151098 24.52967993148922
0.006200000000000001 6365.920908687314 1.000359873275186 1.558284947391372 295.4140935324571 24.45258415084129
0.0063 6365.928905587732 1.000359388434518 1.558223434965255 295.3621136797445 24.37532270347209
0.0064 6365.936941662828 1.000358902034318 1.558161858540207 295.309879191619 24.29789783563201
0.006500000000000001 6365.945016953558 1.000358414082659 1.55810021790764 295.2573898018699 24.22031179825409
0.0066 6365.953131501015 1.000357924587642 1.558038512860119 295.2046452434 24.14256684682024
0.0067 6365.961285346424 1.000357433557396 1.557976743191441 295.1516452482432 24.06466524129715
0.0068 6365.96947853114 1.000356941000076 1.557914908696665 295.0983895475878 23.98660924608003
0.006900000000000001 6365.977711096655 1.000356446923866 1.557853009171942 295.0448778717413 23.90840112984896
0.007 6365.98598308459 1.000355951336975 1.557791044414803 294.9911099501659 23.8300431655291
0.0071 6365.994294536693 1.000355454247639 1.557729014223833 294.9370855114961 23.75153763022372
0.007200000000000001 6366.002645494847 1.000354955664123 1.557666918398948 294.8828042834915 23.67288680505235
0.0073 6366.011036001061 1.000354455594715 1.557604756741272 294.8282659931018 23.59409297515171
0.0074 6366.019466097474 1.00035395404773 1.55754252905314 294.7734703664195 23.51515842951314
0.007500000000000001 6366.027935826349 1.000353451031511 1.557480235138162 294.718417128733 23.43608546096472
0.0076 6366.036445230078 1.000352946554425 1.557417874801112 294.6631060044914 23.35687636602513
0.0077 6366.044994351179 1.000352440624865 1.557355447848113 294.6075367173338 23.27753344485042
0.007800000000000001 6366.053583232295 1.00035193325125 1.557292954086468 294.5517089900835 23.1980590011295
0.007900000000000001 6366.062211916191 1.000351424442023 1.557230393324738 294.4956225447598 23.11845534200429
0.008 6366.070880445757 1.000350914205653 1.55716776537279 294.4392771025781 23.03872477797255
0.0081 6366.079588864007 1.000350402550635 1.557105070041654 294.3826723839555 22.95886962279872
0.008200000000000001 6366.088337214073 1.000349889485486 1.557042307143714 294.3258081085231 22.87889219343239
0.0083 6366.097125539212 1.000349375018749 1.556979476492642 294.2686839951197 22.79879480990135
0.008400000000000001 6366.105953882799 1.000348859158993 1.55691657790326 294.2112997618036 22.71857979522915
0.008500000000000001 6366.114822288328 1.000348341914807 1.556853611191785 294.1536551258649 22.6382494753519
0.0086 6366.123730799413 1.000347823294807 1.556790576175659 294.0957498038132 22.55780617900172
0.008700000000000001 6366.132679459786 1.000347303307632 1.556727472673595 294.0375835113895 22.47725223762268
0.008800000000000001 6366.141668313295 1.000346781961945 1.556664300505636 293.979155963584 22.39658998529439
0.0089 6366.150697403903 1.00034625926643 1.556601059493134 293.9204668746305 22.31582175862204
0.009000000000000001 6366.159766775691 1.000345735229797 1.556537749458651 293.8615159580116 22.23494989664267
0.0091 6366.168876472852 1.000345209860777 1.556474370226129 293.8023029264594 22.15397674072268
0.0092 6366.178026539696 1.000344683168123 1.55641092162075 293.7428274919788 22.07290463448727
0.009300000000000001 6366.187217020642 1.000344155160613 1.556347403469087 293.6830893658297 21.99173592369273
0.0094 6366.196447960223 1.000343625847044 1.556283815598953 293.6230882585509 21.91047295615481
0.0095 6366.205719403084 1.000343095236238 1.556220157839509 293.562823879954 21.82911808163629
0.009600000000000001 6366.215031393979 1.000342563337037 1.556156430021224 293.5022959391353 21.74767365175824
0.0097 6366.224383977772 1.000342030158303 1.556092631975895 293.4415041444817 21.66614201990265
0.0098 6366.233777199435 1.000341495708923 1.556028763536653 293.3804482036707 21.58452554110672
0.009900000000000001 6366.243211104051 1.000340959997803 1.555964824537934 293.3191278236703 21.50282657195682
0.01 6366.252685736805 1.000340423033869 1.555900814815516 293.2575427107689 21.42104747052136
0.0101 6366.262201142992 1.000339884826068 1.555836734206569 293.1956925705512 21.33919059621218
0.0102 6366.271757368011 1.000339345383369 1.555772582549547 293.1335771079279 21.25725830971638
0.0103 6366.281354457366 1.00033880471476 1.555708359684231 293.0711960271182 21.17525297286501
0.0104 6366.290992456665 1.000338262829247 1.555644065451831 293.0085490316791 21.0931769485637
0.0105 6366.300671411616 1.000337719735859 1.555579699694861 292.9456358244937 21.01103260066836
0.0106 6366.310391368034 1.000337175443642 1.555515262257179 292.8824561077771 20.92882229388393
0.0107 6366.320152371832 1.000336629961662 1.555450752984021 292.819009583094 20.84654839367792
0.0108 6366.329954469022 1.000336083299004 1.555386171722005 292.755295951359 20.76421326617038
0.0109 6366.339797705718 1.00033553546477 1.555321518319097 292.6913149128362 20.68181927802361
0.011 6366.349682128131 1.000334986468083 1.555256792624651 292.6270661671514 20.59936879634672
0.0111 6366.359607782569 1.000334436318083 1.555191994489379 292.5625494133036 20.51686418859955
0.0112 6366.369574715438 1.000333885023928 1.555127123765379 292.4977643496535 20.43430782246605
0.0113 6366.379582973241 1.000333332594792 1.555062180306123 292.432710673935 20.35170206575765
0.0114 6366.389632602574 1.000332779039868 1.554997163966492 292.3673880832674 20.26904928631599
0.0115 6366.399723650129 1.000332224368366 1.554932074602742 292.3017962741609 20.18635185190777
0.0116 6366.409856162689 1.000331668589513 1.554866912072508 292.2359349425227 20.10361213011916
0.0117 6366.42003018713 1.000331111712551 1.554801676234875 292.1698037836571 20.02083248824238
0.0118 6366.430245770421 1.000330553746741 1.554736366950271 292.1034024922654 19.93801529316211
0.0119 6366.44050295962 1.000329994701356 1.554670984080547 292.0367307624696 19.85516291127109
0.012 6366.450801801877 1.00032943458569 1.554605527488973 291.9697882878003 19.7722777083408
0.0121 6366.461142344428 1.000328873409047 1.554539997040218 291.9025747612208 19.68936204943622
0.0122 6366.471524634598 1.000328311180751 1.554474392600361 291.8350898751149 19.606418298786
0.0123 6366.481948719799 1.000327747910137 1.554408714036927 291.767333321305 19.52344881968906
0.0124 6366.492414647531 1.000327183606557 1.554342961218828 291.6993047910458 19.44045597439157
0.0125 6366.502922465377 1.000326618279377 1.554277134016399 291.6310039750482 19.35744212399993
0.0126 6366.513472221006 1.000326051937976 1.554211232301438 291.5624305634614 19.2744096283428
0.0127 6366.524063962167 1.000325484591749 1.554145255947153 291.4935842459143 19.19136084590465
0.0128 6366.534697736696 1.000324916250102 1.554079204828149 291.4244647114746 19.10829813365885
0.0129 6366.545373592509 1.000324346922455 1.554013078820572 291.3550716486892 19.02522384700046
0.013 6366.556091577603 1.000323776618241 1.553946877801884 291.2854047455793 18.9421403396216
0.0131 6366.566851740053 1.000323205346907 1.553880601651074 291.2154636896574 18.85904996341485
0.0132 6366.577654128015 1.00032263311791 1.553814250248541 291.1452481679042 18.77595506832705
0.0133 6366.588498789723 1.00032205994072 1.55374782347616 291.0747578668037 18.69285800228337
0.0134 6366.599385773486 1.00032148582482 1.553681321217239 291.0039924723432 18.60976111106853
0.0135 6366.610315127692 1.000320910779702 1.553614743356517 290.9329516700017 18.5266667381943
0.0136 6366.621286900802 1.000320334814872 1.553548089780245 290.8616351447853 18.44357722482202
0.0137 6366.632301141353 1.000319757939843 1.55348136037612 290.7900425812035 18.36049490961575
0.0138 6366.643357897954 1.000319180164143 1.553414555033292 290.7181736632987 18.27742212865726
0.0139 6366.654457219288 1.000318601497306 1.553347673642355 290.6460280746286 18.19436121530588
0.014 6366.665599154109 1.00031802194888 1.553280716095409 290.5736054982898 18.11131450010602
0.0141 6366.676783751241 1.000317441528418 1.55321368228605 290.5009056169355 18.02828431068732
0.0142 6366.688011059578 1.000316860245486 1.553146572109293 290.4279281127459 17.9452729716106
0.0143 6366.699281128082 1.000316278109658 1.553079385461648 290.3546726674698 17.86228280429467
0.0144 6366.710594005784 1.000315695130515 1.553012122241135 290.2811389624065 17.77931612687548
0.0145 6366.721949741783 1.000315111317648 1.552944782347225 290.2073266784122 17.69637525409229
0.0146 6366.733348385241 1.000314526680657 1.552877365680871 290.1332354959349 17.61346249720657
0.0147 6366.744789985387 1.000313941229146 1.552809872144575 290.0588650949852 17.53058016384763
0.0148 6366.756274591515 1.000313354972731 1.552742301642256 289.9842151551542 17.44773055791148
0.0149 6366.767802252979 1.00031276792103 1.55267465407937 289.9092853556366 17.3649159794657
0.015 6366.779373019199 1.000312180083672 1.55260692936286 289.8340753752076 17.2821387246017
0.0151 6366.790986939654 1.000311591470291 1.552539127401143 289.7585848922521 17.19940108534594
0.0152 6366.802644063881 1.000311002090525 1.55247124810422 289.6828135847708 17.11670534954447
0.0153 6366.814344441482 1.000310411954021 1.552403291383478 289.6067611303682 17.03405380072829
0.0154 6366.826088122112 1.00030982107043 1.552335257151913 289.5304272062707 16.95144871801089
0.0155 6366.837875155488 1.000309229449406 1.552267145323952 289.4538114893261 16.86889237596629
0.0156 6366.849705591381 1.000308637100611 1.55219895581559 289.3769136560217 16.78638704452624
0.0157 6366.861579479617 1.000308044033709 1.552130688544315 289.29973338249 16.70393498886427
0.0158 6366.873496870078 1.00030745025837 1.552062343429095 289.2222703444912 16.62153846925471
0.0159 6366.885457812699 1.000306855784265 1.551993920390482 289.1445242174544 16.53919974099466
0.016 6366.897462357468 1.000306260621071 1.551925419350519 289.0664946764599 16.45692105426278
0.0161 6366.909510554425 1.000305664778467 1.551856840232731 288.9881813962392 16.37470465399728
0.0162 6366.921602453659 1.000305068266134 1.551788182962216 288.9095840512163 16.29255277981713
0.0163 6366.93373810531 1.000304471093756 1.551719447465586 288.8307023154842 16.21046766587484
0.0164 6366.945917559568 1.000303873271019 1.551650633670961 288.7515358628051 16.12845154073439
0.0165 6366.958140866671 1.000303274807609 1.551581741508022 288.6720843666393 16.04650662727982
0.0166 6366.970408076901 1.000302675713216 1.551512770907951 288.5923475001458 15.96463514259286
0.0167 6366.982719240587 1.000302075997529 1.551443721803456 288.5123249361822 15.8828392978307
0.0168 6366.995074408105 1.000301475670238 1.551374594128835 288.4320163473161 15.801121298116
0.0169 6367.007473629872 1.000300874741032 1.551305387819863 288.3514214058317 15.71948334242082
0.017 6367.019916956351 1.000300273219604 1.551236102813856 288.2705397837175 15.63792762343267
0.0171 6367.032404438046 1.00029967111564 1.551166739049715 288.1893711527017 15.55645632746854
0.0172 6367.0449361255 1.00029906843883 1.551097296467849 288.1079151842467 15.47507163434695
0.0173 6367.057512069299 1.000298465198861 1.551027775010188 288.0261715495548 15.39377571727202
0.0174 6367.070132320066 1.000297861405419 1.55095817462026 287.9441399195679 15.31257074271196
0.0175 6367.082796928466 1.000297257068188 1.550888495243062 287.861819964974 15.23145887028346
0.0176 6367.095505945194 1.000296652196848 1.550818736825224 287.7792113562363 15.15044225265948
0.0177 6367.108259420989 1.000296046801078 1.550748899314866 287.6963137635697 15.06952303542457
0.0178 6367.121057406621 1.000295440890553 1.55067898266167 287.6131268569646 14.98870335697708
0.0179 6367.133899952893 1.000294834474945 1.55060898681687 287.5296503061926 14.90798534841385
0.018 6367.146787110646 1.000294227563923 1.550538911733238 287.4458837808005 14.82737113340371
0.0181 6367.159718930749 1.000293620167151 1.550468757365127 287.3618269501343 14.7468628280898
0.0182 6367.172695464104 1.000293012294287 1.550398523668419 287.2774794833271 14.66646254095769
0.0183 6367.185716761643 1.000292403954986 1.550328210600522 287.1928410493227 14.58617237273788
0.0184 6367.198782874328 1.000291795158897 1.550257818120473 287.1079113168702 14.50599441628014
0.0185 6367.211893853148 1.000291185915664 1.550187346188808 287.0226899545349 14.42593075644497
0.0186 6367.225049749122 1.000290576234923 1.550116794767612 286.9371766307053 14.34598346998966
0.0187 6367.238250613293 1.000289966126305 1.550046163820586 286.8513710135979 14.26615462545453
0.0188 6367.251496496729 1.000289355599435 1.549975453312916 286.7652727712642 14.18644628304947
0.0189 6367.264787450524 1.00028874466393 1.549904663211388 286.6788815715958 14.10686049454069
0.019 6367.278123525794 1.000288133329397 1.549833793484356 286.5921970823364 14.02739930314319
0.0191 6367.291504773681 1.000287521605439 1.54976284410169 286.5052189710763 13.94806474339718
0.0192 6367.304931245344 1.000286909501648 1.549691815034851 286.4179469052636 13.86885884106117
0.0193 6367.318402991965 1.000286297027608 1.549620706256862 286.3303805522286 13.78978361301589
0.0194 6367.331920064745 1.000285684192895 1.54954951774228 286.2425195791592 13.7108410671256
0.0195 6367.345482514902 1.000285071007074 1.549478249467252 286.1543636531372 13.63203320215333
0.0196 6367.359090393674 1.0002844574797 1.549406901409467 286.0659124411203 13.55336200762833
0.0197 6367.372743752315 1.000283843620319 1.549335473548171 285.9771656099537 13.47482946374077
0.0198 6367.386442642092 1.000283229438465 1.5492639658642 285.8881228263998 13.39643754125205
0.0199 6367.400187114292 1.000282614943662 1.549192378339907 285.798783757103 13.31818820134814
0.02 6367.41397722021 1.000282000145422 1.549120710959246 285.7091480686366 13.24008339556636
0.0201 6367.427813011155 1.000281385053245 1.549048963707689 285.6192154274912 13.16212506567022
0.0202 6367.44169453845 1.00028076967662 1.548977136572319 285.5289855000746 13.08431514353552
0.0203 6367.455621853425 1.000280154025023 1.54890522954174 285.4384579527353 13.00665555105703
0.0204 6367.469595007424 1.000279538107915 1.548833242606142 285.3476324517454 12.92914820002014
0.0205 6367.483614051795 1.000278921934746 1.548761175757233 285.2565086633352 12.85179499201841
0.0206 6367.497679037898 1.000278305514951 1.548689028988333 285.1650862536643 12.77459781831624
0.0207 6367.511790017096 1.000277688857953 1.548616802294288 285.0733648888744 12.69755855978217
0.0208 6367.52594704076 1.000277071973156 1.548544495671505 284.98134423506 12.62067908675243
0.0209 6367.540150160266 1.000276454869954 1.548472109117949 284.8890239582742 12.54396125892545
0.021 6367.55439942699 1.000275837557723 1.548399642633161 284.7964037245641 12.46740692528108
0.0211 6367.568694892316 1.000275220045823 1.548327096218212 284.7034831999475 12.39101792395124
0.0212 6367.583036607626 1.000274602343599 1.548254469875717 284.6102620504302 12.31479608212552
0.0213 6367.597424624305 1.00027398446038 1.548181763609908 284.5167399420178 12.2387432159523
0.0214 6367.611858993736 1.000273366405477 1.548108977426492 284.4229165407163 12.16286113043066
0.0215 6367.626339767303 1.000272748188183 1.548036111332767 284.3287915125314 12.0871516193031
0.0216 6367.640866996384 1.000272129817776 1.547963165337595 284.2343645235045 12.01161646497727
0.0217 6367.655440732358 1.000271511303513 1.547890139451374 284.1396352396708 11.93625743838648
0.0218 6367.670061026599 1.000270892654635 1.547817033686025 284.0446033271072 11.86107629892216
0.0219 6367.684727930473 1.000270273880362 1.547743848055074 283.9492684519258 11.78607479432402
0.022 6367.699441495342 1.000269654989897 1.547670582573528 283.8536302802744 11.71125466057576
0.0221 6367.714201772562 1.000269035992421 1.547597237257978 283.7576884783479 11.63661762181082
0.0222 6367.72900881348 1.000268416897097 1.547523812126552 283.6614427123826 11.56216539020493
0.0223 6367.743862669433 1.000267797713066 1.547450307198941 283.5648926486859 11.48789966589681
0.0224 6367.758763391749 1.00026717844945 1.547376722496301 283.4680379536302 11.41382213688195
0.0225 6367.773711031746 1.000266559115348 1.54730305804142 283.3708782936527 11.33993447891186
0.0226 6367.788705640727 1.000265939719838 1.547229313858576 283.2734133352736 11.26623835540748
0.0227 6367.803747269985 1.000265320271978 1.547155489973558 283.1756427450958 11.19273541735989
0.0228 6367.818835970799 1.000264700780801 1.547081586413751 283.077566189805 11.1194273032317
0.0229 6367.833971794431 1.000264081255318 1.547007603208025 282.9791833361991 11.0463156388814
0.023 6367.849154792128 1.000263461704517 1.546933540386774 282.8804938511706 10.97340203745298
0.0231 6367.864385015121 1.000262842137363 1.546859397981961 282.7814974017127 10.90068809928416
0.0232 6367.879662514625 1.000262222562797 1.546785176027025 282.6821936549367 10.8281754118242
0.0233 6367.894987341831 1.000261602989735 1.546710874556961 282.5825822780956 10.75586554955628
0.0234 6367.910359547916 1.000260983427069 1.546636493608265 282.4826629385433 10.68376007387362
0.0235 6367.925779184033 1.000260363883666 1.546562033218952 282.382435303787 10.61186053302515
0.0236 6367.941246301313 1.000259744368368 1.54648749342857 282.2818990414643 10.5401684620063
0.0237 6367.956760950867 1.000259124889989 1.546412874278166 282.1810538193662 10.46868538248465
0.0238 6367.972323183781 1.000258505457319 1.546338175810304 282.0798993054258 10.39741280270126
0.0239 6367.987933051116 1.000257886079121 1.546263398069041 281.9784351677475 10.32635221740207
0.024 6368.003590603909 1.000257266764131 1.546188541099935 281.8766610745896 10.25550510773684
0.0241 6368.01929589317 1.000256647521058 1.546113604950076 281.7745766943934 10.18487294119216
0.0242 6368.035048969882 1.000256028358582 1.54603858966802 281.672181695766 10.11445717149241
0.0243 6368.050849884999 1.000255409285356 1.545963495303856 281.5694757475093 10.04425923853439
0.0244 6368.066698689444 1.000254790310004 1.545888321909107 281.4664585186146 9.974280568298335
0.0245 6368.082595434114 1.000254171441122 1.545813069536867 281.3631296782563 9.904522572760111
0.0246 6368.098540169874 1.000253552687276 1.545737738241635 281.2594888958218 9.834986649828446
0.0247 6368.114532947552 1.000252934057003 1.545662328079433 281.1555358409113 9.765674183262846
0.0248 6368.130573817951 1.00025231555881 1.545586839107771 281.0512701833198 9.696586542580942
0.0249 6368.146662831832 1.000251697201174 1.54551127138561 280.946691593091 9.627725083013997
0.025 6368.162800039928 1.000251078992539 1.545435624973416 280.8417997404694 9.559091145396655
0.0251 6368.178985492931 1.000250460941321 1.545359899933092 280.7365942959476 9.490686056120374
0.0252 6368.195219241499 1.000249843055903 1.545284096328012 280.6310749302551 9.422511127048743
0.0253 6368.211501336253 1.000249225344638 1.545208214223019 280.5252413143575 9.354567655441885
0.0254 6368.227831827772 1.000248607815843 1.545132253684447 280.4190931194806 9.286856923897059
0.0255 6368.244210766601 1.000247990477807 1.545056214779999 280.3126300170928 9.219380200263759
0.0256 6368.26063820324 1.000247373338783 1.544980097578923 280.2058516789401 9.152138737593861
0.0257 6368.277114188148 1.000246756406992 1.544903902151854 280.0987577770405 9.085133774066312
0.0258 6368.293638771743 1.000246139690623 1.544827628570878 279.9913479836722 9.018366532909566
0.0259 6368.3102120044 1.000245523197828 1.544751276909548 279.883621971397 8.951838222347346
0.026 6368.32683393645 1.000244906936726 1.544674847242817 279.7755794130725 8.885550035537918
0.0261 6368.343504618178 1.000244290915403 1.544598339647082 279.6672199818398 8.81950315049993
0.0262 6368.360224099825 1.000243675141907 1.544521754200153 279.5585433511359 8.753698730054129
0.0263 6368.376992431582 1.000243059624254 1.544445090981299 279.4495491947167 8.688137921773141
0.0264 6368.393809663596 1.000242444370421 1.544368350071136 279.3402371866281 8.622821857900323
0.0265 6368.410675845962 1.000241829388352 1.544291531551767 279.2306070012468 8.557751655312597
0.0266 6368.427591028728 1.000241214685954 1.544214635506642 279.1206583132688 8.492928415452326
0.0267 6368.444555261891 1.000240600271095 1.544137662020655 279.0103907977094 8.428353224267738
0.0268 6368.461568595397 1.000239986151609 1.544060611180067 278.8998041299209 8.364027152164955
0.0269 6368.478631079138 1.00023937233529 1.543983483072549 278.7888979856042 8.299951253957552
0.027 6368.495742762956 1.000238758829898 1.543906277787141 278.6776720407855 8.236126568796903
0.0271 6368.512903696637 1.000238145643152 1.543828995414283 278.5661259718576 8.172554120141404
0.0272 6368.530113929914 1.000237532782732 1.543751636045806 278.4542594555618 8.109234915692742
0.0273 6368.547373512461 1.000236920256283 1.543674199774835 278.3420721690003 8.046169947350526
0.0274 6368.5646824939 1.000236308071407 1.54359668669599 278.2295637896476 7.983360191168051
0.0275 6368.582040923792 1.00023569623567 1.543519096905128 278.1167339953507 7.920806607302649
0.0276 6368.599448851641 1.000235084756596 1.543441430499541 278.003582464335 7.858510139970694
0.0277 6368.616906326893 1.00023447364167 1.543363687577836 277.8901088751981 7.796471717397461
0.0278 6368.634413398931 1.000233862898339 1.543285868239944 277.7763129069457 7.734692251790944
0.0279 6368.651970117082 1.000233252534006 1.543207972587201 277.6621942389678 7.673172639284521
0.028 6368.669576530608 1.000232642556034 1.543130000722223 277.5477525510504 7.611913759900545
0.0281 6368.687232688708 1.000232032971746 1.543051952748945 277.4329875233992 7.550916477521379
0.0282 6368.70493864052 1.000231423788424 1.542973828772666 277.317898836622 7.490181639839596
0.0283 6368.722694435116 1.000230815013306 1.542895628899958 277.2024861717463 7.429710078328566
0.0284 6368.740500121505 1.00023020665359 1.542817353238744 277.0867492102192 7.369502608204937
0.0285 6368.758355748627 1.000229598716431 1.542739001898214 276.9706876339254 7.309560028401719
0.0286 6368.776261365359 1.000228991208941 1.542660574988874 276.8543011251694 7.249883121524358
0.0287 6368.794217020507 1.000228384138191 1.542582072622495 276.7375893667048 7.19047265383267
0.0288 6368.812222762814 1.000227777511205 1.542503494912173 276.620552041711 7.131329375196858
0.0289 6368.830278640947 1.000227171334968 1.542424841972241 276.5031888338461 7.072454019093975
0.029 6368.848384703509 1.000226565616419 1.542346113918329 276.3854994271941 7.013847302551924
0.0291 6368.866540999027 1.000225960362452 1.542267310867328 276.2674835063234 6.955509926151492
0.0292 6368.884747575962 1.00022535557992 1.542188432937364 276.1491407562461 6.897442573979482
0.0293 6368.9030044827 1.000224751275628 1.542109480247841 276.030470862447 6.839645913618714
0.0294 6368.921311767554 1.000224147456338 1.542030452919396 275.9114735109018 6.78212059613324
0.0295 6368.93966947876 1.000223544128768 1.541951351073898 275.792148388059 6.72486725603776
0.0296 6368.958077664486 1.000222941299588 1.541872174834456 275.67249518084 6.667886511277401
0.0297 6368.97653637282 1.000222338975425 1.541792924325407 275.5525135766687 6.611178963222976
0.0298 6368.995045651775 1.000221737162859 1.54171359967226 275.4322032634599 6.554745196647838
0.0299 6369.013605549287 1.000221135868423 1.541634201001815 275.3115639296365 6.498585779720268
0.03 6369.032216113213 1.000220535098607 1.541554728441994 275.1905952641181 6.442701263983464
0.0301 6369.050877391333 1.00021993485985 1.541475182121956 275.0692969563387 6.387092184350855
0.0302 6369.069589431348 1.000219335158549 1.541395562172032 274.9476686962406 6.331759059091923
0.0303 6369.088352280877 1.000218736001049 1.541315868723734 274.8257101742983 6.276702389833024
0.0304 6369.107165987461 1.000218137393653 1.541236101909748 274.7034210815003 6.221922661540851
0.0305 6369.126030598559 1.000217539342613 1.541156261863923 274.5808011093676 6.167420342523566
0.0306 6369.144946161544 1.000216941854135 1.541076348721267 274.4578499499647 6.113195884430577
0.0307 6369.16391272371 1.000216344934376 1.540996362617946 274.3345672958825 6.059249722240788
0.0308 6369.182930332267 1.000215748589445 1.540916303691242 274.2109528402674 6.005582274273284
0.0309 6369.201999034339 1.000215152825405 1.540836172079572 274.087006276798 5.952193942176185
0.031 6369.221118876966 1.000214557648267 1.540755967922516 273.9627272997203 5.899085110942782
0.0311 6369.240289907101 1.000213963063997 1.540675691360735 273.8381156038421 5.846256148911073
0.0312 6369.259512171613 1.000213369078509 1.540595342535989 273.7131708845149 5.793707407760109
0.0313 6369.27878571728 1.00021277569767 1.540514921591191 273.5878928376814 5.741439222535332
0.0314 6369.298110590794 1.000212182927297 1.540434428670281 273.46228115984 5.689451911640479
0.0315 6369.31748683876 1.000211590773158 1.540353863918349 273.3363355480627 5.63774577685358
0.0316 6369.33691450769 1.00021099924097 1.540273227481501 273.2100557000125 5.586321103344231
0.0317 6369.35639364401 1.000210408336402 1.540192519506952 273.0834413139377 5.535178159682631
0.0318 6369.375924294051 1.000209818065073 1.540111740142956 272.9564920886659 5.484317197850375
0.0319 6369.395506504057 1.00020922843255 1.540030889538813 272.8292077236277 5.433738453264694
0.032 6369.415140320177 1.000208639444352 1.539949967844903 272.701587918851 5.383442144792258
0.0321 6369.434825788468 1.000208051105947 1.539868975212575 272.5736323749605 5.333428474767043
0.0322 6369.454562954894 1.000207463422752 1.539787911794247 272.44534079319 5.283697629014386
0.0323 6369.474351865325 1.000206876400133 1.539706777743353 272.3167128753879 5.234249776874194
0.0324 6369.494192565537 1.000206290043406 1.539625573214313 272.1877483240117 5.185085071221179
0.0325 6369.514085101207 1.000205704357835 1.539544298362571 272.0584468421515 5.136203648497977
0.0326 6369.534029517923 1.000205119348634 1.539462953344524 271.9288081335002 5.087605628729581
0.0327 6369.554025861171 1.000204535020965 1.539381538317571 271.7988319023892 5.039291115564049
0.0328 6369.574074176341 1.00020395137994 1.539300053440074 271.6685178537826 4.99126019629898
0.0329 6369.594174508727 1.000203368430617 1.539218498871378 271.537865693277 4.943512941911884
0.033 6369.614326903521 1.000202786178005 1.539136874771741 271.4068751271133 4.896049407096456
0.0331 6369.63453140582 1.000202204627059 1.539055181302397 271.2755458621708 4.848869630293906
0.0332 6369.654788060619 1.000201623782685 1.538973418625505 271.1438776059734 4.801973633730224
0.0333 6369.675096912815 1.000201043649733 1.538891586904126 271.0118700667011 4.755361423457041
0.0334 6369.695458007202 1.000200464233006 1.53880968630226 270.8795229531901 4.709032989389757
0.0335 6369.715871388472 1.000199885537251 1.538727716984814 270.7468359749327 4.662988305347316
0.0336 6369.736337101218 1.000199307567165 1.538645679117579 270.6138088420834 4.617227329095596
0.0337 6369.756855189929 1.000198730327391 1.538563572867227 270.4804412654647 4.571750002392323
0.0338 6369.777425698991 1.000198153822521 1.538481398401304 270.3467329565614 4.526556251029505
0.0339 6369.798048672686 1.000197578057095 1.538399155888246 270.2126836275378 4.481645984885456
0.034 6369.818724155195 1.000197003035598 1.538316845497315 270.0782929912324 4.437019097970301
0.0341 6369.839452190589 1.000196428762466 1.538234467398651 269.9435607611694 4.392675468478988
0.0342 6369.860232822838 1.00019585524208 1.538152021763191 269.8084866515527 4.348614958839926
0.0343 6369.881066095804 1.000195282478768 1.538069508762738 269.6730703772722 4.304837415769128
0.0344 6369.901952053244 1.000194710476809 1.537986928569885 269.5373116539153 4.261342670327707
0.0345 6369.922890738807 1.000194139240424 1.537904281358038 269.4012101977549 4.218130537973283
0.0346 6369.943882196037 1.000193568773784 1.537821567301418 269.264765725762 4.175200818620572
0.0347 6369.964926468368 1.00019299908101 1.537738786574984 269.1279779556106 4.132553296701496
0.0348 6369.986023599125 1.000192430166164 1.537655939354521 268.9908466056844 4.090187741226765
0.0349 6370.007173631529 1.00019186203326 1.537573025816573 268.8533713950645 4.048103905843503
0.035 6370.028376608685 1.000191294686258 1.537490046138405 268.7155520435475 4.006301528903548
0.0351 6370.049632573593 1.000190728129064 1.537407000498057 268.5773882716452 3.964780333527698
0.0352 6370.070941569142 1.000190162365532 1.537323889074304 268.4388798005788 3.923540027669724
0.0353 6370.092303638107 1.000189597399464 1.537240712046634 268.3000263523026 3.882580304190712
0.0354 6370.113718823159 1.000189033234607 1.537157469595227 268.1608276494684 3.841900840917314
0.0355 6370.135187166849 1.000188469874658 1.537074161901014 268.0212834154789 3.801501300727668
0.0356 6370.156708711623 1.000187907323258 1.536990789145585 267.8813933744522 3.761381331612629
0.0357 6370.178283499809 1.000187345583998 1.536907351511231 267.7411572512391 3.721540566754119
0.0358 6370.199911573627 1.000186784660415 1.536823849180881 267.6005747714238 3.68197862459972
0.0359 6370.221592975178 1.000186224555993 1.536740282338178 267.4596456613411 3.642695108943653
0.036 6370.243327746456 1.000185665274164 1.536656651167352 267.3183696480354 3.603689608992717
0.0361 6370.265115929335 1.000185106818307 1.536572955853328 267.1767464593194 3.564961699461683
0.0362 6370.286957565579 1.000184549191748 1.536489196581622 267.0347758237389 3.526510940643719
0.0363 6370.308852696832 1.000183992397761 1.53640537353839 266.8924574705906 3.488336878497015
0.0364 6370.330801364628 1.000183436439568 1.536321486910376 266.7497911299159 3.450439044726318
0.0365 6370.352803610381 1.000182881320338 1.536237536884928 266.606776532525 3.412816956873708
0.0366 6370.374859475391 1.000182327043186 1.536153523649979 266.4634134099609 3.375470118395104
0.0367 6370.396969000841 1.000181773611179 1.536069447394051 266.3197014945353 3.338398018756932
0.0368 6370.419132227798 1.000181221027327 1.535985308306186 266.1756405193104 3.301600133520098
0.0369 6370.441349197211 1.000180669294591 1.535901106576028 266.0312302181291 3.265075924437533
0.03700000000000001 6370.463619949911 1.000180118415879 1.53581684239371 265.8864703255789 3.228824839536443
0.0371 6370.485944526612 1.000179568394047 1.53573251594994 265.741360577022 3.192846313218498
0.0372 6370.508322967909 1.0001790192319 1.535648127435917 265.5959007085888 3.157139766352251
0.0373 6370.53075531428 1.000178470932189 1.535563677043377 265.4500904571786 3.121704606368418
0.0374 6370.553241606081 1.000177923497617 1.535479164964502 265.3039295604707 3.086540227359297
0.0375 6370.575781883553 1.000177376930832 1.535394591391994 265.1574177569072 3.051646010172326
0.0376 6370.598376186813 1.000176831234433 1.535309956519035 265.0105547857164 3.017021322514892
0.0377 6370.621024555862 1.000176286410968 1.53522526053924 264.8633403868952 2.982665519050477
0.0378 6370.643727030578 1.00017574246293 1.535140503646712 264.7157743012443 2.948577941508545
0.0379 6370.666483650721 1.000175199392766 1.535055686035951 264.5678562703155 2.91475791877502
0.038 6370.689294455929 1.00017465720287 1.534970807901896 264.4195860364583 2.881204767007373
0.0381 6370.71215948572 1.000174115895586 1.534885869439939 264.2709633428207 2.847917789739728
0.0382 6370.735078779489 1.000173575473205 1.53480087084584 264.1219879333188 2.81489627798268
0.0383 6370.758052376513 1.000173035937971 1.534715812315759 263.9726595526671 2.782139510337596
0.0384 6370.781080315942 1.000172497292077 1.534630694046261 263.822977946378 2.749646753105337
0.0385 6370.804162636809 1.000171959537664 1.534545516234256 263.6729428607385 2.717417260391065
0.0386 6370.827299378023 1.000171422676826 1.534460279077011 263.5225540428513 2.685450274224295
0.03870000000000001 6370.85049057837 1.000170886711605 1.53437498277217 263.3718112405935 2.653745024662202
0.0388 6370.873736276514 1.000170351643995 1.534289627517695 263.2207142026581 2.622300729911737
0.0389 6370.897036510995 1.000169817475939 1.53420421351188 263.0692626785302 2.59111659643898
0.039 6370.920391320233 1.000169284209334 1.534118740953333 262.9174564184872 2.560191819084683
0.0391 6370.943800742522 1.000168751846026 1.534033210040943 262.7652951736044 2.529525581182082
0.0392 6370.967264816034 1.000168220387812 1.533947620973927 262.612778695779 2.499117054679189
0.0393 6370.990783578814 1.000167689836442 1.533861973951752 262.4599067377061 2.468965400252557
0.0394 6371.01435706879 1.000167160193616 1.533776269174183 262.3066790528673 2.439069767424654
0.0395 6371.037985323759 1.000166631460987 1.533690506841201 262.1530953955656 2.409429294691482
0.0396 6371.061668381398 1.000166103640161 1.533604687153085 261.9991555209143 2.380043109641747
0.0397 6371.085406279258 1.000165576732695 1.533518810310297 261.8448591848245 2.350910329077159
0.0398 6371.109199054767 1.000165050740099 1.533432876513544 261.6902061440172 2.322030059138214
0.0399 6371.133046745226 1.000164525663838 1.533346885963747 261.5351961560294 2.293401395429692
0.04 6371.156949387814 1.000164001505326 1.533260838862029 261.3798289792079 2.265023423144839
0.0401 6371.180907019584 1.000163478265935 1.533174735409683 261.2241043727034 2.236895217190539
0.0402 6371.204919677464 1.000162955946987 1.533088575808197 261.0680220964827 2.209015842316566
0.0403 6371.228987398257 1.00016243454976 1.533002360259216 260.911581911328 2.181384353243501
0.04040000000000001 6371.25311021864 1.000161914075487 1.532916088964532 260.7547835788376 2.153999794791481
0.0405 6371.277288175167 1.000161394525352 1.532829762126103 260.5976268614139 2.126861202007745
0.0406 6371.301521304264 1.000160875900497 1.532743379945987 260.4401115222807 2.099967600300146
0.0407 6371.325809642234 1.000160358202018 1.53265694262638 260.2822373254779 2.073318005567274
0.0408 6371.350153225252 1.000159841430966 1.532570450369583 260.124004035861 2.046911424330387
0.0409 6371.374552089369 1.000159325588348 1.53248390337799 259.9654114191015 2.020746853866103
0.041 6371.399006270511 1.000158810675128 1.532397301854075 259.8064592416807 1.994823282338853
0.0411 6371.423515804477 1.000158296692223 1.532310646000392 259.6471472709017 1.969139688936951
0.0412 6371.448080726939 1.000157783640511 1.532223936019567 259.487475274895 1.943695044008288
0.0413 6371.472701073448 1.000157271520822 1.53213717211427 259.3274430225896 1.918488309191067
0.0414 6371.497376879423 1.000156760333948 1.532050354487191 259.1670502837477 1.893518437555585
0.0415 6371.522108180163 1.000156250080633 1.531963483341087 259.0062968289416 1.868784373737199
0.04160000000000001 6371.546895010835 1.000155740761585 1.531876558878688 258.8451824295711 1.844285054076429
0.0417 6371.571737406485 1.000155232377465 1.531789581302776 258.683706857846 1.820019406754132
0.0418 6371.596635402033 1.000154724928894 1.53170255081608 258.521869886786 1.795986351930076
0.0419 6371.62158903227 1.000154218416454 1.531615467621343 258.3596712902444 1.772184801885485
0.042 6371.646598331864 1.000153712840682 1.531528331921272 258.1971108428842 1.748613661159051
0.04210000000000001 6371.671663335356 1.000153208202077 1.531441143918541 258.0341883201844 1.725271826687904
0.0422 6371.696784077161 1.000152704501099 1.53135390381577 257.8709034984516 1.702158187949833
0.0423 6371.721960591569 1.000152201738165 1.5312666118155 257.7072561548024 1.679271627101729
0.0424 6371.747192912743 1.000151699913655 1.531179268120222 257.543246067169 1.656611019121905
0.0425 6371.772481074722 1.000151199027908 1.53109187293234 257.3788730143054 1.634175231952758
0.0426 6371.797825111418 1.000150699081226 1.531004426454163 257.2141367757816 1.611963126642197
0.0427 6371.823225056618 1.000150200073871 1.530916928887883 257.0490371319833 1.589973557486267
0.0428 6371.848680943983 1.000149702006069 1.530829380435587 256.8835738641118 1.56820537217214
0.0429 6371.874192807049 1.000149204878005 1.530741781299234 256.7177467541845 1.54665741192142
0.043 6371.899760679227 1.00014870868983 1.530654131680641 256.5515555850228 1.525328511632259
0.0431 6371.925384593803 1.000148213441656 1.530566431781478 256.3850001402815 1.50421750002707
0.0432 6371.951064583936 1.00014771913356 1.530478681803245 256.2180802044135 1.483323199792142
0.04330000000000001 6371.976800682663 1.000147225765582 1.530390881947292 256.0507955626935 1.462644427725086
0.0434 6372.002592922891 1.000146733337725 1.530303032414779 255.883146001206 1.442179994877973
0.0435 6372.028441337407 1.000146241849961 1.530215133406651 255.7151313068515 1.421928706702908
0.0436 6372.054345958873 1.000145751302221 1.53012718512369 255.5467512673225 1.401889363194221
0.0437 6372.080306819824 1.000145261694405 1.530039187766444 255.3780056711452 1.382060759038614
0.0438 6372.106323952671 1.00014477302638 1.529951141535231 255.2088943076377 1.362441683755525
0.0439 6372.132397389702 1.000144285297976 1.529863046630145 255.0394169669402 1.343030921846043
0.044 6372.158527163078 1.000143798508991 1.529774903251048 254.8695734399906 1.32382725293566
0.0441 6372.184713304841 1.000143312659192 1.529686711597494 254.6993635185312 1.30482945192057
0.0442 6372.210955846906 1.00014282774831 1.529598471868846 254.5287869951138 1.286036289113959
0.0443 6372.237254821063 1.000142343776046 1.529510184264137 254.3578436630886 1.267446530390336
0.0444 6372.263610258982 1.00014186074207 1.529421848982141 254.1865333166155 1.249058937332479
0.0445 6372.290022192206 1.000141378646019 1.529333466221317 254.0148557506585 1.230872267376385
0.0446 6372.316490652158 1.0001408974875 1.529245036179831 253.8428107609737 1.212885273955608
0.0447 6372.343015670136 1.000140417266089 1.529156559055532 253.6703981441154 1.195096706647427
0.0448 6372.369597277317 1.000139937981334 1.529068035045931 253.4976176974418 1.177505311318868
0.0449 6372.396235504753 1.000139459632751 1.528979464348226 253.3244692191032 1.1601098302708
0.04500000000000001 6372.422930383376 1.000138982219828 1.52889084715925 253.150952508054 1.142909002384288
0.0451 6372.449681943996 1.000138505742025 1.528802183675486 252.977067364029 1.12590156326326
0.0452 6372.476490217298 1.000138030198772 1.528713474093045 252.802813587561 1.109086245381127
0.0453 6372.503355233851 1.000137555589474 1.528624718607666 252.628190979969 1.092461778224262
0.0454 6372.530277024097 1.000137081913505 1.528535917414728 252.4531993433701 1.076026888437535
0.0455 6372.557255618359 1.000136609170216 1.528447070709171 252.2778384806678 1.059780299967339
0.0456 6372.58429104684 1.000136137358929 1.528358178685553 252.1021081955399 1.043720734204414
0.0457 6372.611383339621 1.00013566647894 1.528269241538033 251.9260082924624 1.027846910129635
0.0458 6372.638532526664 1.000135196529522 1.528180259460317 251.7495385766855 1.012157544455139
0.0459 6372.665738637809 1.000134727509919 1.528091232645713 251.57269885424 0.9966513517678313
0.046 6372.693001702779 1.000134259419354 1.52800216128706 251.3954889319369 0.9813270446719956
0.0461 6372.720321751175 1.000133792257025 1.527913045576757 251.2179086173618 0.966183333930999
0.0462 6372.747698812479 1.000133326022104 1.527823885706747 251.0399577188863 0.9512189286101118
0.0463 6372.775132916055 1.000132860713743 1.5277346818685 250.8616360456448 0.9364325362158935
0.0464 6372.802624091148 1.000132396331069 1.527645434253015 250.6829434075402 0.9218228628376847
0.0465 6372.830172366884 1.000131932873188 1.527556143050793 250.5038796152556 0.9073886132890542
0.0466 6372.857777772271 1.000131470339183 1.527466808451855 250.324444480237 0.8931284912463331
0.04670000000000001 6372.885440336202 1.000131008728116 1.527377430645704 250.1446378146869 0.8790411993876723
0.0468 6372.913160087448 1.000130548039029 1.527288009821346 249.9644594315881 0.86512543953386
0.0469 6372.940937054666 1.000130088270943 1.527198546167254 249.7839091446684 0.8513799127839528
0.047 6372.968771266396 1.000129629422858 1.527109039871379 249.6029867684241 0.8378033196549578
0.0471 6372.996662751061 1.000129171493756 1.527019491121127 249.4216921181022 0.8243943602177233
0.0472 6373.024611536967 1.000128714482599 1.526929900103374 249.2400250097124 0.8111517342344468
0.0473 6373.052617652306 1.000128258388331 1.52684026700443 249.0579852600093 0.7980741412933622
0.0474 6373.080681125154 1.000127803209877 1.526750592010049 248.8755726864982 0.7851602809445259
0.0475 6373.108801983471 1.000127348946147 1.526660875305391 248.6927871074353 0.7724088528344732
0.0476 6373.136980255104 1.00012689559603 1.526571117075088 248.5096283418214 0.7598185568397606
0.0477 6373.165215967785 1.000126443158401 1.52648131750314 248.3260962093967 0.7473880931998158
0.0478 6373.193509149131 1.000125991632117 1.526391476772985 248.142190530646 0.7351161626498596
0.04790000000000001 6373.221859826648 1.000125541016022 1.526301595067432 247.9579111267871 0.7230014665518639
0.048 6373.250268027726 1.000125091308941 1.526211672568707 247.7732578197828 0.7110427070263147
0.0481 6373.278733779644 1.000124642509688 1.526121709458403 247.5882304323171 0.699238587080849
0.0482 6373.307257109567 1.00012419461706 1.526031705917506 247.4028287878131 0.6875878107407865
0.0483 6373.335838044551 1.000123747629841 1.525941662126356 247.2170527104207 0.6760890831768939
0.04840000000000001 6373.364476611537 1.000123301546801 1.525851578264656 247.0309020250114 0.6647411108327119
0.0485 6373.393172837357 1.000122856366699 1.525761454511491 246.8443765571777 0.6535426015513821
0.0486 6373.421926748732 1.000122412088279 1.525671291045239 246.6574761332394 0.6424922647019182
0.0487 6373.450738372273 1.000121968710275 1.525581088043685 246.4702005802254 0.6315888113031589
0.0488 6373.479607734479 1.000121526231409 1.525490845683904 246.2825497258863 0.6208309541485585
0.0489 6373.508534861741 1.000121084650391 1.525400564142311 246.0945233986816 0.6102174079286343
0.049 6373.537519780341 1.000120643965921 1.525310243594647 245.9061214277866 0.5997468893534791
0.0491 6373.566562516451 1.00012020417669 1.52521988421596 245.7173436430679 0.5894181172726459
0.0492 6373.595663096138 1.000119765281378 1.525129486180621 245.5281898751017 0.5792298127963589
0.0493 6373.624821545358 1.000119327278655 1.525039049662282 245.3386599551735 0.5691806994146718
0.0494 6373.654037889962 1.000118890167185 1.524948574833909 245.1487537152487 0.5592695031140548
0.0495 6373.683312155691 1.000118453945622 1.524858061867747 244.9584709880081 0.549494952496382
0.04960000000000001 6373.712644368184 1.000118018612611 1.524767510935338 244.7678116068063 0.5398557788928148
0.0497 6373.742034552969 1.000117584166793 1.524676922207478 244.5767754057014 0.5303507164802943
0.0498 6373.771482735473 1.000117150606799 1.524586295854269 244.3853622194255 0.5209785023939166
0.0499 6373.800988941015 1.000116717931254 1.52449563204505 244.1935718834023 0.5117378768405795
0.05 6373.830553194811 1.00011628613878 1.524404930948438 244.0014042337297 0.5026275832097449
0.05010000000000001 6373.860175521972 1.00011585522799 1.524314192732294 243.808859107185 0.4936463681842198
0.0502 6373.889855947506 1.000115425197492 1.524223417563739 243.6159363412138 0.4847929818489379
0.0503 6373.919594496318 1.000114996045893 1.524132605609143 243.4226357739357 0.4760661777994014
0.0504 6373.949391193209 1.000114567771791 1.524041757034095 243.228957244144 0.4674647132486436
0.0505 6373.979246062879 1.000114140373784 1.523950872003446 243.0349005912884 0.4589873491322082
0.0506 6374.009159129925 1.000113713850465 1.523859950681264 242.8404656554866 0.4506328502132434
0.0507 6374.039130418846 1.000113288200424 1.523768993230829 242.6456522775005 0.4423999851848207
0.0508 6374.069159954037 1.000112863422249 1.523677999814665 242.4504602987603 0.4342875267730477
0.0509 6374.099247759794 1.000112439514527 1.523586970594509 242.2548895613403 0.4262942518369065
0.051 6374.129393860313 1.000112016475841 1.523495905731289 242.0589399079653 0.4184189414680874
0.0511 6374.159598279691 1.000111594304776 1.523404805385165 241.8626111820103 0.4106603810892794
0.0512 6374.189861041926 1.000111172999913 1.523313669715485 241.6659032274828 0.4030173605504791
0.05130000000000001 6374.220182170919 1.000110752559836 1.523222498880795 241.4688158890289 0.3954886742249492
0.0514 6374.250561690471 1.000110332983126 1.523131293038848 241.2713490119389 0.388073121103833
0.0515 6374.280999624289 1.000109914268367 1.523040052346571 241.0735024421241 0.3807695048883296
0.0516 6374.311495995979 1.000109496414142 1.522948776960107 240.875276026134 0.3735766340821033
0.0517 6374.342050829056 1.000109079419038 1.522857467034743 240.676669611133 0.3664933220808045
0.05180000000000001 6374.372664146936 1.000108663281641 1.522766122724975 240.4776830449181 0.3595183872617559
0.0519 6374.403335972939 1.00010824800054 1.522674744184477 240.2783161758952 0.3526506530707813
0.052 6374.434066330294 1.000107833574328 1.522583331566063 240.0785688530908 0.3458889481089276
0.0521 6374.464855242133 1.0001074200016 1.522491885021755 239.8784409261347 0.339232106216776
0.0522 6374.495702731496 1.000107007280954 1.522400404702728 239.677932245277 0.3326789665585619
0.0523 6374.526608821328 1.000106595410992 1.522308890759319 239.4770426613653 0.3262283737035049
0.0524 6374.557573534486 1.000106184390321 1.52221734334102 239.275772025844 0.3198791777065432
0.0525 6374.588596893728 1.000105774217551 1.522125762596502 239.0741201907666 0.3136302341879996
0.0526 6374.619678921729 1.000105364891298 1.522034148673558 238.8720870087599 0.3074804044103538
0.0527 6374.650819641067 1.000104956410184 1.52194250171917 238.6696723330655 0.3014285553559596
0.0528 6374.682019074231 1.000104548772836 1.521850821879446 238.4668760174985 0.2954735598007792
0.0529 6374.713277243622 1.000104141977886 1.521759109299651 238.2636979164594 0.289614296388311
0.05300000000000001 6374.74459417155 1.000103736023973 1.521667364124193 238.0601378849277 0.2838496497015257
0.0531 6374.775969880237 1.000103330909744 1.521575586496634 237.8561957784626 0.2781785103335149
0.0532 6374.807404391816 1.000102926633853 1.521483776559664 237.6518714531966 0.2725997749565107
0.0533 6374.838897728334 1.000102523194959 1.521391934455123 237.4471647658296 0.2671123463894459
0.0534 6374.87044991175 1.000102120591732 1.521300060323989 237.2420755736233 0.2617151336640523
0.05350000000000001 6374.902060963937 1.000101718822848 1.521208154306376 237.0366037344069 0.2564070520897914
0.0536 6374.933730906682 1.000101317886993 1.521116216541526 236.8307491065651 0.251187023316836
0.0537 6374.965459761685 1.000100917782861 1.521024247167813 236.6245115490445 0.2460539753980277
0.0538 6374.997247550564 1.000100518509155 1.520932246322771 236.4178909213355 0.2410068428487513
0.0539 6375.02909429485 1.000100120064588 1.52084021414303 236.2108870834721 0.2360445667057805
0.054 6375.061000015993 1.000099722447884 1.520748150764378 236.0034998960444 0.231166094584897
0.0541 6375.092964735357 1.000099325657774 1.520656056321716 235.7957292201803 0.2263703807362975
0.05420000000000001 6375.124988474225 1.000098929693003 1.520563930949081 235.5875749175397 0.2216563860988106
0.0543 6375.157071253798 1.000098534552324 1.520471774779637 235.3790368503145 0.2170230783527488
0.0544 6375.189213095194 1.000098140234503 1.520379587945674 235.1701148812407 0.2124694319715099
0.0545 6375.221414019453 1.000097746738317 1.520287370578612 234.9608088735566 0.2079944282705121
0.0546 6375.253674047532 1.000097354062553 1.520195122808991 234.7511186910446 0.203597055456442
0.05470000000000001 6375.285993200308 1.000096962206013 1.520102844766489 234.5410441979951 0.1992763086733261
0.0548 6375.318371498583 1.000096571167508 1.520010536579898 234.3305852592133 0.1950311900480058
0.0549 6375.350808963073 1.000096180945864 1.519918198377152 234.1197417400243 0.1908607087340895
0.055 6375.383305614423 1.000095791539919 1.519825830285286 233.90851350625 0.186763880953816
0.0551 6375.415861473196 1.000095402948523 1.519733432430489 233.6969004242263 0.1827397300392458
0.05520000000000001 6375.448476559878 1.000095015170542 1.519641004938062 233.484902360792 0.1787872864713607
0.0553 6375.481150894881 1.000094628204852 1.519548547932439 233.2725191832704 0.1749055879175821
0.0554 6375.51388449854 1.000094242050346 1.519456061537178 233.0597507594874 0.1710936792684563
0.0555 6375.546677391114 1.000093856705929 1.519363545874967 232.8465969577595 0.1673506126722896
0.0556 6375.579529592786 1.000093472170522 1.519271001067621 232.633057646888 0.1636754475684169
0.0557 6375.612441123669 1.000093088443059 1.5191784272361 232.419132696153 0.1600672507189891
0.0558 6375.645412003798 1.000092705522489 1.519085824500465 232.2048219753136 0.1565250962393847
0.05590000000000001 6375.678442253136 1.000092323407778 1.518993192979939 231.9901253546135 0.1530480656272304
0.056 6375.711531891575 1.000091942097904 1.518900532792864 231.7750427047635 0.1496352477895628
0.0561 6375.744680938933 1.000091561591864 1.518807844056722 231.5595738969354 0.1462857390687305
0.0562 6375.777889414957 1.000091181888667 1.518715126888119 231.34371880278 0.1429986432671959
0.0563 6375.811157339324 1.000090802987342 1.518622381402811 231.1274772943915 0.1397730716700544
0.05640000000000001 6375.84448473164 1.00009042488693 1.5185296077157 230.9108492443428 0.1366081430671882
0.0565 6375.87787161144 1.00009004758649 1.518436805940803 230.6938345256384 0.1335029837727308
0.0566 6375.911317998192 1.000089671085099 1.518343976191308 230.4764330117499 0.1304567276443192
0.0567 6375.944823911293 1.000089295381848 1.518251118579529 230.2586445765922 0.1274685161000424
0.0568 6375.978389370075 1.000088920475846 1.518158233216931 230.0404690945119 0.1245374981341568
0.05690000000000001 6376.012014393797 1.000088546366219 1.518065320214136 229.8219064403164 0.1216628303319359
0.057 6376.045699001657 1.000088173052111 1.517972379680898 229.6029564892273 0.118843676882075
0.0571 6376.079443212782 1.000087800532681 1.51787941172615 229.3836191169152 0.1160792095887974
0.0572 6376.113247046234 1.000087428807107 1.517786416457961 229.1638941994764 0.113368607881782
0.0573 6376.147110521011 1.000087057874584 1.51769339398356 228.9437816134272 0.1107110588249482
0.0574 6376.181033656045 1.000086687734326 1.51760034440935 228.7232812357091 0.1081057571240061
0.0575 6376.215016470202 1.000086318385563 1.517507267840883 228.5023929436837 0.1055519051324884
0.05760000000000001 6376.249058982288 1.000085949827545 1.517414164382873 228.2811166151263 0.1030487128564275
0.0577 6376.283161211041 1.000085582059539 1.51732103413923 228.0594521282318 0.1005953979578166
0.0578 6376.31732317514 1.000085215080829 1.517227877213008 227.8373993615913 0.09819118575640182
0.0579 6376.3515448932 1.000084848890719 1.517134693706441 227.614958194198 0.09583530923048421
0.058 6376.385826383775 1.000084483488532 1.517041483720957 227.3921285054647 0.09352700901650994
0.05810000000000001 6376.420167665356 1.000084118873608 1.516948247357146 227.1689101751884 0.09126553340679219
0.0582 6376.454568756375 1.000083755045305 1.516854984714808 226.9453030835624 0.08905013834644347
0.0583 6376.489029675204 1.000083392003003 1.516761695892889 226.7213071111759 0.08688008742888809
0.0584 6376.523550440153 1.000083029746098 1.516668380989572 226.4969221390023 0.08475465188998793
0.0585 6376.558131069476 1.000082668274006 1.51657504010221 226.2721480484055 0.08267311060107789
0.05860000000000001 6376.592771581366 1.00008230758616 1.516481673327361 226.0469847211215 0.0806347500605301
0.0587 6376.627471993959 1.000081947682016 1.516388280760787 225.8214320392648 0.07863886438430522
0.05880000000000001 6376.662232325333 1.000081588561045 1.51629486249746 225.5954898853341 0.07668475529526748
0.0589 6376.697052593509 1.000081230222739 1.516201418631543 225.3691581421889 0.0747717321110314
0.059 6376.731932816451 1.00008087266661 1.516107949256442 225.1424366930668 0.07289911173097079
0.0591 6376.766873012068 1.000080515892187 1.516014454464759 224.9153254215602 0.07106621862168881
0.0592 6376.801873198211 1.000080159899021 1.515920934348337 224.687824211628 0.06927238480161625
0.05930000000000001 6376.836933392678 1.000079804686679 1.51582738899823 224.4599329475958 0.06751694982434464
0.0594 6376.872053613212 1.000079450254751 1.515733818504732 224.23165151412 0.06579926076054958
0.0595 6376.907233877502 1.000079096602843 1.515640222957368 224.0029797962355 0.06411867217941855
0.0596 6376.942474203184 1.000078743730582 1.515546602444904 223.7739176793024 0.06247454612819944
0.0597 6376.977774607839 1.000078391637614 1.515452957055357 223.5444650490471 0.06086625211135433
0.05980000000000001 6377.013135108995 1.000078040323605 1.515359286875987 223.3146217915331 0.05929316706810336
0.0599 6377.048555724129 1.00007768978824 1.515265591993311 223.084387793161 0.05775467534911985
0.06 6377.084036470668 1.000077340031222 1.5151718724931 222.8537629406563 0.05625016869209058
0.0601 6377.119577365987 1.000076991052275 1.515078128460401 222.6227471210876 0.05477904619643018
0.0602 6377.155178427405 1.000076642851142 1.51498435997951 222.3913402218662 0.05334071429684294
0.0603 6377.190839672198 1.000076295427585 1.514890567134006 222.159542130711 0.05193458673566117
0.0604 6377.226561117589 1.000075948781385 1.514796750006751 221.9273527356717 0.05056008453456543
0.06050000000000001 6377.262342780751 1.000075602912342 1.514702908679884 221.6947719251174 0.04921663596510243
0.0606 6377.29818467881 1.000075257820277 1.51460904323484 221.4617995877364 0.04790367651831567
0.0607 6377.334086828841 1.000074913505027 1.514515153752328 221.2284356125364 0.04662064887343013
0.0608 6377.370049247871 1.000074569966451 1.514421240312397 220.994679888838 0.04536700286557514
0.0609 6377.406071952883 1.000074227204426 1.514327302994344 220.7605323062579 0.04414219545253872
0.06100000000000001 6377.442154960811 1.000073885218846 1.514233341876822 220.5259927547257 0.04294569068081745
0.0611 6377.478298288541 1.000073544009627 1.514139357037773 220.2910611244846 0.04177695965068612
0.0612 6377.514501952914 1.000073203576702 1.514045348554476 220.0557373060614 0.04063548048026394
0.0613 6377.550765970724 1.000072863920024 1.513951316503523 219.8200211902962 0.03952073826903363
0.0614 6377.587090358721 1.000072525039561 1.513857260960851 219.583912668313 0.03843222506024185
0.06150000000000001 6377.623475133609 1.000072186935305 1.513763182001716 219.3474116315432 0.03736943980274635
0.0616 6377.659920312049 1.000071849607262 1.513669079700729 219.1105179716841 0.03633188831177341
0.0617 6377.696425910656 1.000071513055459 1.513574954131848 218.8732315807346 0.03531908322925052
0.0618 6377.732991946003 1.000071177279939 1.513480805368386 218.6355523509773 0.0343305439831403
0.0619 6377.76961843462 1.000070842280765 1.513386633483017 218.3974801749727 0.03336579674609314
0.062 6377.806305392991 1.000070508058018 1.513292438547766 218.1590149455591 0.0324243743934043
0.0621 6377.84305283756 1.000070174611795 1.513198220634053 217.9201565558586 0.03150581646028924
0.06220000000000001 6377.879860784729 1.000069841942213 1.513103979812667 217.6809048992594 0.03060966909838189
0.0623 6377.916729250858 1.000069510049405 1.513009716153768 217.4412598694215 0.02973548503165957
0.0624 6377.953658252266 1.000069178933521 1.512915429726925 217.201221360271 0.02888282351167329
0.0625 6377.99064780523 1.000068848594732 1.512821120601083 216.9607892660059 0.02805125027218876
0.0626 6378.027697925987 1.000068519033222 1.512726788844608 216.7199634810844 0.02724033748315127
0.06270000000000001 6378.064808630736 1.000068190249194 1.512632434525262 216.4787439002188 0.0264496637040799
0.06280000000000001 6378.101979935632 1.000067862242868 1.512538057710219 216.2371304183933 0.02567881383696078
0.0629 6378.139211856794 1.000067535014481 1.512443658466085 215.9951229308407 0.02492737907844494
0.063 6378.176504410301 1.000067208564284 1.512349236858878 215.7527213330417 0.02419495687158671
0.0631 6378.213857612194 1.000066882892548 1.512254792954061 215.5099255207373 0.02348115085709217
0.06320000000000001 6378.251271478476 1.000066557999559 1.512160326816518 215.266735389905 0.02278557082395684
0.06330000000000001 6378.28874602511 1.000066233885618 1.512065838510607 215.0231508367882 0.02210783265977254
0.0634 6378.326281268022 1.000065910551043 1.511971328100108 214.7791717578551 0.0214475583003621
0.0635 6378.363877223103 1.000065587996168 1.511876795648268 214.5347980498281 0.02080437567916558
0.0636 6378.401533906206 1.000065266221342 1.511782241217801 214.2900296096599 0.02017791867604559
0.06370000000000001 6378.439251333148 1.000064945226929 1.511687664870886 214.04486633454 0.01956782706576031
0.06380000000000001 6378.477029519706 1.000064625013309 1.511593066669195 213.7993081219118 0.01897374646606428
0.0639 6378.514868481627 1.000064305580877 1.511498446673861 213.553354869426 0.0183953282852723
0.064 6378.552768234619 1.000063986930041 1.511403804945504 213.3070064749753 0.01783222966966667
0.0641 6378.590728794356 1.000063669061226 1.51130914154427 213.0602628366831 0.01728411345044333
0.06420000000000001 6378.628750176477 1.000063351974871 1.51121445652977 212.8131238528975 0.01675064809034867
0.06430000000000001 6378.666832396586 1.000063035671427 1.511119749961148 212.5655894221912 0.01623150763002251
0.0644 6378.704975470253 1.000062720151362 1.51102502189705 212.3176594433556 0.01572637163403815
0.0645 6378.743179413013 1.000062405415155 1.510930272395656 212.0693338154127 0.01523492513670561
0.0646 6378.781444240371 1.0000620914633 1.510835501514657 211.8206124375855 0.01475685858753622
0.06470000000000001 6378.819769967795 1.000061778296305 1.510740709311289 211.5714952093334 0.0142918677965981
0.0648 6378.858156610721 1.00006146591469 1.510645895842326 211.321982030311 0.01383965387950095
0.0649 6378.896604184555 1.000061154318987 1.510551061164085 211.0720728003915 0.01339992320230244
0.065 6378.935112704667 1.000060843509742 1.510456205332437 210.821767419667 0.01297238732617956
0.06510000000000001 6378.973682186395 1.000060533487514 1.510361328402821 210.5710657884305 0.01255676295190064
0.06520000000000001 6379.012312645048 1.000060224252871 1.510266430430234 210.3199678071877 0.01215277186419512
0.0653 6379.051004095901 1.000059915806398 1.510171511469244 210.0684733766456 0.01176014087594657
0.0654 6379.089756554199 1.000059608148686 1.510076571574007 209.8165823977059 0.01137860177227657
0.0655 6379.128570035155 1.000059301280341 1.50998161079825 209.5642947714895 0.01100789125456847
0.06560000000000001 6379.167444553953 1.00005899520198 1.50988662919531 209.311610399306 0.01064775088432175
0.06570000000000001 6379.206380125743 1.00005868991423 1.509791626818106 209.0585291826723 0.01029792702700606
0.0658 6379.245376765649 1.000058385417729 1.509696603719166 208.8050510232823 0.009958170795792051
0.0659 6379.284434488763 1.000058081713125 1.509601559950638 208.5511758230431 0.009628237995331541
0.066 6379.323553310146 1.000057778801078 1.509506495564275 208.2969034840506 0.009307889065430935
0.06610000000000001 6379.362733244832 1.000057476682254 1.509411410611459 208.0422339085902 0.0089968890247486
0.06620000000000001 6379.401974307825 1.000057175357333 1.509316305143203 207.7871669991363 0.008695007414497901
0.0663 6379.4412765141 1.000056874827002 1.509221179210146 207.5317026583524 0.008402018242170505
0.0664 6379.480639878601 1.000056575091957 1.509126032862588 207.2758407890914 0.008117699925295053
0.0665 6379.520064416248 1.000056276152905 1.509030866150457 207.0195812943892 0.007841835235239715
0.06660000000000001 6379.559550141928 1.000055978010559 1.508935679123359 206.7629240774653 0.007574211241086428
0.06670000000000001 6379.599097070503 1.000055680665643 1.508840471830535 206.505869041728 0.007314619253589949
0.0668 6379.638705216807 1.000055384118886 1.508745244320912 206.2484160907514 0.007062854769200206
0.0669 6379.678374595645 1.000055088371027 1.508649996643091 205.9905651283105 0.006818717414251101
0.067 6379.718105221794 1.000054793422811 1.508554728845343 205.73231605834 0.006582010889194046
0.06710000000000001 6379.757897110006 1.000054499274994 1.508459440975627 205.4736687849635 0.006352542913034915
0.06720000000000001 6379.797750275004 1.000054205928333 1.508364133081596 205.2146232124763 0.006130125167873252
0.0673 6379.837664731485 1.000053913383597 1.508268805210599 204.9551792453452 0.005914573243619535
0.0674 6379.877640494121 1.000053621641558 1.508173457409705 204.6953367882141 0.005705706582890302
0.0675 6379.917677577554 1.000053330702997 1.508078089725659 204.4350957458986 0.005503348426079344
0.06760000000000001 6379.957775996403 1.000053040568698 1.507982702204958 204.1744560233795 0.005307325756628184
0.06770000000000001 6379.997935765259 1.000052751239453 1.507887294893797 203.9134175258154 0.005117469246520736
0.0678 6380.038156898688 1.000052462716058 1.507791867838113 203.6519801585299 0.004933613201982398
0.0679 6380.078439411229 1.000052174999315 1.507696421083566 203.3901438270126 0.004755595509423141
0.068 6380.118783317396 1.000051888090028 1.507600954675568 203.1279084369243 0.0045832575816301
0.06810000000000001 6380.159188631679 1.000051601989011 1.50750546865926 202.8652738940854 0.004416444304205499
0.0682 6380.199655368542 1.000051316697077 1.507409963079552 202.602240104476 0.004255003982281294
0.0683 6380.240183542423 1.000051032215045 1.507314437981101 202.3388069742476 0.00409878828751963
0.0684 6380.280773167736 1.000050748543738 1.507218893408327 202.0749744097174 0.00394765220539126
0.06850000000000001 6380.321424258869 1.000050465683981 1.507123329405422 201.81074231735 0.00380145398274814
0.06860000000000001 6380.362136830188 1.000050183636604 1.507027746016353 201.5461106037759 0.003660055075726493
0.0687 6380.402910896033 1.000049902402439 1.50693214328486 201.2810791757851 0.003523320097955475
0.0688 6380.443746470718 1.000049621982319 1.506836521254471 201.015647940333 0.003391116769101534
0.0689 6380.484643568535 1.000049342377082 1.506740879968509 200.749816804523 0.003263315863739586
0.06900000000000001 6380.525602203752 1.000049063587566 1.506645219470089 200.4835856756121 0.003139791160584362
0.06910000000000001 6380.566622390612 1.000048785614611 1.506549539802132 200.2169544610227 0.003020419392080177
0.0692 6380.607704143335 1.000048508459059 1.506453841007359 199.9499230683253 0.002905080194342009
0.0693 6380.648847476115 1.000048232121754 1.506358123128303 199.6824914052498 0.00279365605748373
0.0694 6380.690052403127 1.000047956603538 1.506262386207329 199.4146593796739 0.002686032276317177
0.06950000000000001 6380.73131893852 1.000047681905257 1.5061666302866 199.1464268996232 0.00258209690144607
0.06960000000000001 6380.772647096418 1.000047408027754 1.506070855408131 198.8777938732827 0.002481740690760851
0.0697 6380.814036890925 1.000047134971874 1.505975061613762 198.6087602089855 0.002384857061328261
