0 6365.5 1.000298744726946 1.561983199470489 298.15 7.921328530688586
0.0001 6365.505641973939 1.000298541309469 1.561906043562493 298.1133271693938 7.904027624286136
0.0002 6365.511333070452 1.00029833628443 1.561828870306194 298.0763350420642 7.88660949918271
0.0003 6365.517073300781 1.00029812965552 1.561751679545966 298.0390235449248 7.86907493504027
0.0004 6365.522862676272 1.000297921426451 1.561674471127064 298.0013926042328 7.851424716205988
0.0005 6365.528701208368 1.000297711600965 1.561597244895515 297.963442145607 7.833659631673076
0.0006000000000000001 6365.534588908615 1.000297500182829 1.561520000698076 297.9251720940041 7.815780475021914
0.0007 6365.540525788655 1.000297287175834 1.561442738382314 297.8865823737423 7.797788044383108
0.0008 6365.546511860233 1.000297072583801 1.561365457796485 297.8476729084836 7.77968314238083
0.0009000000000000001 6365.552547135189 1.000296856410572 1.561288158789592 297.8084436212692 7.761466576100713
0.001 6365.558631625463 1.000296638660018 1.561210841211397 297.7688944344903 7.743139157027144
0.0011 6365.564765343091 1.000296419336034 1.561133504912308 297.7290252699112 7.724701701005037
0.0012 6365.570948300206 1.000296198442541 1.561056149743573 297.6888360486636 7.706155028187583
0.0013 6365.577180509039 1.000295975983485 1.560978775557052 297.6483266912468 7.687499962986482
0.0014 6365.583461981916 1.000295751962836 1.560901382205378 297.6074971175452 7.668737334030038
0.0015 6365.589792731259 1.000295526384592 1.560823969541814 297.5663472468167 7.649867974107391
0.0016 6365.596172769586 1.000295299252771 1.560746537420373 297.5248769976923 7.630892720117913
0.0017 6365.602602109509 1.000295070571421 1.560669085695747 297.4830862881944 7.611812413028476
0.0018 6365.609080763733 1.000294840344612 1.560591614223277 297.4409750357362 7.592627897822275
0.0019 6365.615608745059 1.000294608576439 1.560514122859066 297.3985431571163 7.573340023444729
0.002 6365.622186066381 1.00029437527102 1.560436611459796 297.3557905685242 7.553949642754509
0.0021 6365.628812740687 1.0002941404325 1.560359079882827 297.3127171855348 7.534457612468974
0.0022 6365.635488781055 1.000293904065045 1.560281527986362 297.2693229231435 7.514864793128018
0.0023 6365.642214200657 1.000293666172848 1.560203955629024 297.2256076957309 7.495172049025591
0.0024 6365.648989012756 1.000293426760124 1.560126362670257 297.1815714170865 7.475380248167728
0.0025 6365.655813230708 1.000293185831112 1.560048748970101 297.1372140003967 7.455490262214284
0.0026 6365.662686867959 1.000292943390076 1.559971114389282 297.0925353582687 7.435502966436415
0.0027 6365.669609938044 1.000292699441301 1.559893458789215 297.0475354027125 7.415419239655198
0.0028 6365.676582454592 1.000292453989097 1.559815782031843 297.0022140451528 7.395239964193311
0.0029 6365.683604431317 1.000292207037798 1.559738083979902 296.9565711964409 7.374966025826399
0.003 6365.690675882025 1.000291958591759 1.559660364496726 296.9106067668371 7.354598313721088
0.0031 6365.697796820611 1.000291708655359 1.559582623446232 296.864320666028 7.334137720388549
0.0032 6365.704967261057 1.000291457233 1.559504860693063 296.8177128031269 7.31358514162993
0.0033 6365.712187217435 1.000291204329107 1.559427076102504 296.7707830866738 7.292941476481584
0.0034 6365.719456703903 1.000290949948126 1.559349269540411 296.723531424629 7.272207627157496
0.0035 6365.726775734708 1.000290694094526 1.559271440873367 296.6759577243973 7.2513844990045
0.0036 6365.734144324182 1.0002904367728 1.559193589968453 296.6280618928162 7.23047300044163
0.0037 6365.741562486744 1.000290177987462 1.559115716693574 296.5798438361611 7.209474042907118
0.0038 6365.7490302369 1.000289917743046 1.559037820917186 296.5313034601521 7.188388540805139
0.0039 6365.756547589241 1.00028965604411 1.558959902508313 296.4824406699357 7.167217411442103
0.004 6365.764114558442 1.000289392895234 1.558881961336707 296.4332553701264 7.145961574988396
0.0041 6365.771731159265 1.000289128301018 1.558803997272742 296.383747464777 7.124621954409148
0.004200000000000001 6365.779397406557 1.000288862266084 1.558726010187358 296.3339168573788 7.103199475407673
0.0043 6365.787113315246 1.000288594795077 1.558647999952198 296.2837634509027 7.081695066386511
0.0044 6365.794878900345 1.000288325892659 1.558569966439516 296.2332871477582 7.060109658372632
0.004500000000000001 6365.802694176952 1.000288055563517 1.558491909522175 296.1824878498109 7.038444184967963
0.0046 6365.810559160245 1.000287783812357 1.558413829073718 296.1313654584059 7.016699582302129
0.0047 6365.818473865487 1.000287510643906 1.558335724968304 296.0799198743329 6.994876788959837
0.0048 6365.826438308021 1.000287236062911 1.558257597080631 296.0281509978612 6.972976745938341
0.0049 6365.834452503273 1.00028696007414 1.558179445286156 295.9760587287223 6.951000396582049
0.005 6365.842516466751 1.00028668268238 1.55810126946092 295.9236429661213 6.928948686529573
0.0051 6365.85063021404 1.00028640389244 1.558023069481565 295.8709036087374 6.906822563655583
0.005200000000000001 6365.858793760812 1.000286123709147 1.557944845225413 295.8178405547236 6.884622978012509
0.0053 6365.867007122813 1.00028584213735 1.557866596570374 295.7644537017185 6.862350881777061
0.0054 6365.87527031587 1.000285559181915 1.557788323394975 295.7107429468464 6.840007229191603
0.005500000000000001 6365.883583355891 1.000285274847728 1.557710025578471 295.6567081867055 6.817592976500508
0.0056 6365.891946258864 1.000284989139696 1.557631703000631 295.6023493173856 6.795109081898686
0.0057 6365.900359040851 1.000284702062744 1.557553355541918 295.547666234468 6.772556505472551
0.0058 6365.908821717996 1.000284413621815 1.557474983083415 295.4926588330258 6.749936209140899
0.0059 6365.917334306519 1.000284123821872 1.557396585506819 295.4373270076234 6.727249156595634
0.006 6365.925896822719 1.000283832667896 1.557318162694518 295.3816706523288 6.70449631324725
0.0061 6365.934509282969 1.000283540164888 1.557239714529421 295.3256896607016 6.681678646160483
0.006200000000000001 6365.943171703721 1.000283246317864 1.557161240895188 295.2693839258167 6.658797124004333
0.0063 6365.951884101501 1.000282951131862 1.557082741676067 295.2127533402462 6.635852716985108
0.0064 6365.960646492912 1.000282654611935 1.557004216756921 295.1557977960719 6.61284639679138
0.006500000000000001 6365.969458894633 1.000282356763156 1.556925666023273 295.0985171848846 6.589779136534066
0.0066 6365.978321323416 1.000282057590615 1.556847089361252 295.0409113977965 6.566651910691123
0.0067 6365.98723379609 1.000281757099418 1.556768486657651 294.9829803254173 6.543465695037915
0.0068 6365.996196329555 1.000281455294689 1.556689857799882 294.9247238578954 6.520221466603599
0.006900000000000001 6366.005208940786 1.000281152181571 1.556611202676029 294.8661418848886 6.496920203598944
0.007 6366.014271646834 1.000280847765223 1.556532521174776 294.8072342955819 6.47356288536302
0.0071 6366.023384464817 1.000280542050818 1.556453813185448 294.7480009786872 6.450150492302709
0.007200000000000001 6366.032547411932 1.000280235043551 1.556375078598027 294.6884418224435 6.426684005832159
0.0073 6366.041760505443 1.000279926748628 1.556296317303135 294.6285567146227 6.403164408314469
0.0074 6366.051023762689 1.000279617171276 1.556217529192005 294.5683455425241 6.37959268299871
0.007500000000000001 6366.060337201077 1.000279306316735 1.556138714156525 294.5078081929972 6.355969813968403
0.0076 6366.069700838088 1.000278994190262 1.556059872089262 294.446944552425 6.332296786073752
0.0077 6366.079114691273 1.00027868079713 1.555981002883368 294.3857545067229 6.308574584870812
0.007800000000000001 6366.088578778253 1.000278366142628 1.555902106432676 294.3242379413576 6.284804196567476
0.007900000000000001 6366.098093116715 1.000278050232059 1.555823182631665 294.2623947413521 6.260986607964748
0.008 6366.10765772442 1.000277733070743 1.555744231375423 294.2002247912682 6.237122806388882
0.0081 6366.117272619196 1.000277414664014 1.555665252559737 294.1377279752245 6.213213779637185
0.008200000000000001 6366.126937818939 1.000277095017221 1.555586246080998 294.0749041768962 6.189260515916919
0.0083 6366.136653341614 1.000276774135728 1.555507211836255 294.0117532795092 6.165264003781945
0.008400000000000001 6366.146419205253 1.000276452024914 1.555428149723204 293.9482751658578 6.141225232078349
0.008500000000000001 6366.156235427954 1.000276128690172 1.555349059640202 293.8844697182989 6.117145189881007
0.0086 6366.166102027884 1.000275804136909 1.555269941486259 293.8203368187518 6.093024866432427
0.008700000000000001 6366.176019023277 1.000275478370547 1.555190795161025 293.7558763486985 6.068865251081604
0.008800000000000001 6366.18598643243 1.00027515139652 1.555111620564805 293.6910881892071 6.044667333231683
0.0089 6366.196004273706 1.000274823220278 1.555032417598533 293.6259722209082 6.020432102269882
0.009000000000000001 6366.206072565536 1.000274493847283 1.55495318616385 293.5605283240187 5.996160547515146
0.0091 6366.216191326412 1.000274163283011 1.554873926162989 293.4947563783238 5.97185365815036
0.0092 6366.226360574893 1.00027383153295 1.554794637498896 293.428656263195 5.947512423167761
0.009300000000000001 6366.236580329601 1.000273498602604 1.554715320075144 293.3622278575957 5.923137831309934
0.0094 6366.246850609222 1.000273164497486 1.554635973795954 293.295471040058 5.89873087099998
0.0095 6366.257171432504 1.000272829223124 1.554556598566216 293.2283856887237 5.874292530295591
0.009600000000000001 6366.267542818259 1.000272492785057 1.554477194291491 293.1609716813149 5.849823796817109
0.0097 6366.27796478536 1.000272155188839 1.554397760877963 293.0932288951575 5.825325657695116
0.0098 6366.288437352744 1.000271816440032 1.554318298232524 293.0251572071637 5.800799099502953
0.009900000000000001 6366.298960539406 1.000271476544214 1.554238806262674 292.9567564938615 5.776245108206449
0.01 6366.309534364404 1.000271135506972 1.554159284876622 292.8880266313766 5.751664669096539
0.0101 6366.320158846856 1.000270793333906 1.554079733983233 292.8189674954332 5.727058766728436
0.0102 6366.330834005944 1.000270450030625 1.554000153492014 292.7495789613648 5.702428384865052
0.0103 6366.341559860903 1.000270105602752 1.553920543313121 292.6798609041329 5.67777450642249
0.0104 6366.35233643103 1.00026976005592 1.553840903357422 292.6098131983025 5.653098113400923
0.0105 6366.363163735685 1.000269413395772 1.553761233536437 292.5394357180488 5.628400186826111
0.0106 6366.374041794281 1.000269065627963 1.553681533762307 292.4687283371744 5.603681706695085
0.0107 6366.384970626291 1.000268716758157 1.553601803947927 292.3976909291094 5.578943651915608
0.0108 6366.395950251246 1.00026836679203 1.553522044006762 292.3263233668998 5.55418700024167
0.0109 6366.406980688735 1.000268015735265 1.553442253853019 292.2546255232249 5.529412728219351
0.011 6366.418061958401 1.000267663593559 1.553362433401533 292.1825972703917 5.504621811124541
0.0111 6366.429194079948 1.000267310372616 1.553282582567836 292.1102384803406 5.479815222904874
0.0112 6366.440377073131 1.000266956078149 1.553202701268124 292.0375490246514 5.454993936121715
0.0113 6366.451610957763 1.000266600715882 1.553122789419239 291.9645287745433 5.430158921890247
0.0114 6366.462895753712 1.000266244291548 1.553042846938718 291.8911776008689 5.405311149817651
0.0115 6366.474231480903 1.000265886810888 1.5529628737448 291.8174953741321 5.380451587949462
0.0116 6366.485618159309 1.000265528279651 1.552882869756325 291.743481964494 5.355581202711944
0.0117 6366.497055808963 1.000265168703598 1.552802834892883 291.669137241743 5.330700958842701
0.0118 6366.508544449947 1.000264808088494 1.55272276907468 291.5944610753426 5.305811819347265
0.0119 6366.520084102401 1.000264446440115 1.552642672222631 291.5194533343955 5.280914745428005
0.012 6366.531674786512 1.000264083764244 1.552562544258322 291.4441138876736 5.25601069643497
0.0121 6366.543316522523 1.000263720066673 1.552482385103997 291.3684426035996 5.231100629801081
0.0122 6366.555009330728 1.0002633553532 1.552402194682578 291.2924393502657 5.206185500989265
0.0123 6366.566753231472 1.000262989629631 1.552321972917721 291.2161039954325 5.181266263433829
0.0124 6366.578548245149 1.000262622901779 1.552241719733676 291.1394364065299 5.156343868482007
0.0125 6366.590394392207 1.000262255175465 1.552161435055432 291.0624364506565 5.131419265335687
0.0126 6366.60229169314 1.000261886456515 1.552081118808637 290.9851039945919 5.106493400997151
0.0127 6366.614240168495 1.000261516750765 1.5520007709196 290.9074389047845 5.081567220207289
0.0128 6366.626239838866 1.000261146064053 1.551920391315369 290.8294410473694 5.056641665393585
0.0129 6366.638290724897 1.000260774402227 1.551839979923591 290.7511102881684 5.031717676612486
0.013 6366.650392847281 1.000260401771139 1.551759536672658 290.6724464926723 5.006796191486385
0.0131 6366.662546226756 1.000260028176648 1.551679061491597 290.593449526088 4.981878145161433
0.0132 6366.67475088411 1.000259653624618 1.551598554310164 290.5141192532855 4.956964470233676
0.0133 6366.687006840177 1.00025927812092 1.551518015058764 290.434455538851 4.932056096709046
0.0134 6366.699314115837 1.000258901671427 1.551437443668504 290.3544582470576 4.90715395193744
0.0135 6366.711672732018 1.000258524282021 1.551356840071154 290.2741272418824 4.882258960561883
0.0136 6366.724082709693 1.000258145958586 1.551276204199167 290.1934623869955 4.857372044458693
0.0137 6366.736544069879 1.000257766707013 1.551195535985713 290.112463545789 4.832494122690656
0.0138 6366.749056833638 1.000257386533196 1.551114835364611 290.0311305813533 4.807626111443972
0.0139 6366.761621022078 1.000257005443034 1.551034102270377 289.9494633564954 4.782768923978205
0.014 6366.774236656349 1.00025662344243 1.5509533366382 289.8674617337323 4.757923470569199
0.0141 6366.786903757647 1.000256240537291 1.550872538403991 289.7851255752915 4.733090658454072
0.0142 6366.799622347209 1.000255856733528 1.55079170750428 289.7024547431405 4.708271391785337
0.0143 6366.812392446316 1.000255472037055 1.550710843876359 289.619449098945 4.683466571563879
0.0144 6366.82521407629 1.000255086453791 1.550629947458155 289.5361085041167 4.658677095598875
0.0145 6366.838087258496 1.000254699989656 1.550549018188269 289.4524328197775 4.633903858443141
0.0146 6366.851012014339 1.000254312650575 1.55046805600602 289.3684219067953 4.609147751349925
0.0147 6366.863988365268 1.000253924442474 1.550387060851423 289.28407562576 4.584409662212376
0.0148 6366.877016332769 1.000253535371282 1.550306032665152 289.1993938370014 4.55969047551556
0.0149 6366.890095938369 1.000253145442934 1.550224971388547 289.1143764006009 4.534991072286919
0.015 6366.903227203637 1.000252754663361 1.55014387696367 289.0290231763623 4.510312330034972
0.0151 6366.916410150177 1.000252363038502 1.550062749333274 288.9433340238469 4.485655122707254
0.0152 6366.929644799637 1.000251970574294 1.549981588440765 288.8573088023617 4.461020320634756
0.0153 6366.942931173699 1.000251577276677 1.549900394230251 288.7709473709536 4.43640879047844
0.0154 6366.956269294084 1.000251183151592 1.54981916664655 288.6842495884511 4.411821395189531
0.0155 6366.969659182552 1.000250788204983 1.549737905635109 288.5972153134102 4.387258993943129
0.0156 6366.9831008609 1.000250392442794 1.549656611142114 288.5098444041508 4.362722442097446
0.0157 6366.996594350959 1.000249995870969 1.549575283114406 288.4221367187682 4.338212591146507
0.0158 6367.010139674599 1.000249598495454 1.54949392149951 288.3340921151092 4.313730288663205
0.0159 6367.023736853725 1.000249200322195 1.549412526245666 288.2457104507902 4.289276378254362
0.016 6367.037385910275 1.000248801357139 1.549331097301774 288.1569915832146 4.264851699515963
0.0161 6367.051086866226 1.000248401606233 1.549249634617412 288.0679353695317 4.240457087972441
0.0162 6367.064839743587 1.000248001075423 1.549168138142854 287.978541666684 4.21609337504078
0.0163 6367.078644564402 1.000247599770655 1.549086607829084 287.8888103313892 4.191761387976977
0.0164 6367.092501350747 1.000247197697877 1.549005043627708 287.7987412201463 4.167461949829402
0.0165 6367.106410124733 1.000246794863034 1.548923445491072 287.7083341892356 4.143195879390871
0.0166 6367.120370908503 1.00024639127207 1.548841813372192 287.6175890947305 4.118963991154252
0.0167 6367.134383724233 1.000245986930929 1.54876014722474 287.5265057924856 4.094767095262087
0.0168 6367.14844859413 1.000245581845554 1.548678447003099 287.4350841381546 4.070605997464481
0.0169 6367.162565540433 1.000245176021888 1.548596712662302 287.3433239871841 4.046481499071024
0.017 6367.176734585411 1.000244769465868 1.548514944158115 287.2512251948259 4.022394396907784
0.0171 6367.190955751366 1.000244362183435 1.548433141446947 287.1587876161187 3.998345483266931
0.0172 6367.205229060628 1.000243954180524 1.548351304485912 287.0660111059182 3.974335545869105
0.0173 6367.219554535556 1.00024354546307 1.548269433232766 286.9728955188847 3.950365367815316
0.0174 6367.23393219854 1.000243136037004 1.548187527645977 286.8794407094896 3.926435727543893
0.0175 6367.248362072 1.000242725908257 1.548105587684695 286.7856465320032 3.902547398783274
0.0176 6367.262844178381 1.000242315082756 1.548023613308717 286.6915128405243 3.878701150515772
0.0177 6367.27737854016 1.000241903566425 1.547941604478541 286.5970394889627 3.854897746929633
0.0178 6367.291965179838 1.000241491365184 1.547859561155347 286.5022263310506 3.831137947379049
0.0179 6367.306604119946 1.000241078484954 1.54777748330099 286.4070732203489 3.807422506343035
0.018 6367.32129538304 1.000240664931647 1.547695370877997 286.3115800102413 3.783752173381768
0.0181 6367.336038991702 1.000240250711177 1.54761322384954 286.2157465539339 3.760127693094855
0.0182 6367.350834968543 1.000239835829449 1.547531042179522 286.1195727044732 3.736549805084388
0.0183 6367.365683336195 1.000239420292369 1.547448825832489 286.0230583147344 3.71301924391111
0.0184 6367.380584117318 1.000239004105836 1.547366574773636 285.926203237433 3.689536739056832
0.0185 6367.395537334598 1.000238587275745 1.547284288968885 285.8290073251131 3.66610301488154
0.0186 6367.41054301074 1.000238169807987 1.547201968384806 285.7314704301888 3.642718790593751
0.0187 6367.425601168478 1.000237751708449 1.547119612988612 285.6335924048907 3.619384780198527
0.0188 6367.440711830566 1.000237332983013 1.547037222748223 285.5353731013196 3.596101692471529
0.0189 6367.455875019783 1.000236913637555 1.546954797632218 285.4368123714106 3.572870230912264
0.019 6367.47109075893 1.000236493677947 1.546872337609844 285.3379100669571 3.549691093711908
0.0191 6367.486359070828 1.000236073110056 1.546789842650962 285.2386660396163 3.526564973717293
0.0192 6367.501679978323 1.000235651939742 1.546707312726212 285.1390801408978 3.503492558391226
0.0193 6367.517053504281 1.000235230172861 1.546624747806818 285.0391522221752 3.48047452977882
0.0194 6367.532479671587 1.000234807815263 1.54654214786465 284.938882134686 3.457511564471515
0.0195 6367.547958503149 1.00023438487279 1.546459512872309 284.8382697295318 3.434604333571583
0.0196 6367.563490021894 1.00023396135128 1.546376842803032 284.7373148576902 3.411753502659804
0.0197 6367.579074250768 1.000233537256564 1.546294137630676 284.6360173700085 3.388959731759563
0.0198 6367.594711212737 1.000233112594467 1.546211397329812 284.5343771172101 3.366223675304123
0.0199 6367.610400930786 1.000232687370807 1.54612862187564 284.4323939498939 3.343545982103056
0.02 6367.626143427916 1.000232261591394 1.546045811244024 284.330067718547 3.32092729531178
0.0201 6367.641938727149 1.000231835262033 1.545962965411496 284.2273982735318 3.298368252396334
0.0202 6367.657786851522 1.00023140838852 1.545880084355216 284.1243854651046 3.275869485105197
0.0203 6367.673687824093 1.000230980976646 1.545797168053039 284.0210291433976 3.253431619433806
0.0204 6367.689641667931 1.000230553032192 1.545714216483411 283.9173291584483 3.231055275599909
0.0205 6367.705648406126 1.000230124560932 1.545631229625488 283.8132853601818 3.208741068009101
0.0206 6367.72170806178 1.000229695568633 1.545548207459047 283.7088975984287 3.186489605228554
0.0207 6367.737820658014 1.000229266061054 1.545465149964512 283.6041657229074 3.164301489953658
0.0208 6367.753986217963 1.000228836043946 1.545382057122971 283.4990895832415 3.142177318982767
0.0209 6367.770204764774 1.000228405523049 1.545298928916131 283.393669028966 3.120117683189891
0.021 6367.786476321613 1.000227974504099 1.545215765326378 283.2879039095154 3.098123167494188
0.0211 6367.802800911654 1.000227542992819 1.545132566336703 283.1817940742475 3.076194350837409
0.0212 6367.819178558089 1.000227110994927 1.545049331930767 283.0753393724193 3.054331806152019
0.0213 6367.835609284123 1.00022667851613 1.544966062092852 282.9685396531994 3.032536100337261
0.0214 6367.85209311297 1.000226245562125 1.544882756807878 282.8613947656971 3.010807794239272
0.0215 6367.868630067859 1.000225812138602 1.544799416061414 282.7539045589155 2.989147442616077
0.0216 6367.885220172031 1.00022537825124 1.544716039839663 282.6460688817982 2.967555594122391
0.0217 6367.901863448737 1.000224943905709 1.544632628129453 282.5378875832124 2.946032791281715
0.0218 6367.918559921239 1.00022450910767 1.544549180918242 282.4293605119482 2.924579570462624
0.0219 6367.935309612811 1.000224073862773 1.544465698194111 282.3204875167306 2.903196461857938
0.022 6367.952112546735 1.000223638176659 1.544382179945783 282.2112684462198 2.88188398946206
0.0221 6367.968968746306 1.000223202054956 1.544298626162632 282.1017031490109 2.860642671048892
0.0222 6367.985878234826 1.000222765503286 1.54421503683458 281.9917914736278 2.839473018149183
0.0223 6368.002841035607 1.000222328527259 1.544131411952244 281.8815332685534 2.818375536035262
0.0224 6368.019857171968 1.000221891132471 1.544047751506847 281.7709283822054 2.797350723696037
0.0225 6368.036926667238 1.000221453324513 1.543964055490195 281.6599766629541 2.776399073820546
0.0226 6368.054049544753 1.000221015108961 1.543880323894748 281.548677959105 2.755521072775321
0.0227 6368.071225827857 1.000220576491381 1.543796556713587 281.437032118928 2.734717200591247
0.0228 6368.088455539901 1.000220137477328 1.543712753940373 281.3250389906456 2.713987930943156
0.0229 6368.105738704242 1.000219698072347 1.543628915569383 281.2126984224273 2.693333731131172
0.023 6368.123075344245 1.000219258281968 1.543545041595535 281.100010262407 2.672755062066997
0.0231 6368.140465483279 1.000218818111713 1.543461132014319 280.9869743586891 2.652252378258517
0.0232 6368.157909144718 1.00021837756709 1.543377186821867 280.8735905593306 2.631826127790709
0.0233 6368.175406351944 1.000217936653597 1.543293206014866 280.7598587123651 2.611476752314655
0.0234 6368.192957128341 1.000217495376719 1.543209189590646 280.6457786657846 2.591204687029642
0.0235 6368.2105614973 1.000217053741928 1.543125137547119 280.5313502675516 2.571010360671198
0.0236 6368.228219482213 1.000216611754685 1.543041049882791 280.4165733656167 2.550894195500663
0.0237 6368.245931106479 1.000216169420439 1.542956926596775 280.3014478078893 2.530856607287033
0.0238 6368.263696393496 1.000215726744624 1.542872767688765 280.1859734422786 2.510898005301836
0.0239 6368.281515366668 1.000215283732665 1.54278857315905 280.0701501166585 2.491018792301174
0.024 6368.299388049402 1.00021484038997 1.542704343008511 279.9539776788851 2.471219364517649
0.0241 6368.317314465105 1.000214396721939 1.542620077238596 279.8374559768143 2.451500111652781
0.0242 6368.335294637188 1.000213952733954 1.542535775851374 279.7205848582788 2.431861416862964
0.0243 6368.353328589061 1.000213508431387 1.542451438849441 279.603364171105 2.412303656753088
0.0244 6368.371416344135 1.000213063819597 1.54236706623604 279.4857937631194 2.392827201368688
0.0245 6368.389557925826 1.000212618903926 1.542282658014946 279.3678734821309 2.373432414184783
0.0246 6368.407753357545 1.000212173689707 1.542198214190494 279.24960317596 2.354119652103153
0.0247 6368.426002662705 1.000211728182256 1.542113734767628 279.1309826924156 2.33488926544142
0.0248 6368.44430586472 1.000211282386878 1.542029219751856 279.0120118793183 2.315741597930494
0.0249 6368.462662987001 1.000210836308861 1.541944669149236 278.8926905844945 2.296676986707759
0.025 6368.481074052959 1.000210389953483 1.541860082966385 278.773018655765 2.277695762309984
0.0251 6368.499539086004 1.000209943326003 1.541775461210529 278.6529959409739 2.258798248673418
0.0252 6368.518058109542 1.00020949643167 1.541690803889395 278.5326222879775 2.239984763127856
0.0253 6368.536631146979 1.000209049275717 1.541606111011288 278.4118975446376 2.221255616392313
0.0254 6368.555258221718 1.000208601863362 1.541521382585092 278.290821558834 2.202611112574077
0.0255 6368.573939357158 1.00020815419981 1.541436618620204 278.16939417847 2.184051549167395
0.0256 6368.592674576696 1.000207706290251 1.541351819126613 278.0476152514728 2.165577217051847
0.0257 6368.611463903727 1.000207258139858 1.541266984114801 277.9254846257753 2.147188400488669
0.0258 6368.630307361636 1.000206809753792 1.541182113595854 277.8030021493636 2.128885377127505
0.0259 6368.649204973812 1.000206361137199 1.541097207581337 277.6801676702238 2.110668417998593
0.026 6368.668156763632 1.000205912295207 1.541012266083415 277.5569810363894 2.092537787520678
0.0261 6368.687162754472 1.000205463232932 1.540927289114749 277.4334420959293 2.074493743500613
0.0262 6368.706222969704 1.000205013955474 1.54084227668852 277.3095506969242 2.056536537131952
0.0263 6368.72533743269 1.000204564467916 1.540757228818499 277.1853066875141 2.038666413004479
0.0264 6368.744506166789 1.000204114775328 1.540672145518928 277.0607099158741 2.020883609103954
0.0265 6368.763729195352 1.000203664882764 1.540587026804607 276.9357602302151 2.003188356815976
0.0266 6368.783006541726 1.00020321479526 1.540501872690833 276.8104574787834 1.985580880930443
0.0267 6368.802338229249 1.000202764517839 1.540416683193426 276.6848015098784 1.968061399649111
0.0268 6368.821724281253 1.000202314055508 1.540331458328737 276.5587921718587 1.950630124592008
0.0269 6368.84116472106 1.000201863413256 1.540246198113645 276.4324293131125 1.933287260799576
0.027 6368.860659571986 1.000201412596059 1.540160902565476 276.3057127820929 1.916033006744445
0.0271 6368.880208857338 1.000200961608874 1.540075571702141 276.1786424273004 1.898867554336422
0.0272 6368.899812600417 1.000200510456645 1.539990205542009 276.0512180972886 1.881791088931369
0.0273 6368.919470824511 1.000200059144297 1.539904804103951 275.9234396406763 1.864803789341432
0.0274 6368.939183552901 1.000199607676741 1.539819367407334 275.7953069061413 1.847905827843471
0.0275 6368.958950808859 1.000199156058869 1.53973389547207 275.6668197424145 1.831097370188147
0.0276 6368.978772615646 1.00019870429556 1.539648388318488 275.5379779982981 1.814378575612699
0.0277 6368.998648996513 1.000198252391673 1.539562845967462 275.4087815226648 1.797749596851943
0.0278 6369.018579974701 1.000197800352054 1.539477268440341 275.2792301644466 1.781210580148376
0.0279 6369.038565573439 1.000197348181529 1.539391655758946 275.1493237726467 1.764761665265936
0.028 6369.058605815947 1.000196895884909 1.539306007945563 275.0190621963446 1.748402985503553
0.0281 6369.078700725432 1.00019644346699 1.539220325022991 274.8884452846913 1.73213466770779
0.0282 6369.09885032509 1.000195990932547 1.539134607014482 274.7574728869143 1.715956832287583
0.0283 6369.119054638105 1.000195538286341 1.539048853943765 274.6261448523181 1.699869593228811
0.0284 6369.139313687649 1.000195085533116 1.538963065835023 274.494461030284 1.683873058109464
0.0285 6369.159627496881 1.000194632677597 1.538877242712928 274.3624212702761 1.667967328116118
0.0286 6369.179996088947 1.000194179724496 1.538791384602579 274.230025421847 1.652152498060955
0.0287 6369.200419486981 1.000193726678503 1.538705491529563 274.0972733346206 1.63642865639655
0.0288 6369.220897714102 1.000193273544293 1.538619563519906 273.9641648583387 1.620795885238968
0.0289 6369.241430793415 1.000192820326526 1.538533600600098 273.8306998428023 1.605254260378803
0.029 6369.262018748014 1.00019236702984 1.538447602797043 273.6968781379072 1.589803851304044
0.0291 6369.282661600977 1.00019191365886 1.53836157013813 273.5626995936494 1.574444721219929
0.0292 6369.303359375366 1.000191460218192 1.53827550265117 273.4281640601197 1.559176927068014
0.0293 6369.32411209423 1.000191006712423 1.538189400364408 273.2932713875033 1.544000519546507
0.0294 6369.344919780601 1.000190553146125 1.538103263306543 273.158021426092 1.528915543132492
0.0295 6369.365782457498 1.000190099523851 1.538017091506676 273.0224140262602 1.51392203610075
0.0296 6369.386700147924 1.000189645850138 1.537930884994359 272.8864490384948 1.499020030549082
0.0297 6369.407672874863 1.000189192129503 1.537844643799552 272.7501263133889 1.484209552420201
0.0298 6369.428700661287 1.000188738366448 1.537758367952662 272.6134457016364 1.469490621524206
0.0299 6369.449783530148 1.000188284565455 1.537672057484464 272.4764070540372 1.454863251562917
0.03 6369.470921504385 1.00018783073099 1.537585712426205 272.3390102214979 1.4403274501541
0.0301 6369.492114606916 1.000187376867501 1.537499332809483 272.2012550550434 1.425883218857483
0.0302 6369.513362860645 1.000186922979417 1.537412918666364 272.0631414058047 1.411530553198805
0.0303 6369.534666288457 1.000186469071151 1.537326470029268 271.9246691250313 1.397269442696903
0.0304 6369.55602491322 1.000186015147097 1.537239986931038 271.7858380640731 1.383099870888273
0.0305 6369.577438757781 1.000185561211632 1.537153469404909 271.6466480744219 1.36902181535822
0.0306 6369.598907844975 1.000185107269114 1.537066917484506 271.5070990076641 1.355035247763467
0.0307 6369.620432197612 1.000184653323884 1.536980331203845 271.367190715522 1.341140133864318
0.0308 6369.642011838486 1.000184199380265 1.53689371059733 271.2269230498422 1.327336433551924
0.0309 6369.663646790373 1.000183745442562 1.536807055699739 271.0862958625775 1.313624100875548
0.031 6369.685337076028 1.000183291515062 1.536720366546236 270.9453090058167 1.300003084075008
0.0311 6369.707082718189 1.000182837602034 1.536633643172356 270.8039623317731 1.286473325609526
0.0312 6369.728883739571 1.000182383707729 1.536546885614007 270.6622556927895 1.27303476218883
0.0313 6369.750740162872 1.000181929836381 1.536460093907461 270.5201889413332 1.259687324803631
0.0314 6369.772652010767 1.000181475992205 1.536373268089347 270.3777619300134 1.246430938758823
0.0315 6369.794619305914 1.000181022179397 1.536286408196678 270.2349745115574 1.233265523703293
0.0316 6369.816642070948 1.000180568402137 1.53619951426679 270.0918265388403 1.220190993665187
0.0317 6369.838720328482 1.000180114664587 1.536112586337417 269.9483178648674 1.207207257083261
0.0318 6369.860854101113 1.000179660970889 1.536025624446582 269.8044483427678 1.194314216839857
0.0319 6369.88304341141 1.000179207325169 1.535938628632692 269.6602178258366 1.181511770298582
0.032 6369.905288281925 1.000178753731534 1.535851598934515 269.5156261674869 1.168799809334482
0.0321 6369.927588735189 1.000178300194074 1.535764535391102 269.3706732212735 1.156178220371089
0.0322 6369.949944793706 1.000177846716858 1.535677438041893 269.2253588409111 1.143646884417308
0.0323 6369.972356479963 1.000177393303942 1.535590306926602 269.0796828802385 1.131205677100151
0.0324 6369.994823816423 1.00017693995936 1.535503142085319 268.933645193248 1.11885446870359
0.0325 6370.017346825526 1.00017648668713 1.535415943558438 268.78724563408 1.106593124204757
0.0326 6370.03992552969 1.00017603349125 1.53532871138666 268.6404840570166 1.094421503310627
0.0327 6370.062559951308 1.000175580375703 1.535241445611018 268.4933603164994 1.082339460497101
0.0328 6370.085250112753 1.000175127344451 1.535154146272857 268.3458742671063 1.0703468450451
0.0329 6370.107996036371 1.000174674401441 1.535066813413815 268.1980257635863 1.058443501081945
0.033 6370.130797744489 1.0001742215506 1.534979447075854 268.0498146608187 1.046629267616893
0.0331 6370.153655259406 1.000173768795838 1.534892047301227 267.90124081386 1.034903978584269
0.0332 6370.1765686034 1.000173316141047 1.534804614132464 267.7523040779027 1.023267462879889
0.0333 6370.199537798723 1.000172863590101 1.534717147612417 267.6030043082991 1.011719544403102
0.0334 6370.222562867603 1.000172411146857 1.534629647784216 267.4533413605785 1.00026004209868
0.0335 6370.245643832245 1.000171958815153 1.534542114691281 267.3033150904065 0.9888887699945633
0.0336 6370.268780714828 1.000171506598809 1.534454548377299 267.1529253536199 0.9776055372459372
0.0337 6370.291973537506 1.00017105450163 1.534366948886235 267.0021720062094 0.9664101481756051
0.0338 6370.31522232241 1.000170602527401 1.534279316262346 266.851054904337 0.9553024023174196
0.0339 6370.338527091642 1.000170150679888 1.534191650550147 266.6995739043244 0.9442820944578748
0.034 6370.361887867284 1.000169698962844 1.534103951794412 266.5477288626529 0.9333490146789746
0.0341 6370.385304671388 1.000169247379999 1.534016220040185 266.395519635981 0.9225029484027234
0.0342 6370.40877752598 1.00016879593507 1.53392845533278 266.2429460811271 0.911743676433414
0.0343 6370.432306453065 1.000168344631753 1.533840657717743 266.0900080550749 0.9010709750019914
0.0344 6370.455891474618 1.000167893473729 1.533752827240879 265.9367054149856 0.8904846158111459
0.0345 6370.479532612588 1.000167442464661 1.533664963948241 265.7830380181798 0.8799843660786906
0.0346 6370.503229888899 1.000166991608193 1.533577067886133 265.6290057221557 0.8695699885837385
0.0347 6370.526983325449 1.000166540907954 1.533489139101082 265.4746083845829 0.8592412417115614
0.0348 6370.550792944108 1.000166090367555 1.533401177639845 265.3198458632963 0.8489978794988001
0.0349 6370.57465876672 1.000165639990588 1.533313183549455 265.1647180163203 0.8388396516809428
0.035 6370.598580815101 1.000165189780631 1.533225156877112 265.0092247018446 0.8287663037369698
0.0351 6370.622559111041 1.000164739741242 1.533137097670266 264.8533657782303 0.8187775769362883
0.0352 6370.646593676304 1.000164289875963 1.533049005976613 264.6971411040221 0.8088732083863132
0.0353 6370.670684532624 1.00016384018832 1.532960881844027 264.5405505379416 0.7990529310791886
0.0354 6370.69483170171 1.00016339068182 1.532872725320594 264.3835939388881 0.789316473939182
0.0355 6370.71903520524 1.000162941359955 1.53278453645464 264.2262711659381 0.779663561870361
0.0356 6370.74329506487 1.000162492226199 1.532696315294666 264.0685820783455 0.7700939158045427
0.0357 6370.767611302223 1.000162043284009 1.532608061889382 263.9105265355532 0.7606072527502135
0.0358 6370.791983938894 1.000161594536827 1.532519776287708 263.7521043971877 0.7512032858406179
0.0359 6370.816412996455 1.000161145988077 1.532431458538732 263.5933155230408 0.7418817243814316
0.036 6370.840898496444 1.000160697641166 1.532343108691759 263.4341597731112 0.7326422739021634
0.0361 6370.865440460375 1.000160249499485 1.53225472679625 263.2746370075632 0.7234846362029109
0.0362 6370.89003890973 1.000159801566408 1.532166312901876 263.1147470867562 0.7144085094055133
0.0363 6370.914693865965 1.000159353845295 1.532077867058463 262.9544898712269 0.7054135880021758
0.0364 6370.939405350508 1.000158906339487 1.531989389316014 262.7938652217011 0.6964995629060119
0.0365 6370.964173384753 1.000158459052309 1.531900879724728 262.6328729991059 0.6876661215017517
0.0366 6370.988997990072 1.000158011987071 1.53181233833493 262.4715130645335 0.6789129476940606
0.0367 6371.013879187804 1.000157565147067 1.531723765197129 262.3097852792715 0.6702397219596534
0.0368 6371.03881699926 1.000157118535573 1.531635160361995 262.1476895048085 0.6616461213982439
0.0369 6371.063811445722 1.000156672155851 1.531546523880355 261.9852256028101 0.6531318197821143
0.03700000000000001 6371.08886254844 1.000156226011148 1.531457855803161 261.8223934351375 0.6446964876080804
0.0371 6371.113970328639 1.000155780104691 1.53136915618156 261.6591928638467 0.6363397921486548
0.0372 6371.139134807512 1.000155334439697 1.531280425066794 261.4956237511709 0.6280613975024831
0.0373 6371.164356006223 1.000154889019362 1.531191662510262 261.3316859595506 0.619860964647346
0.0374 6371.189633945906 1.00015444384687 1.53110286856352 261.1673793516092 0.6117381514905899
0.0375 6371.214968647666 1.000153998925388 1.531014043278227 261.0027037901713 0.6036926129217897
0.0376 6371.240360132576 1.00015355425807 1.530925186706177 260.8376591382565 0.595724000864348
0.0377 6371.265808421683 1.00015310984805 1.530836298899311 260.6722452590619 0.5878319643266772
0.0378 6371.291313536001 1.000152665698451 1.53074737990967 260.5064620159914 0.5800161494557765
0.0379 6371.316875496515 1.00015222181238 1.530658429789399 260.3403092726497 0.5722761995891757
0.038 6371.34249432418 1.000151778192927 1.530569448590805 260.1737868928311 0.564611755306732
0.0381 6371.36817003992 1.000151334843171 1.530480436366254 260.0068947405188 0.5570224544830944
0.0382 6371.393902664629 1.000150891766172 1.530391393168235 259.8396326799087 0.5495079323413127
0.0383 6371.419692219172 1.000150448964977 1.530302319049374 259.6720005753804 0.5420678215041007
0.0384 6371.445538724382 1.000150006442619 1.530213214062345 259.5039982915199 0.5347017520475885
0.0385 6371.471442201061 1.000149564202115 1.53012407825995 259.3356256931028 0.5274093515532806
0.0386 6371.497402669983 1.00014912224647 1.530034911695072 259.1668826451113 0.5201902451616377
0.03870000000000001 6371.52342015189 1.000148680578672 1.529945714420676 258.997769012717 0.5130440556241614
0.0388 6371.549494667493 1.000148239201697 1.529856486489835 258.8282846612982 0.5059704033570506
0.0389 6371.575626237473 1.000147798118504 1.529767227955683 258.6584294564285 0.4989689064936236
0.039 6371.601814882479 1.000147357332041 1.529677938871433 258.4882032638883 0.4920391809377649
0.0391 6371.628060623132 1.00014691684524 1.529588619290384 258.3176059496412 0.4851808404159352
0.0392 6371.65436348002 1.00014647666102 1.529499269265897 258.1466373798697 0.4783934965315999
0.0393 6371.680723473701 1.000146036782287 1.529409888851402 257.9752974209454 0.4716767588170213
0.0394 6371.707140624701 1.000145597211931 1.529320478100397 257.8035859394466 0.4650302347869562
0.0395 6371.733614953515 1.000145157952831 1.529231037066444 257.631502802153 0.4584535299913935
0.0396 6371.760146480609 1.000144719007852 1.529141565803136 257.4590478760391 0.45194624806829
0.0397 6371.786735226417 1.000144280379844 1.529052064364164 257.2862210282864 0.4455079907969547
0.0398 6371.813381211343 1.000143842071646 1.528962532803223 257.1130221262714 0.4391383581505048
0.0399 6371.840084455756 1.000143404086083 1.528872971174092 256.9394510375836 0.4328369483493767
0.04 6371.866844979999 1.000142966425967 1.528783379530563 256.7655076300074 0.4266033579134811
0.0401 6371.89366280438 1.000142529094096 1.528693757926508 256.5911917715283 0.4204371817151803
0.0402 6371.920537949178 1.000142092093258 1.528604106415792 256.4165033303447 0.4143380130323933
0.0403 6371.94747043464 1.000141655426225 1.528514425052323 256.241442174838 0.4083054436001801
0.04040000000000001 6371.974460280982 1.00014121909576 1.528424713890083 256.0660081736145 0.4023390636647274
0.0405 6372.00150750839 1.00014078310461 1.528334972983025 255.8902011954636 0.3964384620343763
0.0406 6372.028612137016 1.000140347455512 1.528245202385154 255.7140211093937 0.3906032261331981
0.0407 6372.055774186983 1.00013991215119 1.528155402150482 255.5374677846079 0.384832942052456
0.0408 6372.082993678383 1.000139477194357 1.528065572333057 255.3605410905105 0.3791271946029705
0.0409 6372.110270631275 1.000139042587712 1.527975712986914 255.1832408967128 0.3734855673673517
0.041 6372.137605065687 1.000138608333944 1.527885824166144 255.0055670730329 0.3679076427519131
0.0411 6372.164997001618 1.000138174435729 1.527795905924785 254.827519489484 0.3623930020380912
0.0412 6372.192446459034 1.000137740895732 1.527705958316927 254.6490980162802 0.3569412254342969
0.0413 6372.219953457869 1.000137307716606 1.527615981396651 254.4703025238485 0.3515518921277858
0.0414 6372.247518018027 1.000136874900993 1.527525975218027 254.291132882823 0.3462245803358233
0.0415 6372.275140159381 1.000136442451525 1.527435939835122 254.1115889640208 0.3409588673561921
0.04160000000000001 6372.302819901772 1.00013601037082 1.527345875301997 253.9316706384838 0.3357543296194574
0.0417 6372.330557265008 1.000135578661487 1.527255781672717 253.7513777774487 0.3306105427389527
0.0418 6372.35835226887 1.000135147326123 1.527165659001317 253.5707102523478 0.3255270815614807
0.0419 6372.386204933104 1.000134716367315 1.527075507341809 253.3896679348258 0.3205035202183181
0.042 6372.414115277426 1.00013428578764 1.526985326748205 253.2082506967284 0.3155394321751804
0.04210000000000001 6372.442083321523 1.000133855589662 1.526895117274493 253.0264584101027 0.3106343902823324
0.0422 6372.470109085046 1.000133425775936 1.526804878974617 252.8442909472022 0.3057879668246474
0.0423 6372.498192587619 1.000132996349008 1.526714611902505 252.6617481804759 0.3009997335709756
0.0424 6372.526333848834 1.000132567311411 1.526624316112055 252.4788299825794 0.2962692618239273
0.0425 6372.554532888251 1.00013213866567 1.52653399165715 252.2955362263696 0.2915961224689506
0.0426 6372.582789725398 1.0001317104143 1.526443638591588 252.1118667849099 0.2869798860234853
0.0427 6372.611104379775 1.000131282559805 1.526353256969165 251.9278215314592 0.2824201226854255
0.0428 6372.639476870849 1.000130855104678 1.526262846843647 251.7434003394832 0.2779164023819322
0.0429 6372.667907218054 1.000130428051407 1.526172408268713 251.5586030826483 0.2734682948175445
0.043 6372.696395440797 1.000130001402466 1.526081941298024 251.3734296348165 0.2690753695220416
0.0431 6372.724941558452 1.000129575160321 1.5259914459852 251.1878798700621 0.2647371958985978
0.0432 6372.753545590362 1.00012914932743 1.525900922383759 251.001953662649 0.260453343270682
0.04330000000000001 6372.782207555839 1.00012872390624 1.525810370547231 250.8156508870478 0.2562233809296576
0.0434 6372.810927474165 1.000128298899191 1.525719790529042 250.6289714179301 0.2520468781815342
0.0435 6372.839705364589 1.000127874308711 1.525629182382572 250.4419151301685 0.2479234043935698
0.0436 6372.868541246334 1.000127450137223 1.525538546161144 250.2544818988307 0.2438525290404449
0.0437 6372.897435138586 1.000127026387138 1.525447881918009 250.0666715991914 0.2398338217505211
0.0438 6372.926387060505 1.000126603060861 1.525357189706344 249.8784841067203 0.2358668523512704
0.0439 6372.955397031219 1.000126180160787 1.525266469579265 249.6899192970762 0.2319511909145333
0.044 6372.984465069825 1.000125757689303 1.525175721589827 249.5009770461369 0.228086407802183
0.0441 6373.013591195389 1.000125335648789 1.525084945790986 249.311657229969 0.2242720737102263
0.0442 6373.042775426948 1.000124914041614 1.524994142235643 249.1219597248404 0.2205077597134378
0.0443 6373.072017783506 1.000124492870143 1.524903310976598 248.931884407208 0.2167930373091756
0.0444 6373.101318284041 1.000124072136729 1.524812452066593 248.7414311537358 0.2131274784614344
0.0445 6373.130676947496 1.000123651843721 1.524721565558274 248.5505998412767 0.2095106556438514
0.0446 6373.160093792786 1.000123231993458 1.5246306515042 248.3593903468908 0.2059421418830416
0.0447 6373.189568838796 1.000122812588273 1.524539709956845 248.1678025478271 0.2024215108008941
0.0448 6373.219102104379 1.000122393630489 1.524448740968592 247.9758363215359 0.1989483366570621
0.0449 6373.248693608361 1.000121975122426 1.524357744591743 247.7834915456564 0.1955221943906422
0.04500000000000001 6373.278343369533 1.000121557066393 1.52426672087848 247.5907680980348 0.1921426596620091
0.0451 6373.308051406662 1.000121139464694 1.524175669880912 247.3976658566947 0.1888093088934293
0.0452 6373.337817738482 1.000120722319625 1.524084591651041 247.2041846998667 0.1855217193103303
0.0453 6373.367642383696 1.000120305633476 1.523993486240778 247.0103245059762 0.1822794689814435
0.0454 6373.397525360979 1.000119889408529 1.523902353701907 246.816085153638 0.1790821368586641
0.0455 6373.427466688976 1.000119473647062 1.523811194086143 246.6214665216561 0.175929302816614
0.0456 6373.457466386301 1.000119058351344 1.523720007445063 246.4264684890412 0.1728205476920761
0.0457 6373.487524471541 1.000118643523639 1.523628793830166 246.2310909349816 0.1697554533222555
0.0458 6373.51764096325 1.000118229166203 1.52353755329282 246.0353337388723 0.1667336025835738
0.0459 6373.547815879956 1.000117815281289 1.523446285884288 245.8391967802858 0.163754579429107
0.046 6373.578049240155 1.00011740187114 1.523354991655723 245.6426799389895 0.160817968926346
0.0461 6373.608341062316 1.000116988937997 1.523263670658152 245.4457830949463 0.1579233572942391
0.0462 6373.638691364878 1.000116576484092 1.523172322942508 245.2485061282958 0.1550703319395514
0.0463 6373.669100166248 1.000116164511652 1.523080948559587 245.0508489193852 0.1522584814934758
0.0464 6373.699567484809 1.000115753022901 1.522989547560072 244.8528113487445 0.149487395847025
0.0465 6373.730093338911 1.000115342020053 1.52289811999453 244.6543932970811 0.1467566661862529
0.0466 6373.760677746875 1.000114931505321 1.522806665913383 244.4555946453096 0.1440658850275112
0.04670000000000001 6373.791320726998 1.00011452148091 1.522715185366981 244.2564152745157 0.1414146462513552
0.0468 6373.822022297541 1.00011411194902 1.522623678405484 244.0568550659804 0.1388025451368091
0.0469 6373.852782476743 1.000113702911846 1.522532145078966 243.8569139011678 0.1362291783946862
0.047 6373.883601282811 1.000113294371579 1.522440585437363 243.6565916617313 0.1336941442006871
0.0471 6373.914478733923 1.000112886330404 1.522348999530481 243.4558882295017 0.1311970422278024
0.0472 6373.94541484823 1.000112478790502 1.522257387408005 243.2548034865048 0.1287374736786224
0.0473 6373.976409643854 1.000112071754048 1.52216574911946 243.0533373149495 0.1263150413167979
0.0474 6374.007463138889 1.000111665223213 1.522074084714281 242.8514895972224 0.1239293494981118
0.0475 6374.038575351401 1.000111259200165 1.521982394241723 242.6492602158932 0.1215800042012146
0.0476 6374.069746299428 1.000110853687065 1.521890677750932 242.4466490537205 0.1192666130578725
0.0477 6374.100976000979 1.000110448686071 1.521798935290918 242.2436559936349 0.1169887853824628
0.0478 6374.132264474036 1.000110044199337 1.52170716691054 242.0402809187675 0.1147461322015203
0.04790000000000001 6374.163611736552 1.000109640229012 1.52161537265854 241.8365237124093 0.1125382662819997
0.048 6374.195017806455 1.00010923677724 1.521523552583491 241.6323842580404 0.1103648021598438
0.0481 6374.226482701642 1.000108833846165 1.521431706733845 241.427862439324 0.1082253561676575
0.0482 6374.258006439986 1.000108431437921 1.521339835157915 241.2229581400892 0.106119546461773
0.0483 6374.28958903933 1.000108029554643 1.521247937903845 241.0176712443539 0.1040469930492517
0.04840000000000001 6374.321230517489 1.000107628198462 1.521156015019669 240.8120016363195 0.1020073178140715
0.0485 6374.352930892253 1.000107227371501 1.521064066553266 240.6059492003586 0.1000001445427628
0.0486 6374.384690181383 1.000106827075885 1.520972092552353 240.3995138210097 0.09802509894961142
0.0487 6374.416508402614 1.000106427313732 1.520880093064521 240.192695383006 0.09608180870169332
0.0488 6374.448385573654 1.000106028087156 1.520788068137215 239.9854937712465 0.09416990344283417
0.0489 6374.480321712183 1.000105629398271 1.520696017817716 239.7779088708074 0.09228901481746341
0.049 6374.512316835857 1.000105231249185 1.520603942153176 239.5699405669305 0.090438776493741
0.0491 6374.5443709623 1.000104833642004 1.520511841190576 239.3615887450468 0.08861882418649362
0.0492 6374.576484109116 1.000104436578829 1.520419714976772 239.1528532907467 0.08682879567916599
0.0493 6374.608656293877 1.000104040061759 1.520327563558457 238.9437340897983 0.08506833084568473
0.0494 6374.640887534132 1.000103644092893 1.520235386982172 238.7342310281409 0.08333707167160034
0.0495 6374.673177847402 1.000103248674321 1.52014318529432 238.5243439918853 0.08163466227477002
0.04960000000000001 6374.705527251183 1.000102853808136 1.520050958541141 238.3140728673137 0.07996074892552779
0.0497 6374.737935762942 1.000102459496424 1.519958706768722 238.1034175408739 0.07831498006629628
0.0498 6374.770403400125 1.00010206574127 1.519866430023008 237.8923778991851 0.07669700633077962
0.0499 6374.802930180147 1.000101672544756 1.519774128349802 237.6809538290439 0.07510648056263813
0.05 6374.835516120401 1.000101279908962 1.519681801794707 237.4691452173946 0.07354305783338409
0.05010000000000001 6374.868161238252 1.000100887835965 1.519589450403239 237.2569519513648 0.07200639546025643
0.0502 6374.90086555104 1.000100496327838 1.519497074220711 237.0443739182418 0.07049615302313515
0.0503 6374.933629076079 1.000100105386654 1.519404673292312 236.8314110054843 0.06901199238120717
0.0504 6374.966451830659 1.000099715014482 1.519312247663057 236.6180631007163 0.06755357768898994
0.0505 6374.999333832044 1.000099325213389 1.519219797377823 236.4043300917159 0.06612057541180701
0.0506 6375.032275097471 1.00009893598544 1.519127322481316 236.1902118664383 0.06471265434099281
0.0507 6375.065275644155 1.000098547332696 1.51903482301812 235.9757083129924 0.06332948560826515
0.0508 6375.098335489284 1.00009815925722 1.51894229903263 235.7608193196528 0.06197074269982755
0.0509 6375.131454650021 1.000097771761067 1.518849750569113 235.5455447748653 0.06063610146991669
0.051 6375.164633143505 1.000097384846295 1.518757177671659 235.3298845672178 0.05932524015362354
0.0511 6375.19787098685 1.000096998514956 1.51866458038424 235.1138385854755 0.05803783937961176
0.0512 6375.231168197146 1.000096612769103 1.518571958750636 234.8974067185512 0.05677358218192843
0.05130000000000001 6375.264524791457 1.000096227610785 1.518479312814497 234.6805888555294 0.05553215401163224
0.0514 6375.297940786822 1.00009584304205 1.518386642619317 234.4633848856541 0.05431324274770461
0.0515 6375.33141620026 1.000095459064944 1.51829394820843 234.2457946983112 0.05311653870743469
0.0516 6375.36495104876 1.000095075681509 1.518201229625028 234.027818183058 0.05194173465656829
0.0517 6375.398545349291 1.000094692893788 1.518108486912141 233.8094552296055 0.05078852581869075
0.05180000000000001 6375.432199118797 1.000094310703821 1.518015720112658 233.5907057278185 0.04965660988421643
0.0519 6375.465912374197 1.000093929113646 1.517922929269306 233.3715695677214 0.04854568701891187
0.052 6375.499685132387 1.000093548125299 1.517830114424668 233.1520466394862 0.04745545987183617
0.0521 6375.533517410239 1.000093167740815 1.517737275621167 232.9321368334448 0.04638563358291156
0.0522 6375.567409224603 1.000092787962226 1.517644412901085 232.7118400400826 0.04533591578991439
0.0523 6375.601360592302 1.000092408791564 1.51755152630656 232.4911561500388 0.04430601663501163
0.0524 6375.635371530137 1.000092030230856 1.517458615879567 232.2700850541063 0.04329564877081358
0.0525 6375.669442054889 1.000091652282132 1.51736568166194 232.0486266432198 0.04230452736589316
0.0526 6375.703572183311 1.000091274947416 1.517272723695361 231.8267808084796 0.04133237010998748
0.0527 6375.737761932134 1.000090898228732 1.517179742021368 231.6045474411279 0.04037889721851008
0.0528 6375.772011318068 1.000090522128104 1.517086736681354 231.3819264325606 0.03944383143675046
0.0529 6375.806320357799 1.00009014664755 1.516993707716567 231.1589176743095 0.03852689804347795
0.05300000000000001 6375.840689067988 1.000089771789091 1.516900655168085 230.9355210580778 0.03762782485429934
0.0531 6375.875117465277 1.000089397554744 1.51680757907689 230.711736475699 0.03674634222423556
0.0532 6375.909605566282 1.000089023946524 1.516714479483773 230.487563819166 0.03588218305012971
0.0533 6375.9441533876 1.000088650966445 1.516621356429408 230.2630029806018 0.03503508277236266
0.0534 6375.978760945801 1.000088278616519 1.516528209954315 230.0380538522949 0.03420477937636699
0.05350000000000001 6376.013428257436 1.000087906898758 1.516435040098883 229.8127163266639 0.03339101339342044
0.0536 6376.048155339033 1.000087535815169 1.516341846903352 229.5869902962871 0.03259352790123696
0.0537 6376.082942207096 1.000087165367759 1.516248630407829 229.3608756538787 0.03181206852391944
0.0538 6376.117788878109 1.000086795558536 1.516155390652265 229.1343722922946 0.03104638343158316
0.0539 6376.152695368533 1.000086426389502 1.516062127676502 228.907480104533 0.03029622333952192
0.054 6376.187661694808 1.000086057862659 1.51596884152022 228.6801989837453 0.02956134150698097
0.0541 6376.222687873351 1.000085689980007 1.51587553222297 228.4525288232193 0.02884149373540502
0.05420000000000001 6376.257773920557 1.000085322743546 1.515782199824184 228.2244695163785 0.02813643836632523
0.0543 6376.292919852802 1.000084956155272 1.515688844363129 227.9960209567884 0.02744593627884482
0.0544 6376.328125686436 1.000084590217179 1.515595465878967 227.7671830381681 0.02676975088672466
0.0545 6376.363391437791 1.000084224931262 1.515502064410723 227.5379556543611 0.02610764813493602
0.0546 6376.398717123177 1.000083860299511 1.515408639997273 227.3083386993525 0.02545939649595088
0.05470000000000001 6376.434102758881 1.000083496323916 1.515315192677386 227.0783320672753 0.02482476696559155
0.0548 6376.46954836117 1.000083133006465 1.515221722489703 226.8479356523925 0.02420353305841847
0.0549 6376.505053946291 1.000082770349143 1.51512822947271 226.6171493491091 0.02359547080280906
0.055 6376.540619530468 1.000082408353933 1.515034713664806 226.3859730519601 0.02300035873558478
0.0551 6376.576245129902 1.000082047022819 1.514941175104237 226.1544066556343 0.02241797789634739
0.05520000000000001 6376.61193076078 1.000081686357779 1.51484761382914 225.9224500549325 0.02184811182127159
0.0553 6376.647676439261 1.000081326360792 1.514754029877517 225.6901031448036 0.02129054653672052
0.0554 6376.683482181487 1.000080967033831 1.514660423287268 225.4573658203325 0.02074507055237196
0.0555 6376.719348003578 1.000080608378873 1.514566794096156 225.2242379767398 0.02021147485401176
0.0556 6376.755273921635 1.000080250397887 1.514473142341839 224.9907195093705 0.01968955289594329
0.0557 6376.791259951736 1.000079893092842 1.514379468061852 224.7568103137172 0.01917910059312426
0.0558 6376.82730610994 1.000079536465706 1.514285771293618 224.5225102853909 0.01867991631283599
0.05590000000000001 6376.863412412285 1.000079180518444 1.514192052074438 224.2878193201444 0.01819180086612912
0.056 6376.89957887479 1.000078825253017 1.514098310441514 224.0527373138665 0.01771455749886504
0.0561 6376.935805513452 1.000078470671384 1.514004546431937 223.8172641625641 0.01724799188240451
0.0562 6376.972092344249 1.000078116775505 1.51391076008267 223.5813997623803 0.01679191210404253
0.0563 6377.008439383139 1.000077763567332 1.513816951430585 223.345144009594 0.01634612865708367
0.05640000000000001 6377.04484664606 1.000077411048819 1.513723120512444 223.1084968006083 0.01591045443058066
0.0565 6377.081314148928 1.000077059221916 1.513629267364906 222.8714580319682 0.01548470469881851
0.0566 6377.117841907642 1.000076708088568 1.513535392024522 222.6340276003251 0.01506869711039703
0.0567 6377.15442993808 1.000076357650721 1.513441494527747 222.3962054024781 0.01466225167715375
0.0568 6377.1910782561 1.000076007910317 1.513347574910931 222.1579913353506 0.0142651907626755
0.05690000000000001 6377.227786877541 1.000075658869293 1.51325363321032 221.9193852959842 0.01387733907055705
0.057 6377.264555818221 1.000075310529585 1.513159669462084 221.6803871815622 0.01349852363242539
0.0571 6377.301385093941 1.000074962893125 1.513065683702277 221.4409968893864 0.01312857379560999
0.0572 6377.338274720479 1.000074615961845 1.51297167596687 221.2012143168885 0.01276732121060099
0.0573 6377.375224713595 1.00007426973767 1.512877646291737 220.9610393616302 0.01241459981822294
0.0574 6377.412235089033 1.000073924222523 1.512783594712658 220.7204719212858 0.01207024583652452
0.0575 6377.449305862513 1.000073579418324 1.512689521265342 220.4795118936653 0.01173409774747641
0.05760000000000001 6377.486437049737 1.000073235326991 1.512595425985394 220.2381591767088 0.01140599628337699
0.0577 6377.52362866639 1.000072891950436 1.512501308908339 219.9964136684629 0.01108578441299527
0.0578 6377.560880728134 1.00007254929057 1.512407170069619 219.7542752671278 0.01077330732757343
0.0579 6377.598193250615 1.000072207349298 1.5123130095046 219.5117438710043 0.01046841242646586
0.058 6377.63556624946 1.000071866128523 1.512218827248551 219.2688193785115 0.01017094930265121
0.05810000000000001 6377.672999740275 1.000071525630144 1.512124623336677 219.0255016882101 0.009880769728030073
0.0582 6377.710493738649 1.000071185856055 1.512030397804111 218.7817906987792 0.009597727638452666
0.0583 6377.748048260151 1.000070846808149 1.511936150685901 218.5376863090163 0.009321679118571671
0.0584 6377.785663320332 1.000070508488312 1.511841882017017 218.2931884178428 0.009052482386502024
0.0585 6377.823338934722 1.000070170898427 1.511747591832377 218.0482969243102 0.008789997778285864
0.05860000000000001 6377.861075118835 1.000069834040374 1.511653280166809 217.8030117275706 0.00853408773213239
0.0587 6377.898871888166 1.000069497916025 1.511558947055096 217.5573327269238 0.008284616772558073
0.05880000000000001 6377.936729258189 1.000069162527254 1.511464592531927 217.3112598217702 0.008041451494251098
0.0589 6377.974647244363 1.000068827875924 1.51137021663195 217.0647929116402 0.007804460545846721
0.059 6378.012625862125 1.000068493963898 1.511275819389749 216.8179318961883 0.007573514613501415
0.0591 6378.050665126895 1.000068160793032 1.51118140083983 216.5706766751813 0.007348486404304948
0.0592 6378.088765054076 1.000067828365178 1.511086961016662 216.3230271485044 0.007129250629557904
0.05930000000000001 6378.126925659049 1.000067496682183 1.510992499954643 216.0749832161786 0.006915683987912416
0.0594 6378.165146957181 1.000067165745891 1.510898017688128 215.8265447783255 0.006707665148326596
0.0595 6378.203428963816 1.000066835558138 1.510803514251407 215.5777117351967 0.006505074732942141
0.0596 6378.241771694283 1.000066506120756 1.510708989678737 215.328483987162 0.00630779529979738
0.0597 6378.280175163892 1.000066177435573 1.510614444004291 215.0788614347038 0.00611571132542424
0.05980000000000001 6378.318639387934 1.00006584950441 1.510519877262234 214.8288439784282 0.005928709187342643
0.0599 6378.357164381683 1.000065522329084 1.510425289486666 214.5784315190598 0.005746677146430225
0.06 6378.395750160393 1.000065195911406 1.510330680711647 214.3276239574474 0.005569505329196148
0.0601 6378.434396739301 1.000064870253181 1.510236050971191 214.076421194546 0.005397085709939489
0.0602 6378.473104133625 1.000064545356208 1.51014140029928 213.824823131435 0.00522931209283972
0.0603 6378.511872358567 1.000064221222281 1.510046728729853 213.5728296693118 0.005066080093942664
0.0604 6378.55070142931 1.000063897853188 1.509952036296813 213.3204407094862 0.004907287123065346
0.06050000000000001 6378.589591361017 1.000063575250711 1.509857323034029 213.0676561533922 0.004752832365636134
0.0606 6378.628542168834 1.000063253416625 1.509762588975337 212.8144759025762 0.004602616764449344
0.0607 6378.667553867892 1.0000629323527 1.50966783415455 212.5608998587026 0.004456543001366266
0.0608 6378.706626473298 1.000062612060699 1.509573058605445 212.30692792356 0.0043145154789564
0.0609 6378.745760000147 1.000062292542379 1.509478262361763 212.0525599990436 0.004176440302071583
0.06100000000000001 6378.784954463513 1.000061973799488 1.509383445457241 211.7977959871668 0.004042225259388998
0.0611 6378.824209878451 1.000061655833772 1.509288607925581 211.5426357900668 0.003911779804907127
0.0612 6378.863526260002 1.000061338646965 1.509193749800466 211.2870793099877 0.003785015039392193
0.0613 6378.902903623184 1.000061022240798 1.509098871115556 211.0311264493033 0.003661843691813684
0.0614 6378.942341983001 1.000060706616994 1.509003971904499 210.774777110494 0.003542180100729235
0.06150000000000001 6378.981841354439 1.000060391777267 1.508909052200917 210.5180311961466 0.00342594019566046
0.0616 6379.021401752463 1.000060077723326 1.508814112038443 210.2608886089896 0.003313041478467731
0.0617 6379.061023192025 1.000059764456871 1.508719151450664 210.0033492518404 0.003203403004673664
0.0618 6379.100705688053 1.000059451979596 1.508624170471183 209.7454130276523 0.003096945364825466
0.0619 6379.140449255463 1.000059140293186 1.508529169133578 209.4870798394908 0.002993590665824578
0.062 6379.18025390915 1.000058829399319 1.50843414747144 209.228349590528 0.002893262512268703
0.0621 6379.22011966399 1.000058519299666 1.508339105518337 208.9692221840659 0.002795885987813968
0.06220000000000001 6379.260046534845 1.000058209995888 1.508244043307836 208.7096975235071 0.002701387636529922
0.0623 6379.300034536557 1.00005790148964 1.508148960873506 208.4497755123783 0.002609695444293483
0.0624 6379.34008368395 1.000057593782568 1.508053858248923 208.1894560543245 0.002520738820194469
0.0625 6379.380193991831 1.000057286876307 1.507958735467667 207.928739053097 0.002434448577967435
0.0626 6379.420365474988 1.000056980772489 1.507863592563302 207.6676244125773 0.002350756917467875
0.06270000000000001 6379.460598148192 1.000056675472733 1.507768429569418 207.4061120367531 0.002269597406169456
0.06280000000000001 6379.500892026196 1.000056370978652 1.507673246519603 207.1442018297247 0.002190904960712908
0.0629 6379.541247123736 1.000056067291847 1.507578043447464 206.8818936957163 0.00211461582850204
0.063 6379.581663455529 1.000055764413914 1.507482820386606 206.6191875390645 0.002040667569342747
0.0631 6379.622141036273 1.000055462346438 1.507387577370653 206.3560832642241 0.001968999037141887
0.06320000000000001 6379.662679880652 1.000055161090994 1.507292314433249 206.0925807757625 0.001899550361661414
0.06330000000000001 6379.703280003328 1.00005486064915 1.507197031608042 205.8286799783649 0.001832262930338552
0.0634 6379.743941418949 1.000054561022462 1.507101728928707 205.5643807768291 0.001767079370169625
0.0635 6379.784664142142 1.000054262212478 1.507006406428946 205.299683076077 0.001703943529669152
0.0636 6379.825448187517 1.000053964220736 1.506911064142461 205.0345867811369 0.001642800460896361
0.06370000000000001 6379.866293569667 1.000053667048765 1.506815702102995 204.7690917971671 0.001583596401570146
0.06380000000000001 6379.907200303165 1.000053370698084 1.506720320344307 204.5031980294265 0.001526278757253981
0.0639 6379.948168402569 1.0000530751702 1.506624918900187 204.2369053833039 0.001470796083640177
0.064 6379.989197882416 1.000052780466613 1.506529497804453 203.9702137642947 0.001417098068911913
0.0641 6380.030288757228 1.000052486588809 1.50643405709094 203.7031230780184 0.001365135516207241
0.06420000000000001 6380.071441041507 1.000052193538268 1.506338596793533 203.4356332302067 0.001314860326173432
0.06430000000000001 6380.112654749737 1.000051901316457 1.506243116946134 203.1677441267096 0.001266225479624829
0.0644 6380.153929896385 1.000051609924831 1.506147617582696 202.8994556734955 0.00121918502030259
0.0645 6380.195266495901 1.000051319364838 1.50605209873718 202.6307677766448 0.001173694037739853
0.0646 6380.236664562713 1.000051029637912 1.505956560443622 202.3616803423623 0.001129708650239374
0.06470000000000001 6380.278124111236 1.000050740745478 1.505861002736054 202.0921932769651 0.001087185987959657
0.0648 6380.319645155862 1.000050452688948 1.505765425648582 201.8223064868943 0.001046084176120458
0.0649 6380.36122771097 1.000050165469725 1.505669829215337 201.5520198786975 0.001006362318321986
0.065 6380.402871790914 1.0000498790892 1.505574213470499 201.2813333590583 0.0009679804799923908
0.06510000000000001 6380.444577410037 1.000049593548752 1.505478578448296 201.0102468347608 0.0009308996719494392
0.06520000000000001 6380.48634458266 1.000049308849748 1.505382924182991 200.7387602127131 0.0008950818340973859
0.0653 6380.528173323086 1.000049024993544 1.505287250708904 200.4668733999418 0.0008604898192484594
0.0654 6380.5700636456 1.000048741981485 1.505191558060389 200.1945863035975 0.0008270873770774076
0.0655 6380.61201556447 1.000048459814903 1.505095846271872 199.921898830943 0.0007948391382076764
0.06560000000000001 6380.654029093944 1.000048178495119 1.505000115377818 199.6488108893653 0.0007637105984366816
0.06570000000000001 6380.696104248251 1.000047898023441 1.504904365412745 199.3753223863699 0.0007336681030972005
0.0658 6380.738241041604 1.000047618401164 1.504808596411225 199.1014332295744 0.0007046788315593928
0.0659 6380.780439488196 1.000047339629573 1.504712808407891 198.8271433267263 0.0006767107818778243
0.066 6380.822699602201 1.00004706170994 1.504617001437424 198.5524525856916 0.000649732755579706
0.06610000000000001 6380.865021397777 1.000046784643521 1.504521175534566 198.2773609144486 0.0006237143426003093
0.06620000000000001 6380.907404889062 1.000046508431564 1.504425330734126 198.0018682210997 0.0005986259063682077
0.0663 6380.949850090174 1.000046233075301 1.504329467070964 197.7259744138713 0.0005744385690391156
0.0664 6380.992357015214 1.000045958575954 1.504233584580002 197.4496794011083 0.0005511241968807135
0.0665 6381.034925678265 1.000045684934729 1.504137683296237 197.1729830912794 0.0005286553858115515
0.06660000000000001 6381.077556093388 1.00004541215282 1.504041763254715 196.8958853929779 0.0005070054470938842
0.06670000000000001 6381.12024827463 1.000045140231408 1.503945824490548 196.6183862149031 0.000486148393181066
0.0668 6381.163002236016 1.000044869171661 1.503849867038925 196.3404854658964 0.0004660589237261967
0.0669 6381.205817991554 1.000044598974734 1.503753890935093 196.0621830548997 0.0004467124117433159
0.067 6381.24869555523 1.000044329641765 1.503657896214379 195.7834788910026 0.0004280848899346317
0.06710000000000001 6381.291634941016 1.000044061173883 1.503561882912168 195.5043728833951 0.0004101530371716312
0.06720000000000001 6381.334636162861 1.000043793572201 1.503465851063922 195.2248649414036 0.0003928941651435124
0.0673 6381.377699234697 1.000043526837817 1.503369800705164 194.9449549744721 0.0003762862051644711
0.0674 6381.420824170435 1.000043260971818 1.503273731871509 194.6646428921753 0.0003603076951462157
0.0675 6381.46401098397 1.000042995975274 1.50317764459863 194.3839286041938 0.0003449377667324694
0.06760000000000001 6381.507259689176 1.000042731849242 1.503081538922278 194.1028120203563 0.0003301561326018764
0.06770000000000001 6381.550570299906 1.000042468594766 1.502985414878293 193.8212930506096 0.0003159430739321945
0.0678 6381.593942829999 1.000042206212874 1.502889272502559 193.539371605007 0.000302279428031573
0.0679 6381.637377293269 1.000041944704578 1.502793111831083 193.2570475937495 0.0002891465761386798
0.068 6381.680873703515 1.00004168407088 1.502696932899912 192.9743209271504 0.0002765264313856853
0.06810000000000001 6381.724432074514 1.000041424312763 1.502600735745187 192.6911915156592 0.0002644014269311064
0.0682 6381.768052420024 1.000041165431198 1.502504520403135 192.4076592698433 0.000252754504257952
0.0683 6381.811734753785 1.000040907427139 1.502408286910057 192.1237241003945 0.0002415691016403475
0.0684 6381.855479089517 1.000040650301527 1.502312035302334 191.8393859181405 0.0002308291427777888
0.06850000000000001 6381.899285440919 1.000040394055286 1.502215765616431 191.5546446340271 0.000220519025595734
0.06860000000000001 6381.943153821671 1.000040138689327 1.502119477888904 191.2695001591363 0.0002106236112150236
0.0687 6381.987084245436 1.000039884204545 1.502023172156385 190.9839524046682 0.0002011282130873261
0.0688 6382.031076725852 1.000039630601818 1.501926848455592 190.6980012819648 0.0001920185862992021
0.0689 6382.075131276541 1.00003937788201 1.501830506823331 190.4116467024804 0.0001832809170413106
0.06900000000000001 6382.119247911106 1.000039126045971 1.501734147296493 190.1248885778112 0.0001749018122461646
0.06910000000000001 6382.163426643127 1.000038875094532 1.501637769912059 189.8377268196776 0.0001668682893906302
0.0692 6382.207667486165 1.000038625028512 1.501541374707095 189.55016133993 0.0001591677664650075
0.0693 6382.251970453763 1.000038375848711 1.501444961718749 189.2621920505429 0.0001517880521071209
0.0694 6382.296335559441 1.000038127555915 1.501348530984276 188.9738188636328 0.0001447173359018186
0.06950000000000001 6382.340762816701 1.000037880150894 1.501252082541003 188.6850416914402 0.0001379441788437427
0.06960000000000001 6382.385252239026 1.000037633634401 1.501155616426352 188.3958604463299 0.0001314575039641435
0.0697 6382.429803839876 1.000037388007175 1.501059132677834 188.1062750408086 0.0001252465871208875
