0 6365.5 1.000339996573399 1.561983199470489 298.15 17.74377590874244
0.0001 6365.505641973939 1.000339713208527 1.561915036548196 298.1133271693938 17.70502187840095
0.0002 6365.511327345499 1.000339427959974 1.561846841540008 298.0763722542564 17.66604448914713
0.0003 6365.517056135274 1.000339140833175 1.561778614215507 298.0391351207171 17.62684519546703
0.0004 6365.52282836401 1.000338851833598 1.561710354345199 298.0016156339356 17.58742545958395
0.0005 6365.528644052595 1.000338560966747 1.561642061700737 297.9638136581315 17.54778675142072
0.0006000000000000001 6365.534503222068 1.000338268238156 1.561573736054634 297.925729056561 17.50793054850569
0.0007 6365.540405893612 1.000337973653395 1.561505377180538 297.8873616915224 17.46785833590929
0.0008 6365.546352088556 1.000337677218066 1.561436984853067 297.8487114243861 17.42757160620485
0.0009000000000000001 6365.552341828376 1.000337378937804 1.561368558847739 297.8097781155587 17.38707185936092
0.001 6365.558375134689 1.000337078818279 1.561300098941129 297.7705616245188 17.34636060270737
0.0011 6365.56445202926 1.000336776865191 1.561231604910796 297.7310618098107 17.30543935085763
0.0012 6365.570572533991 1.000336473084274 1.561163076535301 297.6912785290568 17.26430962564901
0.0013 6365.576736670932 1.000336167481295 1.561094513594145 297.6512116389393 17.22297295605197
0.0014 6365.582944462273 1.000335860062053 1.561025915867848 297.6108609952242 17.18143087812176
0.0015 6365.589195930344 1.000335550832378 1.560957283137882 297.5702264527612 17.13968493492513
0.0016 6365.595491097618 1.000335239798135 1.56088861518671 297.5293078654835 17.09773667646656
0.0017 6365.601829986705 1.000334926965219 1.560819911797729 297.48810508642 17.05558765962624
0.0018 6365.608212620356 1.000334612339556 1.560751172755406 297.4466179676832 17.01323944807333
0.0019 6365.614639021463 1.000334295927106 1.560682397845103 297.404846360493 16.97069361221514
0.002 6365.621109213051 1.000333977733858 1.560613586853199 297.3627901151707 16.92795172911552
0.0021 6365.627623218286 1.000333657765835 1.560544739566965 297.3204490811389 16.88501538241895
0.0022 6365.634181060472 1.000333336029089 1.560475855774723 297.2778231069336 16.84188616228626
0.0023 6365.640782763046 1.000333012529705 1.560406935265733 297.234912040204 16.79856566531773
0.0024 6365.647428349583 1.000332687273796 1.56033797783027 297.1917157277124 16.75505549447596
0.0025 6365.654117843791 1.000332360267509 1.560268983259548 297.1482340153583 16.71135725903201
0.0026 6365.660851269516 1.000332031517021 1.560199951345662 297.1044667481482 16.66747257445758
0.0027 6365.667628650733 1.000331701028537 1.560130881881863 297.0604137702375 16.62340306238808
0.0028 6365.674450011554 1.000331368808294 1.560061774662221 297.0160749249006 16.57915035051408
0.0029 6365.681315376223 1.00033103486256 1.559992629481854 296.9714500545491 16.53471607251975
0.003 6365.688224769115 1.000330699197631 1.559923446136806 296.9265390007548 16.49010186802667
0.0031 6365.695178214735 1.000330361819833 1.559854224424158 296.8813416042207 16.44530938248417
0.0032 6365.702175737723 1.000330022735525 1.559784964141812 296.8358577047983 16.40034026710649
0.0033 6365.709217362846 1.000329681951089 1.559715665088873 296.7900871414998 16.35519617880345
0.0034 6365.716303115002 1.000329339472942 1.559646327065229 296.7440297524862 16.30987878008743
0.0035 6365.723433019216 1.000328995307528 1.559576949871851 296.6976853750965 16.26438973902066
0.0036 6365.730607100642 1.000328649461319 1.559507533310632 296.6510538458245 16.21873072910974
0.0037 6365.737825384564 1.000328301940818 1.559438077184446 296.6041350003364 16.17290342924052
0.0038 6365.745087896389 1.000327952752553 1.55936858129721 296.5569286734707 16.12690952359508
0.0039 6365.752394661655 1.000327601903085 1.559299045453684 296.509434699244 16.08075070157421
0.004 6365.759745706022 1.000327249398998 1.559229469459805 296.4616529108574 16.03442865771932
0.0041 6365.767141055277 1.000326895246909 1.559159853122267 296.4135831407019 15.98794509163407
0.004200000000000001 6365.774580735332 1.00032653945346 1.559090196248957 296.3652252203409 15.94130170788262
0.0043 6365.782064772221 1.00032618202532 1.559020498648615 296.3165789805633 15.89450021595625
0.0044 6365.789593192104 1.000325822969187 1.558950760131031 296.2676442513247 15.84754233013091
0.004500000000000001 6365.797166021262 1.000325462291787 1.558880980506949 296.2184208617999 15.80042976943291
0.0046 6365.804783286098 1.000325099999871 1.558811159588124 296.1689086403661 15.75316425753577
0.0047 6365.812445013136 1.000324736100218 1.558741297187259 296.1191074146139 15.70574752268517
0.0048 6365.820151229025 1.000324370599633 1.558671393118142 296.0690170113361 15.65818129760093
0.0049 6365.827901960529 1.000324003504949 1.558601447195502 296.0186372565626 15.61046731942365
0.005 6365.835697234533 1.000323634823024 1.558531459235043 295.9679679755371 15.56260732960468
0.0051 6365.843537078043 1.000323264560742 1.558461429053495 295.9170089927233 15.51460307382406
0.005200000000000001 6365.85142151818 1.000322892725015 1.558391356468599 295.8657601318276 15.46645630192454
0.0053 6365.859350582187 1.000322519322776 1.558321241299113 295.8142212157826 15.41816876780641
0.0054 6365.86732429742 1.000322144360989 1.558251083364735 295.7623920667696 15.36974222936083
0.005500000000000001 6365.875342691354 1.000321767846641 1.558180882486208 295.7102725062017 15.32117844836394
0.0056 6365.883405791578 1.000321389786742 1.55811063848534 295.657862354741 15.27247919040408
0.0057 6365.891513625797 1.000321010188331 1.558040351184857 295.6051614323168 15.22364622480816
0.0058 6365.899666221831 1.000320629058469 1.557970020408587 295.5521695580954 15.17468132452418
0.0059 6365.907863607614 1.000320246404242 1.557899645981329 295.4988865505105 15.12558626605802
0.006 6365.91610581119 1.00031986223276 1.557829227728859 295.4453122272624 15.07636282938259
0.0061 6365.924392860722 1.000319476551158 1.557758765478056 295.3914464053067 15.02701279783582
0.006200000000000001 6365.932724784479 1.000319089366594 1.557688259056757 295.3372889008896 14.97753795806174
0.0063 6365.941101610842 1.000318700686251 1.557617708293874 295.282839529524 14.92794009989694
0.0064 6365.949523368308 1.000318310517333 1.557547113019313 295.2280981059961 14.87822101628401
0.006500000000000001 6365.957990085478 1.000317918867069 1.557476473064031 295.1730644443941 14.82838250320601
0.0066 6365.966501791063 1.000317525742713 1.557405788259981 295.1177383580911 14.77842635957757
0.0067 6365.975058513886 1.000317131151536 1.557335058440217 295.0621196597389 14.72835438714666
0.0068 6365.983660282877 1.000316735100837 1.55726428343876 295.0062081612976 14.67816839042808
0.006900000000000001 6365.99230712707 1.000316337597935 1.55719346309072 294.9500036740418 14.62787017661501
0.007 6366.000999075611 1.000315938650173 1.557122597232206 294.8935060085304 14.57746155545872
0.0071 6366.009736157747 1.000315538264912 1.557051685700384 294.8367149746426 14.5269443392063
0.007200000000000001 6366.018518402834 1.000315136449539 1.556980728333518 294.7796303815779 14.47632034250614
0.0073 6366.027345840332 1.000314733211459 1.55690972497087 294.722252037844 14.42559138230282
0.0074 6366.036218499804 1.000314328558102 1.55683867545271 294.6645797512746 14.37475927775796
0.007500000000000001 6366.045136410917 1.000313922496915 1.55676757962047 294.6066133290414 14.32382585016541
0.0076 6366.054099603441 1.000313515035369 1.556696437316547 294.5483525776361 14.27279292284021
0.0077 6366.063108107247 1.000313106180954 1.55662524838445 294.4897973028945 14.22166232104371
0.007800000000000001 6366.07216195231 1.000312695941179 1.556554012668711 294.4309473099842 14.17043587187736
0.007900000000000001 6366.081261168704 1.000312284323577 1.55648273001493 294.3718024034223 14.11911540420198
0.008 6366.090405786602 1.000311871335697 1.556411400269808 294.3123623870878 14.06770274855159
0.0081 6366.099595836279 1.000311456985109 1.556340023281091 294.2526270641855 14.01619973700617
0.008200000000000001 6366.108831348107 1.000311041279403 1.556268598897583 294.1925962373056 13.96460820314584
0.0083 6366.118112352556 1.000310624226187 1.556197126969174 294.1322697083878 13.91292998192322
0.008400000000000001 6366.127438880193 1.00031020583309 1.556125607346803 294.0716472787452 13.86116690958648
0.008500000000000001 6366.136810961684 1.000309786107757 1.556054039882527 294.0107287490526 13.80932082357175
0.0086 6366.146228627789 1.000309365057852 1.555982424429475 293.9495139193699 13.75739356242562
0.008700000000000001 6366.155691909365 1.000308942691058 1.55591076084183 293.8880025891302 13.70538696569721
0.008800000000000001 6366.165200837359 1.000308519015077 1.555839048974879 293.8261945571638 13.65330287386006
0.0089 6366.17475544282 1.000308094037626 1.555767288685004 293.7640896216684 13.60114312818897
0.009000000000000001 6366.184355756885 1.000307667766442 1.555695479829638 293.7016875802505 13.54890957069646
0.0091 6366.194001810782 1.000307240209277 1.555623622267355 293.6389882299194 13.49660404402902
0.0092 6366.203693635834 1.000306811373901 1.555551715857784 293.5759913670757 13.44422839135851
0.009300000000000001 6366.213431263457 1.000306381268101 1.555479760461673 293.5126967875289 13.39178445629799
0.0094 6366.223214725153 1.000305949899681 1.555407755940839 293.4491042865028 13.33927408280751
0.0095 6366.233044052517 1.000305517276458 1.555335702158271 293.3852136586364 13.28669911509485
0.009600000000000001 6366.242919277232 1.000305083406269 1.555263598977941 293.3210246979951 13.23406139752574
0.0097 6366.252840431069 1.000304648296965 1.555191446265044 293.256537198053 13.18136277450985
0.0098 6366.262807545887 1.000304211956411 1.555119243885799 293.1917509517347 13.12860509043493
0.009900000000000001 6366.272820653633 1.00030377439249 1.555046991707587 293.1266657513851 13.07579018954278
0.01 6366.28287978634 1.000303335613097 1.554974689598868 293.0612813887877 13.02291991584385
0.0101 6366.292984976127 1.000302895626144 1.55490233742924 292.9955976551763 12.96999611302664
0.0102 6366.303136255196 1.000302454439556 1.554829935069399 292.9296143412288 12.91702062435275
0.0103 6366.313333655835 1.000302012061272 1.554757482391175 292.8633312370733 12.86399529256136
0.0104 6366.323577210415 1.000301568499247 1.554684979267467 292.7967481323002 12.8109219597783
0.0105 6366.333866951391 1.000301123761446 1.554612425572403 292.7298648159557 12.75780246741076
0.0106 6366.344202911298 1.000300677855851 1.554539821181106 292.66268107656 12.70463865606094
0.0107 6366.354585122754 1.000300230790455 1.554467165969926 292.5951967021014 12.65143236542051
0.0108 6366.365013618456 1.000299782573264 1.554394459816299 292.5274114800358 12.59818543417001
0.0109 6366.375488431183 1.000299333212297 1.55432170259876 292.4593251973109 12.54489969989662
0.011 6366.386009593793 1.000298882715584 1.554248894197058 292.3909376403425 12.49157699897472
0.0111 6366.396577139222 1.00029843109117 1.554176034492014 292.3222485950554 12.43821916649735
0.0112 6366.407191100484 1.000297978347108 1.554103123365596 292.2532578468544 12.38482803615207
0.0113 6366.417851510669 1.000297524491464 1.554030160700936 292.1839651806534 12.33140544014292
0.0114 6366.428558402944 1.000297069532317 1.553957146382237 292.1143703808642 12.2779532090802
0.0115 6366.439311810554 1.000296613477755 1.553884080294962 292.0444732313957 12.22447317187942
0.0116 6366.450111766816 1.000296156335875 1.55381096232561 291.9742735156959 12.17096715569187
0.0117 6366.460958305122 1.000295698114789 1.553737792361844 291.9037710167044 12.11743698576727
0.0118 6366.471851458939 1.000295238822614 1.553664570292535 291.8329655168994 12.0638844853887
0.0119 6366.482791261803 1.00029477846748 1.553591296007639 291.7618567982807 12.01031147575793
0.012 6366.493777747328 1.000294317057526 1.553517969398298 291.690444642369 11.95671977589431
0.0121 6366.504810949194 1.000293854600899 1.553444590356817 291.6187288302416 11.90311120256035
0.0122 6366.515890901153 1.000293391105757 1.55337115877661 291.5467091425029 11.84948757013825
0.0123 6366.527017637029 1.000292926580265 1.553297674552274 291.4743853593139 11.79585069055098
0.0124 6366.538191190713 1.000292461032597 1.553224137579562 291.4017572603628 11.74220237313927
0.0125 6366.549411596166 1.000291994470934 1.553150547755407 291.3288246249239 11.6885444246043
0.0126 6366.560678887414 1.000291526903467 1.55307690497786 291.2555872318102 11.63487864887175
0.0127 6366.571993098553 1.000291058338393 1.553003209146166 291.1820448594034 11.58120684701269
0.0128 6366.583354263745 1.000290588783916 1.552929460160737 291.1081972856595 11.527530817147
0.0129 6366.594762417214 1.000290118248249 1.552855657923134 291.0340442881087 11.47385235434244
0.013 6366.606217593252 1.000289646739609 1.552781802336084 290.9595856438617 11.42017325051827
0.0131 6366.617719826215 1.000289174266221 1.552707893303496 290.8848211296034 11.36649529434032
0.0132 6366.62926915052 1.000288700836317 1.552633930730446 290.8097505216168 11.31282027113746
0.0133 6366.640865600651 1.000288226458132 1.552559914523159 290.734373595771 11.25914996279263
0.0134 6366.652509211147 1.000287751139908 1.552485844589083 290.6586901275449 11.20548614765934
0.0135 6366.664200016614 1.000287274889893 1.552411720836828 290.5826998920096 11.15183060044876
0.0136 6366.675938051716 1.00028679771634 1.552337543176101 290.506402663846 11.09818509214222
0.0137 6366.687723351177 1.000286319627505 1.552263311517872 290.4297982173506 11.04455138989532
0.0138 6366.699555949779 1.000285840631649 1.552189025774287 290.3528863264359 10.99093125693807
0.0139 6366.711435882364 1.000285360737037 1.552114685858618 290.2756667646357 10.93732645247925
0.014 6366.723363183828 1.00028487995194 1.55204029168537 290.1981393051177 10.88373873161506
0.0141 6366.735337889127 1.000284398284629 1.551965843170177 290.1203037206768 10.83016984522554
0.0142 6366.747360033271 1.000283915743379 1.55189134022991 290.0421597837416 10.77662153987947
0.0143 6366.759429651325 1.00028343233647 1.551816782782583 289.9637072663858 10.72309555774339
0.0144 6366.77154677841 1.000282948072183 1.551742170747444 289.8849459403344 10.66959363648668
0.0145 6366.7837114497 1.000282462958801 1.551667504044839 289.805875576952 10.61611750917482
0.0146 6366.795923700419 1.00028197700461 1.551592782596402 289.7264959472776 10.5626689041949
0.0147 6366.808183565848 1.000281490217896 1.551518006324882 289.64680682199 10.50924954513334
0.0148 6366.820491081315 1.000281002606949 1.551443175154231 289.5668079714545 10.45586115070963
0.0149 6366.832846282201 1.000280514180057 1.551368289009637 289.4864991656935 10.40250543465857
0.015 6366.845249203937 1.000280024945511 1.551293347817406 289.4058801744103 10.34918410564845
0.0151 6366.857699882002 1.000279534911603 1.551218351505084 289.3249507669888 10.29589886718359
0.0152 6366.870198351923 1.000279044086622 1.551143300001399 289.2437107124996 10.24265141751107
0.0153 6366.882744649277 1.00027855247886 1.551068193236259 289.1621597797001 10.1894434495238
0.0154 6366.895338809683 1.000278060096607 1.550993031140766 289.080297737058 10.1362766506793
0.0155 6366.907980868813 1.000277566948153 1.55091781364726 288.9981243527158 10.08315270288023
0.0156 6366.920670862378 1.000277073041787 1.550842540689182 288.915639394544 10.03007328241281
0.0157 6366.933408826138 1.000276578385796 1.550767212201268 288.8328426301058 9.9770400598281
0.0158 6366.946194795893 1.000276082988466 1.550691828119373 288.7497338266925 9.924054699869226
0.0159 6366.959028807491 1.00027558685808 1.550616388380586 288.6663127513115 9.871118861368572
0.016 6366.971910896817 1.00027509000292 1.550540892923179 288.5825791706924 9.818234197156633
0.0161 6366.9848410998 1.000274592431265 1.550465341686636 288.4985328512988 9.765402353974936
0.0162 6366.997819452412 1.000274094151392 1.550389734611612 288.4141735593224 9.71262497237802
0.0163 6367.010845990661 1.000273595171572 1.550314071639998 288.3295010607006 9.659903686650654
0.0164 6367.023920750597 1.000273095500077 1.550238352714808 288.2445151211226 9.607240124717858
0.0165 6367.037043768307 1.00027259514517 1.550162577780352 288.1592155060056 9.554635908037016
0.0166 6367.050215079917 1.000272094115115 1.550086746782058 288.0736019805421 9.502092651534328
0.0167 6367.063434721589 1.000271592418168 1.550010859666601 287.9876743096705 9.449611963494002
0.0168 6367.076702729522 1.000271090062582 1.549934916381805 287.9014322581046 9.397195445484289
0.0169 6367.090019139951 1.000270587056604 1.549858916876761 287.8148755903156 9.344844692254895
0.017 6367.103383989144 1.000270083408477 1.549782861101667 287.7280040705622 9.292561291663606
0.0171 6367.116797313404 1.000269579126438 1.549706749008011 287.6408174628722 9.240346824574569
0.0172 6367.130259149068 1.000269074218717 1.549630580548396 287.5533155310549 9.188202864774977
0.0173 6367.143769532505 1.000268568693539 1.54955435567671 287.4654980387185 9.136130978895519
0.0174 6367.157328500115 1.000268062559122 1.549478074347944 287.3773647492525 9.084132726310147
0.0175 6367.17093608833 1.000267555823677 1.549401736518358 287.2889154258572 9.032209659064364
0.0176 6367.18459233361 1.000267048495408 1.549325342145365 287.2001498315379 8.980363321782837
0.0177 6367.198297272447 1.000266540582512 1.549248891187603 287.111067729093 8.928595251574212
0.0178 6367.212050941363 1.000266032093177 1.549172383604895 287.0216688811432 8.876906977960559
0.0179 6367.225853376903 1.000265523035585 1.549095819358254 286.9319530501324 8.825300022789857
0.018 6367.239704615644 1.000265013417908 1.549019198409874 286.8419199983149 8.773775900142304
0.0181 6367.253604694186 1.00026450324831 1.548942520723203 286.7515694877915 8.722336116264234
0.0182 6367.267553649157 1.000263992534945 1.548865786262815 286.6609012804796 8.670982169465253
0.0183 6367.281551517208 1.000263481285959 1.548788994994515 286.569915138149 8.619715550053025
0.0184 6367.295598335017 1.000262969509488 1.548712146885285 286.4786108223919 8.568537740231655
0.0185 6367.309694139282 1.000262457213658 1.548635241903293 286.3869880946648 8.517450214040656
0.0186 6367.323838966727 1.000261944406586 1.548558280017921 286.2950467162763 8.466454437264334
0.0187 6367.338032854095 1.000261431096376 1.548481261199727 286.2027864483811 8.415551867345268
0.0188 6367.352275838152 1.000260917291123 1.548404185420462 286.11020705201 8.36474395331793
0.0189 6367.366567955684 1.000260402998911 1.548327052653074 286.0173082880518 8.314032135716653
0.019 6367.380909243497 1.000259888227811 1.54824986287168 285.9240899172713 8.263417846503764
0.0191 6367.395299738413 1.000259372985884 1.548172616051588 285.8305517003149 8.212902508991693
0.0192 6367.409739477278 1.000258857281179 1.548095312169325 285.7366933976931 8.162487537752948
0.0193 6367.42422849695 1.000258341121731 1.54801795120253 285.6425147698277 8.112174338565733
0.0194 6367.438766834306 1.000257824515564 1.54794053313011 285.5480155770105 8.061964308312398
0.0195 6367.453354526238 1.000257307470689 1.547863057932098 285.4531955794504 8.011858834926038
0.0196 6367.467991609656 1.000256789995103 1.547785525589737 285.3580545372382 7.961859297293586
0.0197 6367.48267812148 1.000256272096789 1.547707936085431 285.262592210382 7.911967065197176
0.0198 6367.497414098647 1.000255753783718 1.547630289402771 285.166808358795 7.862183499231097
0.0199 6367.512199578105 1.000255235063846 1.547552585526531 285.0707027423199 7.812509950737932
0.02 6367.527034596815 1.000254715945114 1.547474824442628 284.9742751207044 7.762947761720797
0.0201 6367.541919191749 1.000254196435449 1.547397006138242 284.8775252536315 7.713498264783796
0.0202 6367.556853399892 1.000253676542762 1.5473191306016 284.7804529007011 7.66416278304877
0.0203 6367.571837258236 1.000253156274951 1.547241197822197 284.6830578214662 7.614942630099887
0.0204 6367.586870803782 1.000252635639896 1.54716320779067 284.5853397754144 7.565839109901731
0.0205 6367.601954073543 1.000252114645462 1.547085160498795 284.4872985219685 7.51685351672728
0.0206 6367.617087104537 1.000251593299498 1.547007055939555 284.3889338205098 7.467987135098372
0.0207 6367.632269933789 1.000251071609837 1.546928894107094 284.2902454303725 7.419241239711997
0.0208 6367.647502598331 1.000250549584293 1.546850674996686 284.1912331108491 7.370617095373246
0.0209 6367.6627851352 1.000250027230667 1.546772398604779 284.091896621197 7.322115956928967
0.021 6367.67811758144 1.000249504556738 1.54669406492902 283.9922357206377 7.273739069199254
0.0211 6367.693499974096 1.000248981570271 1.54661567396815 283.8922501683754 7.225487666918281
0.0212 6367.708932350217 1.00024845827901 1.546537225722128 283.7919397235904 7.177362974664341
0.0213 6367.724414746855 1.000247934690685 1.546458720192003 283.6913041454453 7.129366206796433
0.0214 6367.739947201064 1.000247410813003 1.54638015738001 283.590343193085 7.081498567388782
0.0215 6367.755529749901 1.000246886653655 1.546301537289557 283.4890566256425 7.033761250168975
0.0216 6367.77116243042 1.000246362220312 1.546222859925141 283.3874442022687 6.986155438467915
0.0217 6367.786845279677 1.000245837520626 1.546144125292443 283.2855056820966 6.938682305139896
0.0218 6367.802578334728 1.000245312562228 1.546065333398271 283.1832408242711 6.89134301251419
0.0219 6367.818361632622 1.000244787352732 1.545986484250585 283.0806493879548 6.844138712336134
0.022 6367.834195210412 1.000244261899729 1.545907577858454 282.9777311323222 6.797070545703619
0.0221 6367.850079105144 1.000243736210792 1.545828614232124 282.8744858165654 6.750139643009908
0.0222 6367.866013353861 1.00024321029347 1.545749593382945 282.7709131999062 6.703347123889934
0.0223 6367.881997993601 1.000242684155294 1.545670515323392 282.6670130415959 6.656694097161966
0.0224 6367.898033061398 1.000242157803772 1.545591380067089 282.5627851009152 6.610181660770235
0.0225 6367.914118594278 1.000241631246392 1.545512187628772 282.4582291371925 6.563810901736263
0.0226 6367.930254629263 1.000241104490618 1.545432938024296 282.3533449097912 6.51758289609787
0.0227 6367.946441203364 1.000240577543894 1.545353631270634 282.2481321781341 6.471498708864772
0.0228 6367.962678353587 1.00024005041364 1.545274267385882 282.1425907016854 6.425559393956768
0.0229 6367.978966116927 1.000239523107255 1.545194846389251 282.0367202399742 6.379765994161017
0.023 6367.995304530371 1.000238995632114 1.545115368301041 281.9305205525887 6.334119541077187
0.0231 6368.011693630894 1.000238467995568 1.545035833142698 281.8239913991882 6.288621055071231
0.0232 6368.028133455462 1.000237940204947 1.544956240936728 281.7171325394969 6.243271545222416
0.0233 6368.044624041027 1.000237412267555 1.544876591706764 281.6099437333218 6.198072009281343
0.0234 6368.061165424531 1.000236884190673 1.544796885477531 281.5024247405466 6.153023433618813
0.0235 6368.077757642902 1.000236355981558 1.54471712227486 281.3945753211382 6.108126793180628
0.0236 6368.094400733053 1.000235827647442 1.544637302125651 281.2863952351576 6.063383051445766
0.0237 6368.111094731884 1.000235299195533 1.544557425057906 281.1778842427547 6.018793160378061
0.0238 6368.127839676281 1.000234770633013 1.544477491100702 281.0690421041739 5.974358060383802
0.0239 6368.144635603111 1.00023424196704 1.544397500284212 280.9598685797781 5.930078680277417
0.024 6368.161482549227 1.000233713204745 1.54431745263968 280.8503634300245 5.885955937228783
0.0241 6368.178380551464 1.000233184353236 1.54423734819941 280.7405264154826 5.841990736728445
0.0242 6368.195329646639 1.000232655419591 1.544157186996807 280.6303572968462 5.798183972551241
0.0243 6368.212329871551 1.000232126410865 1.544076969066307 280.5198558349215 5.754536526711448
0.0244 6368.229381262977 1.000231597334086 1.543996694443455 280.4090217906504 5.711049269433022
0.0245 6368.24648385768 1.000231068196254 1.5439163631648 280.2978549250814 5.667723059099841
0.0246 6368.263637692397 1.000230539004343 1.543835975267978 280.1863549994167 5.624558742237106
0.0247 6368.280842803847 1.0002300097653 1.543755530791697 280.0745217749944 5.581557153468133
0.0248 6368.298099228724 1.000229480486045 1.543675029775665 279.9623550132945 5.538719115481467
0.0249 6368.315407003703 1.000228951173469 1.54359447226067 279.8498544759331 5.496045438994521
0.025 6368.332766165432 1.000228421834435 1.543513858288536 279.7370199246915 5.453536922731658
0.0251 6368.35017675054 1.00022789247578 1.543433187902116 279.6238511214932 5.411194353383069
0.0252 6368.367638795627 1.000227363104311 1.543352461145292 279.5103478284271 5.369018505582591
0.0253 6368.385152337269 1.000226833726808 1.54327167806297 279.3965098077537 5.32701014187973
0.0254 6368.402717412017 1.000226304350019 1.543190838701106 279.2823368218868 5.285170012704036
0.0255 6368.420334056396 1.000225774980667 1.543109943106637 279.1678286334239 5.243498856347987
0.0256 6368.438002306902 1.000225245625443 1.543028991327559 279.0529850051338 5.201997398935619
0.0257 6368.455722200006 1.000224716291009 1.542947983412837 278.9378056999625 5.160666354398776
0.0258 6368.473493772147 1.000224186984 1.542866919412471 278.8222904810453 5.119506424456462
0.0259 6368.491317059738 1.000223657711017 1.54278579937744 278.7064391117009 5.07851829858888
0.026 6368.509192099161 1.000223128478634 1.542704623359745 278.5902513554546 5.037702654023008
0.0261 6368.527118926768 1.000222599293393 1.542623391412381 278.4737269760093 4.997060155700447
0.0262 6368.545097578879 1.000222070161807 1.542542103589285 278.3568657372865 4.956591456271307
0.0263 6368.563128091785 1.000221541090358 1.542460759945446 278.239667403397 4.916297196064289
0.0264 6368.581210501742 1.000221012085496 1.542379360536769 278.1221317386761 4.876178003080461
0.0265 6368.599344844974 1.000220483153641 1.542297905420195 278.0042585076661 4.83623449296965
0.0266 6368.617531157674 1.000219954301182 1.542216394653587 277.8860474751222 4.796467269016185
0.0267 6368.635769475996 1.000219425534475 1.542134828295785 277.7674984060239 4.756876922127619
0.0268 6368.654059836065 1.000218896859847 1.542053206406576 277.6486110655759 4.717464030820536
0.0269 6368.672402273968 1.00021836828359 1.54197152904674 277.529385219207 4.678229161207489
0.027 6368.690796825756 1.000217839811966 1.541889796277988 277.4098206325888 4.639172866990854
0.0271 6368.709243527442 1.000217311451205 1.541808008162957 277.289917071629 4.600295689449922
0.0272 6368.727742415005 1.000216783207504 1.541726164765241 277.1696743024662 4.561598157429257
0.0273 6368.746293524386 1.000216255087027 1.541644266149374 277.049092091493 4.523080787337654
0.0274 6368.764896891485 1.000215727095906 1.541562312380806 276.9281702053444 4.48474408313674
0.0275 6368.783552552168 1.00021519924024 1.541480303525923 276.8069084109096 4.4465885363383
0.0276 6368.802260542256 1.000214671526096 1.541398239652015 276.6853064753381 4.408614626000745
0.0277 6368.821020897533 1.000214143959506 1.541316120827308 276.5633641660332 4.370822818723018
0.0278 6368.839833653745 1.000213616546468 1.541233947120914 276.4410812506588 4.333213568643359
0.0279 6368.858698846591 1.00021308929295 1.541151718602848 276.3184574971564 4.295787317442745
0.028 6368.877616511732 1.000212562204883 1.541069435344042 276.1954926737393 4.258544494342106
0.0281 6368.896586684787 1.000212035288165 1.540987097416314 276.0721865488871 4.221485516100801
0.0282 6368.91560940133 1.000211508548662 1.540904704892345 275.9485388913571 4.184610787021593
0.0283 6368.934684696892 1.000210981992202 1.540822257845738 275.8245494702022 4.147920698958386
0.0284 6368.953812606963 1.000210455624582 1.540739756350934 275.7002180547414 4.111415631311044
0.0285 6368.972993166986 1.000209929451564 1.540657200483246 275.5755444145892 4.075095951038939
0.0286 6368.992226412359 1.000209403478874 1.54057459031888 275.4505283196676 4.038962012670163
0.0287 6369.011512378434 1.000208877712204 1.540491925934881 275.3251695401822 4.003014158301609
0.0288 6369.030851100518 1.000208352157212 1.540409207409141 275.1994678466343 3.967252717610604
0.0289 6369.050242613871 1.000207826819521 1.540326434820389 275.0734230098386 3.931678007869207
0.029 6369.069686953706 1.000207301704717 1.540243608248227 274.9470348009112 3.896290333951194
0.0291 6369.089184155187 1.000206776818353 1.540160727773069 274.8203029912873 3.861089988348555
0.0292 6369.10873425343 1.000206252165945 1.540077793476149 274.693227352704 3.826077251179181
0.0293 6369.128337283505 1.000205727752975 1.539994805439554 274.5658076572171 3.791252390205625
0.0294 6369.14799328043 1.000205203584889 1.53991176374616 274.4380436772079 3.756615660851583
0.0295 6369.167702279171 1.000204679667097 1.53982866847965 274.3099351853888 3.72216730621949
0.0296 6369.187464314649 1.000204156004973 1.539745519724528 274.1814819547793 3.68790755710133
0.0297 6369.207279421732 1.000203632603855 1.539662317566088 274.0526837587421 3.653836632006513
0.0298 6369.227147635234 1.000203109469046 1.539579062090414 273.9235403709766 3.61995473717963
0.0299 6369.247068989921 1.000202586605812 1.53949575338438 273.7940515655135 3.586262066619458
0.03 6369.267043520503 1.000202064019383 1.539412391535639 273.6642171167322 3.552758802105271
0.0301 6369.28707126164 1.000201541714954 1.539328976632601 273.534036799343 3.519445113215049
0.0302 6369.307152247938 1.000201019697681 1.539245508764461 273.4035103884052 3.486321157354035
0.0303 6369.327286513948 1.000200497972686 1.539161988021157 273.2726376593386 3.453387079782741
0.0304 6369.347474094168 1.000199976545054 1.539078414493389 273.1414183879059 3.420643013638605
0.0305 6369.367715023041 1.000199455419831 1.538994788272623 273.0098523502305 3.388089079967783
0.0306 6369.388009334955 1.00019893460203 1.538911109451012 272.8779393227904 3.355725387752064
0.0307 6369.408357064241 1.000198414096625 1.5388273781215 272.7456790824361 3.323552033942758
0.0308 6369.428758245174 1.000197893908553 1.538743594377709 272.6130714063669 3.29156910348555
0.0309 6369.449212911974 1.000197374042715 1.538659758314016 272.4801160721662 3.259776669360877
0.031 6369.469721098804 1.000196854503976 1.538575870025496 272.3468128577723 3.228174792609646
0.0311 6369.490282839766 1.000196335297161 1.53849192960793 272.2131615415195 3.196763522377053
0.0312 6369.510898168908 1.00019581642706 1.538407937157791 272.0791619020969 3.165542895937834
0.0313 6369.531567120217 1.000195297898426 1.538323892772267 271.9448137185894 3.134512938742165
0.0314 6369.552289727622 1.000194779715974 1.538239796549221 271.8101167704548 3.10367366444738
0.0315 6369.573066024994 1.000194261884384 1.53815564858717 271.6750708375406 3.073025074960424
0.0316 6369.593896046142 1.000193744408294 1.538071448985335 271.5396757000789 3.042567160475931
0.0317 6369.614779824816 1.000193227292309 1.537987197843617 271.4039311386977 3.012299899519407
0.0318 6369.635717394704 1.000192710540995 1.537902895262514 271.2678369344211 2.982223258988792
0.0319 6369.656708789437 1.000192194158882 1.537818541343227 271.1313928686576 2.952337194194525
0.032 6369.67775404258 1.00019167815046 1.537734136187584 270.9945987232294 2.922641648909819
0.0321 6369.698853187639 1.000191162520184 1.53764967989804 270.8574542803489 2.893136555410259
0.0322 6369.720006258055 1.00019064727247 1.537565172577697 270.7199593226422 2.863821834524817
0.0323 6369.74121328721 1.000190132411698 1.537480614330277 270.5821136331377 2.834697395680214
0.0324 6369.762474308421 1.00018961794221 1.537396005260098 270.4439169952656 2.805763136948953
0.0325 6369.78378935494 1.000189103868309 1.537311345472102 270.3053691928875 2.777018945104536
0.0326 6369.80515845996 1.000188590194262 1.537226635071837 270.1664700102614 2.748464695664095
0.0327 6369.826581656604 1.0001880769243 1.537141874165437 270.0272192320766 2.720100252946879
0.0328 6369.848058977934 1.000187564062613 1.537057062859611 269.8876166434305 2.691925470121506
0.0329 6369.869590456948 1.000187051613356 1.536972201261671 269.7476620298402 2.663940189261602
0.033 6369.891176126576 1.000186539580646 1.536887289479473 269.6073551772541 2.636144241402336
0.0331 6369.912816019683 1.000186027968563 1.536802327621458 269.4666958720585 2.608537446596713
0.0332 6369.93451016907 1.000185516781147 1.536717315796616 269.3256839010472 2.581119613965964
0.0333 6369.956258607469 1.000185006022405 1.536632254114478 269.1843190514518 2.55389054176261
0.0334 6369.978061367547 1.000184495696303 1.536547142685143 269.042601110947 2.526850017429738
0.0335 6369.999918481903 1.00018398580677 1.536461981619206 268.9005298676333 2.499997817656754
0.0336 6370.021829983069 1.0001834763577 1.536376771027819 268.7581051100545 2.47333370844296
0.0337 6370.043795903509 1.000182967352947 1.536291511022644 268.6153266271921 2.446857445157545
0.0338 6370.065816275621 1.00018245879633 1.536206201715854 268.4721942084647 2.420568772601723
0.0339 6370.087891131731 1.000181950691628 1.536120843220132 268.3287076437463 2.394467425075047
0.034 6370.110020504099 1.000181443042586 1.536035435648638 268.1848667233543 2.368553126437211
0.0341 6370.132204424916 1.000180935852909 1.535949979115036 268.0406712380435 2.342825590171985
0.0342 6370.154442926303 1.000180429126267 1.535864473733472 267.8961209790299 2.317284519457363
0.0343 6370.176736040311 1.000179922866292 1.535778919618571 267.7512157379787 2.291929607230228
0.0344 6370.199083798921 1.000179417076579 1.535693316885399 267.6059553070103 2.26676053625514
0.0345 6370.221486234045 1.000178911760686 1.535607665649518 267.4603394787063 2.241776979193989
0.0346 6370.243943377524 1.000178406922135 1.535521966026892 267.3143680460915 2.2169785986725
0.0347 6370.266455261128 1.00017790256441 1.535436218133991 267.1680408026699 2.192365047356744
0.0348 6370.289021916556 1.000177398690959 1.535350422087658 267.0213575423885 2.167935968018426
0.0349 6370.311643375435 1.000176895305194 1.535264578005186 266.8743180596733 2.143690993613064
0.035 6370.334319669321 1.000176392410488 1.535178686004316 266.7269221494115 2.119629747350045
0.0351 6370.3570508297 1.000175890010182 1.535092746203143 266.5791696069513 2.095751842766594
0.0352 6370.379836887982 1.000175388107575 1.535006758720237 266.4310602281138 2.072056883804469
0.0353 6370.402677875509 1.000174886705934 1.534920723674484 266.2825938091931 2.048544464885544
0.0354 6370.425573823545 1.000174385808488 1.534834641185241 266.1337701469564 2.025214170988221
0.0355 6370.448524763287 1.00017388541843 1.534748511372172 265.9845890386317 2.00206557772286
0.0356 6370.471530725857 1.000173385538918 1.534662334355362 265.835050281932 1.979098251413554
0.0357 6370.494591742299 1.000172886173073 1.534576110255245 265.6851536750549 1.956311749176914
0.0358 6370.517707843591 1.00017238732398 1.534489839192596 265.5348990166593 1.933705618998114
0.0359 6370.540879060632 1.000171888994689 1.534403521288577 265.3842861058946 1.911279399815838
0.036 6370.564105424248 1.000171391188215 1.534317156664662 265.2333147423891 1.889032621601647
0.0361 6370.587386965191 1.000170893907536 1.534230745442651 265.0819847262559 1.866964805442807
0.0362 6370.61072371414 1.000170397155597 1.534144287744701 264.9302958580928 1.845075463624962
0.0363 6370.634115701697 1.000169900935304 1.534057783693267 264.7782479389706 1.823364099713879
0.0364 6370.65756295839 1.000169405249532 1.533971233411104 264.6258407704626 1.801830208643845
0.0365 6370.681065514674 1.00016891010112 1.533884637021294 264.4730741546208 1.780473276799118
0.0366 6370.704623400925 1.000168415492869 1.533797994647198 264.3199478939881 1.759292782101182
0.0367 6370.728236647446 1.000167921427549 1.533711306412462 264.1664617916039 1.738288194095791
0.0368 6370.751905284465 1.000167427907895 1.533624572440997 264.0126156509804 1.717458974036664
0.0369 6370.775629342133 1.000166934936607 1.533537792857017 263.8584092761383 1.696804574977936
0.03700000000000001 6370.799408850525 1.00016644251635 1.533450967784969 263.7038424715892 1.676324441859948
0.0371 6370.823243839639 1.000165950649755 1.533364097349586 263.5489150423467 1.656018011599699
0.0372 6370.847134339399 1.000165459339421 1.533277181675799 263.3936267939038 1.635884713177251
0.0373 6370.871080379652 1.000164968587912 1.533190220888827 263.2379775322614 1.615923967729757
0.0374 6370.895081990167 1.000164478397757 1.53310321511409 263.0819670639174 1.596135188640612
0.0375 6370.919139200636 1.000163988771455 1.533016164477226 262.9255951958661 1.576517781630795
0.0376 6370.943252040677 1.000163499711467 1.532929069104125 262.7688617355983 1.557071144850786
0.0377 6370.967420539829 1.000163011220226 1.532841929120849 262.6117664911134 1.537794668974499
0.0378 6370.991644727553 1.000162523300128 1.53275474465366 262.4543092709072 1.518687737290832
0.0379 6371.015924633235 1.000162035953539 1.532667515829016 262.2964898839722 1.499749725797253
0.038 6371.040260286182 1.000161549182791 1.532580242773577 262.1383081398152 1.480980003296035
0.0381 6371.064651715625 1.000161062990183 1.532492925614165 261.9797638484396 1.462377931486705
0.0382 6371.089098950715 1.000160577377984 1.532405564477755 261.8208568203512 1.443942865061888
0.0383 6371.113602020528 1.00016009234843 1.532318159491489 261.6615868665702 1.425674151804257
0.0384 6371.138160954059 1.000159607903723 1.53223071078268 261.5019537986135 1.407571132680546
0.0385 6371.16277578023 1.000159124046037 1.532143218478767 261.3419574285061 1.389633141939451
0.0386 6371.18744652788 1.000158640777513 1.532055682707334 261.1815975687817 1.371859507208594
0.03870000000000001 6371.212173225772 1.000158158100259 1.531968103596076 261.0208740324823 1.354249549591923
0.0388 6371.236955902591 1.000157676016356 1.531880481272832 260.8597866331583 1.336802583767531
0.0389 6371.261794586944 1.00015719452785 1.531792815865526 260.6983351848625 1.31951791808526
0.039 6371.286689307359 1.000156713636759 1.531705107502219 260.5365195021681 1.302394854667223
0.0391 6371.311640092285 1.00015623334507 1.531617356311048 260.3743394001448 1.285432689504282
0.0392 6371.336646970096 1.00015575365474 1.531529562420246 260.2117946943766 1.268630712557309
0.0393 6371.361709969082 1.000155274567696 1.531441725958121 260.0488852009679 1.251988207857472
0.0394 6371.386829117459 1.000154796085833 1.531353847053068 259.8856107365194 1.235504453603847
0.0395 6371.412004443362 1.000154318211021 1.531265925833537 259.7219711181464 1.21917872226563
0.0396 6371.43723597485 1.000153840945097 1.531177962428045 259.5579661634723 1.203010280682205
0.0397 6371.4625237399 1.000153364289872 1.531089956965146 259.393595690647 1.186998390165841
0.0398 6371.487867766414 1.000152888247124 1.531001909573453 259.2288595183107 1.171142306599452
0.0399 6371.513268082211 1.000152412818606 1.530913820381612 259.0637574656301 1.155441280541572
0.04 6371.538724715034 1.000151938006042 1.530825689518281 258.8982893522801 1.139894557326364
0.0401 6371.564237692547 1.000151463811127 1.530737517112172 258.732454998444 1.124501377165618
0.0402 6371.589807042335 1.000150990235529 1.530649303291964 258.5662542248195 1.109260975251515
0.0403 6371.615432791905 1.000150517280887 1.530561048186398 258.3996868526186 1.094172581859007
0.04040000000000001 6371.641114968683 1.000150044948814 1.530472751924159 258.2327527035617 1.079235422447872
0.0405 6371.666853600018 1.000149573240896 1.530384414633951 258.0654515998834 1.064448717766014
0.0406 6371.69264871318 1.000149102158691 1.530296036444469 257.897783364327 1.049811683951859
0.0407 6371.718500335362 1.000148631703732 1.530207617484359 257.7297478201498 1.035323532637944
0.0408 6371.744408493673 1.000148161877523 1.530119157882257 257.5613447911236 1.020983471054093
0.0409 6371.770373215149 1.000147692681545 1.530030657766742 257.3925741015286 1.006790702130212
0.041 6371.796394526746 1.000147224117251 1.529942117266355 257.2234355761533 0.9927444245997141
0.0411 6371.822472455337 1.000146756186068 1.529853536509602 257.0539290403066 0.9788438331039736
0.0412 6371.848607027724 1.000146288889401 1.529764915624892 256.8840543197938 0.9650881182939353
0.0413 6371.874798270622 1.000145822228627 1.5296762547406 256.7138112409583 0.9514764669370763
0.0414 6371.901046210673 1.000145356205099 1.529587553985006 256.5431996306223 0.9380080620162743
0.0415 6371.927350874441 1.000144890820144 1.529498813486313 256.3722193161342 0.9246820828372891
0.04160000000000001 6371.953712288408 1.000144426075068 1.529410033372642 256.2008701253507 0.911497705130999
0.0417 6371.980130478978 1.00014396197115 1.529321213772001 256.0291518866428 0.8984541011575123
0.0418 6372.006605472481 1.000143498509647 1.529232354812309 255.8570644288724 0.8855504398080213
0.0419 6372.033137295164 1.000143035691792 1.52914345662137 255.6846075814332 0.8727858867115291
0.042 6372.059725973198 1.000142573518796 1.529054519326873 255.5117811742156 0.8601596043357094
0.04210000000000001 6372.086371532676 1.000142111991845 1.528965543056373 255.3385850376065 0.8476707520904345
0.0422 6372.113073999612 1.000141651112103 1.528876527937306 255.1650190025251 0.8353184864337247
0.0423 6372.139833399941 1.000141190880713 1.528787474096975 254.991082900381 0.8231019609720349
0.0424 6372.166649759524 1.000140731298796 1.528698381662506 254.8167765630923 0.8110203265647242
0.0425 6372.193523104142 1.00014027236745 1.528609250760923 254.6420998230795 0.7990727314266891
0.0426 6372.220453459496 1.000139814087751 1.528520081519056 254.4670525132777 0.7872583212320681
0.0427 6372.247440851213 1.000139356460755 1.528430874063571 254.2916344671124 0.7755762392153742
0.0428 6372.274485304843 1.000138899487499 1.528341628520972 254.1158455185235 0.7640256262756618
0.0429 6372.301586845853 1.000138443168996 1.528252345017588 253.9396855019535 0.7526056210780919
0.043 6372.328745499641 1.000137987506241 1.528163023679557 253.7631542523353 0.7413153601553484
0.0431 6372.355961291521 1.000137532500207 1.528073664632828 253.5862516051164 0.730153978011118
0.0432 6372.383234246733 1.000137078151849 1.527984268003163 253.4089773962349 0.7191206072202831
0.04330000000000001 6372.41056439044 1.000136624462103 1.527894833916081 253.2313314621373 0.7082143785315083
0.0434 6372.437951747729 1.000136171431885 1.527805362496946 253.0533136397606 0.6974344209673315
0.0435 6372.465396343608 1.000135719062092 1.527715853870858 252.8749237665505 0.686779861926169
0.0436 6372.49289820301 1.000135267353601 1.527626308162737 252.6961616804373 0.6762498272815107
0.0437 6372.520457350792 1.000134816307276 1.527536725497224 252.5170272198537 0.6658434414833055
0.0438 6372.548073811735 1.000134365923957 1.527447105998772 252.3375202237233 0.6555598276572537
0.0439 6372.575747610543 1.000133916204471 1.527357449791557 252.1576405314721 0.6453981077051382
0.044 6372.603478771844 1.000133467149624 1.527267756999537 251.9773879830108 0.635357402403109
0.0441 6372.631267320193 1.000133018760209 1.527178027746388 251.7967624187467 0.625436831501293
0.0442 6372.659113280066 1.000132571036998 1.527088262155552 251.6157636795718 0.6156355138216885
0.0443 6372.687016675865 1.000132123980749 1.52699846035019 251.434391606875 0.6059525673569716
0.0444 6372.714977531918 1.000131677592206 1.526908622453197 251.2526460425355 0.5963871093679054
0.0445 6372.742995872475 1.000131231872092 1.526818748587183 251.0705268289115 0.5869382564800438
0.0446 6372.771071721714 1.00013078682112 1.526728838874492 250.8880338088578 0.577605124781548
0.0447 6372.799205103738 1.000130342439983 1.52663889343717 250.7051668257021 0.5683868299183948
0.0448 6372.827396042573 1.000129898729362 1.526548912396974 250.5219257232746 0.559282487191845
0.0449 6372.855644562174 1.000129455689924 1.526458895875347 250.3383103458667 0.5502912116518511
0.04500000000000001 6372.883950686421 1.00012901332232 1.526368843993437 250.1543205382662 0.5414121181938256
0.0451 6372.912314439118 1.000128571627187 1.526278756872087 249.969956145734 0.5326443216519581
0.0452 6372.940735843998 1.000128130605151 1.526188634631805 249.7852170140158 0.5239869368937558
0.0453 6372.969214924718 1.000127690256821 1.526098477392816 249.6001029893299 0.5154390789129153
0.0454 6372.997751704866 1.000127250582795 1.526008285274973 249.4146139183739 0.5069998629224922
0.0455 6373.02634620795 1.000126811583657 1.525918058397844 249.228749648324 0.4986684044472193
0.0456 6373.054998457411 1.000126373259982 1.525827796880607 249.0425100268293 0.4904438194149877
0.0457 6373.083708476615 1.000125935612329 1.525737500842141 248.8558949020002 0.4823252242475105
0.0458 6373.112476288857 1.000125498641247 1.525647170400968 248.6689041224316 0.4743117359519342
0.0459 6373.141301917357 1.000125062347273 1.525556805675243 248.4815375371799 0.4664024722097639
0.046 6373.170185385266 1.000124626730932 1.525466406782786 248.293794995774 0.458596551466716
0.0461 6373.199126715661 1.000124191792741 1.525375973841036 248.1056763482042 0.4508930930209243
0.0462 6373.22812593155 1.000123757533204 1.525285506967079 247.9171814449277 0.443291217111248
0.0463 6373.257183055866 1.000123323952815 1.525195006277622 247.7283101368688 0.4357900450046619
0.0464 6373.286298111476 1.000122891052057 1.52510447188901 247.539062275407 0.4283886990825107
0.0465 6373.31547112117 1.000122458831407 1.525013903917194 247.3494377123947 0.4210863029272484
0.0466 6373.344702107673 1.000122027291328 1.52492330247775 247.1594363001276 0.4138819814066356
0.04670000000000001 6373.373991093635 1.000121596432278 1.524832667685851 246.9690578913745 0.406774860759522
0.0468 6373.403338101639 1.000121166254702 1.524741999656299 246.7783023393475 0.399764068678645
0.0469 6373.432743154198 1.000120736759042 1.524651298503472 246.5871694977139 0.3928487343942856
0.047 6373.462206273754 1.000120307945726 1.524560564341369 246.3956592205963 0.3860279887567206
0.0471 6373.491727482681 1.000119879815178 1.524469797283575 246.2037713625722 0.3793009643179201
0.0472 6373.521306803284 1.000119452367813 1.524378997443264 246.0115057786569 0.3726667954118731
0.0473 6373.550944257797 1.000119025604039 1.524288164933193 245.8188623243208 0.3661246182353904
0.0474 6373.580639868388 1.000118599524257 1.5241972998657 245.6258408554776 0.3596735709270834
0.0475 6373.610393657155 1.000118174128861 1.524106402352716 245.4324412284903 0.353312793646164
0.0476 6373.64020564613 1.000117749418239 1.524015472505732 245.2386633001537 0.3470414286496593
0.0477 6373.670075857275 1.000117325392772 1.523924510435816 245.0445069277115 0.3408586203699882
0.0478 6373.700004312485 1.000116902052837 1.523833516253603 244.8499719688451 0.3347635154907367
0.04790000000000001 6373.72999103359 1.000116479398804 1.523742490069287 244.6550582816675 0.3287552630218185
0.048 6373.760036042349 1.000116057431037 1.523651431992622 244.459765724729 0.3228330143741609
0.0481 6373.79013936046 1.000115636149897 1.523560342132928 244.2640941570115 0.3169959234331742
0.0482 6373.820301009549 1.000115215555739 1.523469220599065 244.0680434379345 0.3112431466317179
0.0483 6373.850521011179 1.000114795648914 1.523378067499447 243.8716134273371 0.3055738430215039
0.04840000000000001 6373.880799386847 1.000114376429768 1.523286882942058 243.6748039854959 0.2999871743446699
0.0485 6373.911136157983 1.000113957898645 1.523195667034381 243.4776149731073 0.2944823051034325
0.0486 6373.941531345955 1.000113540055884 1.523104419883475 243.2800462512931 0.2890584026295412
0.0487 6373.971984972062 1.00011312290182 1.523013141595928 243.0820976815952 0.2837146371524932
0.0488 6374.002497057542 1.000112706436787 1.522921832277849 242.8837691259749 0.2784501818670127
0.0489 6374.033067623567 1.000112290661114 1.522830492034906 242.6850604468135 0.2732642129996084
0.049 6374.063696691244 1.00011187557513 1.522739120972268 242.4859715069118 0.2681559098742087
0.0491 6374.09438428162 1.00011146117916 1.522647719194643 242.2865021694728 0.2631244549764211
0.0492 6374.125130415673 1.000111047473527 1.522556286806258 242.0866522981249 0.2581690340179136
0.0493 6374.155935114323 1.000110634458552 1.522464823910882 241.8864217568988 0.2532888359986495
0.0494 6374.186798398426 1.000110222134556 1.522373330611769 241.6858104102329 0.2484830532689311
0.0495 6374.217720288772 1.000109810501858 1.522281807011711 241.4848181229794 0.243750881590469
0.04960000000000001 6374.248700806094 1.000109399560776 1.522190253213017 241.2834447603867 0.2390915201959346
0.0497 6374.27973997106 1.000108989311627 1.52209866931749 241.0816901881111 0.2345041718482464
0.0498 6374.310837804276 1.000108579754728 1.522007055426464 240.8795542722049 0.2299880428983346
0.0499 6374.34199432629 1.000108170890395 1.521915411640756 240.6770368791166 0.2255423433422066
0.05 6374.373209557586 1.000107762718946 1.521823738060707 240.4741378756906 0.2211662868770276
0.05010000000000001 6374.404483518589 1.000107355240697 1.521732034786165 240.2708571291736 0.2168590909563364
0.0502 6374.435816229662 1.000106948455966 1.521640301916462 240.0671945071962 0.2126199768437627
0.0503 6374.467207711109 1.00010654236507 1.52154853955045 239.8631498777912 0.2084481696665054
0.0504 6374.498657983176 1.00010613696833 1.521456747786459 239.658723109358 0.204342898466709
0.0505 6374.530167066046 1.000105732266066 1.521364926722332 239.4539140706978 0.2003033962532947
0.0506 6374.561734979848 1.000105328258599 1.521273076455398 239.2487226309903 0.1963289000515713
0.0507 6374.593361744648 1.000104924946252 1.521181197082489 239.0431486597876 0.1924186509522146
0.0508 6374.625047380456 1.000104522329353 1.521089288699908 238.8371920270378 0.1885718941597883
0.0509 6374.656791907221 1.000104120408228 1.520997351403474 238.6308526030615 0.1847878790393363
0.051 6374.688595344839 1.000103719183207 1.520905385288488 238.4241302585459 0.1810658591623162
0.0511 6374.720457713145 1.000103318654621 1.520813390449745 238.2170248645565 0.1774050923518277
0.0512 6374.752379031918 1.000102918822808 1.520721366981494 238.0095362925312 0.1738048407264851
0.05130000000000001 6374.784359320881 1.000102519688105 1.520629314977518 237.8016644142743 0.1702643707432703
0.0514 6374.816398599699 1.000102121250853 1.520537234531054 237.593409101957 0.1667829532394629
0.0515 6374.84849688798 1.000101723511397 1.520445125734849 237.3847702281286 0.163359863473728
0.0516 6374.880654205281 1.000101326470085 1.520352988681106 237.1757476656752 0.1599943811652981
0.0517 6374.912870571099 1.00010093012727 1.520260823461521 236.9663412878557 0.1566857905333972
0.05180000000000001 6374.945146004879 1.000100534483307 1.520168630167291 236.7565509682894 0.1534333803348367
0.0519 6374.977480526009 1.000100139538557 1.520076408889054 236.5463765809444 0.1502364439005933
0.052 6375.009874153823 1.000099745293385 1.519984159716978 236.3358180001495 0.1470942791717201
0.0521 6375.042326907602 1.000099351748158 1.519891882740684 236.1248751005882 0.1440061887339402
0.0522 6375.074838806571 1.000098958903252 1.519799578049279 235.9135477572867 0.1409714798511273
0.0523 6375.107409869906 1.000098566759045 1.519707245731339 235.7018358456083 0.1379894644978513
0.0524 6375.140040116725 1.00009817531592 1.519614885874949 235.4897392412889 0.1350594593914597
0.0525 6375.172729566095 1.000097784574266 1.519522498567653 235.2772578203834 0.1321807860218755
0.0526 6375.205478237032 1.000097394534479 1.519430083896468 235.0643914592896 0.1293527706814547
0.0527 6375.238286148498 1.000097005196956 1.519337641947925 234.8511400347601 0.1265747444936182
0.0528 6375.271153319406 1.000096616562105 1.519245172807992 234.6375034238607 0.1238460434397591
0.0529 6375.304079768614 1.000096228630337 1.519152676562152 234.4234815040121 0.1211660083862069
0.05300000000000001 6375.337065514929 1.000095841402068 1.519060153295351 234.2090741529599 0.1185339851092367
0.0531 6375.370110577112 1.000095454877724 1.518967603092025 233.9942812487751 0.1159493243194469
0.0532 6375.403214973867 1.000095069057733 1.518875026036083 233.7791026698654 0.1134113816852478
0.0533 6375.436378723853 1.000094683942532 1.518782422210925 233.563538294958 0.1109195178549729
0.0534 6375.469601845676 1.000094299532563 1.518689791699438 233.347588003105 0.1084730984782585
0.05350000000000001 6375.502884357897 1.000093915828277 1.518597134583964 233.131251673672 0.1060714942262039
0.0536 6375.536226279021 1.000093532830131 1.518504450946367 232.9145291863614 0.1037140808109141
0.0537 6375.569627627511 1.000093150538587 1.518411740867963 232.6974204211773 0.1014002390033768
0.0538 6375.603088421778 1.000092768954115 1.518319004429582 232.4799252584429 0.09912935465092888
0.0539 6375.636608680185 1.000092388077195 1.518226241711521 232.2620435788007 0.09690081869351684
0.054 6375.670188421047 1.000092007908311 1.518133452793569 232.0437752631946 0.09471402717878198
0.0541 6375.703827662634 1.000091628447956 1.518040637755003 231.8251201928759 0.09256838127640313
0.05420000000000001 6375.737526423167 1.000091249696629 1.517947796674593 231.6060782494154 0.09046328729149676
0.0543 6375.771284720819 1.000090871654839 1.517854929630599 231.3866493146733 0.08839815667663314
0.0544 6375.80510257372 1.000090494323101 1.51776203670077 231.1668332708231 0.08637240604339098
0.0545 6375.838979999949 1.000090117701938 1.517669117962356 230.946630000334 0.08438545717254058
0.0546 6375.872917017543 1.000089741791882 1.517576173492086 230.7260393859709 0.08243673702343114
0.05470000000000001 6375.906913644494 1.000089366593472 1.517483203366206 230.5050613107882 0.08052567774236392
0.0548 6375.940969898746 1.000088992107255 1.517390207660429 230.2836956581535 0.07865171667026
0.0549 6375.975085798199 1.000088618333788 1.517297186450013 230.0619423117067 0.07681429634881669
0.055 6376.009261360708 1.000088245273633 1.517204139809671 229.8398011553949 0.07501286452637861
0.0551 6376.043496604087 1.000087872927364 1.517111067813651 229.617272073437 0.07324687416227374
0.05520000000000001 6376.077791546101 1.00008750129556 1.517017970535681 229.3943549503418 0.07151578343066202
0.0553 6376.112146204475 1.000087130378812 1.516924848049019 229.1710496709137 0.06981905572334945
0.0554 6376.146560596891 1.000086760177716 1.516831700426402 228.9473561202111 0.068156159651329
0.0555 6376.181034740985 1.000086390692879 1.516738527740108 228.7232741836 0.06652656904612984
0.0556 6376.215568654353 1.000086021924916 1.516645330061908 228.4988037467064 0.06492976295950256
0.0557 6376.250162354548 1.00008565387445 1.516552107463086 228.27394469544 0.06336522566273955
0.0558 6376.28481585908 1.000085286542114 1.516458860014451 228.0486969159828 0.06183244664484464
0.05590000000000001 6376.319529185418 1.000084919928549 1.516365587786328 227.8230602947823 0.0603309206098703
0.056 6376.354302350991 1.000084554034404 1.516272290848562 227.5970347185583 0.05886014747346129
0.0561 6376.389135373185 1.000084188860339 1.516178969270512 227.3706200742967 0.05741963235845346
0.0562 6376.424028269347 1.000083824407021 1.516085623121075 227.1438162492431 0.05600888558961931
0.0563 6376.458981056781 1.000083460675126 1.515992252468671 226.9166231309213 0.05462742268771196
0.05640000000000001 6376.493993752752 1.000083097665341 1.515898857381246 226.6890406071092 0.05327476436241084
0.0565 6376.529066374486 1.000082735378359 1.515805437926289 226.4610685658389 0.05195043650459107
0.0566 6376.564198939169 1.000082373814883 1.515711994170811 226.2327068954027 0.05065397017780342
0.0567 6376.599391463946 1.000082012975628 1.515618526181368 226.0039554843528 0.04938490160890384
0.0568 6376.634643965926 1.000081652861312 1.515525034024055 225.774814221484 0.04814277217778425
0.05690000000000001 6376.669956462176 1.000081293472667 1.51543151776451 225.5452829958571 0.04692712840653842
0.057 6376.705328969728 1.000080934810433 1.515337977467922 225.3153616967692 0.04573752194755416
0.0571 6376.740761505574 1.000080576875356 1.515244413199012 225.0850502137718 0.04457350957108713
0.0572 6376.776254086667 1.000080219668196 1.515150825022075 224.8543484366645 0.04343465315194255
0.0573 6376.811806729925 1.000079863189717 1.515057213000943 224.6232562554895 0.04232051965540502
0.0574 6376.847419452228 1.000079507440694 1.514963577199016 224.3917735605195 0.04123068112240059
0.0575 6376.883092270418 1.000079152421912 1.514869917679254 224.1599002422812 0.04016471465409284
0.05760000000000001 6376.918825201302 1.000078798134163 1.514776234504172 223.927636191538 0.03912220239555533
0.0577 6376.954618261648 1.00007844457825 1.514682527735857 223.6949812992897 0.03810273151881925
0.0578 6376.99047146819 1.000078091754983 1.514588797435962 223.4619354567666 0.03710589420519242
0.0579 6377.026384837626 1.000077739665181 1.514495043665728 223.2284985554296 0.03613128762691455
0.058 6377.062358386618 1.000077388309671 1.514401266485946 222.994670486982 0.03517851392817802
0.05810000000000001 6377.098392131793 1.000077037689292 1.514307465957016 222.7604511433459 0.03424718020533221
0.0582 6377.134486089741 1.000076687804889 1.514213642138892 222.5258404166856 0.03333689848662342
0.0583 6377.170640277021 1.000076338657315 1.514119795091132 222.2908381993665 0.03244728571102985
0.0584 6377.206854710154 1.000075990247433 1.514025924872884 222.0554443839964 0.03157796370678494
0.0585 6377.24312940563 1.000075642576114 1.513932031542882 221.8196588634077 0.0307285591690413
0.05860000000000001 6377.279464379901 1.000075295644239 1.513838115159454 221.5834815306456 0.02989870363695119
0.0587 6377.315859649389 1.000074949452694 1.51374417578054 221.3469122789742 0.0290880334702107
0.05880000000000001 6377.35231523048 1.000074604002376 1.513650213463676 221.109951001882 0.02829618982500922
0.0589 6377.388831139529 1.00007425929419 1.513556228265998 220.8725975930646 0.02752281862932067
0.059 6377.425407392855 1.000073915329047 1.513462220244268 220.6348519464422 0.02676757055774747
0.0591 6377.462044006748 1.000073572107871 1.51336818945484 220.3967139561358 0.02603010100567306
0.0592 6377.498740997464 1.000073229631588 1.513274135953718 220.1581835164856 0.0253100700630052
0.05930000000000001 6377.535498381225 1.000072887901135 1.51318005979649 219.9192605220381 0.02460714248729294
0.0594 6377.572316174223 1.000072546917458 1.513085961038402 219.6799448675473 0.02392098767636272
0.0595 6377.609194392619 1.000072206681507 1.512991839734311 219.4402364479737 0.02325127964044594
0.0596 6377.646133052541 1.000071867194244 1.512897695938708 219.2001351584848 0.02259769697381061
0.0597 6377.683132170085 1.000071528456636 1.512803529705734 218.9596408944493 0.021959922825894
0.05980000000000001 6377.720191761317 1.000071190469657 1.512709341089151 218.7187535514425 0.02133764487199587
0.0599 6377.757311842272 1.00007085323429 1.512615130142382 218.4774730252292 0.02073055528345091
0.06 6377.794492428956 1.000070516751525 1.512520896918484 218.2357992117867 0.02013835069746133
0.0601 6377.831733537342 1.000070181022358 1.512426641470186 217.9937320072758 0.01956073218635941
0.0602 6377.869035183376 1.000069846047792 1.512332363849844 217.7512713080581 0.01899740522656713
0.0603 6377.906397382971 1.000069511828839 1.512238064109501 217.5084170106906 0.01844807966708566
0.0604 6377.943820152011 1.000069178366515 1.512143742300854 217.2651690119309 0.0179124696976143
0.06050000000000001 6377.981303506352 1.000068845661845 1.512049398475265 217.0215272087142 0.01739029381621907
0.0606 6378.018847461821 1.00006851371586 1.511955032683765 216.777491498165 0.01688127479670848
0.0607 6378.056452034214 1.000068182529596 1.511860644977072 216.5330617776084 0.01638513965564387
0.0608 6378.0941172393 1.000067852104096 1.511766235405581 216.2882379445531 0.01590161961893903
0.0609 6378.131843092817 1.00006752244041 1.511671804019363 216.0430198966909 0.01543045008816229
0.06100000000000001 6378.169629610476 1.000067193539594 1.511577350868189 215.7974075319029 0.01497137060652511
0.0611 6378.207476807962 1.000066865402709 1.511482876001514 215.5514007482474 0.01452412482452433
0.0612 6378.245384700927 1.000066538030821 1.511388379468489 215.304999443972 0.0140884604653292
0.0613 6378.283353305001 1.000066211425004 1.511293861317974 215.0582035174956 0.01366412928982688
0.0614 6378.321382635781 1.000065885586336 1.511199321598524 214.8110128674206 0.01325088706144586
0.06150000000000001 6378.35947270884 1.0000655605159 1.511104760358404 214.5634273925383 0.01284849351070302
0.0616 6378.397623539722 1.000065236214785 1.511010177645603 214.3154469918057 0.0124567122994514
0.0617 6378.435835143945 1.000064912684084 1.510915573507811 214.0670715643572 0.01207531098494866
0.0618 6378.474107536999 1.000064589924896 1.510820947992454 213.8183010095044 0.01170406098367755
0.0619 6378.512440734349 1.000064267938324 1.510726301146666 213.5691352267303 0.0113427375349423
0.062 6378.550834751432 1.000063946725475 1.510631633017333 213.3195741156895 0.01099111966427123
0.0621 6378.589289603659 1.000063626287462 1.510536943651057 213.069617576214 0.01064899014663558
0.06220000000000001 6378.627805306416 1.000063306625402 1.510442233094178 212.8192655082952 0.010316135469456
0.0623 6378.666381875061 1.000062987740413 1.510347501392795 212.568517812102 0.009992345795490189
0.0624 6378.705019324927 1.000062669633622 1.510252748592729 212.3173743879746 0.009677414925530751
0.0625 6378.743717671321 1.000062352306155 1.510157974739579 212.0658351364131 0.009371140260952289
0.0626 6378.782476929526 1.000062035759143 1.510063179878676 211.8138999580827 0.009073322766148511
0.06270000000000001 6378.821297114798 1.000061719993723 1.509968364055112 211.5615687538146 0.008783766930839314
0.06280000000000001 6378.860178242368 1.000061405011032 1.509873527313758 211.3088414246112 0.008502280732273769
0.0629 6378.899120327442 1.00006109081221 1.509778669699243 211.0557178716284 0.00822867559730755
0.063 6378.938123385201 1.000060777398402 1.509683791255958 210.802197996194 0.007962766364432347
0.0631 6378.977187430803 1.000060464770755 1.509588892028086 210.5482816997832 0.007704371245683472
0.06320000000000001 6379.016312479378 1.000060152930417 1.509493972059575 210.2939688840428 0.007453311788531747
0.06330000000000001 6379.055498546035 1.00005984187854 1.50939903139417 210.0392594507733 0.007209412837677089
0.0634 6379.094745645855 1.000059531616277 1.509304070075391 209.7841533019408 0.006972502496827955
0.0635 6379.1340537939 1.000059222144783 1.509209088146565 209.5286503396532 0.006742412090413714
0.0636 6379.173423005202 1.000058913465217 1.509114085650803 209.2727504661897 0.006518976125323801
0.06370000000000001 6379.212853294773 1.000058605578736 1.509019062631017 209.0164535839775 0.006302032252585058
0.06380000000000001 6379.252344677599 1.000058298486501 1.508924019129934 208.7597595956094 0.006091421229074324
0.0639 6379.291897168644 1.000057992189672 1.508828955190077 208.5026684038138 0.005886986879199238
0.064 6379.331510782848 1.000057686689413 1.508733870853791 208.245179911485 0.005688576056646679
0.0641 6379.371185535128 1.000057381986886 1.508638766163239 207.987294021665 0.00549603860612024
0.06420000000000001 6379.410921440376 1.000057078083254 1.50854364116039 207.7290106375552 0.005309227325139548
0.06430000000000001 6379.450718513463 1.000056774979683 1.508448495887052 207.4703296624933 0.005127997925861352
0.0644 6379.490576769234 1.000056472677335 1.508353330384856 207.2112509999764 0.004952208996992863
0.0645 6379.530496222515 1.000056171177376 1.508258144695275 206.9517745536554 0.004781721965749905
0.0646 6379.570476888104 1.000055870480969 1.50816293885961 206.6919002273229 0.004616401059888539
0.06470000000000001 6379.610518780782 1.00005557058928 1.508067712918996 206.4316279249196 0.004456113269834468
0.0648 6379.650621915302 1.000055271503469 1.507972466914434 206.1709575505396 0.004300728310906401
0.0649 6379.690786306398 1.000054973224699 1.50787720088676 205.9098890084132 0.004150118585628873
0.065 6379.731011968781 1.000054675754134 1.507781914876661 205.6484222029243 0.004004159146179025
0.06510000000000001 6379.771298917138 1.000054379092931 1.507686608924684 205.3865570386046 0.003862727656939826
0.06520000000000001 6379.811647166135 1.000054083242251 1.507591283071241 205.1242934201217 0.003725704357180473
0.0653 6379.852056730416 1.000053788203251 1.507495937356601 204.8616312522971 0.003592972023890624
0.0654 6379.892527624602 1.000053493977086 1.507400571820912 204.5985704400881 0.00346441593474179
0.0655 6379.933059863291 1.00005320056491 1.507305186504176 204.3351108886058 0.003339923831221141
0.06560000000000001 6379.973653461064 1.000052907967874 1.507209781446291 204.0712525030852 0.003219385881904325
0.06570000000000001 6380.014308432474 1.000052616187127 1.507114356687027 203.8069951889214 0.003102694645929021
0.0658 6380.055024792055 1.000052325223815 1.507018912266031 203.542338851645 0.002989745036617707
0.0659 6380.09580255432 1.000052035079083 1.506923448222852 203.2772833969228 0.002880434285296865
0.066 6380.136641733759 1.00005174575407 1.506827964596908 203.0118287305694 0.002774661905312688
0.06610000000000001 6380.177542344841 1.000051457249915 1.506732461427533 202.7459747585352 0.00267232965623591
0.06620000000000001 6380.218504402014 1.000051169567751 1.506636938753946 202.4797213869068 0.002573341508277838
0.0663 6380.259527919704 1.000050882708709 1.506541396615277 202.2130685219244 0.002477603606925287
0.0664 6380.300612912315 1.000050596673915 1.506445835050559 201.9460160699522 0.002385024237777363
0.0665 6380.341759394231 1.000050311464493 1.506350254098727 201.6785639374965 0.002295513791625679
0.06660000000000001 6380.382967379814 1.00005002708156 1.506254653798637 201.4107120312113 0.002208984729761382
0.06670000000000001 6380.424236883405 1.000049743526232 1.506159034189051 201.1424602578689 0.002125351549509024
0.0668 6380.465567919324 1.000049460799616 1.506063395308664 200.8738085243953 0.002044530750025478
0.0669 6380.506960501869 1.000049178902819 1.505967737196092 200.6047567378522 0.001966440798331028
0.067 6380.548414645319 1.000048897836939 1.505872059889865 200.3353048054258 0.001891002095598464
0.06710000000000001 6380.58993036393 1.000048617603071 1.505776363428444 200.0654526344559 0.001818136943714458
0.06720000000000001 6380.631507671937 1.000048338202305 1.50568064785025 199.7952001324064 0.00174776951208991
0.0673 6380.673146583557 1.000048059635723 1.505584913193604 199.5245472068772 0.001679825804753102
0.0674 6380.714847112984 1.000047781904404 1.505489159496784 199.253493765604 0.00161423362771513
0.0675 6380.756609274389 1.000047505009419 1.505393386798019 198.9820397164707 0.00155092255661849
0.06760000000000001 6380.798433081926 1.000047228951833 1.50529759513547 198.710184967479 0.001489823904660994
0.06770000000000001 6380.840318549727 1.000046953732707 1.505201784547249 198.4379294267727 0.00143087069082181
0.0678 6380.882265691904 1.000046679353091 1.505105955071429 198.1652730026257 0.001373997608372647
0.0679 6380.924274522545 1.000046405814033 1.505010106746036 197.8922156034595 0.001319140993692902
0.068 6380.966345055722 1.00004613311657 1.504914239609047 197.6187571378081 0.001266238795375319
0.06810000000000001 6381.008477305482 1.000045861261736 1.504818353698408 197.344897514365 0.001215230543653454
0.0682 6381.050671285856 1.000045590250553 1.504722449052031 197.0706366419362 0.001166057320119054
0.0683 6381.092927010851 1.000045320084038 1.50462652570779 196.7959744294693 0.001118661727766365
0.0684 6381.135244494454 1.000045050763201 1.504530583703533 196.5209107860481 0.001072987861344542
0.06850000000000001 6381.177623750633 1.000044782289043 1.504434623077085 196.2454456208865 0.001028981278028402
0.06860000000000001 6381.220064793332 1.000044514662556 1.504338643866239 195.9695788433399 0.0009865889684130007
0.0687 6381.26256763648 1.000044247884725 1.504242646108778 195.6933103628825 0.0009457593278262051
0.0688 6381.305132293981 1.000043981956527 1.50414662984245 195.4166400891239 0.0009064421279739427
0.0689 6381.347758779721 1.000043716878929 1.504050595105011 195.139567931816 0.000868588488911647
0.06900000000000001 6381.390447107564 1.000043452652889 1.503954541934186 194.8620938008347 0.0008321508513430452
0.06910000000000001 6381.433197291354 1.000043189279358 1.503858470367695 194.5842176061977 0.0007970829492564705
0.0692 6381.476009344915 1.000042926759276 1.503762380443258 194.3059392580529 0.0007633397828915156
0.0693 6381.51888328205 1.000042665093573 1.503666272198579 194.0272586666782 0.0007308775920434994
0.0694 6381.561819116541 1.000042404283172 1.503570145671371 193.7481757424815 0.0006996538297055141
0.06950000000000001 6381.604816862153 1.000042144328983 1.503474000899342 193.4686903960068 0.0006696271360500798
0.06960000000000001 6381.647876532626 1.000041885231909 1.503377837920204 193.1888025379338 0.0006407573127502118
0.0697 6381.690998141681 1.000041626992842 1.503281656771669 192.9085120790727 0.0006130052976411657
