0 6365.5 1.000305398250567 1.561983199470489 298.15 9.505594236826303
0.0001 6365.505641973939 1.000305181938349 1.561907493478806 298.1133271693938 9.484833149143363
0.0002 6365.511332147432 1.000304963963074 1.561831767770797 298.0763410416929 9.463934785742159
0.0003 6365.517070533224 1.000304744328784 1.56175602217672 298.0390415340447 9.442900057002886
0.0004 6365.522857144171 1.000304523039551 1.561680256527535 298.0014285628871 9.421729878671888
0.0005 6365.52869199324 1.000304300099474 1.561604470655105 297.9635020439426 9.400425171804926
0.0006000000000000001 6365.534575093502 1.000304075512679 1.561528664392022 297.9252618922363 9.378986862723323
0.0007 6365.540506458142 1.00030384928332 1.561452837571769 297.8867080220779 9.357415882949939
0.0008 6365.546486100448 1.00030362141558 1.561376990028653 297.8478403470912 9.335713169171271
0.0009000000000000001 6365.552514033818 1.000303391913667 1.561301121597647 297.8086587801848 9.313879663166157
0.001 6365.558590271756 1.000303160781818 1.561225232114632 297.7691632335876 9.291916311770473
0.0011 6365.564714827871 1.000302928024298 1.561149321416244 297.7293536188366 9.269824066815126
0.0012 6365.570887715881 1.000302693645397 1.561073389339851 297.6892298467714 9.247603885067001
0.0013 6365.577108949607 1.000302457649433 1.56099743572364 297.6487918275574 9.225256728186055
0.0014 6365.583378542974 1.00030222004075 1.560921460406522 297.6080394706686 9.202783562659095
0.0015 6365.589696510014 1.00030198082372 1.560845463228207 297.5669726849109 9.180185359756168
0.0016 6365.596062864861 1.000301740002742 1.560769444029094 297.5255913784043 9.157463095463763
0.0017 6365.602477621752 1.000301497582238 1.560693402650512 297.4838954586129 9.13461775044377
0.0018 6365.608940795028 1.00030125356666 1.560617338934268 297.4418848323206 9.111650309962858
0.0019 6365.615452399131 1.000301007960484 1.560541252723179 297.3995594056495 9.088561763844295
0.002 6365.622012448606 1.000300760768213 1.560465143860581 297.3569190840593 9.065353106409731
0.0021 6365.628620958101 1.000300511994376 1.560389012190715 297.3139637723419 9.042025336417487
0.0022 6365.635277942362 1.000300261643527 1.560312857558446 297.2706933746448 9.018579457016617
0.0023 6365.641983416238 1.000300009720246 1.5602366798094 297.2271077944532 8.995016475678172
0.0024 6365.648737394676 1.000299756229138 1.560160478790005 297.1832069346082 8.97133740414545
0.0025 6365.655539892723 1.000299501174835 1.560084254347285 297.1389906973003 8.947543258371127
0.0026 6365.662390925527 1.00029924456199 1.560008006329104 297.0944589840759 8.923635058460528
0.0027 6365.669290508334 1.000298986395287 1.559931734583966 297.049611695831 8.899613828608256
0.0028 6365.676238656486 1.000298726679429 1.559855438961134 297.0044487328408 8.875480597053549
0.0029 6365.683235385426 1.000298465419148 1.559779119310581 296.9589699947304 8.851236396003689
0.003 6365.690280710692 1.000298202619199 1.559702775483055 296.913175380504 8.826882261588798
0.0031 6365.697374647919 1.00029793828436 1.559626407329872 296.8670647885273 8.80241923379107
0.0032 6365.70451721284 1.000297672419437 1.55955001470321 296.8206381165395 8.77784835638956
0.0033 6365.711708421283 1.000297405029255 1.559473597455882 296.773895261659 8.753170676901529
0.0034 6365.718948289173 1.000297136118668 1.559397155441441 296.7268361203777 8.728387246517254
0.0035 6365.726236832526 1.000296865692551 1.559320688514114 296.6794605885783 8.703499120047097
0.0036 6365.733574067457 1.000296593755803 1.559244196528893 296.6317685615289 8.67850735585581
0.0037 6365.740960010173 1.000296320313347 1.55916767934143 296.5837599338769 8.653413015796698
0.0038 6365.748394676975 1.000296045370129 1.559091136808097 296.5354345996606 8.628217165154791
0.0039 6365.755878084258 1.000295768931118 1.559014568786026 296.4867924523213 8.602920872589758
0.004 6365.76341024851 1.000295491001307 1.558937975132914 296.4378333846856 8.57752521006317
0.0041 6365.77099118631 1.000295211585711 1.558861355707359 296.388557288983 8.552031252784051
0.004200000000000001 6365.778620914331 1.000294930689368 1.558784710368502 296.3389640568515 8.526440079147953
0.0043 6365.786299449333 1.000294648317338 1.558708038976271 296.2890535793325 8.500752770669742
0.0044 6365.794026808174 1.000294364474705 1.558631341391314 296.23882574687 8.474970411919251
0.004500000000000001 6365.801803007796 1.000294079166574 1.558554617474859 296.1882804493229 8.449094090462777
0.0046 6365.809628065236 1.000293792398071 1.558477867089033 296.1374175759646 8.423124896798271
0.0047 6365.817501997619 1.000293504174347 1.558401090096473 296.0862370154776 8.397063924287345
0.0048 6365.825424822158 1.000293214500571 1.558324286360692 296.034738655971 8.370912269099133
0.0049 6365.833396556156 1.000292923381937 1.558247455745826 295.982922384986 8.344671030147826
0.005 6365.841417217005 1.000292630823658 1.558170598116664 295.930788089467 8.31834130901213
0.0051 6365.849486822184 1.00029233683097 1.558093713338795 295.8783356558027 8.291924209890487
0.005200000000000001 6365.85760538926 1.000292041409128 1.558016801278475 295.8255649698084 8.265420839526058
0.0053 6365.865772935887 1.00029174456341 1.557939861802687 295.7724759167376 8.238832307146591
0.0054 6365.873989479804 1.000291446299114 1.557862894779088 295.7190683812763 8.212159724395091
0.005500000000000001 6365.882255038838 1.000291146621558 1.557785900076102 295.665342247555 8.185404205269256
0.0056 6365.890569630902 1.000290845536081 1.557708877562732 295.6112973991366 8.158566866048929
0.0057 6365.898933273994 1.000290543048041 1.557631827108883 295.5569337190399 8.131648825241033
0.0058 6365.907345986195 1.000290239162819 1.55755474858501 295.5022510897342 8.104651203509608
0.0059 6365.915807785672 1.000289933885812 1.557477641862348 295.4472493931329 8.077575123605738
0.006 6365.924318690676 1.000289627222439 1.557400506812825 295.3919285106057 8.050421710306116
0.0061 6365.932878719541 1.000289319178139 1.557323343309095 295.3362883229842 8.023192090348475
0.006200000000000001 6365.941487890684 1.00028900975837 1.557246151224471 295.2803287105561 7.995887392361085
0.0063 6365.950146222605 1.000288698968606 1.557168930433111 295.2240495530654 7.968508746795047
0.0064 6365.958853733886 1.000288386814346 1.557091680809716 295.1674507297415 7.941057285870802
0.006500000000000001 6365.967610443189 1.000288073301101 1.557014402229837 295.1105321192703 7.913534143495726
0.0066 6365.976416369261 1.000287758434406 1.556937094569656 295.0532935998052 7.885940455201768
0.0067 6365.985271530925 1.000287442219812 1.556859757706158 294.9957350489857 7.858277358085767
0.0068 6365.994175947088 1.000287124662889 1.55678239151696 294.9378563439249 7.830545990735343
0.006900000000000001 6366.003129636737 1.000286805769225 1.5567049958804 294.8796573612098 7.802747493160426
0.007 6366.012132618934 1.000286485544424 1.556627570675631 294.8211379769308 7.774883006738794
0.0071 6366.021184912825 1.000286163994111 1.556550115782426 294.7622980666346 7.746953674124788
0.007200000000000001 6366.030286537633 1.000285841123927 1.556472631081321 294.7031375053829 7.7189606392087
0.0073 6366.039437512657 1.000285516939529 1.556395116453561 294.6436561677291 7.690905047036519
0.0074 6366.048637857276 1.000285191446593 1.55631757178114 294.5838539277064 7.662788043735408
0.007500000000000001 6366.057887590944 1.000284864650811 1.556239996946776 294.5237306588632 7.634610776461352
0.0076 6366.067186733194 1.000284536557893 1.55616239183388 294.4632862342395 7.60637439331883
0.0077 6366.076535303634 1.000284207173563 1.556084756326594 294.4025205263787 7.57808004329715
0.007800000000000001 6366.085933321948 1.000283876503565 1.556007090309822 294.3414334073394 7.549728876206618
0.007900000000000001 6366.095380807895 1.000283544553656 1.555929393669154 294.2800247486838 7.521322042603643
0.008 6366.104877781309 1.00028321132961 1.555851666290928 294.2182944214891 7.492860693726769
0.0081 6366.114424262099 1.000282876837218 1.555773908062248 294.1562422963538 7.464345981429872
0.008200000000000001 6366.124020270247 1.000282541082285 1.555696118870903 294.0938682433974 7.435779058112558
0.0083 6366.133665825808 1.000282204070633 1.555618298605433 294.031172132249 7.407161076645145
0.008400000000000001 6366.143360948911 1.000281865808097 1.555540447155088 293.9681538320764 7.378493190312511
0.008500000000000001 6366.153105659759 1.000281526300529 1.55546256440992 293.9048132115685 7.349776552736279
0.0086 6366.162899978623 1.000281185553796 1.555384650260627 293.8411501389531 7.321012317813111
0.008700000000000001 6366.172743925849 1.000280843573778 1.555306704598701 293.7771644819794 7.292201639636914
0.008800000000000001 6366.182637521853 1.000280500366371 1.555228727316385 293.7128561079529 7.263345672445028
0.0089 6366.192580787121 1.000280155937484 1.555150718306614 293.6482248837123 7.234445570537695
0.009000000000000001 6366.202573742211 1.00027981029304 1.5550726774631 293.583270675629 7.205502488208273
0.0091 6366.21261640775 1.000279463438979 1.554994604680275 293.5179933496255 7.176517579681333
0.0092 6366.222708804433 1.00027911538125 1.554916499853299 293.4523927711865 7.147491999047977
0.009300000000000001 6366.232850953025 1.000278766125818 1.554838362878171 293.3864688053358 7.118426900185464
0.0094 6366.243042874359 1.000278415678662 1.554760193651477 293.3202213166654 7.089323436700419
0.0095 6366.253284589337 1.000278064045772 1.554681992070695 293.2536501693124 7.060182761848542
0.009600000000000001 6366.263576118925 1.000277711233152 1.554603758033997 293.1867552269881 7.031006028477737
0.0097 6366.273917484159 1.000277357246819 1.554525491440254 293.1195363529663 7.001794388953061
0.0098 6366.284308706142 1.000277002092801 1.554447192189172 293.0519934100774 6.972548995084377
0.009900000000000001 6366.294749806041 1.00027664577714 1.554368860181106 292.9841262607323 6.943270998066834
0.01 6366.30524080509 1.00027628830589 1.55429049531727 292.9159347669159 6.91396154840853
0.0101 6366.315781724585 1.000275929685115 1.554212097499557 292.8474187901996 6.88462179586583
0.0102 6366.32637258589 1.000275569920892 1.554133666630652 292.7785781917172 6.855252889363568
0.0103 6366.337013410432 1.00027520901931 1.554055202613969 292.7094128321945 6.825855976938099
0.0104 6366.3477042197 1.000274846986468 1.553976705353702 292.6399225719496 6.796432205667647
0.0105 6366.358445035249 1.000274483828476 1.553898174754768 292.5701072708806 6.766982721597791
0.0106 6366.369235878696 1.000274119551456 1.553819610722878 292.499966788478 6.737508669677021
0.0107 6366.380076771718 1.000273754161539 1.553741013164456 292.429500983836 6.708011193692307
0.0108 6366.390967736054 1.000273387664869 1.553662381986711 292.3587097156468 6.678491436197266
0.0109 6366.401908793508 1.000273020067598 1.553583717097645 292.2875928422008 6.648950538442924
0.011 6366.412899965939 1.000272651375888 1.553505018405982 292.2161502213979 6.61938964031348
0.0111 6366.423941275271 1.000272281595912 1.553426285821181 292.1443817107364 6.589809880252348
0.0112 6366.435032743487 1.000271910733851 1.553347519253521 292.072287167336 6.560212395202948
0.0113 6366.446174392625 1.000271538795898 1.553268718614007 291.999866447938 6.530598320539753
0.0114 6366.457366244787 1.000271165788253 1.553189883814446 291.9271194088818 6.500968789989853
0.0115 6366.468608322132 1.000270791717124 1.553111014767357 291.8540459061404 6.471324935578814
0.0116 6366.479900646876 1.000270416588731 1.553032111386088 291.7806457953083 6.441667887557259
0.0117 6366.491243241291 1.0002700404093 1.552953173584662 291.7069189316074 6.411998774334837
0.0118 6366.50263612771 1.000269663185066 1.552874201277981 291.6328651698876 6.382318722411913
0.0119 6366.514079328517 1.000269284922273 1.552795194381642 291.5584843646378 6.352628856316141
0.012 6366.525572866158 1.000268905627171 1.552716152812022 291.4837763699746 6.322930298529672
0.0121 6366.537116763129 1.000268525306019 1.55263707648628 291.40874103966 6.293224169428352
0.0122 6366.548711041984 1.000268143965084 1.552557965322348 291.333378227101 6.263511587213919
0.0123 6366.56035572533 1.000267761610639 1.552478819238909 291.2576877853561 6.233793667848711
0.0124 6366.572050835828 1.000267378248965 1.55239963815547 291.1816695671172 6.20407152498125
0.0125 6366.583796396195 1.000266993886349 1.552320421992216 291.1053234247332 6.174346269888295
0.0126 6366.595592429197 1.000266608529085 1.552241170670189 291.0286492102163 6.144619011409963
0.0127 6366.607438957656 1.000266222183475 1.55216188411118 290.9516467752354 6.11489085588047
0.0128 6366.619336004444 1.000265834855824 1.552082562237761 290.8743159711111 6.085162907059095
0.0129 6366.631283592485 1.000265446552445 1.552003204973246 290.7966566488443 6.055436266075006
0.013 6366.643281744755 1.000265057279657 1.55192381224176 290.7186686590934 6.025712031351726
0.0131 6366.655330484278 1.000264667043784 1.551844383968182 290.6403518521914 5.995991298547766
0.0132 6366.66742983413 1.000264275851155 1.551764920078188 290.5617060781523 5.966275160492824
0.0133 6366.679579817437 1.000263883708105 1.551685420498236 290.4827311866587 5.936564707117507
0.0134 6366.691780457373 1.000263490620974 1.551605885155525 290.4034270270744 5.906861025392249
0.0135 6366.704031777161 1.000263096596105 1.551526313978042 290.3237934484554 5.877165199266358
0.0136 6366.716333800073 1.000262701639847 1.551446706894597 290.2438302995268 5.847478309594028
0.0137 6366.728686549425 1.000262305758554 1.551367063834738 290.163537428736 5.817801434089222
0.0138 6366.741090048586 1.000261908958582 1.551287384728767 290.0829146841933 5.788135647239007
0.0139 6366.753544320966 1.000261511246292 1.551207669507823 290.0019619137191 5.758482020256668
0.014 6366.766049390025 1.000261112628049 1.551127918103837 289.9206789648387 5.728841621015235
0.0141 6366.778605279265 1.000260713110221 1.55104813044942 289.8390656847754 5.699215513981359
0.0142 6366.791212012237 1.000260312699179 1.550968306478068 289.7571219204573 5.669604760153787
0.0143 6366.803869612535 1.000259911401297 1.550888446124017 289.6748475185226 5.640010417002063
0.0144 6366.816578103796 1.000259509222952 1.550808549322268 289.5922423253259 5.610433538405465
0.0145 6366.829337509703 1.000259106170524 1.550728616008624 289.5093061869319 5.580875174587971
0.0146 6366.84214785398 1.000258702250395 1.550648646119673 289.4260389491277 5.551336372059862
0.0147 6366.855009160396 1.000258297468948 1.550568639592771 289.3424404574283 5.521818173557444
0.0148 6366.867921452758 1.00025789183257 1.550488596366059 289.258510557071 5.492321617978859
0.0149 6366.880884754921 1.000257485347648 1.550408516378475 289.174249093015 5.46284774032236
0.015 6366.893899090775 1.000257078020571 1.550328399569737 289.0896559099596 5.433397571631047
0.0151 6366.906964484255 1.00025666985773 1.550248245880316 289.0047308523439 5.40397213893164
0.0152 6366.920080959334 1.000256260865517 1.550168055251464 288.9194737643292 5.374572465167484
0.0153 6366.933248540025 1.000255851050323 1.550087827625285 288.8338844898343 5.345199569150273
0.0154 6366.946467250382 1.000255440418542 1.550007562944603 288.7479628725181 5.315854465493662
0.0155 6366.959737114494 1.000255028976568 1.54992726115301 288.661708755791 5.286538164557405
0.0156 6366.973058156491 1.000254616730793 1.54984692219494 288.5751219828093 5.257251672385763
0.0157 6366.986430400541 1.000254203687612 1.549766546015558 288.4882023964809 5.227995990650298
0.0158 6366.99985387085 1.000253789853417 1.549686132560836 288.4009498394774 5.198772116594938
0.0159 6367.013328591656 1.000253375234603 1.549605681777504 288.3133641542339 5.169581042977394
0.016 6367.026854587239 1.000252959837561 1.549525193613136 288.2254451829489 5.140423758010924
0.0161 6367.040431881911 1.000252543668682 1.549444668016006 288.1371927675785 5.111301245304546
0.0162 6367.054060500021 1.000252126734358 1.549364104935212 288.0486067498604 5.082214483813392
0.0163 6367.067740465954 1.000251709040977 1.549283504320625 287.9596869713013 5.053164447777637
0.0164 6367.081471804126 1.000251290594927 1.549202866122894 287.8704332731835 5.024152106667707
0.0165 6367.095254538988 1.000250871402595 1.549122190293484 287.7808454965765 4.995178425131744
0.0166 6367.109088695026 1.000250451470363 1.549041476784584 287.690923482331 4.966244362937661
0.0167 6367.122974296757 1.000250030804614 1.548960725549186 287.6006670710789 4.937350874917562
0.0168 6367.136911368731 1.000249609411728 1.548879936541072 287.5100761032512 4.908498910918212
0.0169 6367.15089993553 1.000249187298082 1.548799109714775 287.4191504190543 4.879689415738682
0.017 6367.164940021768 1.00024876447005 1.548718245025648 287.3278898585112 4.850923329089098
0.0171 6367.179031652087 1.000248340934004 1.548637342429792 287.2362942614321 4.822201585527231
0.0172 6367.193174851163 1.00024791669631 1.548556401884111 287.1443634674382 4.793525114412378
0.0173 6367.2073696437 1.000247491763336 1.54847542334623 287.0520973159495 4.764894839848454
0.0174 6367.22161605443 1.000247066141441 1.548394406774619 286.9594956462028 4.736311680636783
0.0175 6367.235914108117 1.000246639836982 1.548313352128496 286.8665582972397 4.707776550220092
0.0176 6367.250263829551 1.000246212856315 1.548232259367829 286.7732851079189 4.679290356634297
0.0177 6367.264665243551 1.000245785205787 1.548151128453402 286.6796759169155 4.650854002457046
0.0178 6367.279118374965 1.000245356891743 1.548069959346739 286.5857305627272 4.622468384758522
0.0179 6367.293623248664 1.000244927920524 1.54798875201017 286.4914488836865 4.59413439505443
0.018 6367.308179889547 1.000244498298465 1.547907506406771 286.3968307179424 4.565852919250537
0.0181 6367.322788322542 1.000244068031896 1.547826222500391 286.3018759034784 4.537624837598387
0.0182 6367.337448572598 1.000243637127142 1.547744900255674 286.2065842781125 4.509451024646102
0.0183 6367.352160664692 1.000243205590523 1.547663539638017 286.110955679503 4.481332349191407
0.0184 6367.366924623824 1.000242773428353 1.547582140613564 286.0149899451429 4.453269674231655
0.0185 6367.381740475019 1.000242340646941 1.547500703149287 285.9186869123772 4.425263856921267
0.0186 6367.396608243324 1.000241907252587 1.547419227212854 285.8220464183913 4.397315748520982
0.0187 6367.411527953811 1.000241473251588 1.547337712772756 285.7250683002288 4.369426194356214
0.0188 6367.426499631573 1.000241038650234 1.547256159798224 285.6277523947737 4.341596033765641
0.0189 6367.441523301727 1.000240603454806 1.54717456825925 285.5300985387738 4.313826100062216
0.019 6367.456598989409 1.000240167671582 1.5470929381266 285.4321065688413 4.286117220487813
0.0191 6367.471726719778 1.00023973130683 1.547011269371815 285.3337763214403 4.258470216165095
0.0192 6367.486906518013 1.000239294366811 1.546929561967169 285.2351076329168 4.230885902061555
0.0193 6367.502138409312 1.000238856857779 1.546847815885708 285.136100339469 4.203365086937439
0.0194 6367.517422418897 1.000238418785982 1.546766031101243 285.0367542771709 4.175908573309152
0.0195 6367.532758572003 1.000237980157657 1.546684207588345 284.9370692819783 4.148517157408132
0.0196 6367.548146893888 1.000237540979036 1.546602345322319 284.8370451897289 4.121191629138606
0.0197 6367.563587409826 1.00023710125634 1.546520444279275 284.7366818361301 4.093932772032709
0.0198 6367.579080145111 1.000236660995785 1.546438504436005 284.635979056777 4.066741363214232
0.0199 6367.594625125053 1.000236220203575 1.546356525770102 284.5349366871527 4.03961817335801
0.02 6367.610222374979 1.000235778885907 1.546274508259911 284.4335545626394 4.012563966653053
0.0201 6367.625871920231 1.000235337048968 1.546192451884527 284.3318325184954 3.985579500756725
0.0202 6367.64157378617 1.000234894698937 1.546110356623771 284.2297703898961 3.958665526766853
0.0203 6367.657327998169 1.000234451841983 1.546028222458222 284.1273680119047 3.931822789175464
0.0204 6367.673134581618 1.000234008484265 1.545946049369217 284.0246252194837 3.905052025834152
0.0205 6367.68899356192 1.000233564631933 1.545863837338822 283.9215418475191 3.878353967922975
0.0206 6367.704904964494 1.000233120291128 1.545781586349859 283.81811773079 3.851729339906063
0.0207 6367.720868814771 1.000232675467978 1.545699296385889 283.7143527039874 3.825178859500175
0.0208 6367.736885138195 1.000232230168603 1.545616967431188 283.6102466017309 3.798703237643689
0.0209 6367.752953960223 1.000231784399112 1.545534599470809 283.5057992585515 3.772303178457086
0.021 6367.769075306324 1.000231338165603 1.54545219249053 283.4010105088918 3.745979379208669
0.0211 6367.785249201979 1.000230891474164 1.545369746476827 283.2958801871349 3.719732530288236
0.0212 6367.80147567268 1.000230444330871 1.545287261416975 283.1904081275815 3.693563315167943
0.0213 6367.817754743928 1.000229996741789 1.545204737298926 283.0845941644669 3.667472410374179
0.0214 6367.834086441238 1.000229548712971 1.545122174111389 282.9784381319558 3.641460485454125
0.0215 6367.85047079013 1.000229100250461 1.545039571843777 282.8719398641537 3.615528202947299
0.0216 6367.866907816139 1.000228651360287 1.544956930486263 282.7650991950949 3.589676218351919
0.0217 6367.883397544804 1.00022820204847 1.544874250029705 282.6579159587726 3.563905180101931
0.0218 6367.899940001676 1.000227752321015 1.544791530465726 282.550389989109 3.538215729530325
0.0219 6367.91653521231 1.000227302183917 1.544708771786627 282.4425211199849 3.512608500847347
0.022 6367.933183202272 1.000226851643157 1.544625973985468 282.3343091852338 3.487084121110749
0.0221 6367.949883997134 1.000226400704704 1.544543137055982 282.22575401863 3.461643210195366
0.0222 6367.966637622473 1.000225949374515 1.544460260992664 282.1168554539244 3.436286380774415
0.0223 6367.983444103875 1.000225497658532 1.544377345790692 282.0076133248143 3.411014238286142
0.0224 6368.000303466929 1.000225045562688 1.544294391445946 281.898027464962 3.385827380912223
0.0225 6368.017215737233 1.000224593092897 1.544211397955025 281.788097707988 3.360726399551282
0.0226 6368.034180940384 1.000224140255064 1.544128365315245 281.6778238875012 3.335711877801152
0.0227 6368.051199101989 1.00022368705508 1.544045293524626 281.5672058370691 3.310784391928244
0.0228 6368.068270247656 1.000223233498819 1.543962182581869 281.4562433902355 3.285944510848414
0.0229 6368.085394402997 1.000222779592144 1.543879032486401 281.3449363805206 3.261192796104409
0.023 6368.102571593627 1.000222325340905 1.54379584323829 281.2332846414268 3.236529801845281
0.0231 6368.119801845163 1.000221870750933 1.543712614838403 281.1212880064389 3.211956074805138
0.0232 6368.137085183227 1.000221415828049 1.543629347288185 281.0089463090238 3.187472154282572
0.0233 6368.154421633439 1.000220960578059 1.543546040589852 280.8962593826485 3.163078572124596
0.0234 6368.171811221421 1.000220505006751 1.543462694746271 280.7832270607622 3.138775852703501
0.0235 6368.189253972799 1.000220049119902 1.543379309761001 280.6698491768083 3.114564512900851
0.0236 6368.206749913195 1.000219592923271 1.543295885638288 280.55612556423 3.090445062090813
0.0237 6368.224299068236 1.000219136422605 1.543212422383051 280.4420560564648 3.066418002121635
0.0238 6368.241901463543 1.000218679623633 1.543128920000885 280.3276404869679 3.042483827304042
0.0239 6368.25955712474 1.000218222532068 1.543045378498098 280.2128786891884 3.018643024390315
0.024 6368.277266077448 1.000217765153611 1.542961797881617 280.0977704965875 2.994896072562791
0.0241 6368.295028347288 1.000217307493945 1.542878178159058 279.9823157426262 2.971243443416868
0.0242 6368.312843959877 1.000216849558736 1.54279451933872 279.866514260801 2.947685600954392
0.0243 6368.330712940829 1.000216391353635 1.542710821429554 279.7503658846084 2.924223001563176
0.0244 6368.348635315758 1.000215932884277 1.542627084441189 279.6338704475746 2.900856094010506
0.0245 6368.36661111027 1.000215474156282 1.542543308383881 279.5170277832434 2.877585319428896
0.0246 6368.384640349974 1.000215015175252 1.542459493268565 279.3998377251704 2.854411111303817
0.0247 6368.402723060467 1.000214555946771 1.542375639106836 279.2823001069645 2.831333895471424
0.0248 6368.420859267347 1.000214096476409 1.542291745910936 279.1644147622463 2.808354090100581
0.0249 6368.439048996204 1.000213636769717 1.542207813693742 279.0461815246721 2.78547210568847
0.025 6368.457292272624 1.000213176832232 1.542123842468793 278.9276002279452 2.762688345054458
0.0251 6368.475589122187 1.00021271666947 1.542039832250251 278.8086707057868 2.740003203326714
0.0252 6368.493939570466 1.000212256286933 1.541955783052948 278.6893927919713 2.717417067942044
0.0253 6368.512343643028 1.000211795690104 1.541871694892324 278.5697663203204 2.694930318638405
0.0254 6368.530801365431 1.000211334884449 1.541787567784484 278.4497911246971 2.672543327448178
0.0255 6368.549312763228 1.000210873875415 1.54170340174613 278.3294670390177 2.650256458695483
0.0256 6368.567877861964 1.000210412668435 1.541619196794602 278.2087938972339 2.62807006898869
0.0257 6368.586496687175 1.000209951268919 1.541534952947893 278.0877715333626 2.605984507222403
0.0258 6368.605169264388 1.000209489682263 1.541450670224571 277.9663997814795 2.584000114573506
0.0259 6368.62389561912 1.000209027913843 1.54136634864387 277.8446784757197 2.562117224499047
0.026 6368.64267577688 1.000208565969019 1.541281988225589 277.7226074502772 2.540336162734831
0.0261 6368.661509763169 1.000208103853129 1.54119758899019 277.6001865393995 2.518657247293695
0.0262 6368.680397603474 1.000207641571496 1.541113150958703 277.4774155774165 2.497080788470753
0.0263 6368.699339323273 1.000207179129423 1.541028674152799 277.3542943987235 2.475607088840915
0.0264 6368.718334948033 1.000206716532194 1.540944158594746 277.2308228377864 2.454236443261335
0.0265 6368.73738450321 1.000206253785076 1.540859604307366 277.1070007291363 2.432969138872515
0.0266 6368.756488014247 1.000205790893314 1.540775011314152 276.982827907393 2.411805455105191
0.0267 6368.775645506577 1.000205327862139 1.540690379639105 276.8583042072472 2.390745663680774
0.0268 6368.794857005621 1.000204864696756 1.540605709306903 276.7334294634665 2.369790028616616
0.0269 6368.814122536782 1.000204401402358 1.540521000342737 276.6082035109188 2.348938806234873
0.027 6368.833442125454 1.000203937984115 1.540436252772436 276.4826261845491 2.32819224516413
0.0271 6368.852815797017 1.000203474447177 1.540351466622367 276.3566973193909 2.307550586347712
0.0272 6368.872243576837 1.000203010796677 1.540266641919513 276.2304167505607 2.287014063049752
0.0273 6368.891725490265 1.000202547037726 1.540181778691373 276.1037843132752 2.266582900865816
0.0274 6368.911261562638 1.000202083175419 1.540096876966068 275.9767998428518 2.246257317731283
0.0275 6368.930851819276 1.000201619214827 1.54001193677227 275.8494631747084 2.226037523930438
0.0276 6368.950496285485 1.000201155161004 1.539926958139205 275.7217741443454 2.205923722103493
0.0277 6368.970194986557 1.000200691018984 1.539841941096645 275.5937325873819 2.185916107262739
0.0278 6368.989947947765 1.000200226793778 1.539756885674955 275.4653383395251 2.166014866799103
0.0279 6369.009755194368 1.000199762490382 1.539671791905017 275.336591236607 2.146220180499588
0.028 6369.029616751605 1.000199298113769 1.539586659818277 275.2074911145654 2.12653222055708
0.0281 6369.0495326447 1.000198833668891 1.539501489446711 275.0780378094508 2.106951151584557
0.0282 6369.06950289886 1.000198369160682 1.539416280822856 274.9482311574083 2.087477130626425
0.0283 6369.089527539273 1.000197904594054 1.53933103397976 274.8180709947245 2.068110307180324
0.0284 6369.10960659111 1.000197439973899 1.539245748951035 274.687557157787 2.048850823206255
0.0285 6369.12974007952 1.00019697530509 1.539160425770779 274.5566894831189 2.029698813147919
0.0286 6369.149928029638 1.000196510592476 1.539075064473666 274.4254678073561 2.010654403945939
0.0287 6369.170170466576 1.00019604584089 1.538989665094848 274.2938919672582 1.991717715057046
0.0288 6369.190467415428 1.00019558105514 1.538904227670032 274.1619617997152 1.972888858473028
0.0289 6369.21081890127 1.000195116240017 1.538818752235397 274.0296771417469 1.954167938739494
0.029 6369.231224949154 1.000194651400289 1.538733238827662 273.8970378304974 1.935555052974506
0.0291 6369.251685584115 1.000194186540703 1.538647687484056 273.7640437032527 1.917050290891214
0.0292 6369.272200831164 1.000193721665986 1.538562098242282 273.6306945974346 1.898653734817804
0.0293 6369.292770715294 1.000193256780845 1.538476471140554 273.4969903505893 1.880365459717364
0.0294 6369.313395261474 1.000192791889964 1.538390806217599 273.3629308004164 1.862185533214104
0.0295 6369.334074494654 1.000192326998006 1.538305103512606 273.2285157847517 1.844114015613709
0.0296 6369.354808439757 1.000191862109616 1.538219363065263 273.0937451415788 1.826150959928421
0.0297 6369.375597121691 1.000191397229415 1.538133584915748 272.9586187090111 1.808296411898817
0.0298 6369.396440565334 1.000190932362002 1.5380477691047 272.8231363253279 1.790550410023315
0.0299 6369.417338795546 1.000190467511959 1.537961915673244 272.6872978289501 1.772912985580471
0.03 6369.438291837161 1.000190002683842 1.537876024662983 272.5511030584524 1.755384162656626
0.0301 6369.459299714991 1.000189537882188 1.537790096115962 272.4145518525573 1.737963958171902
0.0302 6369.480362453824 1.000189073111514 1.537704130074691 272.277644050141 1.720652381908363
0.0303 6369.501480078423 1.000188608376313 1.537618126582163 272.1403794902511 1.703449436540275
0.0304 6369.522652613527 1.000188143681059 1.537532085681803 272.0027580120772 1.686355117659047
0.0305 6369.543880083849 1.000187679030202 1.537446007417499 271.8647794549801 1.669369413806252
0.0306 6369.56516251408 1.000187214428174 1.537359891833571 271.7264436584804 1.65249230650208
0.0307 6369.586499928882 1.000186749879381 1.537273738974796 271.5877504622644 1.635723770276629
0.0308 6369.607892352896 1.000186285388213 1.537187548886354 271.4486997061775 1.61906377270039
0.0309 6369.629339810732 1.000185820959034 1.537101321613908 271.309291230243 1.602512274418191
0.031 6369.650842326977 1.000185356596189 1.537015057203505 271.1695248746495 1.586069229180192
0.0311 6369.672399926192 1.000184892304 1.536928755701649 271.029400479751 1.569734583874949
0.0312 6369.694012632908 1.00018442808677 1.536842417155226 270.8889178860967 1.553508278566496
0.0313 6369.715680471634 1.000183963948776 1.536756041611582 270.7480769343778 1.537390246522419
0.0314 6369.737403466848 1.000183499894277 1.536669629118456 270.6068774654863 1.521380414255563
0.0315 6369.759181643002 1.000183035927511 1.536583179723965 270.4653193204857 1.505478701556041
0.0316 6369.78101502452 1.000182572052691 1.536496693476685 270.3234023406229 1.489685021528624
0.0317 6369.802903635798 1.000182108274011 1.536410170425544 270.1811263673161 1.473999280628055
0.0318 6369.824847501204 1.000181644595644 1.53632361061988 270.0384912421727 1.458421378698235
0.0319 6369.846846645079 1.000181181021739 1.536237014109421 269.8954968069892 1.442951209009976
0.032 6369.868901091731 1.000180717556426 1.536150380944288 269.7521429037455 1.427588658298714
0.0321 6369.891010865445 1.000180254203811 1.53606371117497 269.6084293746106 1.412333606804067
0.0322 6369.913175990469 1.00017979096798 1.535977004852332 269.4643560619487 1.397185928309939
0.0323 6369.935396491031 1.000179327852998 1.535890262027635 269.3199228083012 1.382145490182698
0.0324 6369.957672391321 1.000178864862907 1.535803482752464 269.1751294564104 1.36721215341427
0.0325 6369.980003715506 1.000178402001728 1.535716667078814 269.0299758492141 1.352385772662642
0.0326 6370.002390487717 1.000177939273461 1.535629815059004 268.8844618298389 1.33766619629294
0.0327 6370.024832732058 1.000177476682084 1.535542926745741 268.7385872416243 1.323053266422048
0.0328 6370.047330472602 1.000177014231554 1.535456002192039 268.5923519280872 1.308546818957779
0.0329 6370.069883733391 1.000176551925806 1.535369041451295 268.4457557329573 1.294146683645719
0.033 6370.092492538435 1.000176089768754 1.535282044577219 268.2987985001713 1.279852684112394
0.0331 6370.115156911714 1.00017562776429 1.535195011623896 268.1514800738609 1.265664637908418
0.0332 6370.137876877176 1.000175165916286 1.535107942645682 268.0038002983528 1.251582356553349
0.0333 6370.16065245874 1.000174704228592 1.53502083769733 267.8557590181925 1.237605645583274
0.0334 6370.183483680288 1.000174242705036 1.534933696833856 267.7073560781267 1.223734304594911
0.0335 6370.206370565675 1.000173781349425 1.534846520110647 267.5585913231147 1.209968127293033
0.0336 6370.22931313872 1.000173320165546 1.534759307583349 267.4094645983226 1.196306901536696
0.0337 6370.252311423211 1.000172859157163 1.534672059307967 267.2599757491297 1.182750409387054
0.0338 6370.275365442904 1.00017239832802 1.534584775340792 267.1101246211218 1.169298427154556
0.0339 6370.298475221522 1.000171937681841 1.534497455738398 266.9599110601038 1.155950725448223
0.034 6370.321640782755 1.000171477222326 1.534410100557676 266.809334912093 1.142707069223764
0.0341 6370.344862150258 1.000171016953157 1.534322709855809 266.658396023326 1.129567217833212
0.0342 6370.368139347654 1.000170556877992 1.534235283690264 266.5070942402516 1.116530925073961
0.0343 6370.391472398533 1.000170097000471 1.534147822118769 266.3554294095378 1.103597939239285
0.0344 6370.414861326451 1.000169637324211 1.534060325199362 266.2034013780711 1.090768003168764
0.0345 6370.43830615493 1.00016917785281 1.533972792990339 266.0510099929569 1.078040854299145
0.0346 6370.461806907457 1.000168718589845 1.533885225550251 265.8982551015309 1.065416224716586
0.0347 6370.485363607486 1.00016825953887 1.533797622937948 265.7451365513419 1.052893841206869
0.0348 6370.508976278436 1.000167800703421 1.533709985212491 265.5916541901632 1.040473425308475
0.0349 6370.532644943692 1.000167342087012 1.533622312433251 265.4378078660046 1.02815469336601
0.035 6370.556369626603 1.000166883693137 1.533534604659805 265.2835974270828 1.015937356580701
0.0351 6370.580150350484 1.00016642552527 1.533446861951997 265.1290227218568 1.003821121066504
0.0352 6370.603987138614 1.000165967586864 1.533359084369893 264.9740835990104 0.9918056879023012
0.0353 6370.627880014239 1.000165509881351 1.533271271973841 264.8187799074461 0.9798907531854665
0.0354 6370.651829000568 1.000165052412145 1.533183424824358 264.6631114963087 0.9680760080880569
0.0355 6370.675834120773 1.000164595182638 1.533095542982238 264.5070782149736 0.9563611389105942
0.0356 6370.699895397994 1.000164138196202 1.533007626508472 264.3506799130408 0.9447458271366922
0.0357 6370.724012855332 1.00016368145619 1.532919675464271 264.193916440341 0.9332297494889172
0.0358 6370.748186515854 1.000163224965934 1.532831689911081 264.0367876469471 0.9218125779853829
0.0359 6370.772416402591 1.000162768728746 1.532743669910531 263.8792933831568 0.9104939799945015
0.036 6370.796702538536 1.00016231274792 1.532655615524465 263.7214334995159 0.8992736182930633
0.0361 6370.821044946647 1.000161857026728 1.532567526814928 263.5632078467951 0.8881511511212085
0.0362 6370.845443649846 1.000161401568424 1.532479403844168 263.4046162760013 0.877126232240266
0.0363 6370.869898671017 1.000160946376242 1.532391246674606 263.24565863839 0.8661985109908317
0.0364 6370.894410033009 1.000160491453397 1.532303055368858 263.086334785441 0.8553676323486795
0.0365 6370.918977758633 1.000160036803085 1.532214829989726 262.9266445688885 0.844633236984618
0.0366 6370.943601870662 1.000159582428479 1.532126570600194 262.7665878406973 0.8339949613209645
0.0367 6370.968282391836 1.000159128332738 1.53203827726341 262.6061644530686 0.8234524375903215
0.0368 6370.993019344854 1.000158674519001 1.531949950042673 262.4453742584518 0.8130052938949618
0.0369 6371.017812752379 1.000158220990384 1.531861589001475 262.2842171095389 0.8026531542652721
0.03700000000000001 6371.042662637037 1.000157767749988 1.531773194203467 262.1226928592581 0.7923956387184634
0.0371 6371.067569021416 1.000157314800896 1.531684765712434 261.960801360798 0.7822323633193791
0.0372 6371.092531928067 1.000156862146168 1.531596303592321 261.7985424675657 0.7721629402374082
0.0373 6371.117551379502 1.000156409788848 1.531507807907226 261.6359160332344 0.7621869778092002
0.0374 6371.1426273982 1.000155957731964 1.531419278721374 261.472921911702 0.7523040805960316
0.0375 6371.167760006595 1.000155505978521 1.531330716099137 261.3095599571324 0.7425138494464775
0.0376 6371.192949227088 1.000155054531509 1.53124212010502 261.1458300239259 0.7328158815549155
0.0377 6371.218195082041 1.000154603393898 1.53115349080365 260.9817319667312 0.7232097705227433
0.0378 6371.243497593778 1.000154152568641 1.531064828259788 260.8172656404453 0.7136951064190313
0.0379 6371.268856784583 1.000153702058674 1.530976132538296 260.6524309002074 0.7042714758410056
0.038 6371.294272676705 1.000153251866912 1.53088740370418 260.487227601417 0.6949384619760299
0.0381 6371.319745292352 1.000152801996256 1.53079864182252 260.32165559971 0.6856956446613673
0.0382 6371.345274653697 1.000152352449587 1.530709846958533 260.1557147509706 0.6765426004461125
0.0383 6371.37086078287 1.00015190322977 1.530621019177512 259.9894049113431 0.6674789026532054
0.0384 6371.396503701966 1.000151454339651 1.530532158544882 259.8227259372201 0.6585041214402482
0.0385 6371.42220343304 1.000151005782061 1.530443265126121 259.6556776852425 0.6496178238611031
0.0386 6371.447959998108 1.000150557559812 1.530354338986827 259.4882600122995 0.640819573927589
0.03870000000000001 6371.473773419149 1.0001501096757 1.530265380192661 259.3204727755286 0.63210893267127
0.0388 6371.499643718103 1.000149662132504 1.530176388809376 259.1523158323274 0.6234854582059262
0.0389 6371.525570916871 1.000149214932986 1.530087364902805 258.9837890403359 0.6149487057885661
0.039 6371.551555037314 1.000148768079892 1.529998308538836 258.81489225746 0.6064982278826283
0.0391 6371.577596101255 1.00014832157595 1.529909219783439 258.6456253418422 0.5981335742185351
0.0392 6371.603694130479 1.000147875423874 1.529820098702643 258.4759881518852 0.589854291856985
0.0393 6371.629849146731 1.00014742962636 1.529730945362535 258.3059805462516 0.5816599252510601
0.0394 6371.656061171716 1.000146984186088 1.529641759829256 258.1356023838465 0.5735500163075279
0.0395 6371.682330227103 1.000146539105724 1.529552542169002 257.9648535238292 0.5655241044496027
0.0396 6371.708656334521 1.000146094387916 1.529463292448005 257.7937338256132 0.5575817266791327
0.0397 6371.735039515559 1.000145650035296 1.529374010732557 257.6222431488662 0.5497224176387889
0.0398 6371.761479791766 1.000145206050484 1.529284697088967 257.4503813535219 0.5419457096747772
0.0399 6371.787977184655 1.000144762436079 1.529195351583595 257.2781482997447 0.5342511328973969
0.04 6371.814531715697 1.000144319194671 1.529105974282819 257.1055438479706 0.5266382152450623
0.0401 6371.841143406325 1.000143876328829 1.529016565253057 256.9325678588901 0.5191064825455913
0.0402 6371.867812277932 1.000143433841111 1.528927124560751 256.759220193442 0.511655458578021
0.0403 6371.894538351875 1.000142991734059 1.528837652272327 256.5855007128133 0.5042846651346342
0.04040000000000001 6371.921321649468 1.000142550010199 1.528748148454263 256.411409278457 0.4969936220836692
0.0405 6371.948162191988 1.000142108672045 1.528658613173033 256.2369457520803 0.489781847430685
0.0406 6371.975060000671 1.000141667722094 1.528569046495108 256.0621099956387 0.4826488573801297
0.0407 6372.002015096717 1.00014122716283 1.528479448486994 255.886901871342 0.4755941663973103
0.0408 6372.029027501283 1.000140786996724 1.528389819215138 255.7113212416601 0.4686172872702523
0.0409 6372.056097235491 1.000140347226229 1.528300158746049 255.5353679693111 0.4617177311707419
0.041 6372.08322432042 1.000139907853789 1.528210467146174 255.3590419172732 0.4548950077162046
0.0411 6372.110408777111 1.000139468881832 1.528120744481964 255.1823429487789 0.448148625030749
0.0412 6372.137650626567 1.000139030312771 1.528030990819872 255.0052709273149 0.4414780898063235
0.0413 6372.164949889751 1.000138592149008 1.527941206226295 254.8278257166161 0.4348829073635129
0.0414 6372.192306587587 1.000138154392932 1.527851390767636 254.6500071806835 0.428362581713068
0.0415 6372.21972074096 1.000137717046915 1.52776154451025 254.4718151837604 0.4219166156157375
0.04160000000000001 6372.247192370716 1.000137280113321 1.527671667520476 254.2932495903445 0.4155445106432638
0.0417 6372.274721497662 1.000136843594498 1.527581759864601 254.1143102651994 0.4092457672391699
0.0418 6372.302308142564 1.000136407492782 1.527491821608889 253.9349970733309 0.4030198847781067
0.0419 6372.329952326153 1.000135971810497 1.527401852819549 253.7553098800053 0.3968663616264858
0.042 6372.357654069117 1.000135536549954 1.527311853562744 253.5752485507368 0.3907846952018714
0.04210000000000001 6372.385413392109 1.000135101713452 1.527221823904608 253.3948129512941 0.384774382032785
0.0422 6372.413230315738 1.000134667303278 1.527131763911189 253.2140029477058 0.3788349178182783
0.0423 6372.441104860579 1.000134233321708 1.527041673648508 253.0328184062372 0.3729657974863141
0.0424 6372.469037047165 1.000133799771004 1.52695155318249 252.8512591934253 0.3671665152538565
0.0425 6372.497026895993 1.000133366653418 1.526861402579045 252.6693251760438 0.3614365646844045
0.0426 6372.525074427519 1.00013293397119 1.526771221903965 252.4870162211263 0.3557754387471967
0.0427 6372.55317966216 1.000132501726549 1.526681011223021 252.3043321959607 0.3501826298751967
0.0428 6372.581342620296 1.000132069921713 1.526590770601862 252.1212729680773 0.3446576300226533
0.0429 6372.609563322267 1.000131638558888 1.526500500106102 251.9378384052665 0.3391999307232921
0.043 6372.637841788375 1.00013120764027 1.526410199801248 251.754028375561 0.3338090231471473
0.0431 6372.666178038885 1.000130777168045 1.526319869752725 251.5698427472479 0.3284843981579993
0.0432 6372.694572094021 1.000130347144385 1.526229510025889 251.3852813888624 0.3232255463699846
0.04330000000000001 6372.723023973969 1.000129917571457 1.526139120685984 251.2003441691999 0.3180319582044111
0.0434 6372.75153369888 1.000129488451413 1.526048701798191 251.0150309572804 0.3129031239449317
0.0435 6372.780101288861 1.000129059786397 1.525958253427545 250.8293416224018 0.3078385337948896
0.0436 6372.808726763986 1.000128631578543 1.525867775639035 250.6432760340925 0.3028376779315227
0.0437 6372.837410144288 1.000128203829975 1.525777268497521 250.4568340621294 0.2979000465616601
0.0438 6372.866151449762 1.000127776542808 1.525686732067753 250.2700155765491 0.2930251299768796
0.0439 6372.894950700366 1.000127349719145 1.5255961664144 250.0828204476192 0.2882124186072332
0.044 6372.92380791602 1.000126923361083 1.525505571601987 249.895248545867 0.2834614030761712
0.0441 6372.952723116606 1.000126497470708 1.525414947694941 249.7072997420627 0.2787715742538634
0.0442 6372.981696321967 1.000126072050096 1.525324294757574 249.5189739072124 0.274142423310479
0.0443 6373.01072755191 1.000125647101317 1.525233612854077 249.3302709125827 0.2695734417698114
0.0444 6373.039816826203 1.000125222626431 1.525142902048515 249.1411906296825 0.2650641215614882
0.0445 6373.068964164577 1.000124798627487 1.525052162404833 248.9517329302511 0.2606139550729653
0.0446 6373.098169586727 1.000124375106529 1.524961393986833 248.7618976862763 0.2562224352018266
0.0447 6373.127433112307 1.00012395206559 1.52487059685821 248.5716847700058 0.2518890554075083
0.0448 6373.156754760937 1.000123529506698 1.524779771082511 248.3810940539064 0.2476133097614019
0.0449 6373.186134552199 1.00012310743187 1.524688916723143 248.1901254107046 0.243394692998439
0.04500000000000001 6373.215572505637 1.000122685843117 1.524598033843395 247.9987787133576 0.2392327005666367
0.0451 6373.245068640759 1.00012226474244 1.524507122506394 247.8070538350652 0.2351268286771501
0.0452 6373.274622977035 1.000121844131836 1.52441618277513 247.6149506492751 0.2310765743537419
0.0453 6373.304235533898 1.000121424013292 1.524325214712457 247.4224690296659 0.2270814354813077
0.0454 6373.333906330745 1.000121004388788 1.524234218381069 247.2296088501583 0.2231409108545902
0.0455 6373.363635386936 1.000120585260298 1.52414319384351 247.0363699849157 0.2192545002261735
0.0456 6373.393422721795 1.000120166629788 1.524052141162181 246.8427523083318 0.2154217043537903
0.0457 6373.42326835461 1.000119748499217 1.523961060399313 246.6487556950368 0.2116420250475221
0.0458 6373.45317230463 1.000119330870539 1.52386995161699 246.4543800199034 0.2079149652165196
0.0459 6373.483134591071 1.000118913745699 1.52377881487715 246.2596251580406 0.2042400289150101
0.046 6373.51315523311 1.000118497126637 1.523687650241533 246.0644909847882 0.2006167213878339
0.0461 6373.543234249889 1.000118081015288 1.523596457771741 245.8689773757222 0.197044549115716
0.0462 6373.573371660515 1.000117665413578 1.523505237529209 245.6730842066494 0.1935230198598222
0.0463 6373.60356748406 1.000117250323429 1.523413989575199 245.4768113536128 0.1900516427060343
0.0464 6373.633821739555 1.000116835746757 1.523322713970813 245.2801586928921 0.1866299281086073
0.0465 6373.664134446001 1.000116421685472 1.523231410776955 245.0831261009915 0.1832573879331189
0.0466 6373.694505622361 1.000116008141478 1.523140080054388 244.8857134546519 0.1799335354993176
0.04670000000000001 6373.724935287563 1.000115595116674 1.523048721863679 244.6879206308384 0.176657885623045
0.0468 6373.7554234605 1.000115182612955 1.522957336265217 244.4897475067472 0.1734299546579407
0.0469 6373.78597016003 1.000114770632207 1.522865923319223 244.2911939598047 0.1702492605365159
0.047 6373.816575404975 1.000114359176316 1.522774483085724 244.0922598676619 0.1671153228106013
0.0471 6373.847239214122 1.000113948247158 1.522683015624581 243.8929451082066 0.1640276626915421
0.0472 6373.877961606225 1.00011353784661 1.522591520995446 243.6932495595391 0.1609858030892967
0.0473 6373.9087426 1.000113127976538 1.522499999257814 243.4931731000023 0.1579892686518189
0.0474 6373.939582214131 1.000112718638809 1.522408450470971 243.2927156081458 0.1550375858028964
0.0475 6373.970480467269 1.000112309835282 1.522316874694021 243.09187696275 0.1521302827803386
0.0476 6374.001437378027 1.000111901567813 1.522225271985881 242.8906570428256 0.1492668896732401
0.0477 6374.032452964984 1.000111493838254 1.522133642405273 242.6890557276023 0.1464469384585217
0.0478 6374.063527246688 1.000111086648453 1.522041986010714 242.4870728965283 0.1436699630370856
0.04790000000000001 6374.094660241652 1.000110680000254 1.521950302860548 242.2847084292647 0.1409354992693266
0.048 6374.125851968352 1.000110273895497 1.521858593012902 242.0819622057151 0.1382430850105474
0.0481 6374.157102445233 1.000109868336018 1.521766856525723 241.8788341059839 0.1355922601448456
0.0482 6374.188411690708 1.000109463323651 1.521675093456748 241.6753240104002 0.1329825666193069
0.0483 6374.219779723153 1.000109058860223 1.52158330386352 241.4714317995061 0.1304135484771458
0.04840000000000001 6374.251206560913 1.000108654947564 1.521491487803363 241.2671573540682 0.127884751890572
0.0485 6374.282692222298 1.000108251587493 1.521399645333432 241.06250055506 0.1253957251927021
0.0486 6374.314236725588 1.000107848781832 1.521307776510655 240.8574612836795 0.1229460189093275
0.0487 6374.345840089025 1.000107446532398 1.521215881391754 240.6520394213379 0.12053518578973
0.0488 6374.377502330824 1.000107044841003 1.521123960033266 240.4462348496471 0.118162780836921
0.0489 6374.409223469162 1.000106643709461 1.521032012491501 240.2400474504437 0.1158283613377024
0.049 6374.441003522188 1.000106243139578 1.520940038822572 240.0334771057773 0.1135314868917125
0.0491 6374.472842508017 1.000105843133161 1.52084803908237 239.8265236978922 0.1112717194398286
0.0492 6374.504740444729 1.000105443692013 1.520756013326611 239.6191871092636 0.1090486232925577
0.0493 6374.536697350375 1.000105044817936 1.520663961610763 239.4114672225618 0.1068617651570468
0.0494 6374.568713242973 1.000104646512728 1.520571883990103 239.2033639206755 0.1047107141641406
0.0495 6374.600788140509 1.000104248778186 1.520479780519699 238.9948770866889 0.102595041894335
0.04960000000000001 6374.63292206094 1.000103851616104 1.520387651254395 238.7860066038928 0.1005143224035048
0.0497 6374.665115022185 1.000103455028276 1.520295496248835 238.5767523557969 0.0984681322480158
0.0498 6374.697367042138 1.000103059016491 1.520203315557441 238.3671142260999 0.09645605050882528
0.0499 6374.729678138659 1.000102663582538 1.520111109234431 238.1570920987136 0.09447765881550721
0.05 6374.762048329577 1.000102268728205 1.520018877333802 237.9466858577506 0.09253254136932142
0.05010000000000001 6374.794477632688 1.000101874455277 1.519926619909349 237.7358953875304 0.09062028496584941
0.0502 6374.826966065759 1.000101480765537 1.51983433701464 237.5247205725676 0.08874047901686145
0.0503 6374.859513646527 1.000101087660769 1.519742028703018 237.313161297572 0.08689271557169129
0.0504 6374.892120392698 1.000100695142754 1.519649695027642 237.1012174474603 0.08507658933810587
0.0505 6374.924786321946 1.00010030321327 1.519557336041423 236.88888890735 0.08329169770240862
0.0506 6374.957511451917 1.000099911874097 1.51946495179708 236.676175562542 0.08153764074884677
0.0507 6374.990295800224 1.000099521127012 1.519372542347106 236.4630772985441 0.07981402127876094
0.0508 6375.023139384451 1.000099130973791 1.519280107743775 236.2495940010652 0.07812044482887587
0.0509 6375.056042222153 1.000098741416209 1.519187648039159 236.0357255560033 0.07645651968894587
0.051 6375.089004330855 1.000098352456041 1.519095163285098 235.8214718494454 0.07482185691889773
0.0511 6375.122025728051 1.000097964095059 1.519002653533222 235.6068327676679 0.07321607036536996
0.0512 6375.155106431207 1.000097576335037 1.518910118834944 235.3918081971541 0.0716387766777795
0.05130000000000001 6375.188246457759 1.000097189177745 1.518817559241463 235.1763980245645 0.07008959532343516
0.0514 6375.221445825114 1.000096802624956 1.518724974803771 234.9606021367607 0.06856814860244909
0.0515 6375.254704550648 1.000096416678439 1.518632365572627 234.7444204207876 0.06707406166174677
0.0516 6375.288022651711 1.000096031339964 1.518539731598579 234.5278527638792 0.06560696250865417
0.0517 6375.321400145623 1.0000956466113 1.518447072931974 234.3108990534528 0.06416648202380722
0.05180000000000001 6375.354837049674 1.000095262494216 1.518354389622921 234.0935591771207 0.06275225397358798
0.0519 6375.388333381127 1.000094878990481 1.518261681721335 233.8758330226727 0.06136391502177283
0.052 6375.421889157217 1.000094496101861 1.518168949276906 233.6577204780878 0.06000110474078937
0.0521 6375.455504395149 1.000094113830125 1.518076192339117 233.4392214315338 0.05866346562230475
0.0522 6375.4891791121 1.00009373217704 1.517983410957231 233.2203357713505 0.05735064308712507
0.0523 6375.522913325221 1.000093351144373 1.517890605180295 233.0010633860605 0.05606228549469712
0.0524 6375.556707051634 1.00009297073389 1.51779777505716 232.7814041643759 0.05479804415198793
0.0525 6375.590560308432 1.000092590947359 1.517704920636447 232.5613579951918 0.05355757332171798
0.0526 6375.624473112683 1.000092211786545 1.517612041966559 232.340924767563 0.05234053022992673
0.0527 6375.658445481425 1.000091833253214 1.517519139095723 232.1201043707396 0.05114657507329996
0.0528 6375.69247743167 1.000091455349133 1.517426212071928 231.8988966941428 0.04997537102559456
0.0529 6375.726568980403 1.000091078076068 1.517333260942962 231.6773016273772 0.04882658424369626
0.05300000000000001 6375.760720144582 1.000090701435785 1.517240285756394 231.455319060219 0.04769988387298871
0.0531 6375.794930941135 1.000090325430049 1.517147286559608 231.2329488826216 0.04659494205225913
0.0532 6375.829201386969 1.000089950060628 1.517054263399754 231.0101909847039 0.04551143391795941
0.0533 6375.863531498959 1.000089575329287 1.516961216323797 230.787045256768 0.04444903760806247
0.0534 6375.897921293957 1.000089201237791 1.516868145378481 230.5635115892818 0.04340743426519648
0.05350000000000001 6375.932370788787 1.000088827787908 1.516775050610368 230.3395898728844 0.0423863080393523
0.0536 6375.966880000246 1.000088454981402 1.516681932065788 230.1152799983983 0.04138534609007341
0.0537 6376.001448945109 1.000088082820041 1.516588789790891 229.8905818567936 0.04040423858789882
0.0538 6376.036077640118 1.000087711305591 1.516495623831609 229.6654953392298 0.03944267871561913
0.0539 6376.070766101996 1.000087340439819 1.516402434233686 229.4400203370259 0.03850036266868801
0.054 6376.105514347437 1.00008697022449 1.516309221042663 229.2141567416605 0.0375769896552467
0.0541 6376.140322393108 1.000086600661371 1.516215984303879 228.9879044447956 0.03667226189572262
0.05420000000000001 6376.175190255654 1.000086231752229 1.516122724062478 228.7612633382467 0.03578588462169557
0.0543 6376.210117951693 1.000085863498831 1.516029440363416 228.5342333139951 0.03491756607442608
0.0544 6376.245105497818 1.000085495902944 1.515936133251445 228.3068142641813 0.03406701750280716
0.0545 6376.280152910596 1.000085128966334 1.51584280277112 228.0790060811236 0.03323395316090412
0.0546 6376.31526020657 1.000084762690769 1.515749448966821 227.8508086572937 0.03241809030484431
0.05470000000000001 6376.350427402258 1.000084397078016 1.515656071882715 227.622221885323 0.03161914918933048
0.0548 6376.385654514153 1.000084032129841 1.5155626715628 227.3932456580086 0.03083685306366596
0.0549 6376.420941558723 1.000083667848011 1.515469248050874 227.163879868301 0.03007092816723857
0.055 6376.456288552413 1.000083304234295 1.515375801390542 226.9341244093165 0.02932110372461197
0.0551 6376.491695511642 1.000082941290459 1.515282331625246 226.7039791743249 0.02858711194006736
0.05520000000000001 6376.527162452808 1.00008257901827 1.515188838798223 226.4734440567498 0.02786868799172377
0.0553 6376.562689392279 1.000082217419495 1.515095322952542 226.2425189501863 0.02716557002525279
0.0554 6376.598276346404 1.000081856495901 1.515001784131076 226.0112037483713 0.02647749914699428
0.0555 6376.633923331508 1.000081496249255 1.514908222376536 225.7794983452012 0.02580421941677378
0.0556 6376.669630363888 1.000081136681322 1.514814637731444 225.5474026347264 0.02514547784020445
0.0557 6376.705397459823 1.000080777793872 1.514721030238138 225.3149165111507 0.02450102436057274
0.0558 6376.741224635563 1.000080419588667 1.514627399938815 225.0820398688378 0.02387061185031018
0.05590000000000001 6376.77711190734 1.000080062067476 1.514533746875456 224.848772602293 0.02325399610197801
0.056 6376.813059291357 1.000079705232064 1.514440071089896 224.6151146061815 0.02265093581893157
0.0561 6376.849066803798 1.000079349084195 1.514346372623804 224.38106577531 0.02206119260547813
0.0562 6376.885134460823 1.000078993625636 1.514252651518661 224.1466260046512 0.0214845309567374
0.0563 6376.921262278568 1.00007863885815 1.514158907815802 223.9117951893076 0.02092071824795402
0.05640000000000001 6376.957450273148 1.000078284783501 1.514065141556383 223.6765732245411 0.02036952472358081
0.0565 6376.993698460652 1.000077931403453 1.513971352781412 223.4409600057619 0.01983072348587197
0.0566 6377.03000685715 1.000077578719769 1.513877541531718 223.2049554285276 0.019304090483127
0.0567 6377.066375478686 1.000077226734212 1.51378370784799 222.9685593885378 0.01878940449754827
0.0568 6377.102804341286 1.000076875448542 1.513689851770744 222.7317717816398 0.01828644713275906
0.05690000000000001 6377.13929346095 1.00007652486452 1.513595973340357 222.4945925038231 0.01779500280093481
0.057 6377.175842853656 1.000076174983907 1.513502072597036 222.2570214512365 0.01731485870963043
0.0571 6377.21245253536 1.000075825808462 1.513408149580848 222.0190585201589 0.01684580484816297
0.0572 6377.249122521998 1.000075477339944 1.513314204331701 221.7807036070111 0.0163876339737417
0.0573 6377.285852829483 1.000075129580108 1.513220236889368 221.5419566083618 0.01594014159725042
0.0574 6377.322643473704 1.000074782530712 1.513126247293462 221.3028174209215 0.01550312596867979
0.0575 6377.359494470532 1.00007443619351 1.513032235583471 221.0632859415426 0.01507638806225238
0.05760000000000001 6377.396405835812 1.000074090570257 1.512938201798725 220.8233620672194 0.01465973156123451
0.0577 6377.433377585373 1.000073745662704 1.512844145978418 220.5830456950761 0.01425296284242247
0.0578 6377.470409735016 1.000073401472604 1.512750068161613 220.3423367223967 0.01385589096039984
0.0579 6377.507502300525 1.000073058001705 1.512655968387234 220.1012350465893 0.01346832763139217
0.058 6377.544655297661 1.000072715251756 1.512561846694066 219.8597405652039 0.0130900872169274
0.05810000000000001 6377.581868742165 1.000072373224504 1.512467703120764 219.6178531759264 0.01272098670717816
0.0582 6377.619142649758 1.000072031921694 1.512373537705865 219.3755727765728 0.01236084570403418
0.0583 6377.656477036136 1.000071691345068 1.512279350487769 219.1328992651187 0.01200948640396251
0.0584 6377.693871916976 1.000071351496369 1.512185141504751 218.889832539658 0.01166673358050518
0.0585 6377.731327307934 1.000071012377335 1.51209091079497 218.6463724984263 0.01133241456662423
0.05860000000000001 6377.768843224647 1.000070673989705 1.511996658396449 218.4025190397955 0.01100635923675931
0.0587 6377.806419682729 1.000070336335212 1.51190238434712 218.1582720622613 0.01068839998864315
0.05880000000000001 6377.844056697773 1.000069999415592 1.511808088684761 217.9136314644733 0.0103783717249421
0.0589 6377.881754285355 1.000069663232574 1.51171377144707 217.6685971451933 0.01007611183458268
0.059 6377.919512461026 1.000069327787886 1.511619432671617 217.4231690033311 0.009781460173962569
0.0591 6377.957331240318 1.000068993083256 1.511525072395861 217.1773469379322 0.009494259047892421
0.0592 6377.995210638745 1.000068659120406 1.511430690657152 216.9311308481546 0.009214353190326199
0.05930000000000001 6378.033150671798 1.000068325901056 1.511336287492747 216.6845206333099 0.008941589744973258
0.0594 6378.07115135495 1.000067993426925 1.51124186293979 216.4375161928282 0.008675818245634818
0.0595 6378.10921270365 1.000067661699728 1.511147417035325 216.1901174262752 0.008416890596422302
0.0596 6378.147334733331 1.000067330721178 1.511052949816289 215.9423242333468 0.008164661051776366
0.0597 6378.185517459405 1.000067000492981 1.510958461319547 215.694136513869 0.007918986196327462
0.05980000000000001 6378.223760897262 1.000066671016846 1.510863951581842 215.4455541677979 0.007679724924597875
0.0599 6378.262065062275 1.000066342294473 1.51076942063984 215.1965770952137 0.007446738420547038
0.06 6378.300429969795 1.000066014327563 1.510674868530113 214.9472051963324 0.007219890136989147
0.0601 6378.338855635154 1.00006568711781 1.510580295289147 214.6974383715004 0.006999045774856097
0.0602 6378.377342073664 1.000065360666906 1.510485700953344 214.4472765211821 0.006784073262325659
0.0603 6378.415889300618 1.00006503497654 1.510391085559013 214.1967195459837 0.006574842733856908
0.0604 6378.454497331289 1.000064710048396 1.510296449142397 213.9457673466239 0.006371226509062877
0.06050000000000001 6378.49316618093 1.000064385884155 1.510201791739647 213.6944198239574 0.006173099071518627
0.0606 6378.531895864775 1.000064062485491 1.510107113386848 213.442676878963 0.005980337047436079
0.0607 6378.570686398039 1.000063739854078 1.510012414120011 213.1905384127434 0.005792819184252558
0.0608 6378.609537795917 1.000063417991583 1.509917693975059 212.9380043265377 0.005610426329138008
0.0609 6378.648450073584 1.00006309689967 1.509822952987864 212.6850745217029 0.00543304140739712
0.06100000000000001 6378.687423246197 1.000062776579996 1.509728191194229 212.4317488997202 0.005260549400813081
0.0611 6378.726457328892 1.000062457034216 1.509633408629881 212.1780273622011 0.005092837325920598
0.0612 6378.765552336788 1.000062138263979 1.509538605330487 211.923909810875 0.004929794212203656
0.0613 6378.804708284984 1.00006182027093 1.509443781331661 211.6693961476016 0.004771311080252261
0.0614 6378.84392518856 1.000061503056707 1.509348936668948 211.4144862743586 0.004617280919853198
0.06150000000000001 6378.883203062575 1.000061186622945 1.509254071377854 211.15918009326 0.00446759866805515
0.0616 6378.92254192207 1.000060870971273 1.50915918549382 210.9034775065437 0.004322161187177515
0.0617 6378.961941782069 1.000060556103312 1.509064279052229 210.647378416554 0.004180867242785825
0.0618 6379.001402657574 1.000060242020683 1.508969352088425 210.3908827257713 0.00404361748166848
0.0619 6379.04092456357 1.000059928724995 1.508874404637705 210.1339903367942 0.00391031440976723
0.062 6379.080507515022 1.000059616217857 1.508779436735307 209.8767011523572 0.003780862370113882
0.0621 6379.120151526877 1.000059304500867 1.508684448416454 209.6190150753013 0.003655167520735577
0.06220000000000001 6379.159856614062 1.000058993575621 1.508589439716299 209.3609320085974 0.003533137812586459
0.0623 6379.199622791487 1.000058683443706 1.508494410669974 209.1024518553348 0.003414682967465944
0.0624 6379.239450074042 1.000058374106704 1.508399361312563 208.843574518727 0.003299714455956427
0.0625 6379.279338476597 1.000058065566191 1.508304291679134 208.5842999021173 0.003188145475376781
0.0626 6379.319288014004 1.000057757823735 1.508209201804717 208.3246279089734 0.003079890927752625
0.06270000000000001 6379.359298701098 1.000057450880898 1.508114091724292 208.0645584428634 0.002974867397807657
0.06280000000000001 6379.399370552694 1.000057144739235 1.508018961472844 207.8040914074912 0.002872993131012649
0.0629 6379.439503583588 1.000056839400294 1.507923811085311 207.5432267066793 0.00277418801165058
0.063 6379.479697808557 1.000056534865617 1.507828640596611 207.28196424438 0.002678373540937711
0.0631 6379.519953242359 1.000056231136737 1.507733450041647 207.0203039246638 0.002585472815184867
0.06320000000000001 6379.560269899736 1.000055928215181 1.507638239455306 206.7582456517138 0.002495410504016019
0.06330000000000001 6379.600647795409 1.000055626102468 1.507543008872441 206.4957893298428 0.002408112828654626
0.0634 6379.641086944081 1.000055324800108 1.507447758327912 206.2329348634761 0.002323507540262267
0.0635 6379.681587360435 1.000055024309606 1.507352487856553 205.969682157175 0.00224152389836067
0.0636 6379.722149059138 1.000054724632456 1.507257197493193 205.7060311156014 0.002162092649309344
0.06370000000000001 6379.762772054836 1.000054425770147 1.507161887272649 205.4419816435646 0.00208514600488835
0.06380000000000001 6379.803456362159 1.000054127724158 1.507066557229739 205.177533645969 0.002010617620934473
0.0639 6379.844201995715 1.00005383049596 1.506971207399261 204.9126870278545 0.001938442576094438
0.064 6379.885008970095 1.000053534087015 1.506875837816027 204.6474416943796 0.001868557350653646
0.0641 6379.925877299874 1.000053238498777 1.506780448514844 204.3817975508208 0.001800899805467927
0.06420000000000001 6379.966806999603 1.000052943732692 1.506685039530519 204.1157545025789 0.001735409160998701
0.06430000000000001 6380.00779808382 1.000052649790196 1.506589610897859 203.8493124551727 0.001672025976451246
0.0644 6380.048850567039 1.000052356672716 1.506494162651688 203.5824713142455 0.001610692129026325
0.0645 6380.089964463761 1.000052064381671 1.506398694826827 203.3152309855526 0.001551350793282093
0.0646 6380.131139788464 1.000051772918471 1.506303207458104 203.0475913749855 0.001493946420622432
0.06470000000000001 6380.17237655561 1.000051482284513 1.506207700580374 202.779552388536 0.00143842471889449
0.0648 6380.21367477964 1.000051192481189 1.506112174228487 202.5111139323379 0.001384732632128968
0.0649 6380.25503447498 1.000050903509879 1.506016628437328 202.2422759126315 0.00133281832039378
0.065 6380.296455656033 1.000050615371955 1.505921063241772 201.9730382357869 0.001282631139793442
0.06510000000000001 6380.337938337185 1.000050328068775 1.505825478676738 201.7034008082986 0.001234121622599081
0.06520000000000001 6380.379482532806 1.000050041601692 1.50572987477716 201.4333635367615 0.001187241457515932
0.0653 6380.421088257243 1.000049755972046 1.505634251577983 201.1629263279182 0.001141943470106922
0.0654 6380.462755524829 1.000049471181167 1.505538609114183 200.8920890886119 0.001098181603346285
0.0655 6380.504484349874 1.000049187230374 1.50544294742077 200.6208517258218 0.001055910898337364
0.06560000000000001 6380.546274746671 1.000048904120978 1.505347266532773 200.3492141466394 0.001015087475173328
0.06570000000000001 6380.588126729495 1.000048621854276 1.505251566485245 200.0771762582802 0.0009756685139595122
0.0658 6380.630040312602 1.000048340431556 1.505155847313284 199.8047379680901 0.0009376122359930907
0.0659 6380.672015510227 1.000048059854095 1.505060109052015 199.5318991835269 0.0009008778851007932
0.066 6380.71405233659 1.000047780123158 1.504964351736593 199.2586598121669 0.0008654257091440041
0.06610000000000001 6380.75615080589 1.00004750124 1.504868575402212 198.9850197617164 0.0008312169416908379
0.06620000000000001 6380.798310932308 1.000047223205863 1.504772780084101 198.71097894 0.000798213783853893
0.0663 6380.840532730004 1.00004694602198 1.504676965817545 198.4365372549722 0.0007663793863021598
0.0664 6380.882816213121 1.000046669689569 1.504581132637846 198.1616946147118 0.0007356778314440166
0.0665 6380.925161395785 1.00004639420984 1.504485280580359 197.886450927398 0.0007060741157839895
0.06660000000000001 6380.967568292098 1.000046119583988 1.504389409680494 197.6108061013637 0.0006775341324653583
0.06670000000000001 6381.010036916147 1.000045845813198 1.504293519973684 197.3347600450423 0.0006500246539804961
0.0668 6381.052567282 1.000045572898643 1.504197611495421 197.0583126669975 0.0006235133150714805
0.0669 6381.095159403704 1.000045300841481 1.504101684281257 196.7814638759227 0.0005979685958102931
0.067 6381.137813295289 1.000045029642861 1.504005738366769 196.5042135806237 0.0005733598048620929
0.06710000000000001 6381.180528970763 1.000044759303917 1.503909773787611 196.2265616900426 0.0005496570629384336
0.06720000000000001 6381.223306444119 1.000044489825774 1.503813790579466 195.9485081132274 0.0005268312864333072
0.0673 6381.266145729327 1.000044221209539 1.503717788778094 195.6700527593742 0.0005048541712541351
0.0674 6381.30904684034 1.00004395345631 1.503621768419293 195.3911955377915 0.0004836981768364606
0.0675 6381.352009791091 1.000043686567172 1.503525729538923 195.1119363579058 0.0004633365103535598
0.06760000000000001 6381.395034595495 1.000043420543195 1.503429672172909 194.8322751292798 0.0004437431111191378
0.06770000000000001 6381.438121267446 1.000043155385437 1.503333596357224 194.5522117616 0.0004248926351811437
0.0678 6381.481269820819 1.000042891094943 1.503237502127914 194.2717461646774 0.0004067604401107785
0.0679 6381.524480269471 1.000042627672743 1.503141389521079 193.9908782484353 0.0003893225699858193
0.068 6381.567752627239 1.000042365119856 1.503045258572876 193.7096079229444 0.0003725557405726172
0.06810000000000001 6381.61108690794 1.000042103437285 1.502949109319541 193.4279350983883 0.0003564373246999561
0.0682 6381.65448312537 1.000041842626021 1.502852941797372 193.145859685092 0.0003409453378337996
0.0683 6381.697941293311 1.000041582687039 1.50275675604273 192.8633815934812 0.0003260584238452949
0.0684 6381.741461425518 1.000041323621302 1.502660552092041 192.5805007341354 0.0003117558409816753
0.06850000000000001 6381.785043535732 1.000041065429758 1.502564329981803 192.2972170177403 0.0002980174480296592
0.06860000000000001 6381.828687637672 1.000040808113342 1.50246808974859 192.0135303551295 0.0002848236906816014
0.0687 6381.872393745039 1.000040551672973 1.502371831429033 191.729440657249 0.0002721555880960413
0.0688 6381.916161871512 1.000040296109557 1.502275555059854 191.4449478351747 0.0002599947196591418
0.0689 6381.959992030751 1.000040041423984 1.502179260677833 191.1600518001186 0.0002483232119436505
0.06900000000000001 6382.003884236397 1.000039787617131 1.502082948319827 190.8747524634167 0.0002371237258652008
0.06910000000000001 6382.047838502071 1.000039534689859 1.501986618022778 190.5890497365352 0.000226379444037231
0.0692 6382.091854841375 1.000039282643016 1.501890269823694 190.3029435310644 0.0002160740583230006
0.0693 6382.135933267888 1.000039031477432 1.501793903759652 190.0164337587306 0.0002061917575854558
0.0694 6382.18007379517 1.000038781193925 1.501697519867836 189.729520331396 0.0001967172156333736
0.06950000000000001 6382.224276436763 1.000038531793297 1.501601118185473 189.442203161041 0.0001876355793632127
0.06960000000000001 6382.268541206187 1.000038283276335 1.501504698749896 189.1544821597821 0.0001789324570978379
0.0697 6382.312868116945 1.000038035643808 1.501408261598511 188.8663572398599 0.0001705939071192834
