0 6365.5 1.000324028116708 1.561983199470489 298.15 13.94153821401191
0.0001 6365.505641973939 1.000323775699214 1.561911554400536 298.1133271693938 13.9110886187436
0.0002 6365.511329562241 1.000323521485697 1.561839882965037 298.0763578454311 13.88045159786117
0.0003 6365.517062781872 1.000323265481044 1.561768184958705 298.0390919178348 13.84962838300356
0.0004 6365.522841649927 1.000323007690173 1.561696460177196 298.0015292754764 13.81862021268324
0.0005 6365.528666183635 1.000322748118034 1.561624708417145 297.9636698063704 13.78742833221654
0.0006000000000000001 6365.534536400358 1.000322486769608 1.561552929476028 297.9255133976739 13.75605399365856
0.0007 6365.540452317586 1.000322223649908 1.561481123152304 297.8870599356927 13.72449845574246
0.0008 6365.546413952939 1.000321958763979 1.561409289245435 297.8483093058993 13.69276298382809
0.0009000000000000001 6365.552421324166 1.000321692116896 1.56133742755563 297.8092613929206 13.6608488498258
0.001 6365.558474449147 1.000321423713766 1.561265537884149 297.769916080544 13.62875733213458
0.0011 6365.564573345888 1.000321153559725 1.561193620033186 297.7302732517295 13.59648971558444
0.0012 6365.570718032523 1.000320881659942 1.561121673805699 297.6903327886033 13.56404729136401
0.0013 6365.576908527313 1.000320608019615 1.561049699005692 297.6500945724641 13.53143135695734
0.0014 6365.583144848646 1.000320332643974 1.560977695437995 297.6095584838007 13.49864321608985
0.0015 6365.589427015035 1.000320055538277 1.560905662908406 297.5687244022741 13.46568417864514
0.0016 6365.595755045118 1.000319776707814 1.560833601223482 297.5275922067357 13.43255556061012
0.0017 6365.60212895766 1.000319496157904 1.560761510190829 297.4861617752089 13.39925868399116
0.0018 6365.608548771548 1.000319213893897 1.560689389618807 297.444432984937 13.36579487678216
0.0019 6365.615014505793 1.000318929921172 1.560617239316801 297.4024057123473 13.33216547286559
0.002 6365.621526179529 1.000318644245137 1.560545059094951 297.3600798330634 13.29837181195128
0.0021 6365.628083812012 1.000318356871229 1.560472848764386 297.3174552219224 13.26441523951947
0.0022 6365.634687422622 1.000318067804916 1.560400608137048 297.2745317529574 13.23029710673507
0.0023 6365.641337030858 1.000317777051695 1.560328337025745 297.2313092994212 13.19601877039471
0.0024 6365.648032656341 1.000317484617089 1.560256035244259 297.1877877337805 13.16158159284968
0.0025 6365.654774318812 1.000317190506653 1.560183702607132 297.1439669277214 13.12698694193798
0.0026 6365.661562038131 1.000316894725969 1.560111338929912 297.0998467521498 13.09223619091134
0.0027 6365.668395834277 1.000316597280648 1.560038944028863 297.0554270771971 13.05733071836654
0.0028 6365.675275727351 1.000316298176329 1.559966517721275 297.0107077722204 13.02227190817166
0.0029 6365.682201737567 1.000315997418679 1.559894059825202 296.9656887058139 12.98706114940136
0.003 6365.68917388526 1.000315695013393 1.559821570159664 296.9203697458096 12.95169983626231
0.0031 6365.696192190881 1.000315390966194 1.559749048544488 296.8747507592765 12.91618936801851
0.0032 6365.703256674995 1.000315085282831 1.559676494800411 296.828831612533 12.88053114892531
0.0033 6365.710367358287 1.000314777969084 1.559603908748999 296.7826121711349 12.84472658814476
0.0034 6365.717524261554 1.000314469030756 1.559531290212733 296.736092299899 12.80877709968816
0.0035 6365.72472740571 1.00031415847368 1.559458639014968 296.6892718628854 12.77268410232613
0.0036 6365.731976811781 1.000313846303716 1.559385954979901 296.6421507234212 12.73644901953049
0.0037 6365.739272500909 1.000313532526747 1.559313237932613 296.5947287440885 12.70007327938819
0.0038 6365.746614494348 1.000313217148688 1.559240487699049 296.5470057867363 12.66355831453337
0.0039 6365.754002813463 1.000312900175476 1.559167704106133 296.4989817124928 12.62690556207886
0.004 6365.761437479731 1.000312581613077 1.559094886981486 296.4506563817466 12.5901164635248
0.0041 6365.768918514744 1.00031226146748 1.559022036153739 296.4020296541656 12.55319246469417
0.004200000000000001 6365.776445940201 1.000311939744703 1.558949151452319 296.3531013886903 12.5161350156498
0.0043 6365.784019777914 1.000311616450788 1.558876232707608 296.3038714435578 12.47894557063364
0.0044 6365.791640049803 1.000311291591802 1.558803279750825 296.2543396762779 12.44162558796975
0.004500000000000001 6365.799306777897 1.000310965173839 1.55873029241403 296.204505943669 12.40417653001178
0.0046 6365.807019984335 1.000310637203017 1.558657270530222 296.1543701018221 12.36659986303656
0.0047 6365.814779691364 1.000310307685478 1.558584213933242 296.1039320061367 12.32889705719094
0.0048 6365.822585921336 1.00030997662739 1.558511122457857 296.0531915113146 12.29106958640702
0.0049 6365.830438696713 1.000309644034946 1.558437995939676 296.002148471366 12.25311892832605
0.005 6365.838338040062 1.000309309914362 1.558364834215197 295.9508027395976 12.21504656420889
0.0051 6365.846283974055 1.000308974271878 1.558291637121841 295.8991541686422 12.17685397887681
0.005200000000000001 6365.854276521472 1.00030863711376 1.558218404497861 295.847202610429 12.13854266060836
0.0053 6365.862315705197 1.000308298446295 1.558145136182414 295.7949479162193 12.10011410108395
0.0054 6365.870401548215 1.000307958275795 1.558071832015581 295.7423899366003 12.0615697952995
0.005500000000000001 6365.878534073619 1.000307616608596 1.557998491838259 295.6895285214795 12.02291124148
0.0056 6365.886713304601 1.000307273451056 1.557925115492375 295.6363635200963 11.98413994100578
0.0057 6365.894939264458 1.000306928809556 1.557851702820562 295.5828947810222 11.94525739832984
0.0058 6365.903211976589 1.0003065826905 1.557778253666515 295.5291221521724 11.90626512090351
0.0059 6365.911531464493 1.000306235100315 1.557704767874702 295.4750454807939 11.86716461908476
0.006 6365.919897751772 1.000305886045451 1.557631245290573 295.4206646134838 11.82795740606764
0.0061 6365.928310862124 1.000305535532377 1.55755768576046 295.3659793961946 11.78864499780282
0.006200000000000001 6365.936770819351 1.000305183567587 1.557484089131563 295.3109896742166 11.74922891290102
0.0063 6365.945277647352 1.000304830157597 1.557410455252014 295.2556952922135 11.70971067257438
0.0064 6365.953831370125 1.000304475308941 1.557336783970837 295.2000960941872 11.6700918005267
0.006500000000000001 6365.962432011766 1.000304119028179 1.557263075137932 295.1441919235184 11.6303738228985
0.0066 6365.971079596469 1.000303761321888 1.557189328604157 295.0879826229497 11.59055826816958
0.0067 6365.979774148523 1.000303402196668 1.55711554422131 295.0314680346027 11.5506466670866
0.0068 6365.988515692314 1.00030304165914 1.557041721841991 294.9746479999607 11.51064055256542
0.006900000000000001 6365.997304252324 1.000302679715944 1.556967861319807 294.9175223598921 11.47054145962235
0.007 6366.006139853131 1.000302316373742 1.556893962509228 294.8600909546507 11.43035092528859
0.0071 6366.015022519405 1.000301951639214 1.55682002526563 294.8023536238692 11.3900704885203
0.007200000000000001 6366.023952275912 1.000301585519062 1.556746049445394 294.7443102065716 11.34970169012093
0.0073 6366.032929147511 1.000301218020006 1.556672034905723 294.685960541179 11.3092460726592
0.0074 6366.041953159153 1.000300849148785 1.556597981504771 294.6273044655035 11.2687051803786
0.007500000000000001 6366.051024335883 1.00030047891216 1.556523889101633 294.5683418167599 11.22808055911923
0.0076 6366.060142702834 1.000300107316908 1.556449757556327 294.5090724315781 11.18737375623913
0.0077 6366.069308285234 1.000299734369826 1.556375586729787 294.449496145979 11.14658632051127
0.007800000000000001 6366.078521108398 1.00029936007773 1.556301376483857 294.3896127954098 11.10571980206091
0.007900000000000001 6366.087781197734 1.000298984447452 1.556227126681353 294.3294222147268 11.0647757522663
0.008 6366.097088578737 1.000298607485844 1.55615283718603 294.268924238207 11.02375572367944
0.0081 6366.106443276992 1.000298229199777 1.556078507862461 294.2081186995537 10.98266126994274
0.008200000000000001 6366.11584531817 1.000297849596136 1.556004138576317 294.1470054318969 10.94149394570136
0.0083 6366.125294728032 1.000297468681828 1.555929729194093 294.0855842677933 10.9002553065156
0.008400000000000001 6366.134791532425 1.000297086463772 1.555855279583277 294.0238550392377 10.858946908781
0.008500000000000001 6366.144335757282 1.000296702948908 1.555780789612294 293.9618175776694 10.81757030964431
0.0086 6366.153927428622 1.000296318144192 1.555706259150464 293.8994717139602 10.77612706690759
0.008700000000000001 6366.163566572548 1.000295932056594 1.555631688068082 293.8368172784379 10.73461873895575
0.008800000000000001 6366.173253215248 1.000295544693103 1.55555707623647 293.7738541008865 10.69304688466821
0.0089 6366.182987382997 1.000295156060723 1.555482423527733 293.7105820105224 10.65141306331493
0.009000000000000001 6366.192769102147 1.000294766166474 1.555407729815068 293.6470008360419 10.60971883449916
0.0091 6366.20259839914 1.00029437501739 1.555332994972537 293.5831104055914 10.56796575804937
0.0092 6366.212475300494 1.000293982620523 1.555258218875207 293.5189105467911 10.52615539394611
0.009300000000000001 6366.222399832811 1.000293588982939 1.555183401399087 293.4544010867293 10.48428930222941
0.0094 6366.232372022776 1.000293194111716 1.55510854242111 293.3895818519562 10.44236904290616
0.0095 6366.242391897151 1.000292798013952 1.555033641819209 293.3244526685197 10.40039617588424
0.009600000000000001 6366.252459482778 1.000292400696754 1.554958699472248 293.2590133619414 10.35837226086821
0.0097 6366.262574806581 1.000292002167247 1.554883715260124 293.1932637572226 10.31629885727424
0.0098 6366.272737895559 1.000291602432568 1.554808689063558 293.1272036788681 10.27417752415614
0.009900000000000001 6366.282948776789 1.000291201499868 1.554733620764358 293.0608329508685 10.23200982010495
0.01 6366.29320747743 1.000290799376311 1.55465851024526 292.9941513967059 10.18979730316364
0.0101 6366.303514024712 1.000290396069075 1.554583357389972 292.9271588393716 10.14754153074919
0.0102 6366.313868445944 1.000289991585351 1.554508162083168 292.8598551013664 10.10524405956338
0.0103 6366.324270768509 1.000289585932341 1.554432924210448 292.7922400046945 10.06290644549981
0.0104 6366.334721019866 1.000289179117261 1.554357643658495 292.7243133708693 10.02053024355851
0.0105 6366.345219227549 1.000288771147339 1.554282320314826 292.6560750209313 9.978117007767731
0.0106 6366.355765419163 1.000288362029814 1.554206954068069 292.5875247754424 9.935668291090986
0.0107 6366.366359622388 1.000287951771937 1.554131544807762 292.5186624544793 9.893185645334214
0.0108 6366.377001864975 1.000287540380972 1.554056092424408 292.449487877664 9.850670621074817
0.0109 6366.387692174747 1.000287127864191 1.553980596809527 292.380000864145 9.808124767561457
0.011 6366.3984305796 1.00028671422888 1.55390505785562 292.3102012325984 9.765549632624975
0.0111 6366.409217107499 1.000286299482334 1.553829475456107 292.2400888012565 9.7229467626073
0.0112 6366.420051786478 1.000285883631859 1.553753849505487 292.1696633878909 9.680317702261449
0.0113 6366.430934644643 1.000285466684771 1.553678179899227 292.0989248098234 9.637663994669666
0.0114 6366.441865710164 1.000285048648395 1.553602466533689 292.0278728839329 9.594987181157929
0.0115 6366.452845011285 1.000284629530068 1.55352670930636 291.9565074266487 9.552288801203428
0.0116 6366.463872576312 1.000284209337134 1.553450908115602 291.8848282539687 9.509570392356279
0.0117 6366.474948433622 1.000283788076947 1.553375062860853 291.8128351814593 9.466833490150627
0.0118 6366.486072611654 1.00028336575687 1.553299173442497 291.7405280242491 9.424079628012327
0.0119 6366.497245138915 1.000282942384276 1.553223239761913 291.6679065970533 9.381310337184283
0.012 6366.508466043978 1.000282517966543 1.553147261721494 291.5949707141434 9.338527146620342
0.0121 6366.519735355478 1.00028209251106 1.553071239224646 291.5217201893951 9.295731582924656
0.0122 6366.531053102114 1.000281666025224 1.552995172175724 291.4481548362581 9.252925170245808
0.0123 6366.542419312648 1.000281238516437 1.552919060480128 291.3742744677864 9.210109430205758
0.0124 6366.553834015906 1.00028080999211 1.552842904044213 291.3000788966082 9.167285881794442
0.0125 6366.565297240774 1.000280380459662 1.552766702775408 291.2255679349672 9.12445604130567
0.0126 6366.5768090162 1.000279949926518 1.552690456582068 291.1507413946996 9.081621422235454
0.0127 6366.588369371192 1.000279518400108 1.552614165373581 291.0755990872511 9.038783535204381
0.0128 6366.599978334817 1.000279085887871 1.552537829060366 291.0001408236893 8.995943887876599
0.0129 6366.611635936202 1.000278652397251 1.55246144755382 290.9243664146856 8.953103984862125
0.013 6366.623342204533 1.000278217935696 1.552385020766343 290.8482756705329 8.910265327639541
0.0131 6366.635097169055 1.000277782510662 1.552308548611337 290.7718684011401 8.867429414465427
0.0132 6366.646900859068 1.00027734612961 1.55223203100326 290.6951444160612 8.824597740303833
0.0133 6366.658753303927 1.000276908800004 1.55215546785756 290.6181035244721 8.781771796726042
0.0134 6366.670654533049 1.000276470529315 1.552078859090636 290.5407455351818 8.738953071830505
0.0135 6366.682604575901 1.000276031325017 1.552002204620004 290.463070256645 8.696143050162805
0.0136 6366.694603462007 1.00027559119459 1.55192550436408 290.3850774969554 8.653343212626016
0.0137 6366.706651220945 1.000275150145514 1.551848758242384 290.3067670638583 8.610555036401069
0.0138 6366.718747882346 1.000274708185278 1.551771966175423 290.2281387647498 8.567779994860732
0.0139 6366.730893475894 1.00027426532137 1.551695128084692 290.1491924066894 8.525019557490317
0.014 6366.743088031324 1.000273821561284 1.551618243892718 290.0699277963935 8.48227518979887
0.0141 6366.755331578426 1.000273376912515 1.551541313523053 289.9903447402297 8.439548353230787
0.0142 6366.767624147037 1.000272931382562 1.551464336900281 289.9104430442584 8.396840505102968
0.0143 6366.779965767046 1.000272484978924 1.551387313949977 289.8302225142028 8.354153098504032
0.0144 6366.79235646839 1.000272037709107 1.551310244598727 289.7496829554669 8.311487582219257
0.0145 6366.804796281058 1.000271589580612 1.551233128774168 289.6688241731239 8.268845400639979
0.0146 6366.817285235086 1.000271140600948 1.551155966404897 289.5876459719392 8.226227993692095
0.0147 6366.829823360558 1.00027069077762 1.551078757420618 289.5061481563711 8.183636796752175
0.0148 6366.842410687603 1.000270240118138 1.551001501751978 289.4243305305821 8.141073240570078
0.0149 6366.855047246398 1.000269788630011 1.550924199330703 289.3421928984156 8.098538751173377
0.015 6366.867733067166 1.000269336320747 1.550846850089496 289.2597350634195 8.056034749796776
0.0151 6366.880468180174 1.000268883197859 1.550769453962076 289.1769568288695 8.013562652811565
0.0152 6366.893252615735 1.000268429268853 1.55069201088325 289.0938579977222 7.971123871618931
0.0153 6366.906086404204 1.000267974541241 1.550614520788796 289.0104383726742 7.928719812598255
0.0154 6366.918969575981 1.00026751902253 1.550536983615503 288.9266977561264 7.886351877007212
0.0155 6366.931902161507 1.000267062720229 1.550459399301199 288.8426359502076 7.844021460912447
0.0156 6366.944884191265 1.000266605641844 1.550381767784765 288.7582527567751 7.801729955108458
0.0157 6366.957915695781 1.000266147794882 1.550304089006048 288.6735479774255 7.759478745042768
0.0158 6366.970996705619 1.000265689186844 1.550226362905968 288.5885214134781 7.717269210726672
0.0159 6366.984127251384 1.000265229825234 1.550148589426431 288.5031728660036 7.675102726669968
0.016 6366.997307363723 1.00026476971755 1.550070768510385 288.4175021358009 7.63298066178956
0.0161 6367.010537073316 1.000264308871289 1.549992900101815 288.331509023444 7.590904379353456
0.0162 6367.023816410886 1.000263847293947 1.549914984145712 288.2451933292413 7.548875236881445
0.0163 6367.037145407191 1.000263384993013 1.549837020588062 288.1585548532584 7.506894586078213
0.0164 6367.050524093026 1.000262921975976 1.549759009375933 288.0715933953305 7.464963772760897
0.0165 6367.063952499222 1.00026245825032 1.549680950457379 287.9843087550565 7.423084136778414
0.0166 6367.077430656647 1.000261993823525 1.549602843781487 287.8967007317927 7.381257011931324
0.0167 6367.090958596201 1.000261528703069 1.549524689298353 287.8087691246945 7.339483725914665
0.0168 6367.104536348819 1.000261062896422 1.549446486959131 287.7205137326749 7.297765600221624
0.0169 6367.118163945472 1.000260596411052 1.549368236715956 287.6319343544341 7.256103950081581
0.017 6367.13184141716 1.000260129254423 1.54928993852198 287.5430307884593 7.214500084384374
0.0171 6367.145568794918 1.00025966143399 1.549211592331439 287.4538028330311 7.172955305607852
0.0172 6367.159346109812 1.000259192957207 1.549133198099532 287.364250286223 7.131470909743056
0.0173 6367.173173392937 1.000258723831518 1.549054755782489 287.2743729459074 7.090048186222663
0.0174 6367.187050675421 1.000258254064364 1.548976265337574 287.184170609762 7.048688417849836
0.0175 6367.20097798842 1.00025778366318 1.548897726723061 287.0936430752689 7.007392880724818
0.0176 6367.214955363119 1.000257312635392 1.548819139898262 287.0027901397274 6.966162844177403
0.0177 6367.228982830731 1.000256840988421 1.548740504823454 286.9116116002473 6.924999570691806
0.0178 6367.243060422498 1.00025636872968 1.548661821460009 286.8201072537612 6.88390431584006
0.0179 6367.257188169689 1.000255895866577 1.548583089770239 286.7282768970243 6.842878328210557
0.018 6367.271366103598 1.00025542240651 1.548504309717542 286.6361203266146 6.801922849337129
0.0181 6367.285594255544 1.000254948356868 1.548425481266311 286.543637338962 6.761039113641718
0.0182 6367.299872656875 1.000254473725037 1.548346604381895 286.4508277303133 6.720228348348684
0.0183 6367.314201338959 1.000253998518388 1.548267679030764 286.3576912967677 6.679491773431126
0.0184 6367.32858033319 1.00025352274429 1.548188705180287 286.2642278342645 6.63883060153677
0.0185 6367.343009670986 1.000253046410098 1.548109682798915 286.1704371385894 6.598246037922256
0.0186 6367.357489383787 1.00025256952316 1.548030611856125 286.0763190053862 6.557739280390475
0.0187 6367.372019503053 1.000252092090815 1.547951492322363 285.9818732301568 6.517311519223308
0.0188 6367.386600060267 1.000251614120391 1.547872324169071 285.8870996082672 6.476963937117463
0.0189 6367.401231086932 1.000251135619207 1.547793107368779 285.7919979349416 6.436697709115859
0.019 6367.415912614571 1.000250656594571 1.547713841894957 285.6965680052857 6.396514002552133
0.0191 6367.430644674729 1.000250177053782 1.547634527722057 285.6008096142635 6.356413976975683
0.0192 6367.445427298965 1.000249697004127 1.547555164825601 285.5047225567267 6.316398784099777
0.0193 6367.46026051886 1.000249216452882 1.547475753182119 285.4083066274087 6.276469567735246
0.0194 6367.47514436601 1.000248735407313 1.547396292769069 285.3115616209365 6.236627463732189
0.0195 6367.490078872028 1.000248253874673 1.547316783564984 285.2144873318188 6.196873599912498
0.0196 6367.505064068544 1.000247771862205 1.547237225549363 285.1170835544639 6.157209096015238
0.0197 6367.520099987205 1.000247289377138 1.547157618702697 285.0193500831678 6.11763506363049
0.0198 6367.535186659671 1.00024680642669 1.547077963006505 284.9212867121377 6.078152606148284
0.0199 6367.550324117617 1.000246323018066 1.54699825844326 284.8228932354922 6.038762818698438
0.02 6367.56551239273 1.000245839158459 1.546918504996471 284.7241694472553 5.999466788088752
0.0201 6367.580751516713 1.000245354855049 1.546838702650609 284.6251151413684 5.960265592750955
0.0202 6367.596041521278 1.000244870115 1.546758851391171 284.5257301116957 5.921160302684891
0.0203 6367.611382438151 1.000244384945467 1.546678951204605 284.4260141520189 5.882151979398701
0.0204 6367.626774299069 1.000243899353589 1.546599002078354 284.3259670560486 5.843241675856686
0.0205 6367.64221713578 1.00024341334649 1.546519004000876 284.2255886174306 5.804430436425442
0.0206 6367.65771098004 1.000242926931281 1.546438956961566 284.1248786297396 5.765719296816108
0.0207 6367.673255863617 1.000242440115058 1.546358860950846 284.023836886491 5.727109284034185
0.0208 6367.688851818284 1.000241952904903 1.546278715960112 283.9224631811534 5.688601416329933
0.0209 6367.704498875825 1.000241465307882 1.546198521981697 283.8207573071358 5.650196703140436
0.021 6367.720197068032 1.000240977331047 1.546118279008962 283.7187190577941 5.61189614503922
0.0211 6367.7359464267 1.000240488981434 1.546037987036223 283.6163482264491 5.573700733690958
0.0212 6367.751746983635 1.000240000266063 1.545957646058759 283.5136446063738 5.535611451795737
0.0213 6367.767598770644 1.000239511191937 1.545877256072829 283.4106079908119 5.497629273045134
0.0214 6367.783501819543 1.000239021766046 1.545796817075661 283.3072381729716 5.459755162070191
0.0215 6367.799456162149 1.00023853199536 1.545716329065471 283.2035349460315 5.42199007439452
0.0216 6367.815461830285 1.000238041886834 1.545635792041387 283.0994981031466 5.384334956388132
0.0217 6367.831518855777 1.000237551447408 1.545555206003519 282.9951274374483 5.346790745219847
0.0218 6367.847627270453 1.000237060684 1.545474570952989 282.8904227420561 5.30935836881471
0.0219 6367.863787106141 1.000236569603516 1.545393886891793 282.7853838100835 5.272038745809954
0.022 6367.879998394674 1.000236078212841 1.54531315382296 282.6800104346206 5.234832785503385
0.0221 6367.896261167882 1.000235586518843 1.545232371750425 282.5743024087691 5.197741387821394
0.0222 6367.912575457599 1.000235094528373 1.54515154067906 282.4682595256071 5.16076544326268
0.0223 6367.928941295656 1.000234602248262 1.545070660614725 282.3618815782364 5.123905832871841
0.0224 6367.945358713882 1.000234109685324 1.544989731564211 282.2551683597648 5.087163428190847
0.0225 6367.961827744108 1.000233616846353 1.544908753535249 282.1481196632998 5.050539091215615
0.0226 6367.978348418159 1.000233123738124 1.544827726536502 282.0407352819669 5.014033674361505
0.0227 6367.994920767859 1.000232630367395 1.544746650577589 281.9330150089153 4.977648020425453
0.0228 6368.011544825028 1.000232136740903 1.544665525669057 281.8249586373175 4.94138296254688
0.0229 6368.028220621482 1.000231642865365 1.544584351822355 281.7165659603701 4.905239324169476
0.023 6368.044948189032 1.000231148747478 1.544503129049912 281.6078367712929 4.869217919003814
0.0231 6368.061727559486 1.000230654393921 1.544421857365042 281.4987708633415 4.83331955099472
0.0232 6368.078558764642 1.000230159811351 1.544340536782019 281.3893680298246 4.797545014291272
0.0233 6368.095441836295 1.000229665006404 1.544259167316004 281.2796280640804 4.761895093204051
0.0234 6368.112376806233 1.000229169985698 1.54417774898309 281.1695507594885 4.726370562174973
0.0235 6368.129363706234 1.000228674755827 1.544096281800294 281.0591359094818 4.690972185747845
0.0236 6368.146402568069 1.000228179323365 1.54401476578552 280.9483833075523 4.65570071853778
0.0237 6368.163493423503 1.000227683694866 1.543933200957593 280.8372927472332 4.620556905193969
0.0238 6368.180636304287 1.000227187876861 1.543851587336263 280.7258640221347 4.585541480380225
0.0239 6368.197831242165 1.00022669187586 1.543769924942146 280.6140969259262 4.550655168739431
0.024 6368.21507826887 1.000226195698351 1.543688213796787 280.501991252342 4.515898684866408
0.0241 6368.232377416125 1.000225699350799 1.543606453922612 280.3895467951874 4.481272733281618
0.0242 6368.249728715639 1.000225202839648 1.543524645342932 280.2767633483444 4.446778008405698
0.0243 6368.267132199111 1.000224706171319 1.543442788081974 280.163640705778 4.41241519453482
0.0244 6368.284587898226 1.00022420935221 1.543360882164832 280.0501786615299 4.378184965813354
0.0245 6368.302095844657 1.000223712388696 1.543278927617478 279.9363770097306 4.344087986212801
0.0246 6368.319656070063 1.00022321528713 1.543196924466763 279.8222355445931 4.310124909506251
0.0247 6368.337268606087 1.000222718053841 1.54311487274042 279.7077540604313 4.276296379250793
0.0248 6368.354933484359 1.000222220695135 1.54303277246706 279.5929323516651 4.242603028767184
0.0249 6368.372650736493 1.000221723217292 1.542950623676155 279.4777702127975 4.209045481111787
0.025 6368.390420394086 1.000221225626572 1.54286842639804 279.3622674384436 4.175624349065077
0.0251 6368.408242488719 1.000220727929209 1.542786180663909 279.246423823325 4.142340235110562
0.0252 6368.426117051958 1.000220230131412 1.542703886505811 279.1302391622697 4.109193731416401
0.0253 6368.444044115348 1.000219732239368 1.542621543956665 279.0137132502358 4.076185419824629
0.0254 6368.462023710418 1.000219234259236 1.542539153050227 278.8968458822818 4.043315871826148
0.0255 6368.480055868677 1.000218736197154 1.542456713821088 278.7796368535963 4.010585648553447
0.0256 6368.498140621617 1.000218238059233 1.542374226304708 278.6620859594922 3.977995300764138
0.0257 6368.516278000706 1.00021773985156 1.542291690537352 278.5441929954121 3.945545368828741
0.0258 6368.534468037396 1.000217241580196 1.542209106556142 278.4259577569231 3.913236382716148
0.0259 6368.552710763116 1.000216743251176 1.542126474399036 278.3073800397459 3.881068861989691
0.026 6368.571006209273 1.000216244870512 1.542043794104793 278.1884596397252 3.849043315787955
0.0261 6368.589354407254 1.000215746444188 1.541961065713021 278.0691963528478 3.817160242819511
0.0262 6368.607755388423 1.000215247978162 1.541878289264114 277.9495899752482 3.785420131355256
0.0263 6368.62620918412 1.000214749478368 1.541795464799309 277.8296403032203 3.753823459223214
0.0264 6368.644715825663 1.000214250950712 1.541712592360632 277.7093471331885 3.722370693793378
0.0265 6368.663275344345 1.000213752401075 1.541629671990927 277.5887102617543 3.691062291983737
0.0266 6368.681887771436 1.000213253835311 1.541546703733837 277.4677294856668 3.659898700247
0.0267 6368.700553138178 1.000212755259246 1.541463687633788 277.3464046018411 3.62888035457067
0.0268 6368.719271475791 1.000212256678682 1.541380623736021 277.2247354073573 3.598007680473416
0.0269 6368.738042815467 1.000211758099393 1.541297512086548 277.1027216994615 3.567281093002402
0.027 6368.756867188373 1.000211259527124 1.541214352732164 276.9803632755769 3.536700996734542
0.0271 6368.775744625646 1.000210760967596 1.54113114572045 276.8576599332981 3.506267785774208
0.0272 6368.7946751584 1.000210262426501 1.541047891099763 276.7346114704031 3.475981843756331
0.0273 6368.813658817717 1.000209763909503 1.540964588919228 276.6112176848413 3.445843543844587
0.0274 6368.832695634653 1.00020926542224 1.540881239228731 276.4874783747572 3.415853248739257
0.0275 6368.851785640234 1.000208766970322 1.540797842078912 276.3633933384784 3.386011310677301
0.0276 6368.870928865458 1.00020826855933 1.540714397521169 276.238962374522 3.356318071437754
0.0277 6368.890125341291 1.000207770194817 1.54063090560769 276.1141852816057 3.32677386234943
0.0278 6368.90937509867 1.000207271882311 1.540547366391345 275.9890618586427 3.297379004295318
0.0279 6368.928678168501 1.000206773627308 1.540463779925788 275.8635919047409 3.268133807719395
0.028 6368.948034581659 1.000206275435278 1.540380146265409 275.7377752192155 3.239038572637136
0.0281 6368.967444368986 1.000205777311661 1.540296465465314 275.6116116015941 3.210093588645523
0.0282 6368.986907561293 1.000205279261871 1.540212737581323 275.4851008515938 3.18129913492726
0.0283 6369.006424189359 1.000204781291291 1.540128962670037 275.358242769168 3.15265548027218
0.0284 6369.025994283927 1.000204283405276 1.540045140788711 275.2310371544771 3.124162883081958
0.0285 6369.045617875709 1.000203785609152 1.539961271995334 275.1034838078943 3.09582159138398
0.0286 6369.065294995383 1.000203287908217 1.539877356348627 274.9755825300116 3.067631842846107
0.0287 6369.085025673591 1.000202790307739 1.539793393907969 274.8473331216572 3.039593864794933
0.0288 6369.104809940942 1.000202292812957 1.539709384733466 274.7187353838784 3.01170787422716
0.0289 6369.124647828006 1.000201795429082 1.539625328885909 274.5897891179587 2.983974077829722
0.029 6369.144539365323 1.000201298161294 1.539541226426779 274.4604941254005 2.956392671993165
0.0291 6369.164484583392 1.000200801014745 1.539457077418224 274.3308502079543 2.928963842836132
0.0292 6369.184483512675 1.000200303994556 1.539372881923095 274.2008571676132 2.901687766223102
0.0293 6369.204536183601 1.000199807105819 1.539288640004896 274.0705148065948 2.874564607780696
0.0294 6369.224642626557 1.000199310353598 1.5392043517278 273.9398229273769 2.847594522926064
0.0295 6369.244802871896 1.000198813742927 1.539120017156637 273.8087813326737 2.820777656883816
0.0296 6369.26501694993 1.000198317278806 1.539035636356906 273.6773898254536 2.794114144712514
0.0297 6369.285284890934 1.000197820966212 1.538951209394726 273.5456482089274 2.767604111326019
0.0298 6369.305606725143 1.000197324810086 1.538866736336903 273.4135562865721 2.741247671522947
0.0299 6369.325982482751 1.000196828815343 1.538782217250849 273.2811138621186 2.715044930009854
0.03 6369.346412193914 1.000196332986866 1.538697652204614 273.148320739558 2.688995981428952
0.0301 6369.366895888747 1.000195837329509 1.538613041266913 273.0151767231417 2.663100910385559
0.0302 6369.387433597325 1.000195341848094 1.53852838450702 272.881681617387 2.637359791477625
0.0303 6369.408025349679 1.000194846547416 1.538443681994872 272.747835227089 2.611772689327266
0.0304 6369.4286711758 1.000194351432236 1.538358933801018 272.6136373572971 2.586339658606418
0.0305 6369.449371105641 1.000193856507288 1.538274139996581 272.4790878133325 2.561060744071396
0.0306 6369.470125169106 1.000193361777274 1.538189300653315 272.3441864008122 2.535935980599303
0.0307 6369.49093339606 1.000192867246865 1.538104415843558 272.2089329256072 2.510965393213183
0.0308 6369.511795816325 1.000192372920703 1.538019485640236 272.0733271938901 2.48614899712464
0.0309 6369.532712459677 1.0001918788034 1.537934510116853 271.9373690120996 2.461486797761986
0.031 6369.553683355852 1.000191384899534 1.537849489347501 271.8010581869638 2.43697879081021
0.0311 6369.574708534538 1.000190891213657 1.537764423406845 271.6643945255008 2.412624962247438
0.0312 6369.595788025383 1.000190397750288 1.537679312370089 271.5273778350123 2.388425288381264
0.0313 6369.616921857984 1.000189904513916 1.537594156313031 271.3900079231015 2.364379735890142
0.0314 6369.638110061898 1.000189411508998 1.537508955312022 271.2522845976613 2.340488261860413
0.0315 6369.659352666634 1.000188918739963 1.537423709443928 271.1142076668801 2.316750813827364
0.0316 6369.680649701655 1.000188426211207 1.537338418786196 270.9757769392421 2.293167329816116
0.0317 6369.702001196378 1.000187933927097 1.53725308341678 270.8369922235446 2.269737738386368
0.0318 6369.723407180173 1.000187441891969 1.537167703414191 270.6978533288747 2.246461958670964
0.0319 6369.744867682365 1.000186950110126 1.537082278857445 270.5583600646268 2.22333990042238
0.032 6369.766382732229 1.000186458585845 1.536996809826064 270.4185122405087 2.200371464057971
0.0321 6369.787952358995 1.000185967323368 1.536911296400131 270.2783096665297 2.177556540703159
0.0322 6369.809576591842 1.000185476326909 1.536825738660185 270.1377521530243 2.154895012241267
0.0323 6369.831255459903 1.00018498560065 1.5367401366873 269.9968395106283 2.132386751356476
0.0324 6369.85298899226 1.000184495148742 1.536654490563027 269.8555715503088 2.110031621586212
0.0325 6369.874777217949 1.000184004975306 1.536568800369411 269.7139480833283 2.087829477363957
0.0326 6369.896620165956 1.000183515084433 1.536483066188977 269.5719689212864 2.065780164075088
0.0327 6369.918517865217 1.000183025480184 1.536397288104719 269.42963387609 2.043883518102312
0.0328 6369.940470344616 1.000182536166585 1.536311466200123 269.2869427599948 2.022139366882934
0.0329 6369.962477632991 1.000182047147638 1.536225600559121 269.143895385558 2.000547528953255
0.033 6369.984539759126 1.000181558427309 1.536139691266114 269.0004915656799 1.979107814007382
0.0331 6370.006656751758 1.000181070009536 1.536053738405928 268.8567311135738 1.957820022946021
0.0332 6370.028828639569 1.000180581898226 1.53596774206387 268.7126138428019 1.936683947935808
0.0333 6370.051055451192 1.000180094097256 1.535881702325666 268.5681395672517 1.915699372460569
0.0334 6370.073337215208 1.000179606610472 1.535795619277485 268.4233081011474 1.894866071378649
0.0335 6370.095673960148 1.000179119441688 1.535709493005908 268.2781192590386 1.874183810977544
0.0336 6370.118065714488 1.000178632594692 1.535623323597954 268.1325728558294 1.853652349035212
0.0337 6370.140512506651 1.000178146073238 1.535537111141036 267.9866687067669 1.833271434876138
0.0338 6370.163014365011 1.000177659881051 1.535450855722999 267.8404066274292 1.813040809428243
0.0339 6370.185571317887 1.000177174021826 1.53536455743207 267.6937864337373 1.792960205283855
0.034 6370.208183393544 1.000176688499226 1.535278216356882 267.5468079419669 1.773029346761314
0.0341 6370.230850620196 1.000176203316887 1.535191832586434 267.3994709687248 1.753247949962465
0.0342 6370.253573026002 1.000175718478413 1.535105406210151 267.2517753309843 1.733615722838876
0.0343 6370.276350639067 1.000175233987378 1.5350189373178 267.1037208460615 1.714132365250741
0.0344 6370.299183487443 1.000174749847327 1.534932425999531 266.9553073316214 1.694797569030498
0.0345 6370.322071599125 1.000174266061775 1.534845872345843 266.8065346056895 1.675611018047858
0.0346 6370.345015002055 1.000173782634206 1.534759276447609 266.6574024866403 1.656572388272406
0.0347 6370.368013724123 1.000173299568075 1.534672638396047 266.5079107932028 1.637681347839215
0.0348 6370.391067793159 1.000172816866809 1.534585958282714 266.3580593444666 1.618937557115059
0.0349 6370.414177236942 1.000172334533803 1.534499236199523 266.2078479598762 1.600340668763802
0.035 6370.437342083193 1.000171852572424 1.534412472238683 266.0572764592483 1.581890327815343
0.0351 6370.460562359577 1.000171370986009 1.534325666492763 265.9063446627487 1.563586171730082
0.0352 6370.483838093706 1.000170889777867 1.534238819054629 265.7550523909093 1.545427830469133
0.0353 6370.507169313134 1.000170408951276 1.534151930017468 265.603399464629 1.527414926562927
0.0354 6370.530556045358 1.000169928509484 1.534064999474791 265.4513857051728 1.509547075180422
0.0355 6370.553998317819 1.000169448455715 1.533978027520362 265.2990109341785 1.491823884199605
0.0356 6370.577496157903 1.000168968793159 1.533891014248273 265.1462749736323 1.474244954275151
0.0357 6370.601049592938 1.000168489524979 1.533803959752896 264.9931776459051 1.456809878913538
0.0358 6370.624658650195 1.000168010654309 1.533716864128894 264.839718773734 1.439518244542506
0.0359 6370.648323356887 1.000167532184256 1.533629727471163 264.6858981802346 1.42236963058449
0.036 6370.672043740171 1.000167054117896 1.533542549874914 264.531715688889 1.405363609527925
0.0361 6370.695819827146 1.000166576458279 1.53345533143559 264.3771711235516 1.388499747001096
0.0362 6370.719651644854 1.000166099208424 1.533368072248897 264.2222643084496 1.371777601845854
0.0363 6370.743539220278 1.000165622371325 1.533280772410788 264.0669950681939 1.355196726193094
0.0364 6370.767482580343 1.000165145949946 1.533193432017453 263.9113632277684 1.338756665536191
0.0365 6370.791481751918 1.000164669947224 1.533106051165321 263.7553686125351 1.322456958806853
0.0366 6370.815536761809 1.000164194366066 1.533018629951051 263.5990110482402 1.306297138451426
0.0367 6370.839647636769 1.000163719209356 1.532931168471529 263.4422903610024 1.290276730505837
0.0368 6370.863814403489 1.000163244479945 1.532843666823836 263.2852063773247 1.274395254673458
0.0369 6370.888037088603 1.000162770180661 1.532756125105273 263.1277589240825 1.258652224401003
0.03700000000000001 6370.912315718684 1.000162296314303 1.532668543413353 262.9699478285532 1.243047146959016
0.0371 6370.93665032025 1.000161822883643 1.532580921845771 262.8117729183749 1.227579523515699
0.0372 6370.961040919755 1.000161349891424 1.532493260500444 262.6532340215934 1.212248849219971
0.0373 6370.985487543597 1.000160877340367 1.532405559475408 262.4943309666213 1.197054613276194
0.0374 6371.009990218114 1.000160405233163 1.53231781886893 262.3350635822611 1.181996299025686
0.0375 6371.034548969585 1.000159933572475 1.532230038779434 262.1754316976998 1.167073384025726
0.0376 6371.059163824227 1.000159462360944 1.532142219305507 262.0154351425261 1.152285340131149
0.0377 6371.083834808201 1.000158991601181 1.53205436054589 261.8550737466957 1.137631633571365
0.0378 6371.108561947605 1.000158521295773 1.531966462599472 261.6943473405657 1.123111725034324
0.0379 6371.133345268481 1.00015805144728 1.531878525565297 261.5332557548721 1.108725069745369
0.038 6371.158184796807 1.000157582058237 1.531790549542547 261.3717988207526 1.094471117550704
0.0381 6371.183080558503 1.000157113131154 1.531702534630522 261.2099763697291 1.080349312997464
0.0382 6371.208032579429 1.000156644668513 1.531614480928663 261.047788233714 1.066359095416221
0.0383 6371.233040885383 1.000156176672774 1.531526388536532 260.8852342450094 1.052499899003258
0.0384 6371.258105502106 1.00015570914637 1.531438257553791 260.722314236314 1.038771152903623
0.0385 6371.283226455275 1.000155242091708 1.531350088080227 260.5590280407104 1.025172281292957
0.0386 6371.308403770509 1.000154775511173 1.531261880215703 260.3953754916892 1.011702703462554
0.03870000000000001 6371.333637473367 1.000154309407125 1.531173634060197 260.2313564231134 0.9983618338997523
0.0388 6371.358927589346 1.000153843781898 1.531085349713766 260.0669706692541 0.9851490823744512
0.0389 6371.384274143882 1.000153378637801 1.530997027276566 259.9022180647665 0.9720638540209664
0.039 6371.409677162353 1.000152913977123 1.530908666848798 259.7370984447078 0.9591055494234755
0.0391 6371.435136670072 1.000152449802125 1.530820268530755 259.5716116445313 0.9462735646997389
0.0392 6371.460652692296 1.000151986115046 1.530731832422797 259.4057575000746 0.9335672915845965
0.0393 6371.48622525422 1.000151522918103 1.53064335862532 259.2395358475713 0.9209861175154863
0.0394 6371.511854380975 1.000151060213487 1.530554847238791 259.0729465236631 0.9085294257180646
0.0395 6371.537540097635 1.000150598003368 1.530466298363714 258.9059893653756 0.8961965952893103
0.0396 6371.563282429211 1.000150136289892 1.530377712100631 258.7386642101309 0.8839870012834746
0.0397 6371.589081400654 1.000149675075182 1.530289088550111 258.5709708957469 0.8719000147972464
0.0398 6371.614937036855 1.00014921436134 1.530200427812782 258.4029092604436 0.8599350030554536
0.0399 6371.640849362641 1.000148754150444 1.530111729989247 258.2344791428312 0.8480913294955998
0.04 6371.666818402783 1.00014829444455 1.530022995180156 258.0656803819101 0.8363683538533702
0.0401 6371.692844181986 1.000147835245695 1.529934223486153 257.8965128170884 0.8247654322494242
0.0402 6371.718926724898 1.000147376555889 1.529845415007898 257.7269762881646 0.8132819172737807
0.0403 6371.745066056103 1.000146918377127 1.529756569846031 257.5570706353272 0.8019171580715232
0.04040000000000001 6371.771262200127 1.000146460711376 1.5296676881012 257.3867956991729 0.7906705004297135
0.0405 6371.797515181432 1.000146003560587 1.529578769874031 257.2161513206942 0.7795412868623307
0.0406 6371.823825024421 1.000145546926688 1.529489815265116 257.0451373412619 0.7685288566949074
0.0407 6371.850191753437 1.000145090811586 1.529400824375051 256.8737536026609 0.7576325461526218
0.0408 6371.876615392759 1.000144635217168 1.529311797304371 256.7019999470662 0.7468516884445154
0.0409 6371.903095966609 1.000144180145302 1.529222734153594 256.5298762170427 0.7361856138492697
0.041 6371.929633499146 1.000143725597835 1.529133635023177 256.3573822555517 0.7256336498013032
0.0411 6371.956228014466 1.000143271576593 1.52904450001354 256.1845179059682 0.7151951209775069
0.0412 6371.98287953661 1.000142818083383 1.528955329225053 256.0112830120337 0.7048693493799879
0.0413 6372.009588089554 1.000142365119995 1.528866122758004 255.8376774178977 0.6946556544241458
0.0414 6372.036353697214 1.000141912688197 1.528776880712637 255.6637009681116 0.684553353023749
0.0415 6372.063176383444 1.000141460789739 1.5286876031891 255.4893535076111 0.6745617596752677
0.04160000000000001 6372.090056172043 1.000141009426352 1.528598290287495 255.3146348817221 0.6646801865435094
0.0417 6372.116993086742 1.000140558599749 1.528508942107818 255.1395449361784 0.6549079435477653
0.0418 6372.143987151216 1.000140108311625 1.528419558749996 254.9640835170979 0.6452443384454796
0.0419 6372.17103838908 1.000139658563657 1.528330140313825 254.7882504709831 0.6356886769171566
0.042 6372.198146823886 1.000139209357502 1.528240686899053 254.6120456447442 0.6262402626523688
0.04210000000000001 6372.225312479127 1.000138760694803 1.528151198605284 254.4354688856755 0.6168983974330114
0.0422 6372.252535378236 1.000138312577184 1.528061675532022 254.2585200414677 0.6076623812183127
0.0423 6372.279815544585 1.00013786500625 1.527972117778677 254.0811989601956 0.5985315122283943
0.0424 6372.307153001488 1.000137417983592 1.527882525444502 253.9035054903301 0.5895050870288659
0.0425 6372.334547772195 1.000136971510783 1.527792898628658 253.7254394807322 0.580582400614273
0.0426 6372.361999879901 1.00013652558938 1.527703237430157 253.5470007806415 0.5717627464910475
0.0427 6372.389509347738 1.000136080220923 1.527613541947879 253.3681892397052 0.5630454167622676
0.0428 6372.417076198778 1.000135635406937 1.527523812280561 253.1890047079431 0.5544297022089417
0.0429 6372.444700456035 1.000135191148931 1.527434048526804 253.0094470357711 0.5459148923739504
0.043 6372.472382142463 1.000134747448399 1.527344250785044 252.8295160739893 0.5375002756439701
0.0431 6372.500121280956 1.000134304306818 1.527254419153573 252.649211673788 0.5291851393319678
0.0432 6372.527917894348 1.000133861725652 1.527164553730521 252.4685336867359 0.5209687697585678
0.04330000000000001 6372.555772005416 1.000133419706349 1.527074654613842 252.2874819647976 0.5128504523344701
0.0434 6372.583683636874 1.000132978250343 1.526984721901342 252.1060563603222 0.5048294716411774
0.0435 6372.611652811381 1.000132537359053 1.526894755690612 251.9242567260252 0.4969051115111753
0.0436 6372.639679551536 1.000132097033885 1.526804756079103 251.7420829150182 0.4890766551098492
0.0437 6372.667763879876 1.000131657276231 1.526714723164065 251.5595347808029 0.4813433850154407
0.0438 6372.695905818885 1.000131218087469 1.526624657042556 251.3766121772477 0.4737045832979203
0.0439 6372.724105390983 1.000130779468963 1.526534557811437 251.193314958611 0.4661595315994966
0.044 6372.752362618535 1.000130341422066 1.526444425567378 251.0096429795238 0.4587075112129829
0.0441 6372.780677523845 1.000129903948115 1.526354260406859 250.8255960950072 0.4513478031612278
0.0442 6372.809050129163 1.000129467048437 1.526264062426121 250.6411741604428 0.4440796882742208
0.0443 6372.837480456676 1.000129030724345 1.526173831721218 250.4563770316084 0.4369024472683819
0.0444 6372.865968528515 1.000128594977142 1.526083568387977 250.2712045646543 0.4298153608230446
0.0445 6372.894514366754 1.000128159808117 1.525993272522003 250.0856566160973 0.4228177096572389
0.0446 6372.92311799341 1.000127725218547 1.525902944218678 249.8997330428323 0.4159087746066892
0.0447 6372.951779430441 1.000127291209699 1.525812583573165 249.7134337021329 0.4090878366998723
0.0448 6372.980498699748 1.00012685778283 1.525722190680377 249.526758451639 0.4023541772331767
0.0449 6373.009275823173 1.000126424939181 1.525631765635011 249.3397071493749 0.395707077846651
0.04500000000000001 6373.038110822504 1.000125992679989 1.525541308531487 249.1522796537255 0.3891458205977598
0.0451 6373.067003719471 1.000125561006475 1.525450819464007 248.9644758234361 0.382669688035513
0.0452 6373.095954535747 1.000125129919853 1.525360298526534 248.7762955176426 0.3762779632750726
0.0453 6373.124963292948 1.000124699421325 1.525269745812743 248.587738595841 0.3699699300697731
0.0454 6373.154030012634 1.000124269512084 1.525179161416079 248.3988049178764 0.363744872883278
0.0455 6373.183154716309 1.000123840193315 1.525088545429701 248.2094943439901 0.357602076963121
0.0456 6373.212337425421 1.000123411466191 1.524997897946544 248.0198067347659 0.3515408284103632
0.0457 6373.241578161361 1.000122983331877 1.524907219059228 247.8297419511545 0.3455604142512397
0.0458 6373.270876945467 1.00012255579153 1.524816508860123 247.6392998544669 0.339660122507249
0.0459 6373.300233799017 1.000122128846298 1.524725767441324 247.4484803063868 0.3338392422652097
0.046 6373.329648743237 1.000121702497319 1.524634994894651 247.2572831689585 0.3280970637459847
0.0461 6373.359121799297 1.000121276745726 1.524544191311626 247.0657083045688 0.3224328783724606
0.0462 6373.388652988312 1.000120851592641 1.524453356783484 246.8737555759716 0.3168459788381567
0.0463 6373.418242331341 1.000120427039179 1.524362491401201 246.6814248462809 0.311335659174307
0.0464 6373.447889849392 1.00012000308645 1.524271595255416 246.488715978954 0.3059012148159982
0.0465 6373.477595563412 1.000119579735554 1.524180668436502 246.2956288378203 0.3005419426690163
0.0466 6373.5073594943 1.000119156987585 1.524089711034525 246.1021632870523 0.2952571411743673
0.04670000000000001 6373.537181662898 1.00011873484363 1.523998723139241 245.9083191911653 0.2900461103730081
0.0468 6373.567062089995 1.00011831330477 1.523907704840105 245.7140964150352 0.2849081519703785
0.0469 6373.597000796324 1.000117892372079 1.523816656226263 245.5194948238926 0.2798425693996067
0.047 6373.626997802568 1.000117472046626 1.523725577386554 245.3245142833051 0.27484866788375
0.0471 6373.657053129356 1.000117052329472 1.523634468409498 245.1291546591891 0.2699257544981331
0.0472 6373.687166797261 1.000116633221676 1.523543329383285 244.9334158178038 0.2650731382315274
0.0473 6373.717338826806 1.000116214724286 1.523452160395811 244.7372976257633 0.2602901300470706
0.0474 6373.74756923846 1.000115796838351 1.523360961534632 244.5407999500125 0.2555760429416088
0.0475 6373.777858052639 1.00011537956491 1.523269732886978 244.3439226578452 0.2509301920053464
0.0476 6373.80820528971 1.000114962905002 1.523178474539742 244.1466656168863 0.2463518944799167
0.0477 6373.838610969983 1.000114546859656 1.523087186579513 243.9490286951094 0.2418404698165689
0.0478 6373.869075113721 1.0001141314299 1.522995869092521 243.7510117608134 0.2373952397326573
0.04790000000000001 6373.89959774113 1.000113716616758 1.522904522164678 243.5526146826518 0.2330155282686082
0.048 6373.930178872371 1.000113302421248 1.522813145881533 243.3538373295913 0.2287006618425482
0.0481 6373.960818527547 1.000112888844388 1.522721740328318 243.1546795709418 0.2244499693057686
0.0482 6373.991516726716 1.000112475887187 1.52263030558992 242.9551412763439 0.2202627819965099
0.0483 6374.022273489883 1.000112063550656 1.522538841750855 242.7552223157635 0.2161384337931248
0.04840000000000001 6374.053088836999 1.0001116518358 1.522447348895329 242.5549225595036 0.2120762611668413
0.0485 6374.08396278797 1.000111240743621 1.522355827107174 242.3542418781921 0.2080756032332602
0.0486 6374.114895362651 1.00011083027512 1.522264276469869 242.1531801427703 0.2041358018030948
0.0487 6374.145886580844 1.000110420431294 1.522172697066555 241.9517372245167 0.2002562014328284
0.0488 6374.176936462302 1.000110011213139 1.522081088980003 241.7499129950346 0.1964361494738666
0.0489 6374.208045026731 1.000109602621646 1.521989452292645 241.5477073262467 0.1926749961210311
0.049 6374.239212293786 1.000109194657808 1.521897787086536 241.3451200903891 0.1889720944602635
0.0491 6374.270438283075 1.000108787322614 1.521806093443375 241.1421511600109 0.1853268005156439
0.0492 6374.301723014155 1.000108380617051 1.521714371444492 240.9388004079927 0.1817384732959126
0.0493 6374.333066506535 1.000107974542106 1.521622621170871 240.7350677075223 0.1782064748394358
0.0494 6374.364468779676 1.000107569098764 1.521530842703117 240.5309529321065 0.1747301702590005
0.0495 6374.395929852991 1.00010716428801 1.52143903612147 240.3264559555599 0.1713089277853769
0.04960000000000001 6374.427449745845 1.000106760110827 1.521347201505812 240.1215766520044 0.167942118810274
0.0497 6374.459028477557 1.000106356568197 1.52125533893563 239.9163148958809 0.1646291179286593
0.0498 6374.490666067396 1.000105953661104 1.521163448490066 239.7106705619261 0.1613693029796733
0.0499 6374.522362534586 1.000105551390528 1.521071530247873 239.5046435251901 0.1581620550873934
0.05 6374.554117898303 1.000105149757452 1.520979584287442 239.2982336610302 0.1550067587003771
0.05010000000000001 6374.585932177677 1.000104748762858 1.520887610686783 239.0914408450993 0.1519028016302907
0.0502 6374.617805391792 1.000104348407727 1.52079560952353 238.884264953352 0.1488495750899813
0.0503 6374.649737559685 1.000103948693043 1.520703580874945 238.6767058620502 0.1458464737306982
0.0504 6374.681728700346 1.000103549619787 1.520611524817903 238.4687634477513 0.1428928956782152
0.0505 6374.713778832723 1.000103151188945 1.520519441428916 238.2604375873024 0.1399882425682107
0.0506 6374.745887975714 1.0001027534015 1.520427330784101 238.0517281578581 0.1371319195811328
0.0507 6374.778056148177 1.000102356258437 1.520335192959207 237.8426350368508 0.1343233354755627
0.0508 6374.81028336892 1.000101959760745 1.520243028029591 237.6331581020203 0.1315619026215492
0.0509 6374.842569656709 1.000101563909409 1.520150836070242 237.4232972313902 0.1288470370323684
0.051 6374.874915030266 1.00010116870542 1.520058617155751 237.2130523032678 0.1261781583957697
0.0511 6374.907319508268 1.000100774149769 1.519966371360345 237.002423196256 0.1235546901045166
0.0512 6374.939783109348 1.000100380243448 1.519874098757851 236.7914097892357 0.1209760592857068
0.05130000000000001 6374.972305852095 1.000099986987452 1.519781799421734 236.5800119613831 0.1184416968296869
0.0514 6375.004887755054 1.000099594382778 1.519689473425053 236.3682295921466 0.1159510374176136
0.0515 6375.03752883673 1.000099202430423 1.519597120840491 236.1560625612582 0.1135035195486031
0.0516 6375.07022911558 1.000098811131389 1.519504741740364 235.9435107487278 0.1110985855658173
0.0517 6375.102988610024 1.000098420486679 1.519412336196565 235.7305740348432 0.1087356816817763
0.05180000000000001 6375.135807338435 1.000098030497299 1.51931990428065 235.5172523001701 0.1064142580028229
0.0519 6375.168685319147 1.000097641164257 1.519227446063758 235.3035454255458 0.1041337685526795
0.052 6375.201622570448 1.000097252488564 1.519134961616653 235.089453292086 0.1018936712952913
0.0521 6375.234619110588 1.000096864471235 1.519042451009719 234.8749757811778 0.09969342815669684
0.0522 6375.267674957774 1.000096477113286 1.518949914312963 234.6601127744688 0.09753250504600809
0.0523 6375.300790130173 1.000096090415737 1.518857351595985 234.4448641538783 0.09541037187579304
0.0524 6375.333964645908 1.000095704379612 1.518764762928018 234.2292298015976 0.09332650258149507
0.0525 6375.367198523066 1.000095319005936 1.518672148377918 234.0132096000724 0.09128037513984905
0.0526 6375.400491779688 1.000094934295741 1.518579508014144 233.796803432026 0.08927147158686513
0.0527 6375.43384443378 1.000094550250058 1.51848684190479 233.58001118043 0.08729927803447543
0.0528 6375.467256503302 1.000094166869926 1.518394150117548 233.362832728534 0.08536328468690711
0.0529 6375.500728006183 1.000093784156385 1.518301432719741 233.1452679598123 0.08346298585548187
0.05300000000000001 6375.534258960303 1.000093402110479 1.518208689778312 232.9273167580285 0.08159787997365106
0.0531 6375.567849383508 1.000093020733256 1.518115921359825 232.7089790071949 0.07976746961025985
0.0532 6375.601499293605 1.000092640025769 1.518023127530458 232.490254591566 0.07797126148232751
0.0533 6375.635208708361 1.000092259989074 1.517930308356011 232.2711433956564 0.07620876646720824
0.0534 6375.668977645503 1.000091880624231 1.517837463901926 232.0516453042291 0.07447949961369581
0.05350000000000001 6375.702806122724 1.000091501932304 1.517744594233239 231.8317602022952 0.07278298015242464
0.0536 6375.736694157673 1.000091123914363 1.517651699414636 231.6114879751261 0.07111873150555874
0.0537 6375.770641767966 1.000090746571479 1.517558779510418 231.3908285082179 0.06948628129532652
0.0538 6375.804648971181 1.000090369904731 1.517465834584493 231.1697816873206 0.0678851613522625
0.0539 6375.838715784857 1.000089993915199 1.51737286470045 230.9483473984327 0.06631490772238514
0.054 6375.872842226495 1.000089618603972 1.517279869921441 230.7265255277833 0.06477506067351568
0.0541 6375.907028313562 1.000089243972138 1.517186850310298 230.5043159618439 0.0632651647010337
0.05420000000000001 6375.941274063487 1.000088870020793 1.517093805929467 230.281718587334 0.06178476853281008
0.0543 6375.975579493662 1.000088496751038 1.517000736841025 230.0587332911981 0.06033342513317618
0.0544 6376.009944621443 1.000088124163977 1.51690764310668 229.8353599606229 0.05891069170641264
0.0545 6376.044369464151 1.000087752260719 1.516814524787778 229.6115984830197 0.0575161296992457
0.0546 6376.078854039071 1.000087381042378 1.51672138194532 229.3874487460365 0.05614930480278661
0.05470000000000001 6376.113398363453 1.000087010510073 1.516628214639918 229.1629106375575 0.0548097869536451
0.0548 6376.14800245451 1.000086640664929 1.516535022931833 228.9379840456858 0.05349715033420114
0.0549 6376.182666329421 1.000086271508073 1.516441806880974 228.7126688587608 0.0522109733723575
0.055 6376.217390005331 1.000085903040639 1.516348566546893 228.4869649653468 0.05095083874038788
0.0551 6376.25217349935 1.000085535263766 1.516255301988783 228.2608722542267 0.04971633335310525
0.05520000000000001 6376.287016828553 1.000085168178596 1.516162013265486 228.0343906144079 0.04850704836538246
0.0553 6376.321920009981 1.000084801786278 1.516068700435485 227.8075199351227 0.0473225791689304
0.0554 6376.356883060643 1.000084436087966 1.515975363556929 227.580260105822 0.04616252538834527
0.0555 6376.391905997511 1.000084071084817 1.515882002687604 227.3526110161755 0.04502649087649566
0.0556 6376.426988837528 1.000083706777994 1.515788617884962 227.1245725560656 0.04391408370919391
0.0557 6376.4621315976 1.000083343168666 1.515695209206093 226.8961446155994 0.04282491617927531
0.0558 6376.497334294602 1.000082980258005 1.515601776707778 226.667327085085 0.04175860478983429
0.05590000000000001 6376.532596945376 1.00008261804719 1.515508320446424 226.4381198550553 0.0407147702470235
0.056 6376.56791956673 1.000082256537404 1.515414840478122 226.2085228162558 0.03969303745202445
0.0561 6376.603302175443 1.000081895729834 1.515321336858611 225.9785358596213 0.03869303549232591
0.0562 6376.638744788258 1.000081535625674 1.515227809643318 225.7481588763229 0.03771439763267187
0.0563 6376.674247421888 1.000081176226123 1.515134258887315 225.5173917577271 0.03675676130498405
0.05640000000000001 6376.709810093015 1.000080817532381 1.51504068464537 225.286234395401 0.03581976809787276
0.0565 6376.745432818288 1.000080459545657 1.514947086971905 225.054686681125 0.03490306374554918
0.0566 6376.781115614327 1.000080102267164 1.514853465921028 224.8227485068741 0.03400629811600901
0.0567 6376.816858497718 1.00007974569812 1.514759821546524 224.5904197648305 0.03312912519873486
0.0568 6376.852661485019 1.000079389839745 1.51466615390186 224.3577003473773 0.03227120309173528
0.05690000000000001 6376.888524592755 1.000079034693268 1.514572463040169 224.1245901470928 0.03143219398800259
0.057 6376.924447837422 1.00007868025992 1.514478749014299 223.8910890567562 0.03061176416143971
0.0571 6376.960431235486 1.000078326540938 1.514385011876764 223.6571969693417 0.02980958395217694
0.0572 6376.996474803382 1.000077973537563 1.514291251679776 223.4229137780188 0.02902532775135349
0.0573 6377.032578557516 1.00007762125104 1.514197468475238 223.188239376146 0.02825867398533101
0.0574 6377.068742514263 1.000077269682621 1.514103662314761 222.9531736572889 0.02750930509944417
0.0575 6377.104966689972 1.00007691883356 1.514009833249634 222.7177165151842 0.02677690754104895
0.05760000000000001 6377.141251100957 1.000076568705116 1.513915981330859 222.4818678437817 0.02606117174229534
0.0577 6377.177595763508 1.000076219298553 1.513822106609159 222.2456275371968 0.02536179210211004
0.0578 6377.214000693884 1.000075870615139 1.513728209134922 222.0089954897516 0.02467846696794919
0.0579 6377.250465908317 1.000075522656147 1.513634288958282 221.7719715959396 0.02401089861682575
0.058 6377.286991423008 1.000075175422854 1.513540346129071 221.5345557504496 0.02335879323602771
0.05810000000000001 6377.323577254131 1.00007482891654 1.513446380696834 221.2967478481477 0.02272186090324183
0.0582 6377.360223417833 1.000074483138491 1.513352392710842 221.0585477840831 0.02209981556628019
0.0583 6377.396929930232 1.000074138089994 1.513258382220085 220.8199554534943 0.02149237502234817
0.0584 6377.433696807418 1.000073793772344 1.513164349273263 220.5809707517855 0.02089926089679173
0.0585 6377.470524065453 1.000073450186837 1.51307029391883 220.3415935745555 0.02032019862154368
0.05860000000000001 6377.507411720373 1.000073107334774 1.512976216204941 220.1018238175751 0.01975491741300861
0.0587 6377.544359788185 1.000072765217458 1.512882116179508 219.861661376798 0.0192031502496194
0.05880000000000001 6377.581368284871 1.000072423836199 1.512787993890158 219.6211061483376 0.01866463384890394
0.0589 6377.618437226385 1.000072083192306 1.512693849384272 219.3801580284966 0.01813910864427703
0.059 6377.655566628655 1.000071743287096 1.51259968270896 219.138816913743 0.01762631876132277
0.0591 6377.692756507581 1.000071404121887 1.512505493911091 218.8970827007223 0.01712601199377979
0.0592 6377.730006879038 1.000071065697999 1.512411283037275 218.6549552862515 0.01663793977911907
0.05930000000000001 6377.767317758875 1.000070728016758 1.512317050133861 218.412434567313 0.01616185717376607
0.0594 6377.804689162913 1.000070391079492 1.512222795246968 218.1695204410665 0.01569752282800991
0.0595 6377.84212110695 1.00007005488753 1.512128518422479 217.9262128048257 0.0152446989605059
0.0596 6377.879613606755 1.000069719442207 1.512034219706017 217.6825115560931 0.01480315133256251
0.0597 6377.917166678073 1.000069384744859 1.511939899142975 217.4384165925252 0.01437264922197671
0.05980000000000001 6377.954780336625 1.000069050796824 1.511845556778527 217.1939278119379 0.01395296539664139
0.0599 6377.992454598105 1.000068717599445 1.511751192657587 216.9490451123187 0.01354387608786249
0.06 6378.030189478181 1.000068385154064 1.511656806824878 216.7037683918205 0.0131451609633567
0.0601 6378.067984992499 1.000068053462028 1.511562399324879 216.458097548756 0.01275660309997205
0.0602 6378.105841156678 1.000067722524686 1.511467970201841 216.2120324815913 0.01237798895614241
0.0603 6378.143757986312 1.000067392343387 1.511373519499816 215.9655730889702 0.01200910834412845
0.0604 6378.181735496972 1.000067062919484 1.511279047262635 215.7187192696841 0.01164975440192821
0.06050000000000001 6378.219773704202 1.00006673425433 1.511184553533919 215.4714709226899 0.01129972356502249
0.0606 6378.257872623524 1.000066406349282 1.511090038357086 215.2238279470924 0.01095881553783935
0.0607 6378.296032270437 1.000066079205697 1.510995501775323 214.9757902421619 0.01062683326505092
0.0608 6378.334252660412 1.000065752824932 1.510900943831666 214.7273577073223 0.01030358290261935
0.0609 6378.3725338089 1.000065427208349 1.510806364568909 214.4785302421514 0.009988873788661401
0.06100000000000001 6378.410875731326 1.000065102357308 1.510711764029671 214.2293077463804 0.009682518414123556
0.0611 6378.449278443092 1.000064778273172 1.510617142256375 213.9796901199005 0.009384332393284785
0.0612 6378.487741959576 1.000064454957303 1.510522499291272 213.7296772627564 0.009094134434074752
0.0613 6378.526266296133 1.000064132411065 1.510427835176404 213.4792690751345 0.008811746308226584
0.0614 6378.564851468095 1.000063810635823 1.510333149953637 213.2284654573813 0.008536992821313311
0.06150000000000001 6378.603497490772 1.00006348963294 1.510238443664687 212.9772663099847 0.008269701782602681
0.0616 6378.642204379447 1.000063169403783 1.510143716351062 212.7256715335924 0.008009703974819959
0.0617 6378.680972149385 1.000062849949716 1.510048968054111 212.473681029 0.007756833123756335
0.0618 6378.719800815823 1.000062531272104 1.509954198815027 212.2212946971507 0.007510925867778065
0.0619 6378.75869039398 1.000062213372313 1.509859408674818 211.9685124391298 0.007271821727226859
0.062 6378.797640899051 1.000061896251708 1.509764597674349 211.7153341561701 0.007039363073737826
0.0621 6378.836652346207 1.000061579911652 1.509669765854311 211.4617597496525 0.006813395099466386
0.06220000000000001 6378.875724750597 1.00006126435351 1.509574913255257 211.2077891211173 0.006593765786249473
0.0623 6378.91485812735 1.000060949578644 1.509480039917577 210.9534221722232 0.006380325874654313
0.0624 6378.95405249157 1.000060635588417 1.509385145881531 210.6986588047943 0.006172928833046801
0.0625 6378.99330785834 1.00006032238419 1.509290231187207 210.4434989207906 0.005971430826544178
0.0626 6379.032624242721 1.000060009967322 1.509195295874563 210.1879424223142 0.005775690685958777
0.06270000000000001 6379.072001659752 1.000059698339173 1.509100339983439 209.931989211609 0.005585569876705285
0.06280000000000001 6379.11144012445 1.000059387501098 1.509005363553514 209.6756391910725 0.005400932467693594
0.0629 6379.150939651811 1.000059077454454 1.508910366624345 209.4188922632264 0.005221645100177663
0.063 6379.190500256809 1.000058768200594 1.508815349235369 209.1617483307404 0.005047576956637893
0.0631 6379.230121954395 1.000058459740869 1.508720311425888 208.9042072964315 0.004878599729647934
0.06320000000000001 6379.2698047595 1.000058152076628 1.508625253235086 208.6462690632474 0.004714587590741348
0.06330000000000001 6379.309548687034 1.000057845209218 1.508530174702026 208.3879335342771 0.004555417159317514
0.0634 6379.349353751885 1.000057539139984 1.50843507586566 208.1292006127459 0.004400967471562814
0.0635 6379.389219968919 1.000057233870267 1.508339956764832 207.8700702020268 0.004251119949417848
0.0636 6379.429147352982 1.000056929401406 1.508244817438268 207.610542205617 0.00410575836956672
0.06370000000000001 6379.469135918898 1.000056625734737 1.50814965792459 207.3506165271614 0.003964768832504965
0.06380000000000001 6379.509185681471 1.000056322871592 1.508054478262332 207.0902930704409 0.003828039731645013
0.0639 6379.549296655481 1.000056020813302 1.507959278489907 206.8295717393725 0.003695461722494817
0.064 6379.589468855692 1.000055719561191 1.507864058645647 206.568452438003 0.003566927691906936
0.0641 6379.629702296844 1.000055419116581 1.507768818767793 206.3069350705154 0.003442332727414429
0.06420000000000001 6379.669996993655 1.000055119480792 1.507673558894482 206.0450195412403 0.0033215740866567
0.06430000000000001 6379.710352960827 1.000054820655137 1.507578279063778 205.7827057546268 0.003204551166881107
0.0644 6379.750770213035 1.000054522640926 1.507482979313653 205.5199936152716 0.003091165474574192
0.0645 6379.791248764939 1.000054225439465 1.507387659682005 205.2568830278955 0.002981320595177187
0.0646 6379.831788631176 1.000053929052055 1.507292320206655 204.9933738973554 0.002874922162933072
0.06470000000000001 6379.872389826362 1.000053633479993 1.507196960925348 204.72946612865 0.002771877830852382
0.0648 6379.913052365091 1.00005333872457 1.507101581875752 204.4651596269081 0.002672097240800467
0.0649 6379.953776261941 1.000053044787072 1.50700618309547 204.2004542973826 0.002575491993722617
0.065 6379.994561531467 1.000052751668781 1.50691076462205 203.9353500454625 0.002481975620016762
0.06510000000000001 6380.035408188204 1.000052459370972 1.506815326492963 203.6698467766727 0.002391463550048382
0.06520000000000001 6380.076316246666 1.000052167894917 1.506719868745622 203.403944396668 0.002303873084816616
0.0653 6380.117285721348 1.000051877241879 1.506624391417396 203.1376428112393 0.002219123366783248
0.0654 6380.158316626724 1.000051587413117 1.506528894545589 202.8709419262958 0.00213713535085871
0.0655 6380.199408977248 1.000051298409883 1.506433378167454 202.6038416478885 0.002057831775571335
0.06560000000000001 6380.240562787352 1.000051010233425 1.506337842320209 202.3363418822104 0.001981137134403923
0.06570000000000001 6380.281778071451 1.000050722884982 1.506242287041012 202.0684425355665 0.001906977647303057
0.0658 6380.32305484394 1.000050436365786 1.506146712366985 201.8001435143923 0.001835281232388434
0.0659 6380.364393119189 1.000050150677066 1.506051118335213 201.5314447252707 0.001765977477852032
0.066 6380.405792911554 1.000049865820039 1.505955504982734 201.2623460748972 0.001698997614039039
0.06610000000000001 6380.447254235368 1.00004958179592 1.505859872346567 200.992847470109 0.001634274485746514
0.06620000000000001 6380.488777104943 1.000049298605912 1.505764220463689 200.7229488178676 0.001571742524714779
0.0663 6380.530361534575 1.000049016251213 1.505668549371054 200.4526500252645 0.001511337722334399
0.0664 6380.572007538535 1.000048734733015 1.505572859105578 200.1819509995211 0.001452997602565443
0.0665 6380.613715131078 1.000048454052498 1.505477149704174 199.9108516479949 0.001396661195075901
0.06660000000000001 6380.655484326436 1.000048174210838 1.505381421203715 199.6393518781678 0.00134226900859839
0.06670000000000001 6380.697315138823 1.0000478952092 1.505285673641063 199.3674515976512 0.001289763004516624
0.0668 6380.739207582434 1.000047617048743 1.505189907053078 199.0951507141812 0.001239086570679141
0.0669 6380.781161671442 1.000047339730616 1.505094121476583 198.8224491356294 0.001190184495449607
0.067 6380.823177420001 1.00004706325596 1.504998316948402 198.549346769992 0.001143002941989404
0.06710000000000001 6380.865254842246 1.000046787625907 1.50490249350535 198.2758435254008 0.00109748942278459
0.06720000000000001 6380.90739395229 1.000046512841581 1.504806651184237 198.0019393101119 0.001053592774411943
0.0673 6380.949594764229 1.000046238904094 1.504710790021867 197.7276340325114 0.001011263132554451
0.0674 6380.991857292136 1.000045965814552 1.504614910055047 197.4529276011157 0.0009704519072649253
0.0675 6381.034181550066 1.000045693574051 1.504519011320583 197.1778199245708 0.000931111758481631
0.06760000000000001 6381.076567552054 1.000045422183675 1.504423093855288 196.9023109116473 0.000893196571797748
0.06770000000000001 6381.119015312115 1.000045151644502 1.504327157695969 196.6264004712515 0.0008566614344904612
0.0678 6381.161524844245 1.000044881957596 1.504231202879453 196.350088512408 0.0008214626118054961
0.0679 6381.204096162418 1.000044613124015 1.504135229442569 196.0733749442833 0.000787557523508881
0.068 6381.24672928059 1.000044345144803 1.504039237422175 195.796259676168 0.0007549047206970728
0.06810000000000001 6381.289424212696 1.000044078020996 1.503943226855121 195.518742617477 0.0007234638628753402
0.0682 6381.332180972652 1.000043811753619 1.503847197778289 195.2408236777609 0.0006931956953050171
0.0683 6381.374999574355 1.000043546343685 1.503751150228577 194.9625027666947 0.0006640620266173106
0.0684 6381.417880031679 1.000043281792199 1.503655084242894 194.6837797940892 0.0006360257067006182
0.06850000000000001 6381.460822358479 1.000043018100152 1.50355899985819 194.4046546698854 0.0006090506048581695
0.06860000000000001 6381.503826568593 1.000042755268525 1.503462897111433 194.1251273041424 0.000583101588238882
0.0687 6381.546892675838 1.000042493298289 1.503366776039602 193.8451976070554 0.0005581445005458178
0.0688 6381.590020694008 1.000042232190401 1.503270636679724 193.5648654889495 0.0005341461410180926
0.0689 6381.63321063688 1.000041971945809 1.503174479068851 193.28413086028 0.0005110742436901285
0.06900000000000001 6381.676462518209 1.000041712565447 1.503078303244067 193.002993631644 0.000488897456929358
0.06910000000000001 6381.719776351732 1.000041454050238 1.502982109242497 192.7214537137392 0.0004675853232479697
0.0692 6381.763152151166 1.000041196401094 1.502885897101285 192.4395110174227 0.0004471082594013347
0.0693 6381.806589930205 1.000040939618913 1.502789666857631 192.15716545367 0.0004274375367576847
0.0694 6381.850089702526 1.000040683704582 1.502693418548771 191.8744169335808 0.0004085452619511457
0.06950000000000001 6381.893651481786 1.000040428658975 1.502597152211973 191.5912653683907 0.0003904043578147132
0.06960000000000001 6381.937275281618 1.000040174482955 1.502500867884553 191.3077106694831 0.0003729885445928289
0.0697 6381.980961115639 1.000039921177368 1.502404565603885 191.0237527483476 0.0003562723214304606
