0 6365.5 1.000338818401467 1.562069680534925 288.15 14.66448639050478
0.0001 6365.505586920087 1.000338534642516 1.562001875526317 288.1136850194351 14.63022935894534
0.0002 6365.511217009782 1.00033824899934 1.561934036725407 288.0770894364181 14.59577875298328
0.0003 6365.516890290764 1.000337961477578 1.561866163892574 288.0402131100371 14.56113595577001
0.0004 6365.522606784865 1.000337672082905 1.5617982567893 288.0030558983757 14.5263023575612
0.0005 6365.528366514072 1.000337380821026 1.561730315178366 287.9656176585298 14.49127935566145
0.0006000000000000001 6365.534169500523 1.000337087697684 1.561662338823493 287.9278982466025 14.45606835434653
0.0007 6365.540015766506 1.000336792718654 1.561594327489691 287.8898975177093 14.42067076479608
0.0008 6365.545905334466 1.000336495889744 1.561526280942896 287.8516153259728 14.38508800501493
0.0009000000000000001 6365.551838226991 1.000336197216799 1.561458198950307 287.8130515245579 14.34932149979242
0.001 6365.557814466824 1.000335896705693 1.561390081280186 287.774205965642 14.31337268060072
0.0011 6365.563834076855 1.000335594362337 1.561321927701828 287.735078500445 14.27724298554766
0.0012 6365.569897080122 1.000335290192673 1.561253737985757 287.6956689792054 14.24093385927984
0.0013 6365.576003499813 1.000334984202677 1.561185511903509 287.6559772512159 14.20444675293987
0.0014 6365.582153359259 1.000334676398356 1.561117249227788 287.6160031648172 14.16778312408484
0.0015 6365.58834668194 1.000334366785753 1.561048949732299 287.5757465673868 14.13094443659916
0.0016 6365.594583491482 1.00033405537094 1.560980613191901 287.5352073053676 14.09393216064477
0.0017 6365.600863811653 1.000333742160024 1.56091223938263 287.4943852242571 14.05674777257298
0.0018 6365.607187666367 1.000333427159141 1.560843828081535 287.4532801686127 14.01939275485223
0.0019 6365.613555079683 1.000333110374462 1.56077537906672 287.4118919820634 13.98186859600061
0.002 6365.619966075797 1.000332791812189 1.560706892117445 287.3702205073163 13.94417679051262
0.0021 6365.626420679054 1.000332471478555 1.560638367014063 287.3282655861502 13.90631883877473
0.0022 6365.632918913936 1.000332149379823 1.560569803538037 287.2860270594159 13.86829624698602
0.0023 6365.639460805068 1.000331825522291 1.560501201471846 287.2435047670596 13.83011052709961
0.0024 6365.646046377212 1.000331499912284 1.560432560599161 287.2006985481229 13.79176319674224
0.0025 6365.652675655273 1.00033117255616 1.560363880704646 287.1576082407254 13.75325577911772
0.0026 6365.659348664292 1.000330843460308 1.560295161574154 287.1142336820998 13.71458980295749
0.0027 6365.666065429448 1.000330512631147 1.560226402994622 287.0705747085862 13.67576680243377
0.0028 6365.672825976059 1.000330180075125 1.560157604754026 287.0266311556142 13.63678831706176
0.0029 6365.679630329577 1.000329845798721 1.560088766641466 286.9824028577503 13.59765589165934
0.003 6365.686478515591 1.000329509808445 1.560019888447183 286.9378896486568 13.55837107622753
0.0031 6365.693370559827 1.000329172110837 1.559950969962414 286.8930913611265 13.51893542589876
0.0032 6365.700306488141 1.000328832712463 1.559882010979592 286.8480078270835 13.4793505008532
0.0033 6365.707286326527 1.000328491619921 1.559813011292221 286.8026388775769 13.43961786622956
0.0034 6365.714310101109 1.000328148839839 1.559743970694891 286.7569843427926 13.39973909205115
0.0035 6365.721377838147 1.000327804378872 1.559674888983312 286.7110440520477 13.35971575313594
0.0036 6365.728489564028 1.000327458243705 1.559605765954306 286.6648178338195 13.31954942903722
0.0037 6365.735645305273 1.00032711044105 1.559536601405712 286.6183055157284 13.27924170394252
0.0038 6365.742845088532 1.000326760977648 1.559467395136657 286.5715069245433 13.23879416659293
0.0039 6365.750088940586 1.00032640986027 1.559398146947239 286.5244218861939 13.19820841020708
0.004 6365.757376888342 1.000326057095711 1.559328856638664 286.477050225776 13.15748603239953
0.0041 6365.764708958839 1.000325702690798 1.559259524013293 286.4293917675462 13.11662863508868
0.004200000000000001 6365.77208517924 1.000325346652383 1.559190148874608 286.3814463349394 13.07563782442464
0.0043 6365.779505576837 1.000324988987345 1.559120731027163 286.3332137505566 13.03451521069135
0.0044 6365.786970179048 1.00032462970259 1.559051270276728 286.2846938361894 12.99326240823872
0.004500000000000001 6365.794479013413 1.000324268805054 1.558981766430015 286.2358864128131 12.95188103538909
0.0046 6365.802032107601 1.000323906301695 1.558912219295029 286.1867913005934 12.91037271435343
0.0047 6365.809629489402 1.0003235421995 1.558842628680822 286.1374083188861 12.86873907114229
0.0048 6365.817271186731 1.000323176505483 1.558772994397589 286.0877372862486 12.82698173548625
0.0049 6365.824957227623 1.000322809226681 1.558703316256641 286.0377780204525 12.78510234075607
0.005 6365.832687640237 1.00032244037016 1.558633594070384 285.9875303384591 12.74310252385266
0.0051 6365.840462452853 1.000322069943008 1.558563827652468 285.9369940564555 12.70098392514638
0.005200000000000001 6365.84828169387 1.000321697952343 1.558494016817526 285.8861689898425 12.65874818837635
0.0053 6365.856145391809 1.000321324405303 1.558424161381482 285.8350549532405 12.61639696056424
0.0054 6365.864053575307 1.000320949309054 1.558354261161237 285.7836517605073 12.5739318919376
0.005500000000000001 6365.872006273119 1.000320572670786 1.558284315974969 285.7319592247262 12.53135463582824
0.0056 6365.880003514121 1.000320194497713 1.558214325641906 285.6799771582122 12.48866684858517
0.0057 6365.888045327303 1.000319814797073 1.558144289982511 285.6277053725292 12.44587018949682
0.0058 6365.896131741772 1.000319433576128 1.558074208818301 285.5751436784789 12.40296632068874
0.0059 6365.904262786749 1.000319050842165 1.558004081971999 285.5222918861294 12.35995690705475
0.006 6365.912438491572 1.000318666602491 1.55793390926745 285.4691498047808 12.31684361613487
0.0061 6365.92065888569 1.000318280864441 1.557863690529706 285.4157172430176 12.27362811806508
0.006200000000000001 6365.928923998666 1.000317893635369 1.557793425584879 285.3619940086736 12.23031208545472
0.0063 6365.937233860177 1.000317504922653 1.557723114260349 285.3079799088495 12.18689719330691
0.0064 6365.945588500011 1.000317114733694 1.557652756384612 285.2536747499306 12.14338511893845
0.006500000000000001 6365.953987948064 1.000316723075914 1.557582351787285 285.1990783375812 12.09977754188044
0.0066 6365.962432234347 1.000316329956759 1.557511900299221 285.1441904767443 12.05607614378351
0.0067 6365.970921388976 1.000315935383694 1.557441401752404 285.0890109716532 12.01228260833213
0.0068 6365.979455442179 1.000315539364209 1.557370855979983 285.0335396258382 11.96839862115399
0.006900000000000001 6365.98803442429 1.000315141905811 1.557300262816301 284.9777762421139 11.92442586971512
0.007 6365.996658365751 1.000314743016032 1.55722962209688 284.9217206226211 11.88036604325669
0.0071 6366.005327297109 1.000314342702422 1.557158933658393 284.8653725687913 11.83622083267105
0.007200000000000001 6366.01404124902 1.000313940972552 1.557088197338734 284.8087318813699 11.79199193042406
0.0073 6366.022800252242 1.000313537834014 1.557017412976946 284.7517983604288 11.74768103046783
0.0074 6366.031604337638 1.000313133294419 1.556946580413253 284.6945718053538 11.7032898281348
0.007500000000000001 6366.040453536176 1.000312727361399 1.556875699489129 284.637052014857 11.65882002005005
0.0076 6366.049347878924 1.000312320042605 1.556804770047133 284.5792387869941 11.61427330404791
0.0077 6366.058287397054 1.000311911345705 1.556733791931104 284.521131919147 11.56965137906089
0.007800000000000001 6366.06727212184 1.00031150127839 1.556662764986074 284.4627312080414 11.52495594503591
0.007900000000000001 6366.076302084653 1.000311089848366 1.556591689058219 284.4040364497586 11.48018870284563
0.008 6366.085377316966 1.000310677063359 1.556520563994945 284.3450474397235 11.4353513541815
0.0081 6366.09449785035 1.000310262931114 1.556449389644877 284.285763972723 11.39044560146925
0.008200000000000001 6366.103663716478 1.000309847459391 1.556378165857808 284.2261858428932 11.34547314776176
0.0083 6366.112874947115 1.000309430655971 1.556306892484766 284.1663128437498 11.30043569666302
0.008400000000000001 6366.122131574126 1.000309012528649 1.556235569377999 284.1061447681817 11.25533495222507
0.008500000000000001 6366.13143362947 1.000308593085241 1.556164196390921 284.0456814084454 11.21017261884487
0.0086 6366.140781145203 1.000308172333576 1.556092773378211 283.9849225561824 11.16495040117885
0.008700000000000001 6366.150174153474 1.000307750281501 1.556021300195727 283.9238680024195 11.11967000404385
0.008800000000000001 6366.159612686527 1.00030732693688 1.555949776700582 283.8625175375745 11.07433313232248
0.0089 6366.169096776696 1.000306902307591 1.555878202751055 283.8008709514742 11.02894149087693
0.009000000000000001 6366.178626456411 1.000306476401531 1.555806578206692 283.7389280333304 10.9834967844322
0.0091 6366.188201758189 1.000306049226608 1.555734902928288 283.6766885717697 10.9380007174984
0.0092 6366.197822714642 1.000305620790748 1.555663176777804 283.6141523548275 10.89245499426687
0.009300000000000001 6366.207489358469 1.000305191101893 1.555591399618433 283.5513191699541 10.84686131851481
0.0094 6366.217201722458 1.000304760167996 1.555519571314658 283.4881888040262 10.80122139351412
0.0095 6366.226959839485 1.000304327997026 1.55544769173217 283.4247610433471 10.75553692193153
0.009600000000000001 6366.236763742516 1.000303894596967 1.55537576073789 283.3610356736466 10.70980960572868
0.0097 6366.2466134646 1.000303459975815 1.555303778199973 283.2970124800989 10.6640411460749
0.0098 6366.256509038875 1.000303024141582 1.555231743987783 283.2326912473108 10.61823324323863
0.009900000000000001 6366.266450498561 1.000302587102289 1.555159657972006 283.1680717593507 10.57238759650842
0.01 6366.276437876965 1.000302148865973 1.555087520024523 283.1031537997259 10.52650590407586
0.0101 6366.286471207475 1.000301709440683 1.55501533001848 283.0379371514113 10.48058986295638
0.0102 6366.296550523563 1.00030126883448 1.554943087828215 282.972421596838 10.43464116888055
0.0103 6366.306675858785 1.000300827055437 1.554870793329399 282.9066069178992 10.38866151619805
0.0104 6366.316847246774 1.000300384111638 1.55479844639893 282.8404928959679 10.34265259778976
0.0105 6366.327064721247 1.00029994001118 1.5547260469149 282.7740793118968 10.29661610496735
0.0106 6366.337328315996 1.00029949476217 1.554653594756728 282.7073659460242 10.250553727377
0.0107 6366.347638064898 1.000299048372725 1.554581089805064 282.6403525781624 10.20446715289096
0.0108 6366.357994001903 1.000298600850975 1.554508531941826 282.5730389876329 10.15835806753162
0.0109 6366.36839616104 1.000298152205057 1.554435921050195 282.5054249532431 10.11222815535494
0.011 6366.378844576413 1.000297702443121 1.554363257014597 282.4375102533153 10.06607909837032
0.0111 6366.389339282204 1.000297251573325 1.554290539720709 282.3692946656755 10.01991257643224
0.0112 6366.399880312667 1.000296799603837 1.554217769055545 282.3007779676649 9.973730267148044
0.0113 6366.410467702132 1.000296346542831 1.554144944907331 282.2319599361398 9.927533845777736
0.0114 6366.421101485003 1.000295892398495 1.55407206716555 282.1628403474837 9.881324985141779
0.0115 6366.431781695752 1.000295437179021 1.553999135720985 282.0934189776129 9.835105355524909
0.0116 6366.442508368927 1.000294980892612 1.553926150465695 282.023695601977 9.788876624576082
0.0117 6366.453281539144 1.000294523547477 1.553853111293008 281.9536699955642 9.742640457212431
0.0118 6366.464101241092 1.000294065151832 1.55378001809752 281.8833419329015 9.696398515519434
0.0119 6366.474967509526 1.000293605713903 1.553706870775094 281.8127111880789 9.650152458666669
0.012 6366.485880379271 1.000293145241919 1.553633669222899 281.7417775347366 9.603903942800276
0.0121 6366.496839885219 1.00029268374412 1.553560413339371 281.6705407460776 9.557654620951102
0.0122 6366.507846062327 1.000292221228749 1.553487103024221 281.5990005948732 9.511406142939034
0.0123 6366.51889894562 1.000291757704056 1.553413738178421 281.5271568534694 9.465160155277415
0.0124 6366.529998570189 1.000291293178296 1.553340318704332 281.4550092937742 9.418918301066226
0.0125 6366.541144971186 1.000290827659731 1.553266844505407 281.3825576872881 9.372682219912011
0.0126 6366.552338183832 1.000290361156625 1.553193315486601 281.3098018050918 9.326453547821316
0.0127 6366.563578243404 1.000289893677251 1.553119731554003 281.2367414178756 9.28023391712064
0.0128 6366.574865185245 1.000289425229882 1.553046092615056 281.1633762959103 9.234024956338995
0.0129 6366.586199044757 1.000288955822799 1.552972398578446 281.0897062090766 9.18782829012819
0.013 6366.597579857405 1.000288485464285 1.552898649354199 281.0157309268706 9.141645539168117
0.0131 6366.609007658709 1.000288014162624 1.552824844853643 280.9414502183926 9.095478320061238
0.0132 6366.620482484252 1.000287541926108 1.552750984989327 280.8668638523644 9.049328245245741
0.0133 6366.632004369671 1.000287068763028 1.552677069675148 280.7919715971356 9.003196922901441
0.0134 6366.643573350664 1.00028659468168 1.552603098826281 280.716773220683 8.957085956852243
0.0135 6366.655189462982 1.00028611969036 1.552529072359189 280.6412684906171 8.910996946472467
0.0136 6366.666852742433 1.000285643797368 1.552454990191648 280.5654571741878 8.864931486593427
0.0137 6366.678563224877 1.000285167011004 1.552380852242719 280.4893390383021 8.818891167417307
0.0138 6366.69032094623 1.000284689339571 1.552306658432736 280.4129138495063 8.772877574409778
0.0139 6366.70212594246 1.00028421079137 1.552232408683398 280.3361813740097 8.726892288217973
0.014 6366.713978249588 1.000283731374705 1.552158102917633 280.2591413776789 8.680936884570809
0.0141 6366.725877903685 1.000283251097881 1.552083741059674 280.1817936260494 8.635012934190252
0.0142 6366.737824940872 1.000282769969201 1.552009323035105 280.1041378843314 8.58912200269927
0.0143 6366.749819397322 1.000282287996967 1.551934848770749 280.0261739174042 8.543265650523081
0.0144 6366.761861309255 1.000281805189484 1.551860318194759 279.9479014898396 8.497445432808147
0.0145 6366.773950712939 1.000281321555052 1.55178573123658 279.8693203658962 8.451662899323987
0.0146 6366.786087644688 1.000280837101972 1.551711087826941 279.790430309531 8.405919594375689
0.0147 6366.798272140863 1.000280351838543 1.55163638789794 279.7112310843876 8.360217056703057
0.0148 6366.810504237874 1.000279865773062 1.55156163138288 279.6317224538201 8.314556819400647
0.0149 6366.82278397217 1.000279378913824 1.551486818216407 279.5519041808928 8.268940409824351
0.015 6366.835111380247 1.00027889126912 1.551411948334495 279.4717760283924 8.223369349505111
0.0151 6366.847486498644 1.00027840284724 1.551337021674367 279.3913377588154 8.177845154049511
0.0152 6366.85990936394 1.00027791365647 1.551262038174599 279.310589134387 8.132369333057618
0.0153 6366.872380012759 1.000277423705092 1.551186997775015 279.2295299170659 8.086943390034355
0.0154 6366.884898481762 1.000276933001385 1.551111900416783 279.1481598685449 8.041568822297961
0.0155 6366.897464807652 1.000276441553624 1.551036746042332 279.0664787502627 7.996247120895438
0.0156 6366.910079027169 1.000275949370077 1.550961534595428 278.9844863234038 7.950979770511782
0.0157 6366.922741177093 1.000275456459011 1.550886266021112 278.9021823488982 7.905768249379689
0.0158 6366.935451294239 1.000274962828685 1.55081094026575 278.8195665874458 7.860614029202648
0.0159 6366.948209415461 1.000274468487354 1.550735557276971 278.7366387995038 7.8155185750589
0.016 6366.961015577646 1.000273973443266 1.550660117003738 278.6533987452989 7.770483345318863
0.0161 6366.97386981772 1.000273477704664 1.55058461939627 278.5698461848214 7.725509791553363
0.0162 6366.986772172637 1.000272981279785 1.550509064406126 278.4859808778605 7.680599358464584
0.0163 6366.999722679388 1.000272484176856 1.550433451986155 278.4018025839749 7.635753483782421
0.0164 6367.012721374997 1.000271986404102 1.550357782090477 278.3173110625165 7.590973598189989
0.0165 6367.025768296517 1.000271487969737 1.550282054674533 278.232506072642 7.546261125243076
0.0166 6367.038863481032 1.000270988881969 1.550206269695023 278.1473873732951 7.501617481274503
0.0167 6367.052006965657 1.000270489148995 1.550130427110024 278.0619547232308 7.457044075320875
0.0168 6367.065198787536 1.000269988779008 1.550054526878774 277.9762078810144 7.412542309037293
0.0169 6367.078438983841 1.000269487780189 1.549978568961951 277.8901466050341 7.368113576618735
0.017 6367.09172759177 1.000268986160713 1.549902553321418 277.803770653495 7.323759264712762
0.0171 6367.10506464855 1.000268483928742 1.549826479920339 277.7170797844245 7.27948075233894
0.0172 6367.118450191433 1.000267981092431 1.54975034872325 277.6300737556847 7.23527941081179
0.0173 6367.131884257695 1.000267477659925 1.549674159695871 277.542752324984 7.191156603664155
0.0174 6367.145366884635 1.000266973639357 1.549597912805287 277.455115249871 7.147113686562131
0.0175 6367.158898109579 1.000266469038852 1.549521608019818 277.3671622877349 7.103152007223661
0.0176 6367.172477969873 1.000265963866522 1.549445245309083 277.2788931958229 7.0592729053466
0.0177 6367.186106502886 1.000265458130468 1.549368824644009 277.1903077312403 7.015477712528383
0.0178 6367.199783746007 1.00026495183878 1.549292345996767 277.1014056509565 6.971767752189257
0.0179 6367.213509736644 1.000264444999537 1.549215809340826 277.0121867118168 6.928144339499005
0.018 6367.227284512226 1.000263937620804 1.54913921465096 276.9226506705303 6.884608781292651
0.0181 6367.241108110201 1.000263429710635 1.549062561903172 276.832797283694 6.841162376004199
0.0182 6367.254980568033 1.000262921277072 1.548985851074757 276.7426263077867 6.797806413586478
0.0183 6367.268901923203 1.00026241232814 1.548909082144331 276.6521374991806 6.754542175440282
0.0184 6367.282872213209 1.000261902871855 1.548832255091702 276.5613306141416 6.711370934338403
0.0185 6367.296891475565 1.000261392916217 1.548755369898009 276.4702054088292 6.668293954350412
0.0186 6367.310959747795 1.000260882469213 1.548678426545633 276.3787616393319 6.625312490784794
0.0187 6367.325077067443 1.000260371538815 1.548601425018238 276.2869990616199 6.582427790092683
0.0188 6367.339243472062 1.000259860132981 1.548524365300735 276.1949174315986 6.539641089819675
0.0189 6367.353458999216 1.000259348259653 1.548447247379314 276.1025165050963 6.496953618527599
0.019 6367.367723686484 1.000258835926759 1.548370071241419 276.0097960378529 6.454366595717238
0.0191 6367.382037571452 1.000258323142211 1.548292836875755 275.9167557855607 6.411881231776241
0.0192 6367.396400691718 1.000257809913903 1.548215544272292 275.8233955038353 6.369498727895059
0.0193 6367.410813084886 1.000257296249718 1.548138193422226 275.7297149482391 6.32722027600807
0.0194 6367.425274788573 1.000256782157517 1.548060784318041 275.6357138742754 6.285047058721929
0.0195 6367.439785840398 1.000256267645148 1.547983316953434 275.541392037412 6.242980249257945
0.0196 6367.45434627799 1.00025575272044 1.547905791323387 275.4467491930635 6.201021011376616
0.0197 6367.468956138981 1.000255237391205 1.547828207424106 275.3517850966208 6.159170499324055
0.0198 6367.48361546101 1.000254721665238 1.547750565253036 275.2564995034335 6.117429857758125
0.0199 6367.498324281719 1.000254205550316 1.547672864808864 275.1608921688274 6.075800221691085
0.02 6367.513082638753 1.000253689054196 1.547595106091545 275.064962848105 6.034282716425169
0.0201 6367.527890569762 1.00025317218462 1.547517289102207 274.9687112965447 5.992878457489006
0.0202 6367.542748112396 1.000252654949306 1.547439413843276 274.8721372694253 5.951588550584995
0.0203 6367.557655304305 1.000252137355959 1.547361480318348 274.7752405220193 5.910414091524651
0.0204 6367.57261218314 1.000251619412259 1.547283488532306 274.6780208095878 5.869356166164939
0.0205 6367.587618786553 1.000251101125871 1.547205438491195 274.5804778874034 5.828415850357935
0.0206 6367.602675152192 1.000250582504435 1.54712733020231 274.4826115107506 5.787594209891192
0.0207 6367.617781317705 1.000250063555576 1.547049163674181 274.38442143492 5.74689230042657
0.0208 6367.632937320735 1.000249544286895 1.546970938916519 274.2859074152256 5.706311167449769
0.0209 6367.648143198923 1.000249024705972 1.546892655940248 274.1870692069991 5.665851846210857
0.021 6367.663398989907 1.000248504820369 1.546814314757537 274.0879065656021 5.625515361673005
0.0211 6367.678704731317 1.000247984637622 1.546735915381719 273.9884192464373 5.585302728461979
0.0212 6367.694060460778 1.000247464165251 1.54665745782734 273.8886070049429 5.545214950809268
0.0213 6367.709466215909 1.000246943410748 1.546578942110151 273.7884695965926 5.505253022498627
0.0214 6367.72492203432 1.000246422381586 1.546500368247098 273.6880067769192 5.46541792682289
0.0215 6367.740427953615 1.000245901085217 1.54642173625628 273.587218301503 5.425710636527477
0.0216 6367.755984011386 1.000245379529067 1.546343046157059 273.4861039259889 5.386132113766561
0.0217 6367.771590245219 1.000244857720541 1.546264297969907 273.3846634060754 5.346683310048491
0.0218 6367.787246692687 1.000244335667019 1.546185491716507 273.2828964975319 5.307365166193744
0.0219 6367.802953391351 1.000243813375859 1.546106627419729 273.1808029562161 5.268178612293617
0.022 6367.818710378764 1.000243290854395 1.546027705103589 273.0783825380335 5.229124567647144
0.0221 6367.834517692462 1.000242768109935 1.545948724793292 272.9756349989956 5.190203940737605
0.0222 6367.850375369971 1.000242245149765 1.5458696865152 272.872560095191 5.151417629175879
0.0223 6367.866283448798 1.000241721981145 1.545790590296826 272.7691575828147 5.112766519667273
0.0224 6367.882241966441 1.000241198611311 1.545711436166854 272.6654272181325 5.074251487954877
0.0225 6367.898250960379 1.000240675047474 1.545632224155116 272.5613687575345 5.035873398797044
0.0226 6367.914310468076 1.000240151296817 1.545552954292579 272.4569819575053 4.997633105914908
0.0227 6367.930420526977 1.000239627366501 1.545473626611379 272.3522665746476 4.959531451960659
0.0228 6367.946581174511 1.000239103263659 1.54539424114477 272.2472223656767 4.921569268475863
0.0229 6367.962792448087 1.000238578995397 1.54531479792715 272.141849087432 4.883747375857259
0.023 6367.979054385098 1.000238054568798 1.545235296994047 272.0361464968649 4.846066583315035
0.0231 6367.995367022912 1.000237529990915 1.54515573838211 271.9301143510751 4.808527688849018
0.0232 6368.011730398879 1.000237005268776 1.545076122129134 271.823752407286 4.771131479204691
0.0233 6368.028144550329 1.00023648040938 1.544996448273997 271.717060422863 4.733878729845022
0.0234 6368.044609514567 1.000235955419701 1.544916716856695 271.6100381553136 4.696770204916977
0.0235 6368.061125328878 1.000235430306684 1.544836927918361 271.5026853622929 4.659806657221144
0.0236 6368.077692030522 1.000234905077247 1.544757081501207 271.3950018016038 4.62298882818033
0.0237 6368.094309656735 1.000234379738279 1.544677177648543 271.2869872312207 4.586317447817251
0.0238 6368.110978244728 1.000233854296641 1.544597216404784 271.1786414092657 4.549793234717081
0.0239 6368.127697831686 1.000233328759166 1.54451719781543 271.0699640940383 4.513416896009184
0.024 6368.14446845477 1.000232803132658 1.544437121927053 270.9609550439976 4.477189127333863
0.0241 6368.161290151109 1.000232277423892 1.544356988787317 270.851614017792 4.441110612826008
0.0242 6368.178162957811 1.000231751639614 1.544276798444963 270.7419407742294 4.405182025080141
0.0243 6368.195086911951 1.00023122578654 1.544196550949779 270.6319350723187 4.369404025139986
0.0244 6368.212062050576 1.000230699871358 1.544116246352646 270.521596671258 4.333777262471438
0.0245 6368.229088410704 1.000230173900724 1.544035884705485 270.4109253304226 4.298302374936829
0.0246 6368.246166029322 1.000229647881267 1.543955466061266 270.2999208094069 4.262979988787355
0.0247 6368.263294943387 1.000229121819582 1.543874990474016 270.1885828679823 4.227810718629994
0.0248 6368.280475189824 1.000228595722237 1.543794457998812 270.076911266145 4.19279516742384
0.0249 6368.297706805524 1.000228069595767 1.54371386869174 269.9649057640921 4.157933926454911
0.025 6368.314989827348 1.000227543446677 1.543633222609953 269.8525661222396 4.123227575325159
0.0251 6368.33232429212 1.000227017281443 1.543552519811588 269.7398921012222 4.088676681936965
0.0252 6368.349710236632 1.000226491106506 1.543471760355843 269.626883461893 4.054281802478761
0.0253 6368.367147697641 1.000225964928279 1.543390944302909 269.5135399653303 4.020043481413589
0.0254 6368.384636711869 1.000225438753142 1.543310071713984 269.3998613728485 3.985962251470487
0.0255 6368.402177315999 1.000224912587444 1.543229142651268 269.2858474460044 3.952038633635115
0.0256 6368.419769546681 1.0002243864375 1.543148157177967 269.1714979465736 3.918273137132754
0.0257 6368.437413440523 1.000223860309595 1.543067115358276 269.0568126365978 3.88466625943349
0.0258 6368.455109034099 1.000223334209981 1.542986017257386 268.941791278355 3.851218486235662
0.0259 6368.472856363942 1.000222808144879 1.54290486294142 268.8264336343776 3.817930291464447
0.026 6368.490655466547 1.000222282120475 1.542823652477539 268.7107394674462 3.784802137264634
0.0261 6368.508506378368 1.000221756142924 1.542742385933806 268.5947085406073 3.751834474001327
0.0262 6368.526409135819 1.000221230218346 1.54266106337932 268.4783406171736 3.719027740256598
0.0263 6368.544363775272 1.000220704352832 1.542579684884064 268.3616354607296 3.686382362828946
0.0264 6368.562370333059 1.000220178552435 1.542498250519008 268.2445928351143 3.653898756727318
0.0265 6368.580428845468 1.000219652823178 1.54241676035605 268.127212504456 3.621577325181113
0.0266 6368.598539348744 1.000219127171049 1.542335214468035 268.009494233161 3.589418459638021
0.0267 6368.61670187909 1.000218601602002 1.542253612928719 267.8914377859136 3.557422539766389
0.0268 6368.634916472663 1.000218076121958 1.542171955812796 267.7730429276875 3.525589933461902
0.0269 6368.653183165578 1.000217550736804 1.542090243195865 267.6543094237462 3.493920996852163
0.027 6368.6715019939 1.000217025452393 1.542008475154459 267.5352370396489 3.462416074303979
0.0271 6368.689872993653 1.000216500274543 1.541926651765989 267.4158255412561 3.431075498431755
0.0272 6368.708296200811 1.000215975209039 1.54184477310877 267.29607469473 3.399899590105451
0.0273 6368.726771651303 1.000215450261629 1.541762839262001 267.1759842665282 3.368888658458176
0.0274 6368.745299381011 1.000214925438029 1.541680850305781 267.0555540234276 3.338043000902577
0.0275 6368.763879425766 1.00021440074392 1.541598806321071 266.9347837325184 3.307362903140619
0.0276 6368.782511821353 1.000213876184946 1.541516707389701 266.8136731612043 3.276848639176086
0.0277 6368.801196603507 1.000213351766719 1.54143455359436 266.692222077202 3.246500471328257
0.0278 6368.819933807913 1.000212827494813 1.541352345018615 266.5704302485655 3.216318650252574
0.0279 6368.838723470205 1.000212303374769 1.541270081746873 266.4482974436677 3.186303414952066
0.028 6368.857565625966 1.000211779412093 1.541187763864359 266.3258234312187 3.156454992798754
0.0281 6368.876460310729 1.000211255612252 1.541105391457164 266.2030079802597 3.12677359955032
0.0282 6368.895407559976 1.000210731980683 1.541022964612191 266.0798508601569 3.097259439367999
0.0283 6368.914407409133 1.000210208522782 1.540940483417167 265.956351840637 3.0679127048455
0.0284 6368.933459893575 1.000209685243914 1.540857947960632 265.832510691764 3.038733577024785
0.0285 6368.952565048624 1.000209162149405 1.540775358331915 265.7083271839446 3.009722225420163
0.0286 6368.971722909548 1.000208639244547 1.540692714621191 265.5838010879401 2.98087880804482
0.0287 6368.990933511559 1.000208116534595 1.540610016919373 265.4589321748666 2.952203471435676
0.0288 6369.010196889816 1.000207594024768 1.540527265318191 265.333720216195 2.923696350679364
0.0289 6369.029513079421 1.000207071720251 1.540444459910125 265.2081649837627 2.895357569442034
0.029 6369.048882115421 1.00020654962619 1.540361600788465 265.0822662497616 2.867187239994872
0.0291 6369.068304032806 1.000206027747697 1.540278688047215 264.9560237867621 2.839185463248743
0.0292 6369.087778866508 1.000205506089846 1.540195721781199 264.8294373677012 2.811352328781925
0.0293 6369.107306651403 1.000204984657677 1.540112702085896 264.7025067658823 2.783687914871673
0.0294 6369.126887422309 1.000204463456191 1.540029629057625 264.5752317549931 2.756192288530736
0.0295 6369.146521213986 1.000203942490354 1.539946502793335 264.4476121090937 2.728865505538479
0.0296 6369.166208061133 1.000203421765096 1.539863323390792 264.3196476026345 2.701707610479525
0.0297 6369.185947998392 1.00020290128531 1.539780090948419 264.1913380104501 2.674718636778337
0.0298 6369.205741060345 1.000202381055852 1.539696805565392 264.0626831077592 2.64789860673623
0.0299 6369.225587281512 1.000201861081542 1.539613467341513 263.9336826701709 2.621247531570685
0.03 6369.245486696354 1.000201341367162 1.539530076377382 263.8043364736963 2.594765411456923
0.0301 6369.265439339272 1.000200821917461 1.539446632774186 263.6746442947305 2.568452235564458
0.0302 6369.285445244603 1.000200302737148 1.539363136633856 263.5446059100826 2.542307982104423
0.0303 6369.305504446622 1.000199783830896 1.539279588058969 263.4142210969579 2.516332618368261
0.0304 6369.325616979544 1.000199265203342 1.539195987152753 263.2834896329636 2.490526100772355
0.0305 6369.345782877519 1.000198746859086 1.539112334019114 263.1524112961264 2.464888374905967
0.0306 6369.366002174635 1.00019822880269 1.539028628762582 263.0209858648694 2.439419375572068
0.0307 6369.386274904918 1.000197711038683 1.538944871488334 262.8892131180354 2.414119026838538
0.0308 6369.406601102325 1.000197193571553 1.53886106230219 262.7570928348867 2.388987242085688
0.0309 6369.426980800754 1.000196676405753 1.53877720131057 262.6246247950997 2.364023924053724
0.031 6369.447414034035 1.000196159545701 1.538693288620505 262.4918087787704 2.339228964893529
0.0311 6369.467900835934 1.000195642995775 1.538609324339665 262.3586445664263 2.314602246219499
0.0312 6369.488441240152 1.000195126760319 1.538525308576277 262.2251319390147 2.290143639158988
0.0313 6369.50903528032 1.000194610843639 1.538441241439193 262.0912706779203 2.265853004408231
0.0314 6369.529682990008 1.000194095250005 1.538357123037828 261.9570605649477 2.241730192282774
0.0315 6369.550384402718 1.000193579983651 1.538272953482156 261.8225013823329 2.217775042774318
0.0316 6369.571139551883 1.000193065048772 1.538188732882751 261.6875929127613 2.193987385609503
0.0317 6369.59194847087 1.000192550449529 1.538104461350699 261.5523349393437 2.170367040302304
0.0318 6369.612811192978 1.000192036190044 1.538020138997689 261.4167272456406 2.146913816215802
0.0319 6369.633727751439 1.000191522274406 1.537935765935894 261.2807696156495 2.123627512618658
0.032 6369.654698179414 1.000191008706665 1.537851342278052 261.1444618338118 2.10050791874567
0.0321 6369.675722509997 1.000190495490834 1.537766868137432 261.0078036850176 2.077554813859234
0.0322 6369.696800776213 1.000189982630893 1.537682343627772 260.8707949546186 2.054767967312693
0.0323 6369.717933011016 1.000189470130781 1.537597768863383 260.7334354283979 2.032147138607727
0.0324 6369.739119247291 1.000188957994404 1.537513143959022 260.5957248926055 2.009692077463537
0.0325 6369.760359517856 1.000188446225633 1.537428469029946 260.4576631339349 1.987402523877106
0.0326 6369.781653855453 1.000187934828298 1.537343744191909 260.3192499395526 1.96527820819309
0.0327 6369.803002292759 1.000187423806199 1.537258969561116 260.1804850970683 1.943318851165016
0.0328 6369.824404862375 1.000186913163096 1.537174145254264 260.0413683945648 1.921524164026889
0.0329 6369.845861596832 1.000186402902713 1.537089271388492 259.9018996205917 1.899893848559949
0.033 6369.867372528593 1.00018589302874 1.537004348081368 259.7620785641424 1.878427597157645
0.0331 6369.888937690046 1.000185383544832 1.536919375450927 259.6219050147005 1.857125092902449
0.0332 6369.910557113506 1.000184874454605 1.536834353615635 259.481378762211 1.835986009631579
0.0333 6369.932230831218 1.000184365761643 1.536749282694347 259.3404995970799 1.815010012008252
0.0334 6369.953958875354 1.000183857469493 1.536664162806365 259.199267310198 1.794196755597226
0.0335 6369.975741278011 1.000183349581666 1.536578994071381 259.0576816929291 1.773545886935835
0.0336 6369.997578071216 1.000182842101639 1.536493776609492 258.915742537098 1.753057043605946
0.0337 6370.019469286919 1.000182335032853 1.536408510541171 258.7734496350262 1.732729854313565
0.0338 6370.041414956998 1.000181828378714 1.536323195987277 258.6308027795138 1.712563938961443
0.0339 6370.063415113259 1.000181322142595 1.536237833069043 258.4878017638165 1.692558908721815
0.034 6370.08546978743 1.000180816327831 1.536152421908072 258.344446381704 1.672714366121525
0.0341 6370.107579011169 1.000180310937725 1.536066962626283 258.2007364274012 1.653029905111294
0.0342 6370.129742816056 1.000179805975544 1.535981455345975 258.0566716956358 1.633505111150608
0.0343 6370.151961233597 1.000179301444521 1.535895900189785 257.91225198162 1.614139561284272
0.0344 6370.174234295223 1.000178797347854 1.535810297280668 257.7674770810507 1.594932824222201
0.0345 6370.196562032291 1.00017829368871 1.535724646741876 257.6223467901099 1.575884460419921
0.0346 6370.218944476082 1.000177790470217 1.53563894869701 257.4768609054698 1.556994022160564
0.0347 6370.241381657799 1.000177287695473 1.535553203269957 257.3310192243056 1.538261053638261
0.0348 6370.263873608574 1.00017678536754 1.535467410584886 257.1848215442709 1.519685091037641
0.0349 6370.286420359457 1.000176283489449 1.535381570766267 257.038267663528 1.501265662620862
0.035 6370.309021941427 1.000175782064195 1.535295683938843 256.8913573807239 1.48300228880848
0.0351 6370.331678385383 1.000175281094741 1.535209750227619 256.744090495008 1.464894482266229
0.0352 6370.354389722152 1.000174780584016 1.535123769757855 256.5964668060145 1.446941747988
0.0353 6370.377155982478 1.000174280534917 1.535037742655086 256.448486113892 1.429143583385253
0.0354 6370.399977197033 1.000173780950308 1.534951669045066 256.3001482192857 1.411499478371213
0.0355 6370.422853396411 1.000173281833021 1.534865549053772 256.1514529233312 1.394008915447186
0.0356 6370.445784611127 1.000172783185854 1.534779382807432 256.0024000276729 1.376671369792251
0.0357 6370.468770871622 1.000172285011574 1.534693170432496 255.8529893344574 1.359486309350683
0.0358 6370.491812208256 1.000171787312915 1.534606912055583 255.703220646334 1.342453194920649
0.0359 6370.514908651315 1.000171290092579 1.534520607803547 255.5530937664543 1.325571480243458
0.036 6370.538060231003 1.000170793353238 1.534434257803422 255.4026084984783 1.308840612093993
0.0361 6370.561266977451 1.000170297097532 1.534347862182413 255.2517646465689 1.292260030370339
0.0362 6370.584528920707 1.000169801328068 1.534261421067916 255.1005620154027 1.275829168185868
0.0363 6370.607846090746 1.000169306047422 1.534174934587489 254.9490004101534 1.25954745195858
0.0364 6370.631218517462 1.000168811258141 1.534088402868831 254.797079636497 1.243414301503551
0.0365 6370.654646230671 1.00016831696274 1.534001826039816 254.6447995006414 1.227429130128272
0.0366 6370.678129260112 1.000167823163705 1.533915204228421 254.4921598092736 1.211591344719685
0.0367 6370.701667635443 1.000167329863487 1.533828537562803 254.3391603696185 1.195900345843501
0.0368 6370.725261386247 1.000166837064514 1.533741826171189 254.1858009893975 1.180355527833382
0.0369 6370.748910542025 1.000166344769177 1.533655070181978 254.0320814768346 1.164956278885549
0.03700000000000001 6370.772615132202 1.000165852979843 1.53356826972362 253.8780016406857 1.149701981156057
0.0371 6370.796375186123 1.000165361698845 1.533481424924711 253.7235612902035 1.134592010851937
0.0372 6370.820190733053 1.000164870928491 1.533394535913887 253.5687602351549 1.119625738328048
0.0373 6370.844061802182 1.000164380671056 1.533307602819916 253.4135982858151 1.104802528181923
0.0374 6370.867988422619 1.000163890928788 1.533220625771613 253.2580752529797 1.090121739350657
0.0375 6370.891970623391 1.000163401703908 1.533133604897855 253.1021909479585 1.075582725206391
0.0376 6370.916008433451 1.000162912998606 1.533046540327586 252.94594518257 1.061184833652142
0.0377 6370.940101881671 1.000162424815045 1.532959432189795 252.7893377691406 1.046927407218506
0.0378 6370.964250996843 1.00016193715536 1.532872280613518 252.6323685205233 1.032809783162224
0.0379 6370.988455807681 1.000161450021658 1.532785085727819 252.4750372500733 1.018831293561238
0.038 6371.012716342821 1.00016096341602 1.532697847661768 252.3173437716663 1.004991265413759
0.0381 6371.037032630818 1.000160477340498 1.532610566544484 252.1592878996861 0.9912890207349125
0.0382 6371.061404700148 1.000159991797119 1.53252324250507 252.0008694490369 0.9777238766556861
0.0383 6371.08583257921 1.000159506787881 1.532435875672639 251.8420882351373 0.964295145520516
0.0384 6371.110316296321 1.000159022314758 1.532348466176304 251.6829440739142 0.9510021349850998
0.0385 6371.134855879722 1.000158538379696 1.532261014145142 251.5234367818088 0.9378441481153893
0.0386 6371.159451357571 1.000158054984616 1.532173519708219 251.3635661757884 0.92482048348718
0.03870000000000001 6371.184102757952 1.000157572131414 1.532085982994575 251.2033320733111 0.9119304352819955
0.0388 6371.208810108866 1.000157089821958 1.5319984041332 251.042734292373 0.8991732933898432
0.0389 6371.233573438237 1.000156608058094 1.531910783253041 250.8817726514607 0.8865483435044272
0.039 6371.258392773908 1.000156126841643 1.531823120482982 250.7204469695988 0.8740548672260208
0.0391 6371.283268143645 1.000155646174398 1.531735415951866 250.5587570663087 0.8616921421573986
0.0392 6371.308199575134 1.000155166058131 1.531647669788441 250.3967027616258 0.8494594420045191
0.0393 6371.333187095985 1.000154686494589 1.531559882121399 250.2342838761 0.8373560366758357
0.0394 6371.358230733723 1.000154207485496 1.531472053079326 250.0715002308015 0.8253811923820794
0.0395 6371.3833305158 1.00015372903255 1.531384182790722 249.9083516472969 0.8135341717338918
0.0396 6371.40848646959 1.000153251137428 1.531296271383989 249.7448379476672 0.8018142338425484
0.0397 6371.433698622382 1.000152773801784 1.531208318987434 249.5809589545196 0.7902206344201501
0.0398 6371.458967001391 1.000152297027248 1.531120325729226 249.4167144909578 0.7787526258768603
0.0399 6371.484291633754 1.000151820815429 1.531032291737409 249.2521043805999 0.7674094574214932
0.04 6371.509672546527 1.000151345167914 1.530944217139925 249.0871284475724 0.7561903751603596
0.0401 6371.535109766691 1.000150870086266 1.530856102064551 248.92178651651 0.7450946221964602
0.0402 6371.560603321144 1.000150395572029 1.530767946638926 248.756078412562 0.7341214387289846
0.0403 6371.586153236713 1.000149921626724 1.530679750990549 248.5900039613683 0.7232700621507568
0.04040000000000001 6371.611759540138 1.000149448251853 1.530591515246736 248.4235629891008 0.7125397271498508
0.0405 6371.637422258089 1.000148975448896 1.530503239534668 248.256755322422 0.7019296658056319
0.0406 6371.663141417154 1.000148503219311 1.530414923981324 248.0895807884971 0.6914391076881758
0.0407 6371.688917043844 1.000148031564539 1.530326568713522 247.9220392150113 0.6810672799578328
0.0408 6371.714749164594 1.000147560486001 1.530238173857873 247.7541304301407 0.6708134074616491
0.0409 6371.740637805759 1.000147089985095 1.530149739540803 247.5858542625637 0.6606767128322241
0.041 6371.766582993619 1.000146620063203 1.530061265888564 247.417210541479 0.6506564165866482
0.0411 6371.792584754374 1.000146150721689 1.529972753027142 247.2481990965701 0.6407517372220316
0.0412 6371.818643114149 1.000145681961894 1.529884201082374 247.078819758029 0.6309618913143638
0.0413 6371.844758098993 1.000145213785145 1.529795610179821 246.909072356544 0.6212860936149955
0.0414 6371.870929734876 1.00014474619275 1.52970698044484 246.7389567233062 0.6117235571479027
0.0415 6371.897158047692 1.000144279185997 1.529618312002552 246.568472690003 0.6022734933059856
0.04160000000000001 6371.92344306326 1.000143812766159 1.529529604977841 246.3976200888127 0.5929351119470982
0.0417 6371.94978480732 1.000143346934491 1.529440859495323 246.2263987524219 0.5837076214910646
0.0418 6371.976183305537 1.000142881692232 1.5293520756794 246.054808514008 0.5745902290144059
0.0419 6372.002638583502 1.000142417040603 1.529263253654162 245.8828492072388 0.5655821403457409
0.042 6372.029150666726 1.000141952980811 1.529174393543481 245.710520666279 0.5566825601611253
0.04210000000000001 6372.055719580649 1.000141489514044 1.529085495470924 245.5378227257837 0.5478906920784026
0.0422 6372.082345350631 1.000141026641478 1.528996559559785 245.3647552208989 0.53920573875149
0.0423 6372.10902800196 1.000140564364271 1.528907585933083 245.1913179872612 0.5306269019642674
0.0424 6372.135767559846 1.000140102683567 1.52881857471354 245.0175108609977 0.5221533827240538
0.0425 6372.162564049429 1.000139641600495 1.528729526023571 244.8433336787147 0.5137843813540937
0.0426 6372.189417495768 1.000139181116171 1.528640439985306 244.6687862775087 0.5055190975867669
0.0427 6372.216327923852 1.000138721231695 1.528551316720557 244.4938684949615 0.4973567306554711
0.0428 6372.243295358593 1.000138261948156 1.528462156350811 244.3185801691451 0.4892964793866038
0.0429 6372.27031982483 1.000137803266625 1.52837295899726 244.1429211386047 0.4813375422899767
0.043 6372.297401347329 1.000137345188164 1.528283724780743 243.9668912423643 0.4734791176498536
0.0431 6372.32453995078 1.00013688771382 1.528194453821788 243.7904903199327 0.4657204036154585
0.0432 6372.351735659799 1.000136430844629 1.528105146240575 243.6137182113092 0.4580605982909388
0.04330000000000001 6372.378988498933 1.000135974581615 1.528015802156935 243.4365747569367 0.450498899822521
0.0434 6372.406298492651 1.000135518925787 1.527926421690377 243.2590597977663 0.4430345064899867
0.0435 6372.433665665352 1.000135063878145 1.527837004960017 243.0811731752104 0.4356666167927246
0.0436 6372.461090041362 1.000134609439678 1.527747552084661 242.9029147311484 0.4283944295375453
0.0437 6372.488571644933 1.000134155611363 1.527658063182694 242.7242843079324 0.4212171439258871
0.0438 6372.516110500247 1.000133702394167 1.527568538372195 242.5452817483937 0.4141339596404048
0.0439 6372.543706631413 1.000133249789044 1.527478977770808 242.3659068958185 0.4071440769297848
0.044 6372.571360062466 1.000132797796943 1.527389381495852 242.1861595939721 0.4002466966948224
0.0441 6372.599070817374 1.000132346418798 1.527299749664223 242.0060396870689 0.3934410205717915
0.0442 6372.626838920031 1.000131895655537 1.527210082392446 241.8255470197963 0.386726251017234
0.0443 6372.65466439426 1.000131445508076 1.527120379796653 241.6446814373088 0.3801015913909357
0.0444 6372.682547263815 1.000130995977326 1.527030641992577 241.4634427852042 0.3735662460376216
0.0445 6372.710487552376 1.000130547064185 1.526940869095544 241.2818309095532 0.3671194203699262
0.0446 6372.738485283558 1.000130098769546 1.526851061220486 241.0998456568758 0.3607603209487261
0.0447 6372.766540480899 1.000129651094293 1.526761218481901 240.9174868741533 0.3544881555640625
0.0448 6372.794653167875 1.000129204039301 1.526671340993889 240.7347544088101 0.348302133314318
0.0449 6372.822823367887 1.00012875760544 1.526581428870125 240.5516481087319 0.3422014646859017
0.04500000000000001 6372.85105110427 1.00012831179357 1.526491482223874 240.3681678222418 0.3361853616307932
0.0451 6372.879336400289 1.000127866604548 1.526401501167936 240.1843133981241 0.3302530376449356
0.0452 6372.907679279138 1.00012742203922 1.526311485814714 240.0000846856004 0.3244037078443069
0.0453 6372.936079763947 1.00012697809843 1.526221436276175 239.8154815343477 0.3186365890415844
0.0454 6372.964537877774 1.000126534783013 1.526131352663814 239.6305037944684 0.312950899820536
0.0455 6372.993053643613 1.0001260920938 1.526041235088706 239.4451513165144 0.3073458606113162
0.0456 6373.021627084388 1.000125650031616 1.525951083661479 239.259423951475 0.3018206937638476
0.0457 6373.050258222956 1.000125208597281 1.525860898492299 239.0733215507888 0.2963746236211205
0.0458 6373.078947082106 1.000124767791609 1.525770679690889 238.8868439663082 0.2910068765903006
0.0459 6373.107693684565 1.000124327615413 1.525680427366507 238.699991050329 0.2857166812149371
0.046 6373.136498052988 1.000123888069497 1.525590141627941 238.5127626555785 0.2805032682451198
0.0461 6373.165360209967 1.000123449154665 1.525499822583536 238.3251586352156 0.2753658707071476
0.0462 6373.194280178028 1.000123010871715 1.525409470341141 238.137178842819 0.2703037239720385
0.0463 6373.223257979629 1.000122573221442 1.525319085008161 237.9488231324107 0.2653160658241465
0.0464 6373.252293637168 1.00012213620464 1.525228666691506 237.7600913584087 0.2604021365270207
0.0465 6373.281387172974 1.000121699822096 1.525138215497604 237.5709833756686 0.2555611788907714
0.0466 6373.310538609313 1.000121264074598 1.525047731532434 237.3814990394657 0.2507924383369738
0.04670000000000001 6373.339747968386 1.00012082896293 1.524957214901465 237.1916382054891 0.2460951629630217
0.0468 6373.36901527233 1.000120394487874 1.524866665709679 237.0014007298536 0.2414686036060333
0.0469 6373.398340543219 1.00011996065021 1.524776084061582 236.8107864690759 0.2369120139049861
0.047 6373.427723803065 1.000119527450719 1.52468547006118 236.6197952800807 0.2324246503626945
0.0471 6373.457165073813 1.000119094890176 1.524594823811986 236.4284270202123 0.2280057724069945
0.0472 6373.486664377351 1.000118662969358 1.524504145417023 236.2366815472172 0.2236546424503157
0.0473 6373.5162217355 1.000118231689041 1.524413434978816 236.0445587192497 0.219370525948895
0.0474 6373.545837170021 1.000117801050001 1.52432269259937 235.852058394866 0.2151526914607892
0.0475 6373.575510702611 1.000117371053011 1.524231918380221 235.6591804330304 0.2110004107032161
0.0476 6373.60524235491 1.000116941698847 1.524141112422348 235.4659246930854 0.2069129586081984
0.0477 6373.635032148493 1.000116512988283 1.524050274826279 235.2722910347933 0.2028896133787877
0.0478 6373.664880104877 1.000116084922095 1.523959405692006 235.0782793183006 0.1989296565426907
0.04790000000000001 6373.694786245515 1.000115657501059 1.523868505119001 234.88388940415 0.1950323730059558
0.048 6373.724750591805 1.000115230725951 1.523777573206239 234.6891211532683 0.1911970511052133
0.0481 6373.75477316508 1.00011480459755 1.523686610052172 234.4939744269785 0.1874229826594277
0.0482 6373.784853986617 1.000114379116634 1.523595615754749 234.2984490869879 0.1837094630202107
0.0483 6373.814993077634 1.000113954283985 1.523504590411375 234.1025449953821 0.1800557911212975
0.04840000000000001 6373.845190459286 1.000113530100386 1.523413534118963 233.9062620146427 0.1764612695274844
0.0485 6373.875446152674 1.00011310656662 1.523322446973896 233.709600007618 0.1729252044817111
0.0486 6373.905760178841 1.000112683683474 1.523231329072037 233.5125588375344 0.1694469059519413
0.0487 6373.936132558769 1.000112261451738 1.523140180508714 233.3151383680027 0.1660256876769325
0.0488 6373.966563313385 1.000111839872204 1.523049001378738 233.1173384629946 0.1626608672105088
0.0489 6373.99705246356 1.000111418945667 1.522957791776404 232.9191589868595 0.1593517659655713
0.049 6374.027600030105 1.000110998672924 1.52286655179547 232.7205998043199 0.1560977092566979
0.0491 6374.058206033775 1.000110579054777 1.522775281529176 232.5216607804645 0.1528980263417609
0.0492 6374.08887049527 1.00011016009203 1.522683981070218 232.3223417807425 0.1497520504625564
0.0493 6374.119593435236 1.000109741785491 1.522592650510785 232.122642670964 0.1466591188845383
0.0494 6374.150374874262 1.000109324135972 1.522501289942527 231.9225633172995 0.1436185729355521
0.0495 6374.181214832879 1.00010890714429 1.522409899456558 231.7221035862862 0.1406297580436546
0.04960000000000001 6374.212113331568 1.000108490811264 1.522318479143477 231.5212633448099 0.1376920237735808
0.0497 6374.243070390753 1.00010807513772 1.522227029093336 231.3200424601054 0.13480472386249
0.0498 6374.274086030804 1.000107660124485 1.522135549395668 231.1184407997738 0.1319672162549578
0.0499 6374.30516027204 1.000107245772395 1.522044040139471 230.9164582317416 0.1291788631361267
0.05 6374.336293134722 1.000106832082289 1.521952501413203 230.7140946243074 0.1264390309651112
0.05010000000000001 6374.367484639062 1.000106419055009 1.521860933304818 230.5113498460954 0.123747090506083
0.0502 6374.398734805217 1.000106006691406 1.52176933590171 230.30822376609 0.1211024168594935
0.0503 6374.430043653293 1.000105594992334 1.521677709290754 230.104716253595 0.1185043894912722
0.0504 6374.461411203342 1.000105183958652 1.521586053558292 229.9008271782749 0.115952392262113
0.0505 6374.492837475367 1.000104773591228 1.521494368790146 229.6965564101132 0.1134458134546944
0.0506 6374.524322489317 1.000104363890932 1.521402655071587 229.4919038194365 0.1109840458007397
0.0507 6374.555866265093 1.000103954858642 1.521310912487376 229.2868692768965 0.108566486506564
0.0508 6374.587468822542 1.000103546495243 1.521219141121732 229.0814526534758 0.1061925372779241
0.0509 6374.619130181463 1.000103138801623 1.521127341058349 228.8756538204883 0.1038616043438032
0.051 6374.650850361605 1.000102731778681 1.521035512380404 228.669472649567 0.1015730984790775
0.0511 6374.682629382665 1.000102325427318 1.520943655170529 228.4629090126758 0.09932643502646676
0.0512 6374.714467264294 1.000101919748445 1.520851769510835 228.2559627820864 0.09712103391711374
0.05130000000000001 6374.746364026092 1.000101514742978 1.520759855482904 228.0486338304012 0.09495631969070216
0.0514 6374.778319687611 1.00010111041184 1.520667913167823 227.8409220305301 0.09283172151408862
0.0515 6374.810334268353 1.000100706755963 1.520575942646108 227.6328272557083 0.09074667319940358
0.0516 6374.842407787774 1.000100303776283 1.520483943997779 227.4243493794664 0.08870061322069968
0.0517 6374.874540265284 1.000099901473746 1.520391917302338 227.2154882756544 0.08669298473017872
0.05180000000000001 6374.906731720241 1.000099499849304 1.520299862638752 227.0062438184353 0.08472323557315195
0.0519 6374.93898217196 1.000099098903916 1.520207780085488 226.7966158822622 0.08279081830189051
0.052 6374.971291639707 1.000098698638551 1.520115669720467 226.5866043419013 0.08089519018897211
0.0521 6375.003660142704 1.000098299054181 1.520023531621127 226.3762090724261 0.07903581323939589
0.0522 6375.036087700125 1.000097900151791 1.51993136586436 226.1654299491883 0.07721215420155816
0.0523 6375.068574331099 1.000097501932371 1.519839172526574 225.9542668478583 0.07542368457791884
0.0524 6375.101120054709 1.000097104396918 1.519746951683653 225.7427196443908 0.07366988063406026
0.0525 6375.133724889996 1.000096707546439 1.519654703410955 225.530788215024 0.07195022340714248
0.0526 6375.166388855953 1.000096311381949 1.519562427783355 225.3184724363035 0.07026419871362392
0.0527 6375.199111971529 1.000095915904469 1.51947012487522 225.1057721850588 0.0686112971556796
0.0528 6375.231894255631 1.00009552111503 1.519377794760395 224.892687338397 0.06699101412686867
0.0529 6375.264735727121 1.000095127014672 1.519285437512238 224.6792177737151 0.06540284981703656
0.05300000000000001 6375.297636404816 1.00009473360444 1.519193053203607 224.4653633686938 0.06384630921618209
0.0531 6375.330596307494 1.000094340885391 1.519100641906849 224.2511240012917 0.06232090211744223
0.0532 6375.363615453886 1.000093948858588 1.519008203693823 224.0364995497392 0.06082614311920088
0.0533 6375.396693862685 1.000093557525103 1.518915738635908 223.8214898925447 0.05936155162640773
0.0534 6375.429831552538 1.000093166886017 1.518823246803962 223.6060949085003 0.05792665185102515
0.05350000000000001 6375.463028542052 1.000092776942419 1.518730728268393 223.390314476664 0.05652097281145739
0.0536 6375.496284849792 1.000092387695407 1.518638183099086 223.1741484763542 0.05514404833121818
0.0537 6375.529600494281 1.000091999146087 1.51854561136546 222.9575967871727 0.05379541703694102
0.0538 6375.562975494005 1.000091611295573 1.518453013136454 222.7406592889701 0.05247462235517723
0.0539 6375.596409867404 1.00009122414499 1.518360388480524 222.5233358618742 0.05118121250877819
0.054 6375.629903632884 1.000090837695469 1.518267737465643 222.3056263862558 0.04991474051205969
0.0541 6375.663456808805 1.000090451948151 1.51817506015933 222.087530742769 0.04867476416561497
0.05420000000000001 6375.69706941349 1.000090066904185 1.518082356628611 221.8690488123165 0.04746084604987086
0.0543 6375.730741465223 1.000089682564729 1.517989626940065 221.6501804760491 0.04627255351806795
0.0544 6375.764472982249 1.000089298930949 1.517896871159797 221.4309256153837 0.04510945868854838
0.0545 6375.798263982773 1.000088916004022 1.517804089353438 221.2112841119737 0.04397113843601244
0.0546 6375.832114484964 1.00008853378513 1.517711281586175 220.9912558477325 0.04285717438229613
0.05470000000000001 6375.866024506951 1.000088152275467 1.517618447922744 220.7708407048161 0.04176715288617255
0.0548 6375.899994066825 1.000087771476233 1.517525588427409 220.5500385656345 0.04070066503255853
0.0549 6375.934023182641 1.000087391388638 1.517432703164008 220.3288493128342 0.03965730662083757
0.055 6375.968111872414 1.0000870120139 1.517339792195903 220.1072728293101 0.03863667815260059
0.0551 6376.002260154126 1.000086633353246 1.517246855586046 219.8853089981816 0.03763838481850279
0.05520000000000001 6376.036468045719 1.000086255407911 1.517153893396923 219.6629577028283 0.03666203648468375
0.0553 6376.070735565099 1.000085878179139 1.517060905690598 219.4402188268544 0.03570724767816568
0.0554 6376.105062730139 1.000085501668182 1.516967892528693 219.2170922540948 0.03477363757175717
0.0555 6376.139449558672 1.000085125876301 1.516874853972408 218.9935778686325 0.03386082996832294
0.0556 6376.173896068496 1.000084750804764 1.516781790082516 218.7696755547753 0.03296845328421252
0.0557 6376.208402277377 1.000084376454849 1.51668870091936 218.5453851970495 0.03209614053211422
0.0558 6376.242968203042 1.000084002827841 1.51659558654287 218.3207066802241 0.03124352930337721
0.05590000000000001 6376.277593863188 1.000083629925034 1.516502447012554 218.0956398892807 0.03041026174948972
0.056 6376.312279275472 1.000083257747729 1.516409282387517 217.8701847094316 0.02959598456311802
0.0561 6376.34702445752 1.000082886297237 1.516316092726455 217.6443410261194 0.02880034895846039
0.0562 6376.381829426924 1.000082515574874 1.516222878087649 217.4181087249939 0.02802301065091794
0.0563 6376.416694201242 1.000082145581967 1.516129638528988 217.1914876919294 0.02726362983632359
0.05640000000000001 6376.451618797998 1.00008177631985 1.516036374107961 216.9644778130131 0.02652187116948546
0.0565 6376.486603234684 1.000081407789862 1.515943084881666 216.7370789745568 0.02579740374224193
0.0566 6376.521647528756 1.000081039993355 1.515849770906808 216.509291063085 0.02508990106088032
0.0567 6376.556751697641 1.000080672931683 1.515756432239709 216.2811139653353 0.02439904102305031
0.0568 6376.591915758731 1.000080306606212 1.51566306893631 216.052547568246 0.02372450589410776
0.05690000000000001 6376.627139729389 1.000079941018312 1.515569681052177 215.8235917589744 0.02306598228302435
0.057 6376.662423626941 1.000079576169363 1.515476268642487 215.5942464248845 0.02242316111769523
0.0571 6376.697767468687 1.000079212060751 1.515382831762074 215.3645114535356 0.02179573761975202
0.0572 6376.733171271891 1.000078848693868 1.515289370465381 215.1343867327054 0.02118341127898462
0.0573 6376.768635053789 1.000078486070115 1.515195884806505 214.9038721503729 0.02058588582717059
0.0574 6376.804158831582 1.0000781241909 1.515102374839165 214.672967594718 0.02000286921149054
0.0575 6376.839742622445 1.000077763057636 1.515008840616769 214.4416729541098 0.01943407356746148
0.05760000000000001 6376.875386443519 1.000077402671744 1.514915282192322 214.2099881171242 0.01887921519150234
0.0577 6376.911090311916 1.00007704303465 1.514821699618523 213.9779129725442 0.01833801451302218
0.0578 6376.946854244718 1.000076684147789 1.51472809294772 213.74544740933 0.017810196066024
0.0579 6376.982678258977 1.000076326012601 1.514634462231917 213.5125913166488 0.01729548846044193
0.058 6377.018562371715 1.000075968630531 1.514540807522784 213.279344583851 0.01679362435296036
0.05810000000000001 6377.054506599925 1.000075612003033 1.51444712887168 213.0457071004879 0.01630434041754422
0.0582 6377.09051096057 1.000075256131563 1.514353426329619 212.8116787562943 0.0158273773155211
0.0583 6377.126575470586 1.000074901017587 1.514259699947314 212.5772594411941 0.01536247966535666
0.0584 6377.162700146875 1.000074546662573 1.514165949775151 212.342449045312 0.01490939601209249
0.0585 6377.198885006317 1.000074193067998 1.514072175863205 212.1072474589386 0.01446787879635719
0.05860000000000001 6377.23513006576 1.000073840235341 1.513978378261246 211.8716545725591 0.01403768432318259
0.0587 6377.271435342024 1.000073488166088 1.513884557018742 211.6356702768425 0.01361857273042666
0.05880000000000001 6377.307800851902 1.000073136861731 1.513790712184869 211.3992944626347 0.01321030795691051
0.0589 6377.344226612158 1.000072786323764 1.513696843808494 211.162527020971 0.01281265771029835
0.059 6377.380712639529 1.00007243655369 1.513602951938219 210.925367843064 0.01242539343466014
0.0591 6377.417258950722 1.000072087553012 1.513509036622334 210.6878168203037 0.01204829027779147
0.0592 6377.453865562424 1.000071739323241 1.513415097908861 210.4498738442456 0.01168112705826256
0.05930000000000001 6377.490532491286 1.000071391865891 1.513321135845541 210.2115388066403 0.01132368623229059
0.0594 6377.527259753938 1.00007104518248 1.513227150479856 209.9728115994038 0.0109757538602899
0.0595 6377.56404736698 1.00007069927453 1.513133141859004 209.7336921146297 0.01063711957326955
0.0596 6377.600895346987 1.000070354143568 1.513039110029933 209.4941802445827 0.01030757653899739
0.0597 6377.637803710509 1.000070009791122 1.512945055039326 209.2542758816934 0.009986921427970785
0.05980000000000001 6377.674772474065 1.000069666218727 1.512850976933614 209.0139789185754 0.009674954379234969
0.0599 6377.711801654154 1.000069323427918 1.512756875758972 208.773289248002 0.009371478965974206
0.06 6377.748891267243 1.000068981420235 1.512662751561339 208.532206762918 0.00907630216098966
0.0601 6377.786041329779 1.000068640197221 1.512568604386406 208.2907313564336 0.008789234302004262
0.0602 6377.823251858181 1.000068299760421 1.512474434279627 208.0488629218247 0.008510089056836954
0.0603 6377.86052286884 1.000067960111384 1.51238024128623 207.8066013525385 0.008238683388455743
0.0604 6377.897854378125 1.000067621251658 1.51228602545122 207.5639465421876 0.007974837519900338
0.06050000000000001 6377.935246402378 1.000067283182798 1.512191786819359 207.3208983845446 0.007718374899100372
0.0606 6377.972698957918 1.000066945906357 1.512097525435208 207.0774567735356 0.007469122163599583
0.0607 6378.010212061037 1.000066609423893 1.512003241343102 206.8336216032579 0.00722690910522021
0.0608 6378.047785728005 1.000066273736963 1.511908934587167 206.5893927679689 0.006991568634622305
0.0609 6378.085419975064 1.000065938847128 1.511814605211339 206.3447701620852 0.006762936745813191
0.06100000000000001 6378.123114818433 1.000065604755947 1.511720253259334 206.0997536801832 0.006540852480604186
0.0611 6378.160870274308 1.000065271464984 1.511625878774671 205.8543432169989 0.006325157893025051
0.0612 6378.198686358859 1.0000649389758 1.511531481800692 205.6085386674162 0.006115698013696469
0.0613 6378.236563088232 1.000064607289961 1.511437062380541 205.3623399264901 0.005912320814211254
0.0614 6378.274500478551 1.000064276409029 1.511342620557172 205.1157468894179 0.005714877171457994
0.06150000000000001 6378.312498545914 1.00006394633457 1.511248156373366 204.8687594515562 0.005523220831983271
0.0616 6378.350557306396 1.000063617068149 1.511153669871733 204.6213775084274 0.005337208376350164
0.0617 6378.388676776048 1.000063288611329 1.5110591610947 204.3736009556895 0.005156699183487926
0.0618 6378.426856970898 1.000062960965675 1.51096463008454 204.1254296891606 0.00498155539510962
0.0619 6378.465097906952 1.00006263413275 1.510870076883353 203.876863604812 0.004811641880142916
0.062 6378.503399600189 1.000062308114119 1.510775501533085 203.6279025987691 0.004646826199211168
0.0621 6378.541762066569 1.000061982911342 1.510680904075522 203.3785465672989 0.00448697856916184
0.06220000000000001 6378.580185322026 1.000061658525982 1.510586284552313 203.1287954068283 0.004331971827678157
0.0623 6378.618669382472 1.000061334959597 1.510491643004954 202.8786490139317 0.004181681397943862
0.0624 6378.657214263797 1.000061012213747 1.510396979474792 202.6281072853197 0.004035985253390811
0.0625 6378.695819981866 1.000060690289987 1.510302294003048 202.3771701178683 0.003894763882560832
0.0626 6378.734486552524 1.000060369189874 1.510207586630793 202.1258374085954 0.003757900254034317
0.06270000000000001 6378.77321399159 1.000060048914957 1.510112857398995 201.8741090546667 0.003625279781483629
0.06280000000000001 6378.812002314864 1.000059729466789 1.510018106348476 201.621984953384 0.003496790288832029
0.0629 6378.850851538122 1.000059410846917 1.509923333519934 201.3694650022084 0.003372321975554052
0.063 6378.889761677117 1.000059093056884 1.509828538953971 201.1165490987372 0.003251767382082398
0.0631 6378.928732747581 1.000058776098235 1.509733722691052 200.8632371407215 0.003135021355374619
0.06320000000000001 6378.967764765222 1.000058459972507 1.509638884771545 200.609529026054 0.003021981014611545
0.06330000000000001 6379.00685774573 1.000058144681236 1.509544025235716 200.3554246527577 0.002912545717050601
0.0634 6379.046011704766 1.000057830225952 1.509449144123719 200.1009239190211 0.002806617024060562
0.0635 6379.085226657975 1.000057516608185 1.509354241475624 199.8460267231625 0.002704098667293445
0.0636 6379.124502620977 1.000057203829459 1.50925931733139 199.5907329636483 0.002604896515054975
0.06370000000000001 6379.163839609372 1.000056891891292 1.509164371730895 199.3350425390807 0.002508918538844635
0.06380000000000001 6379.203237638736 1.000056580795201 1.509069404713937 199.0789553482158 0.002416074780095973
0.0639 6379.242696724625 1.000056270542695 1.508974416320225 198.8224712899395 0.002326277317096427
0.064 6379.282216882572 1.000055961135282 1.508879406589384 198.5655902632797 0.002239440232122331
0.0641 6379.32179812809 1.000055652574461 1.508784375560975 198.3083121674121 0.00215547957877883
0.06420000000000001 6379.361440476669 1.000055344861728 1.508689323274486 198.0506369016483 0.002074313349547643
0.06430000000000001 6379.401143943778 1.000055037998572 1.508594249769334 197.792564365442 0.00199586144356061
0.0644 6379.440908544863 1.00005473198648 1.508499155084862 197.5340944583885 0.001920045634596383
0.0645 6379.480734295351 1.000054426826928 1.508404039260373 197.2752270802192 0.001846789539306337
0.0646 6379.520621210645 1.000054122521389 1.508308902335102 197.0159621308075 0.001776018585680214
0.06470000000000001 6379.56056930613 1.000053819071329 1.508213744348232 196.7562995101565 0.001707659981748215
0.0648 6379.600578597165 1.000053516478208 1.508118565338895 196.4962391184293 0.001641642684540516
0.0649 6379.640649099091 1.000053214743478 1.508023365346177 196.2357808559071 0.001577897369279399
0.065 6379.680780827228 1.000052913868585 1.507928144409123 195.9749246230189 0.001516356398846076
0.06510000000000001 6379.720973796872 1.000052613854969 1.507832902566736 195.7136703203295 0.00145695379349723
0.06520000000000001 6379.761228023301 1.000052314704059 1.507737639857989 195.4520178485458 0.001399625200850897
0.0653 6379.801543521768 1.000052016417282 1.507642356321807 195.1899671085106 0.001344307866138736
0.0654 6379.841920307507 1.000051718996051 1.507547051997098 194.9275180012027 0.001290940602732927
0.0655 6379.882358395733 1.000051422441776 1.507451726922748 194.6646704277367 0.00123946376295006
0.06560000000000001 6379.922857801635 1.000051126755857 1.507356381137602 194.4014242893694 0.001189819209136901
0.06570000000000001 6379.963418540385 1.000050831939685 1.507261014680504 194.1377794874992 0.001141950285039103
0.0658 6380.00404062713 1.000050537994644 1.507165627590268 193.8737359236546 0.001095801787455599
0.0659 6380.044724077001 1.000050244922108 1.507070219905691 193.6092934994944 0.001051319938186292
0.066 6380.085468905102 1.000049952723442 1.50697479166558 193.3444521168366 0.001008452356278355
0.06610000000000001 6380.12627512652 1.000049661400003 1.506879342908714 193.0792116776178 0.0009671480305574607
0.06620000000000001 6380.16714275632 1.000049370953138 1.506783873673869 192.8135720839222 0.0009273572924704835
0.0663 6380.208071809545 1.000049081384184 1.506688383999823 192.5475332379582 0.0008890317892218061
0.0664 6380.249062301217 1.00004879269447 1.506592873925359 192.2810950420879 0.0008521244572221751
0.0665 6380.290114246339 1.000048504885313 1.506497343489257 192.0142573987977 0.0008165894958357135
0.06660000000000001 6380.331227659889 1.000048217958021 1.506401792730311 191.7470202107214 0.0007823823414434232
0.06670000000000001 6380.372402556828 1.000047931913892 1.506306221687305 191.4793833806174 0.0007494596418111302
0.0668 6380.413638952094 1.000047646754212 1.506210630399061 191.2113468113915 0.0007177792307762386
0.0669 6380.454936860601 1.000047362480259 1.506115018904398 190.9429104060918 0.0006873001032447639
0.067 6380.496296297249 1.000047079093298 1.506019387242163 190.6740740678841 0.0006579823905024231
0.06710000000000001 6380.537717276909 1.000046796594583 1.505923735451212 190.4048377000885 0.000629787335849476
0.06720000000000001 6380.579199814438 1.000046514985358 1.505828063570426 190.1352012061546 0.0006026772705470919
0.0673 6380.620743924665 1.000046234266856 1.505732371638715 189.8651644896744 0.0005766155900869576
0.0674 6380.662349622404 1.000045954440296 1.505636659695012 189.5947274543754 0.0005515667307791901
0.0675 6380.704016922443 1.000045675506887 1.505540927778297 189.3238900041214 0.00052749614666182
0.06760000000000001 6380.745745839551 1.000045397467826 1.505445175927545 189.0526520429179 0.0005043702867323007
0.06770000000000001 6380.787536388476 1.000045120324298 1.505349404181806 188.7810134749064 0.0004821565724999539
0.0678 6380.829388583944 1.000044844077476 1.505253612580136 188.5089742043646 0.0004608233758612884
0.0679 6380.871302440661 1.000044568728519 1.50515780116165 188.2365341357057 0.000440339997297845
0.068 6380.913277973309 1.000044294278575 1.505061969965495 187.9636931734912 0.0004206766443974127
0.06810000000000001 6380.955315196552 1.000044020728778 1.504966119030859 187.6904512224122 0.0004018044106955133
0.0682 6380.99741412503 1.000043748080252 1.504870248396986 187.416808187308 0.0003836952548417707
0.0683 6381.039574773362 1.000043476334104 1.504774358103157 187.1427639731477 0.0003663219800856956
0.0684 6381.081797156147 1.000043205491429 1.504678448188709 186.8683184850423 0.0003496582140859803
0.06850000000000001 6381.124081287962 1.00004293555331 1.504582518693032 186.5934716282449 0.0003336783890398015
0.06860000000000001 6381.166427183362 1.000042666520816 1.50448656965556 186.3182233081442 0.0003183577221319573
0.0687 6381.208834856881 1.000042398395001 1.504390601115794 186.0425734302711 0.0003036721963040398
0.0688 6381.251304323032 1.000042131176905 1.504294613113287 185.7665219002923 0.0002895985413413033
0.0689 6381.293835596304 1.000041864867557 1.504198605687647 185.4900686240225 0.0002761142152777841
0.06900000000000001 6381.336428691166 1.000041599467968 1.504102578878551 185.2132135074179 0.0002631973861165951
0.06910000000000001 6381.379083622068 1.000041334979137 1.504006532725746 184.9359564565592 0.0002508269138646324
0.0692 6381.421800403433 1.000041071402047 1.503910467269018 184.6582973776866 0.0002389823328831817
0.0693 6381.464579049666 1.000040808737669 1.503814382548244 184.3802361771703 0.0002276438345474825
0.0694 6381.507419575149 1.000040546986955 1.503718278603361 184.1017727615284 0.0002167922502187917
0.06950000000000001 6381.550321994244 1.000040286150846 1.503622155474374 183.8229070374149 0.0002064090345238489
0.06960000000000001 6381.593286321287 1.000040026230267 1.503526013201353 183.5436389116315 0.0001964762489421585
0.0697 6381.636312570597 1.000039767226126 1.50342985182446 183.2639682911221 0.0001869765456975437
