0 6365.5 1.000281307407972 1.562069680534925 288.15 1.875690119715728
0.0001 6365.505586920087 1.00028114350168 1.561988263882343 288.1136850194351 1.87130840637673
0.0002 6365.511225674968 1.000280978167306 1.561906837622653 288.0770331127077 1.866895158615639
0.0003 6365.516916270972 1.000280811407166 1.561825401652039 288.0400442386839 1.862450607767267
0.0004 6365.522658714495 1.000280643223594 1.561743955867366 288.0027183557808 1.857974986598198
0.0005 6365.528453012002 1.000280473618944 1.561662500166105 287.9650554219896 1.853468529292455
0.0006000000000000001 6365.534299170023 1.000280302595585 1.561581034446233 287.9270553948526 1.848931471431396
0.0007 6365.540197195158 1.000280130155908 1.561499558606227 287.8887182314742 1.844364049977765
0.0008 6365.546147094071 1.000279956302321 1.561418072545123 287.8500438885393 1.839766503260333
0.0009000000000000001 6365.552148873494 1.000279781037249 1.561336576162471 287.8110323222894 1.835139070953514
0.001 6365.558202540225 1.000279604363136 1.561255069358358 287.7716834885404 1.830481994061808
0.0011 6365.564308101125 1.000279426282445 1.561173552033348 287.7319973426883 1.825795514902741
0.0012 6365.570465563123 1.000279246797656 1.561092024088474 287.6919738397036 1.821079877088308
0.0013 6365.576674933212 1.000279065911267 1.561010485425278 287.6516129341193 1.816335325505633
0.0014 6365.582936218451 1.000278883625795 1.560928935945756 287.6109145800664 1.811562106303114
0.0015 6365.589249425961 1.000278699943774 1.560847375552351 287.5698787312502 1.806760466869503
0.0016 6365.595614562931 1.000278514867756 1.560765804147983 287.5285053409506 1.801930655815706
0.0017 6365.602031636609 1.00027832840031 1.56068422163606 287.4867943620392 1.797072922958551
0.0018 6365.60850065431 1.000278140544024 1.560602627920354 287.4447457469859 1.792187519303082
0.0019 6365.615021623409 1.000277951301503 1.560521022905168 287.4023594478407 1.787274697022017
0.002 6365.621594551348 1.000277760675371 1.560439406495202 287.3596354162399 1.78233470943789
0.0021 6365.628219445629 1.000277568668266 1.560357778595458 287.3165736034119 1.777367811005107
0.0022 6365.634896313818 1.000277375282848 1.560276139111578 287.273173960183 1.77237425729191
0.0023 6365.641625163541 1.00027718052179 1.560194487949438 287.2294364369835 1.767354304962258
0.0024 6365.64840600249 1.000276984387786 1.560112825015417 287.185360983818 1.762308211753573
0.0025 6365.655238838413 1.000276786883545 1.560031150216281 287.1409475503127 1.757236236463219
0.0026 6365.662123679125 1.000276588011794 1.559949463459163 287.0961960856861 1.752138638926096
0.0027 6365.669060532497 1.000276387775277 1.559867764651658 287.0511065387662 1.747015679997581
0.0028 6365.676049406466 1.000276186176756 1.559786053701669 287.0056788579735 1.741867621532346
0.0029 6365.683090309024 1.000275983219008 1.559704330517547 286.9599129913439 1.736694726367826
0.003 6365.690183248229 1.000275778904829 1.559622595008032 286.9138088865114 1.731497258302912
0.0031 6365.697328232196 1.00027557323703 1.559540847082186 286.8673664907259 1.726275482080602
0.0032 6365.7045252691 1.000275366218441 1.559459086649533 286.8205857508527 1.721029663368566
0.0033 6365.711774367177 1.000275157851907 1.559377313619865 286.7734666133496 1.715760068737016
0.0034 6365.719075534721 1.000274948140291 1.559295527903431 286.7260090243134 1.710466965644456
0.0035 6365.726428780086 1.00027473708647 1.55921372941083 286.6782129294392 1.705150622413449
0.0036 6365.733834111686 1.000274524693342 1.559131918052987 286.6300782740435 1.699811308213596
0.0037 6365.741291537992 1.000274310963816 1.559050093741259 286.5816050030529 1.694449293040509
0.0038 6365.748801067533 1.000274095900823 1.558968256387257 286.5327930610332 1.689064847699308
0.0039 6365.7563627089 1.000273879507305 1.558886405903076 286.4836423921482 1.683658243780223
0.004 6365.763976470738 1.000273661786225 1.558804542201066 286.4341529402012 1.678229753643288
0.0041 6365.771642361751 1.000273442740559 1.558722665193957 286.3843246486171 1.672779650396452
0.004200000000000001 6365.779360390702 1.000273222373301 1.558640774794881 286.3341574604364 1.667308207874973
0.0043 6365.787130566409 1.000273000687459 1.55855887091723 286.2836513183391 1.661815700623982
0.0044 6365.794952897751 1.000272777686059 1.558476953474826 286.2328061646211 1.656302403875839
0.004500000000000001 6365.80282739366 1.000272553372142 1.558395022381771 286.1816219412116 1.650768593531969
0.0046 6365.810754063126 1.000272327748765 1.558313077552519 286.1300985896791 1.645214546143346
0.0047 6365.818732915198 1.000272100819 1.558231118901961 286.0782360512138 1.63964053888839
0.0048 6365.826763958977 1.000271872585935 1.558149146345189 286.0260342666514 1.634046849555299
0.0049 6365.834847203622 1.000271643052676 1.558067159797701 285.973493176455 1.628433756519877
0.005 6365.84298265835 1.000271412222341 1.557985159175308 285.920612720727 1.622801538726514
0.0051 6365.851170332431 1.000271180098065 1.557903144394208 285.8673928391976 1.617150475666604
0.005200000000000001 6365.859410235192 1.000270946682998 1.557821115370884 285.8138334712538 1.611480847361335
0.0053 6365.867702376013 1.000270711980306 1.557739072022174 285.7599345559164 1.605792934338779
0.0054 6365.876046764332 1.00027047599317 1.557657014265238 285.7056960318395 1.600087017613499
0.005500000000000001 6365.884443409641 1.000270238724786 1.557574942017535 285.6511178373343 1.594363378668599
0.0056 6365.892892321484 1.000270000178365 1.557492855196946 285.5961999103514 1.588622299433392
0.0057 6365.901393509464 1.000269760357133 1.557410753721583 285.5409421884868 1.58286406226354
0.0058 6365.909946983234 1.00026951926433 1.557328637509927 285.4853446089818 1.577088949920555
0.0059 6365.918552752502 1.000269276903214 1.557246506480798 285.4294071087346 1.5712972455525
0.006 6365.927210827033 1.000269033277053 1.557164360553346 285.373129624283 1.565489232671613
0.0061 6365.935921216643 1.000268788389134 1.557082199646987 285.3165120918219 1.55966519513559
0.006200000000000001 6365.9446839312 1.000268542242757 1.557000023681525 285.2595544471973 1.553825417126402
0.0063 6365.953498980628 1.000268294841235 1.556917832577051 285.2022566259183 1.54797018313093
0.0064 6365.962366374903 1.000268046187897 1.556835626254023 285.1446185631333 1.542099777917953
0.006500000000000001 6365.97128612405 1.000267796286088 1.556753404633173 285.0866401936718 1.536214486521771
0.0066 6365.980258238155 1.000267545139163 1.556671167635582 285.0283214519903 1.53031459421619
0.0067 6365.98928272735 1.000267292750495 1.556588915182625 284.9696622722266 1.52440038649932
0.0068 6365.998359601818 1.00026703912347 1.556506647196051 284.9106625881813 1.518472149071148
0.006900000000000001 6366.0074888718 1.000266784261487 1.556424363597854 284.8513223333001 1.512530167811149
0.007 6366.016670547584 1.000266528167961 1.556342064310477 284.791641440704 1.506574728760649
0.0071 6366.02590463951 1.000266270846318 1.556259749256484 284.7316198431826 1.500606118101606
0.007200000000000001 6366.035191157973 1.000266012300001 1.556177418358942 284.6712574731768 1.494624622134247
0.0073 6366.044530113415 1.000265752532465 1.55609507154116 284.6105542628023 1.488630527258824
0.0074 6366.053921516329 1.000265491547178 1.556012708726747 284.5495101438618 1.482624119956169
0.007500000000000001 6366.063365377263 1.000265229347623 1.555930329839687 284.488125047791 1.476605686761876
0.0076 6366.072861706811 1.000264965937295 1.555847934804231 284.4263989057303 1.470575514252711
0.0077 6366.082410515619 1.000264701319704 1.555765523544979 284.3643316484771 1.464533889021399
0.007800000000000001 6366.092011814385 1.000264435498373 1.555683095986793 284.3019232064979 1.458481097657258
0.007900000000000001 6366.101665613854 1.000264168476837 1.555600652054962 284.2391735099458 1.452417426727388
0.008 6366.111371924823 1.000263900258645 1.555518191674993 284.1760824886486 1.446343162755007
0.0081 6366.121130758137 1.000263630847359 1.555435714772724 284.1126500721092 1.440258592198968
0.008200000000000001 6366.130942124692 1.000263360246554 1.555353221274368 284.0488761895052 1.434164001433301
0.0083 6366.14080603543 1.000263088459818 1.555270711106392 283.9847607697069 1.428059676728456
0.008400000000000001 6366.150722501346 1.00026281549075 1.555188184195628 283.9203037412534 1.421945904228638
0.008500000000000001 6366.160691533481 1.000262541342966 1.555105640469159 283.8555050323706 1.415822969933105
0.0086 6366.170713142928 1.000262266020089 1.555023079854456 283.7903645709711 1.409691159675803
0.008700000000000001 6366.180787340822 1.00026198952576 1.55494050227926 283.724882284654 1.403550759105039
0.008800000000000001 6366.190914138353 1.000261711863628 1.55485790767168 283.6590581007052 1.397402053663176
0.0089 6366.201093546755 1.000261433037358 1.554775295960037 283.5928919460915 1.391245328565828
0.009000000000000001 6366.211325577312 1.000261153050624 1.554692667073099 283.5263837474721 1.38508086878274
0.0091 6366.221610241352 1.000260871907114 1.554610020939844 283.4595334312106 1.378908959018686
0.0092 6366.231947550255 1.000260589610529 1.554527357489632 283.3923409233456 1.372729883690584
0.009300000000000001 6366.242337515444 1.000260306164581 1.554444676652118 283.3248061496141 1.366543926909584
0.0094 6366.252780148393 1.000260021572992 1.554361978357253 283.2569290354458 1.36035137246046
0.0095 6366.26327546062 1.000259735839499 1.554279262535323 283.1887095059686 1.354152503782129
0.009600000000000001 6366.27382346369 1.000259448967848 1.554196529116974 283.1201474860153 1.347947603948218
0.0097 6366.284424169216 1.000259160961801 1.554113778033047 283.0512429000991 1.341736955644999
0.0098 6366.295077588854 1.000258871825126 1.554031009214847 282.9819956724494 1.335520841154726
0.009900000000000001 6366.305783734309 1.000258581561607 1.553948222593869 282.9124057269945 1.329299542334213
0.01 6366.31654261733 1.000258290175037 1.55386541810201 282.8424729873549 1.323073340594545
0.0101 6366.327354249713 1.00025799766922 1.553782595671437 282.7721973768674 1.316842516883483
0.0102 6366.338218643298 1.000257704047973 1.553699755234662 282.7015788185616 1.310607351663703
0.0103 6366.349135809973 1.000257409315124 1.553616896724495 282.6306172351773 1.304368124894794
0.0104 6366.360105761666 1.000257113474511 1.55353402007403 282.5593125491704 1.298125116014228
0.0105 6366.371128510355 1.000256816529983 1.553451125216769 282.4876646826896 1.291878603915828
0.0106 6366.382204068059 1.000256518485401 1.553368212086441 282.4156735576174 1.285628866933979
0.0107 6366.393332446843 1.000256219344635 1.55328528061714 282.3433390955173 1.279376182819659
0.0108 6366.404513658817 1.000255919111568 1.553202330743257 282.2706612176925 1.273120828726309
0.0109 6366.415747716131 1.000255617790091 1.553119362399503 282.1976398451505 1.26686308118755
0.011 6366.427034630984 1.000255315384108 1.553036375520912 282.1242748986036 1.26060321609808
0.0111 6366.438374415617 1.000255011897533 1.552953370042798 282.0505662984918 1.254341508696644
0.0112 6366.449767082311 1.000254707334288 1.552870345900879 281.9765139649775 1.24807823354654
0.0113 6366.461212643396 1.000254401698309 1.552787303031107 281.9021178179272 1.241813664515221
0.0114 6366.472711111241 1.000254094993538 1.552704241369762 281.8273777769358 1.235548074757481
0.0115 6366.484262498258 1.000253787223931 1.55262116085349 281.7522937613202 1.229281736696205
0.0116 6366.495866816903 1.000253478393451 1.552538061419201 281.6768656901312 1.223014922004698
0.0117 6366.507524079673 1.000253168506074 1.552454943004143 281.6010934821242 1.216747901585643
0.0118 6366.519234299109 1.000252857565782 1.55237180554591 281.5249770557942 1.21048094555557
0.0119 6366.530997487793 1.00025254557657 1.552288648982334 281.4485163293469 1.204214323224007
0.012 6366.542813658348 1.00025223254244 1.552205473251652 281.3717112207395 1.197948303078567
0.0121 6366.55468282344 1.000251918467407 1.552122278292376 281.2945616476394 1.191683152763333
0.0122 6366.566604995776 1.000251603355492 1.552039064043325 281.2170675274541 1.185419139063143
0.0123 6366.578580188105 1.000251287210727 1.551955830443657 281.1392287773191 1.179156527884594
0.0124 6366.590608413214 1.000250970037153 1.551872577432843 281.0610453141097 1.172895584239048
0.0125 6366.602689683935 1.00025065183882 1.551789304950685 280.9825170544235 1.166636572223371
0.0126 6366.614824013138 1.000250332619788 1.551706012937286 280.9036439146038 1.160379755004083
0.0127 6366.627011413733 1.000250012384124 1.551622701333062 280.8244258107337 1.154125394799231
0.0128 6366.639251898672 1.000249691135908 1.551539370078714 280.7448626586305 1.147873752860378
0.0129 6366.651545480948 1.000249368879223 1.551456019115364 280.6649543738394 1.141625089454713
0.013 6366.663892173589 1.000249045618166 1.551372648384366 280.584700871669 1.135379663850497
0.0131 6366.676291989668 1.000248721356839 1.551289257827401 280.5041020671564 1.129137734297056
0.0132 6366.688744942294 1.000248396099355 1.551205847386496 280.4231578750899 1.122899558009505
0.0133 6366.701251044617 1.000248069849835 1.551122417003959 280.3418682099922 1.116665391150377
0.0134 6366.713810309824 1.000247742612406 1.551038966622495 280.2602329861433 1.110435488814545
0.0135 6366.726422751144 1.000247414391207 1.550955496184996 280.1782521175631 1.104210105011077
0.0136 6366.739088381843 1.000247085190384 1.550872005634788 280.0959255180236 1.09798949264748
0.0137 6366.751807215222 1.000246755014088 1.55078849491549 280.0132531010539 1.091773903513583
0.0138 6366.764579264627 1.000246423866482 1.550704963970982 279.9302347799234 1.085563588263773
0.0139 6366.777404543437 1.000246091751736 1.550621412745519 279.8468704676587 1.079358796402021
0.014 6366.790283065072 1.000245758674027 1.550537841183652 279.7631600770327 1.073159776264808
0.0141 6366.803214842986 1.000245424637539 1.55045424923028 279.6791035205932 1.066966775007247
0.0142 6366.816199890673 1.000245089646466 1.550370636830587 279.5947007106282 1.060780038584507
0.0143 6366.829238221663 1.000244753705009 1.550287003930066 279.5099515591891 1.054599811737751
0.0144 6366.842329849525 1.000244416817374 1.550203350474542 279.4248559780848 1.048426337978001
0.0145 6366.855474787863 1.000244078987777 1.550119676410184 279.339413878888 1.042259859571009
0.0146 6366.86867305032 1.000243740220441 1.550035981683446 279.2536251729229 1.036100617520973
0.0147 6366.88192465057 1.000243400519596 1.549952266241108 279.167489771295 1.02994885155736
0.0148 6366.895229602329 1.000243059889478 1.549868530030281 279.0810075848616 1.023804800117613
0.0149 6366.908587919346 1.000242718334331 1.549784772998371 278.9941785242494 1.01766870033339
0.015 6366.921999615408 1.000242375858406 1.549700995093124 278.9070024998485 1.011540788015248
0.0151 6366.935464704336 1.000242032465962 1.549617196262579 278.8194794218188 1.005421297638299
0.0152 6366.948983199985 1.000241688161262 1.549533376455108 278.731609200095 0.9993104623280032
0.0153 6366.962555116249 1.000241342948578 1.549449535619412 278.6433917443818 0.9932085138452659
0.0154 6366.976180467053 1.000240996832187 1.549365673704486 278.554826964153 0.9871156825721028
0.0155 6366.989859266361 1.000240649816375 1.549281790659669 278.4659147686519 0.9810321974974483
0.0156 6367.003591528169 1.000240301905431 1.549197886434573 278.3766550669033 0.974958286203915
0.0157 6367.017377266508 1.000239953103653 1.54911396097917 278.287047767701 0.9688941748530759
0.0158 6367.031216495442 1.000239603415344 1.549030014243749 278.1970927796264 0.9628400881729096
0.0159 6367.045109229071 1.000239252844814 1.548946046178857 278.106790011036 0.9567962494433793
0.016 6367.059055481529 1.000238901396378 1.548862056735457 278.0161393700618 0.95076288048298
0.0161 6367.073055266981 1.000238549074359 1.548778045864728 277.9251407646228 0.9447402016362138
0.0162 6367.087108599629 1.000238195883082 1.548694013518236 277.8337941024137 0.9387284317596462
0.0163 6367.101215493705 1.000237841826882 1.548609959647808 277.7420992909159 0.9327277882096836
0.0164 6367.115375963477 1.000237486910098 1.548525884205646 277.6500562373984 0.9267384868297174
0.0165 6367.129590023244 1.000237131137075 1.548441787144209 277.5576648489172 0.9207607419374239
0.0166 6367.143857687336 1.000236774512161 1.548357668416336 277.4649250323154 0.9147947663122248
0.0167 6367.158178970119 1.000236417039714 1.548273527975118 277.3718366942234 0.9088407711829081
0.0168 6367.17255388599 1.000236058724094 1.548189365774004 277.2783997410646 0.9028989662157849
0.0169 6367.186982449379 1.000235699569667 1.548105181766725 277.1846140790379 0.8969695595015063
0.017 6367.201464674744 1.000235339580806 1.548020975907361 277.0904796141648 0.8910527575461585
0.0171 6367.216000576579 1.000234978761886 1.547936748150292 276.9959962522361 0.8851487652561566
0.0172 6367.230590169407 1.000234617117289 1.547852498450211 276.9011638988535 0.8792577859292818
0.0173 6367.245233467784 1.000234254651402 1.5477682267621 276.805982459406 0.873380021241789
0.0174 6367.259930486295 1.000233891368616 1.547683933041315 276.7104518390814 0.8675156712379088
0.0175 6367.274681239558 1.000233527273328 1.547599617243476 276.6145719428727 0.8616649343191296
0.0176 6367.289485742221 1.000233162369939 1.547515279324529 276.5183426755656 0.8558280072325685
0.0177 6367.30434400896 1.000232796662854 1.547430919240729 276.4217639417569 0.8500050850613134
0.0178 6367.319256054487 1.000232430156483 1.547346536948663 276.3248356458365 0.8441963612127823
0.0179 6367.334221893538 1.00023206285524 1.547262132405219 276.227557692005 0.8384020274093991
0.018 6367.349241540882 1.000231694763545 1.547177705567583 276.129929984268 0.8326222736780113
0.0181 6367.364315011318 1.000231325885821 1.547093256393277 276.0319524264359 0.8268572883398417
0.0182 6367.379442319673 1.000230956226495 1.547008784840113 275.9336249221241 0.8211072580006179
0.0183 6367.394623480805 1.000230585789998 1.546924290866234 275.8349473747706 0.8153723675419057
0.0184 6367.409858509598 1.000230214580766 1.546839774430079 275.7359196876126 0.8096528001101996
0.0185 6367.425147420969 1.000229842603237 1.546755235490425 275.6365417637038 0.8039487371086134
0.0186 6367.440490229861 1.000229469861857 1.546670674006307 275.5368135059028 0.798260358187029
0.0187 6367.455886951247 1.00022909636107 1.546586089937126 275.436734816897 0.7925878412344591
0.0188 6367.471337600127 1.000228722105329 1.546501483242553 275.3363055991725 0.78693136236855
0.0189 6367.486842191531 1.000228347099088 1.546416853882568 275.2355257550502 0.7812910959289621
0.019 6367.502400740514 1.000227971346803 1.546332201817523 275.1343951866614 0.7756672144675774
0.0191 6367.518013262161 1.000227594852937 1.54624752700799 275.0329137959546 0.7700598887405725
0.0192 6367.533679771585 1.000227217621954 1.546162829414901 274.9310814847007 0.7644692877006626
0.0193 6367.549400283924 1.000226839658322 1.546078108999481 274.8288981544932 0.7588955784891973
0.0194 6367.565174814347 1.000226460966512 1.545993365723269 274.7263637067425 0.7533389264281233
0.0195 6367.581003378046 1.000226081550998 1.545908599548117 274.6234780426993 0.7477994950137341
0.0196 6367.596885990241 1.000225701416258 1.545823810436168 274.5202410634309 0.742277445908035
0.0197 6367.612822666181 1.000225320566772 1.545738998349852 274.4166526698217 0.736772938931599
0.0198 6367.628813421138 1.000224939007023 1.545654163251952 274.312712762602 0.7312861320581679
0.0199 6367.644858270412 1.000224556741496 1.545569305105551 274.2084212423191 0.7258171814062901
0.02 6367.660957229329 1.000224173774681 1.545484423873996 274.1037780093606 0.7203662412339739
0.0201 6367.67711031324 1.000223790111069 1.545399519520961 273.9987829639425 0.7149334639316525
0.0202 6367.693317537522 1.000223405755154 1.54531459201044 273.8934360061097 0.7095190000159709
0.0203 6367.709578917576 1.000223020711431 1.545229641306708 273.7877370357531 0.7041229981246681
0.0204 6367.725894468835 1.000222634984401 1.545144667374327 273.6816859525746 0.6987456050089238
0.0205 6367.742264206747 1.000222248578564 1.545059670178209 273.575282656146 0.6933869655307228
0.0206 6367.758688146792 1.000221861498423 1.544974649683534 273.4685270458498 0.6880472226543924
0.0207 6367.775166304474 1.000221473748484 1.54488960585579 273.3614190209208 0.6827265174434362
0.0208 6367.791698695318 1.000221085333254 1.544804538660769 273.2539584804343 0.6774249890548558
0.0209 6367.808285334875 1.000220696257244 1.544719448064579 273.1461453233118 0.6721427747345625
0.021 6367.824926238721 1.000220306524964 1.544634334033586 273.037979448315 0.6668800098123955
0.0211 6367.841621422456 1.00021991614093 1.544549196534476 272.9294607540345 0.6616368276970639
0.0212 6367.858370901704 1.000219525109654 1.544464035534262 272.8205891389247 0.656413359873571
0.0213 6367.875174692111 1.000219133435656 1.5443788510002 272.7113645012804 0.6512097358979545
0.0214 6367.892032809347 1.000218741123454 1.54429364289988 272.6017867392428 0.6460260833936656
0.0215 6367.908945269106 1.000218348177567 1.544208411201199 272.4918557508112 0.6408625280484094
0.0216 6367.925912087104 1.000217954602518 1.544123155872313 272.3815714338251 0.6357191936097846
0.0217 6367.942933279081 1.000217560402831 1.544037876881696 272.2709336859765 0.6305962018825206
0.0218 6367.960008860797 1.000217165583029 1.543952574198123 272.1599424048212 0.6254936727258875
0.0219 6367.977138848039 1.000216770147638 1.543867247790649 272.0485974877496 0.6204117240493989
0.022 6367.994323256611 1.000216374101187 1.543781897628636 271.9368988320279 0.6153504718119743
0.0221 6368.011562102343 1.000215977448202 1.543696523681707 271.8248463347685 0.6103100300180373
0.0222 6368.028855401087 1.000215580193214 1.543611125919832 271.7124398929362 0.6052905107154483
0.0223 6368.046203168713 1.000215182340754 1.543525704313212 271.5996794033657 0.6002920239941474
0.0224 6368.063605421117 1.000214783895351 1.543440258832392 271.4865647627379 0.5953146779831447
0.0225 6368.081062174214 1.000214384861539 1.543354789448164 271.3730958676095 0.590358578850072
0.0226 6368.098573443938 1.00021398524385 1.543269296131648 271.2592726144015 0.5854238307990861
0.0227 6368.11613924625 1.000213585046819 1.543183778854241 271.1450948993751 0.5805105360684883
0.0228 6368.133759597126 1.000213184274979 1.543098237587601 271.030562618679 0.5756187949316059
0.0229 6368.151434512565 1.000212782932866 1.543012672303705 270.9156756683263 0.570748705694784
0.023 6368.169164008587 1.000212381025015 1.542927082974813 270.8004339441821 0.5659003646961174
0.0231 6368.186948101232 1.000211978555962 1.542841469573461 270.6848373419933 0.5610738663061249
0.0232 6368.204786806559 1.000211575530244 1.542755832072473 270.5688857573649 0.5562693029263677
0.0233 6368.222680140648 1.000211171952397 1.542670170444956 270.4525790857896 0.5514867649904908
0.0234 6368.240628119598 1.000210767826959 1.542584484664316 270.3359172226122 0.5467263409627626
0.0235 6368.258630759529 1.000210363158466 1.542498774704229 270.2189000630596 0.5419881173395026
0.0236 6368.276688076578 1.000209957951455 1.542413040538642 270.1015275022399 0.5372721786494656
0.0237 6368.294800086905 1.000209552210465 1.542327282141823 269.98379943512 0.532578607453487
0.0238 6368.312966806684 1.000209145940032 1.54224149948827 269.8657157565539 0.5279074843464622
0.0239 6368.331188252111 1.000208739144694 1.5421556925528 269.7472763612776 0.5232588879580836
0.024 6368.349464439401 1.000208331828987 1.542069861310508 269.6284811438912 0.5186328949533243
0.0241 6368.367795384787 1.00020792399745 1.541984005736724 269.5093299988824 0.5140295800347432
0.0242 6368.386181104519 1.000207515654618 1.541898125807113 269.3898228206266 0.5094490159440399
0.0243 6368.404621614866 1.000207106805028 1.541812221497597 269.269959503369 0.5048912734631325
0.0244 6368.423116932116 1.000206697453217 1.541726292784348 269.1497399412427 0.500356421416795
0.0245 6368.441667072573 1.000206287603719 1.541640339643852 269.0291640282743 0.4958445266750168
0.0246 6368.460272052561 1.000205877261069 1.541554362052844 268.9082316583543 0.4913556541542324
0.0247 6368.478931888418 1.000205466429803 1.541468359988356 268.7869427252848 0.4868898668216179
0.0248 6368.497646596503 1.000205055114454 1.541382333427658 268.6652971227317 0.4824472256960534
0.0249 6368.516416193191 1.000204643319556 1.541296282348321 268.5432947442604 0.4780277898523492
0.025 6368.535240694871 1.00020423104964 1.541210206728195 268.4209354833359 0.47363161642433
0.0251 6368.554120117954 1.000203818309239 1.541124106545357 268.2982192332992 0.4692587606072722
0.0252 6368.573054478864 1.000203405102883 1.541037981778197 268.1751458873845 0.4649092756620302
0.0253 6368.592043794041 1.000202991435102 1.540951832405359 268.0517153387317 0.4605832129191135
0.0254 6368.611088079944 1.000202577310426 1.54086565840575 267.9279274803624 0.4562806217817063
0.0255 6368.630187353047 1.000202162733382 1.540779459758551 267.8037822051919 0.4520015497301331
0.0256 6368.649341629839 1.000201747708497 1.540693236443199 267.6792794060465 0.447746042326694
0.0257 6368.668550926825 1.000201332240296 1.540606988439407 267.5544189756346 0.4435141432190594
0.0258 6368.687815260527 1.000200916333305 1.540520715727156 267.4292008065757 0.4393058941458802
0.0259 6368.70713464748 1.000200499992046 1.54043441828667 267.3036247913773 0.4351213349407689
0.026 6368.726509104238 1.000200083221042 1.540348096098461 267.1776908224518 0.4309605035378661
0.0261 6368.745938647367 1.000199666024812 1.540261749143282 267.0513987921175 0.4268234359769821
0.0262 6368.765423293447 1.000199248407876 1.540175377402164 266.924748592592 0.4227101664087315
0.0263 6368.784963059078 1.000198830374753 1.540088980856364 266.7977401159923 0.4186207271000494
0.0264 6368.80455796087 1.000198411929957 1.540002559487444 266.6703732543468 0.4145551484402638
0.0265 6368.824208015449 1.000197993078004 1.539916113277193 266.5426478995836 0.4105134589465846
0.0266 6368.843913239453 1.000197573823407 1.539829642207676 266.4145639435536 0.4064956852708997
0.0267 6368.863673649538 1.000197154170676 1.539743146261208 266.2861212780016 0.4025018522050621
0.0268 6368.883489262374 1.000196734124321 1.539656625420333 266.1573197945717 0.3985319826874943
0.0269 6368.90336009464 1.000196313688851 1.539570079667879 266.0281593848371 0.3945860978106752
0.027 6368.923286163034 1.000195892868771 1.539483508986928 265.8986399402764 0.3906642168271534
0.0271 6368.943267484265 1.000195471668585 1.539396913360797 265.7687613522797 0.386766357156655
0.0272 6368.963304075054 1.000195050092796 1.539310292773063 265.6385235121483 0.3828925343931808
0.0273 6368.983395952139 1.000194628145904 1.539223647207559 265.5079263110946 0.3790427623122748
0.0274 6369.003543132269 1.000194205832406 1.539136976648349 265.3769696402545 0.3752170528788096
0.0275 6369.023745632202 1.000193783156799 1.539050281079775 265.2456533906869 0.3714154162545795
0.0276 6369.044003468716 1.000193360123577 1.538963560486393 265.1139774533443 0.367637860805221
0.0277 6369.064316658599 1.000192936737232 1.538876814853014 264.9819417191082 0.3638843931091857
0.0278 6369.084685218647 1.000192513002253 1.538790044164727 264.8495460787952 0.360155017965996
0.0279 6369.105109165674 1.000192088923127 1.538703248406821 264.7167904231213 0.3564497384035072
0.028 6369.125588516504 1.000191664504341 1.538616427564841 264.5836746427257 0.3527685556870149
0.0281 6369.146123287972 1.000191239750376 1.538529581624595 264.4501986281824 0.3491114693281671
0.0282 6369.166713496927 1.000190814665713 1.538442710572097 264.316362269977 0.34547847709306
0.0283 6369.187359160227 1.00019038925483 1.538355814393634 264.1821654585241 0.3418695750116387
0.0284 6369.208060294744 1.000189963522201 1.538268893075716 264.0476080841671 0.3382847573867577
0.0285 6369.22881691736 1.000189537472301 1.538181946605091 263.912690037161 0.3347240168029343
0.0286 6369.249629044969 1.000189111109599 1.538094974968749 263.7774112077017 0.3311873441365139
0.0287 6369.270496694475 1.000188684438563 1.538007978153914 263.6417714859139 0.3276747285648793
0.0288 6369.291419882793 1.000188257463658 1.537920956148032 263.5057707618456 0.3241861575759813
0.0289 6369.31239862685 1.000187830189347 1.537833908938815 263.369408925474 0.320721616978329
0.029 6369.333432943583 1.000187402620089 1.537746836514196 263.232685866711 0.3172810909111203
0.0291 6369.354522849939 1.000186974760341 1.537659738862293 263.0956014753978 0.3138645618542201
0.0292 6369.375668362876 1.000186546614557 1.537572615971532 262.9581556413044 0.3104720106384382
0.0293 6369.396869499362 1.000186118187188 1.537485467830521 262.8203482541479 0.3071034164563847
0.0294 6369.418126276375 1.000185689482684 1.537398294428098 262.6821792035624 0.3037587568723039
0.0295 6369.439438710904 1.000185260505488 1.537311095753331 262.5436483791231 0.3004380078333627
0.0296 6369.460806819946 1.000184831260045 1.537223871795546 262.4047556703516 0.2971411436806258
0.0297 6369.482230620507 1.000184401750792 1.537136622544244 262.265500966705 0.2938681371597476
0.0298 6369.503710129605 1.000183971982167 1.537049347989185 262.125884157569 0.2906189594319551
0.0299 6369.525245364266 1.000183541958603 1.536962048120357 261.9859051322704 0.2873935800855809
0.03 6369.546836341527 1.000183111684531 1.536874722927929 261.845563780077 0.2841919671474447
0.0301 6369.568483078429 1.000182681164376 1.53678737240235 261.704859990209 0.2810140870946344
0.0302 6369.590185592029 1.000182250402564 1.53669999653423 261.56379365181 0.2778599048654797
0.0303 6369.611943899388 1.000181819403514 1.536612595314436 261.4223646539762 0.2747293838719962
0.0304 6369.633758017577 1.000181388171646 1.536525168734039 261.2805728857505 0.2716224860116453
0.0305 6369.655627963674 1.000180956711372 1.536437716784332 261.138418236117 0.2685391716792248
0.0306 6369.677553754769 1.000180525027103 1.536350239456838 260.9959005940003 0.2654793997790189
0.0307 6369.699535407957 1.000180093123247 1.536262736743252 260.853019848278 0.2624431277373189
0.0308 6369.721572940342 1.000179661004209 1.536175208635528 260.7097758877743 0.2594303115146774
0.0309 6369.743666369038 1.000179228674388 1.536087655125804 260.5661686012544 0.256440905618288
0.031 6369.765815711162 1.000178796138182 1.536000076206454 260.422197877448 0.2534748631150943
0.0311 6369.788020983843 1.000178363399986 1.535912471870035 260.2778636050197 0.2505321356439041
0.0312 6369.810282204217 1.000177930464188 1.535824842109332 260.1331656725869 0.2476126734286024
0.0313 6369.832599389429 1.000177497335177 1.535737186917323 259.9881039687137 0.2447164252909825
0.0314 6369.854972556625 1.000177064017334 1.535649506287211 259.8426783819349 0.2418433386642743
0.0315 6369.877401722965 1.000176630515041 1.535561800212399 259.6968888007258 0.2389933596057146
0.0316 6369.899886905612 1.000176196832672 1.535474068686491 259.5507351135205 0.2361664328101684
0.0317 6369.922428121739 1.0001757629746 1.535386311703295 259.4042172086941 0.2333625016231564
0.0318 6369.945025388523 1.000175328945193 1.535298529256817 259.2573349745979 0.2305815080550055
0.0319 6369.967678723151 1.000174894748817 1.535210721341282 259.1100882995182 0.2278233927936242
0.032 6369.990388142813 1.000174460389833 1.535122887951102 258.9624770717177 0.2250880952189488
0.0321 6370.013153664706 1.000174025872597 1.535035029080879 258.8145011794116 0.2223755534162493
0.0322 6370.035975306036 1.000173591201464 1.534947144725432 258.6661605107682 0.2196857041899827
0.0323 6370.058853084012 1.000173156380784 1.534859234879777 258.51745495392 0.2170184830779464
0.0324 6370.081787015853 1.000172721414902 1.534771299539112 258.3683843969583 0.2143738243651948
0.0325 6370.104777118779 1.000172286308159 1.534683338698851 258.2189487279387 0.2117516610982536
0.0326 6370.127823410019 1.000171851064896 1.534595352354571 258.0691478348757 0.2091519250992083
0.0327 6370.150925906809 1.000171415689445 1.534507340502065 257.9189816057423 0.2065745469799824
0.0328 6370.174084626387 1.000170980186136 1.534419303137315 257.7684499284877 0.204019456156994
0.0329 6370.197299585999 1.000170544559297 1.53433124025649 257.6175526910082 0.2014865808650814
0.033 6370.220570802896 1.00017010881325 1.534243151855944 257.4662897811762 0.1989758481725128
0.0331 6370.243898294333 1.000169672952312 1.534155037932235 257.3146610868347 0.1964871839954581
0.0332 6370.267282077572 1.000169236980798 1.534066898482092 257.1626664957852 0.1940205131124421
0.0333 6370.290722169877 1.000168800903017 1.533978733502438 257.0103058957997 0.1915757591792581
0.0334 6370.314218588521 1.000168364723277 1.533890542990386 256.8575791746147 0.1891528447436554
0.0335 6370.337771350779 1.000167928445879 1.53380232694322 256.7044862199372 0.1867516912602819
0.0336 6370.361380473931 1.000167492075121 1.533714085358422 256.5510269194505 0.1843722191056833
0.0337 6370.38504597526 1.000167055615297 1.533625818233645 256.3972011608083 0.1820143475931755
0.0338 6370.408767872058 1.000166619070695 1.533537525566729 256.2430088316231 0.1796779949876931
0.0339 6370.432546181618 1.000166182445601 1.533449207355692 256.0884498194836 0.1773630785211458
0.034 6370.456380921237 1.000165745744297 1.533360863598723 255.9335240119607 0.1750695144076356
0.0341 6370.480272108218 1.000165308971058 1.533272494294218 255.7782312965841 0.1727972178582899
0.0342 6370.504219759866 1.000164872130158 1.533184099440706 255.6225715608715 0.1705461030969322
0.0343 6370.528223893491 1.000164435225865 1.533095679036921 255.4665446923053 0.168316083375014
0.0344 6370.552284526408 1.000163998262443 1.533007233081773 255.3101505783501 0.1661070709871963
0.0345 6370.576401675932 1.000163561244151 1.532918761574324 255.1533891064408 0.1639189772865454
0.0346 6370.600575359386 1.000163124175244 1.532830264513822 254.9962601639889 0.161751712700023
0.0347 6370.624805594093 1.000162687059974 1.532741741899703 254.838763638394 0.1596051867440898
0.0348 6370.649092397382 1.000162249902587 1.532653193731542 254.68089941702 0.1574793080398566
0.0349 6370.673435786581 1.000161812707326 1.532564620009098 254.5226673872252 0.1553739843289963
0.035 6370.697835779027 1.000161375478426 1.532476020732316 254.3640674363263 0.1532891224888082
0.0351 6370.722292392055 1.000160938220124 1.532387395901263 254.2050994516402 0.1512246285483369
0.0352 6370.746805643007 1.000160500936646 1.532298745516219 254.0457633204541 0.149180407703574
0.0353 6370.771375549224 1.000160063632218 1.532210069577604 253.8860589300433 0.1471563643333065
0.0354 6370.796002128052 1.000159626311059 1.532121368086015 253.7259861676597 0.1451524020146037
0.0355 6370.82068539684 1.000159188977385 1.532032641042209 253.5655449205373 0.1431684235385518
0.0356 6370.845425372938 1.000158751635406 1.531943888447092 253.4047350759041 0.1412043309260718
0.0357 6370.870222073699 1.00015831428933 1.531855110301743 253.2435565209588 0.1392600254433167
0.0358 6370.895075516477 1.000157876943356 1.531766306607405 253.0820091428999 0.1373354076177324
0.0359 6370.919985718632 1.000157439601684 1.531677477365469 252.9200928288905 0.1354303772533416
0.036 6370.944952697523 1.000157002268505 1.531588622577485 252.7578074660995 0.1335448334469554
0.0361 6370.969976470512 1.000156564948008 1.531499742245177 252.5951529416724 0.1316786746035435
0.0362 6370.995057054961 1.000156127644376 1.531410836370418 252.4321291427544 0.1298317984522349
0.0363 6371.020194468237 1.000155690361787 1.53132190495522 252.2687359564615 0.1280041020617058
0.0364 6371.045388727707 1.000155253104416 1.531232948001753 252.1049732699033 0.1261954818561763
0.0365 6371.07063985074 1.000154815876433 1.531143965512359 251.9408409701899 0.1244058336311913
0.0366 6371.095947854707 1.000154378682001 1.531054957489537 251.7763389444075 0.1226350525690738
0.0367 6371.121312756979 1.000153941525282 1.530965923935887 251.6114670796363 0.1208830332548282
0.0368 6371.14673457493 1.000153504410429 1.530876864854229 251.4462252629568 0.1191496696918929
0.0369 6371.172213325934 1.000153067341596 1.530787780247471 251.2806133814314 0.1174348553176347
0.03700000000000001 6371.197749027368 1.000152630322926 1.530698670118708 251.114631322111 0.1157384830190808
0.0371 6371.223341696606 1.000152193358562 1.53060953447117 250.9482789720581 0.1140604451488072
0.0372 6371.248991351029 1.00015175645264 1.530520373308235 250.7815562183117 0.112400633540205
0.0373 6371.274698008013 1.000151319609292 1.530431186633423 250.6144629479166 0.1107589395233856
0.0374 6371.300461684939 1.000150882832643 1.530341974450414 250.4469990478941 0.1091352539404713
0.0375 6371.326282399187 1.000150446126817 1.530252736762999 250.279164405283 0.1075294671615561
0.0376 6371.352160168138 1.00015000949593 1.53016347357515 250.1109589071046 0.1059414690998851
0.0377 6371.378095009173 1.000149572944096 1.530074184890958 249.9423824403742 0.1043711492274684
0.0378 6371.404086939674 1.000149136475421 1.529984870714657 249.7734348921189 0.1028183965907067
0.0379 6371.430135977023 1.000148700094008 1.529895531050634 249.604116149348 0.1012830998255432
0.038 6371.456242138604 1.000148263803955 1.529806165903396 249.4344260990769 0.0997651471730719
0.0381 6371.482405441797 1.000147827609356 1.529716775277608 249.2643646283208 0.09826442649483082
0.0382 6371.508625903986 1.000147391514297 1.529627359178062 249.0939316240891 0.09678082528805712
0.0383 6371.534903542554 1.000146955522863 1.529537917609693 248.9231269733972 0.09531423070105441
0.0384 6371.561238374885 1.000146519639131 1.52944845057756 248.7519505632484 0.09386452954825654
0.0385 6371.587630418359 1.000146083867175 1.529358958086862 248.5804022806641 0.09243160832564837
0.0386 6371.614079690361 1.000145648211062 1.529269440142944 248.4084820126535 0.09101535322563173
0.03870000000000001 6371.640586208271 1.000145212674858 1.52917989675127 248.2361896462379 0.08961565015228874
0.0388 6371.667149989473 1.000144777262618 1.529090327917451 248.0635250684267 0.08823238473619813
0.0389 6371.693771051346 1.000144341978398 1.529000733647209 247.8904881662528 0.08686544234967471
0.039 6371.720449411272 1.000143906826245 1.528911113946416 247.7170788267316 0.08551470812133169
0.0391 6371.74718508663 1.000143471810203 1.528821468821063 247.543296936902 0.08418006695124128
0.0392 6371.773978094801 1.00014303693431 1.528731798277277 247.3691423837912 0.08286140352542687
0.0393 6371.800828453163 1.000142602202599 1.528642102321303 247.194615054438 0.08155860233075214
0.0394 6371.827736179093 1.000142167619099 1.528552380959537 247.0197148358933 0.08027154766955462
0.0395 6371.854701289969 1.000141733187832 1.52846263419847 246.8444416152018 0.07900012367408313
0.0396 6371.881723803165 1.000141298912817 1.528372862044755 246.6687952794263 0.07774421432116889
0.0397 6371.908803736057 1.000140864798067 1.528283064505137 246.4927757156291 0.07650370344651979
0.0398 6371.935941106018 1.00014043084759 1.528193241586496 246.3163828108849 0.07527847475915399
0.0399 6371.96313593042 1.000139997065387 1.528103393295858 246.1396164522679 0.0740684118555895
0.04 6371.990388226635 1.000139563455458 1.528013519640337 245.9624765268703 0.07287339823415943
0.0401 6372.017698012031 1.000139130021793 1.527923620627203 245.7849629217961 0.07169331730908032
0.0402 6372.045065303977 1.000138696768381 1.527833696263824 245.6070755241493 0.07052805242440319
0.0403 6372.072490119839 1.000138263699204 1.52774374655769 245.4288142210456 0.06937748686803796
0.04040000000000001 6372.099972476981 1.000137830818238 1.527653771516441 245.2501788996245 0.06824150388568534
0.0405 6372.127512392767 1.000137398129455 1.527563771147793 245.0711694470136 0.06711998669437962
0.0406 6372.155109884558 1.000136965636821 1.527473745459617 244.891785750376 0.06601281849646834
0.0407 6372.182764969713 1.000136533344298 1.527383694459871 244.7120276968629 0.06491988249290358
0.0408 6372.210477665591 1.000136101255842 1.527293618156661 244.5318951736552 0.0638410618969923
0.0409 6372.238247989546 1.000135669375403 1.527203516558197 244.3513880679515 0.06277623994771796
0.041 6372.266075958932 1.000135237706927 1.527113389672807 244.1705062669442 0.06172529992290304
0.0411 6372.293961591099 1.000134806254353 1.527023237508928 243.9892496578558 0.06068812515262165
0.0412 6372.321904903399 1.000134375021617 1.526933060075118 243.8076181279083 0.05966459903212875
0.0413 6372.349905913176 1.000133944012647 1.526842857380053 243.6256115643536 0.05865460503502894
0.0414 6372.377964637776 1.000133513231368 1.52675262943252 243.4432298544551 0.0576580267260695
0.0415 6372.406081094541 1.0001330826817 1.526662376241413 243.2604728854825 0.05667474777390089
0.04160000000000001 6372.43425530081 1.000132652367554 1.526572097815748 243.0773405447347 0.05570465196388781
0.0417 6372.46248727392 1.000132222292839 1.526481794164651 242.8938327195227 0.05474762321058704
0.0418 6372.490777031205 1.000131792461458 1.526391465297354 242.7099492971691 0.05380354557021352
0.0419 6372.519124589997 1.000131362877307 1.526301111223219 242.5256901650204 0.05287230325305467
0.042 6372.547529967625 1.000130933544279 1.526210731951692 242.3410552104345 0.05195378063564915
0.04210000000000001 6372.575993181415 1.000130504466259 1.526120327492339 242.1560443207994 0.05104786227300043
0.0422 6372.604514248691 1.000130075647128 1.526029897854846 241.9706573835086 0.05015443291046838
0.0423 6372.633093186771 1.000129647090762 1.525939443048999 241.7848942859854 0.04927337749577693
0.0424 6372.661730012975 1.00012921880103 1.525848963084686 241.5987549156647 0.04840458119070067
0.0425 6372.690424744615 1.000128790781796 1.525758457971925 241.4122391600052 0.0475479293827739
0.0426 6372.719177399002 1.000128363036919 1.525667927720809 241.2253469064893 0.04670330769682028
0.0427 6372.747987993443 1.000127935570251 1.525577372341582 241.0380780426229 0.04587060200635962
0.0428 6372.776856545243 1.000127508385642 1.525486791844539 240.8504324559179 0.04504969844481371
0.0429 6372.805783071703 1.000127081486931 1.525396186240134 240.6624100339276 0.04424048341682165
0.043 6372.834767590122 1.000126654877956 1.525305555538891 240.4740106642051 0.04344284360909102
0.0431 6372.863810117793 1.000126228562547 1.525214899751456 240.2852342343452 0.04265666600148028
0.0432 6372.892910672005 1.000125802544529 1.525124218888578 240.0960806319662 0.04188183787769548
0.04330000000000001 6372.922069270046 1.000125376827721 1.525033512961113 239.9065497446981 0.04111824683588734
0.0434 6372.9512859292 1.000124951415937 1.524942781980004 239.7166414602005 0.04036578079923877
0.0435 6372.980560666745 1.000124526312984 1.524852025956317 239.526355666157 0.03962432802632115
0.0436 6373.009893499957 1.000124101522664 1.524761244901222 239.3356922502802 0.03889377712136495
0.0437 6373.039284446109 1.000123677048774 1.524670438825963 239.144651100289 0.03817401704428333
0.0438 6373.068733522468 1.000123252895104 1.524579607741919 238.9532321039554 0.03746493712083002
0.0439 6373.098240746297 1.000122829065438 1.524488751660567 238.7614351490691 0.03676642705230431
0.044 6373.127806134856 1.000122405563556 1.524397870593473 238.5692601234376 0.03607837692525807
0.0441 6373.157429705401 1.00012198239323 1.524306964552306 238.376706914892 0.03540067722108523
0.0442 6373.187111475184 1.000121559558228 1.524216033548839 238.1837754113047 0.03473321882551095
0.0443 6373.216851461451 1.000121137062309 1.524125077594962 237.9904655005661 0.03407589303779474
0.0444 6373.246649681446 1.000120714909231 1.524034096702629 237.7967770706017 0.03342859157993895
0.0445 6373.276506152407 1.000120293102741 1.523943090883928 237.6027100093551 0.03279120660563382
0.0446 6373.306420891567 1.000119871646583 1.52385206015103 237.4082642048169 0.03216363070921822
0.0447 6373.336393916156 1.000119450544494 1.523761004516213 237.2134395449838 0.03154575693426417
0.0448 6373.366425243401 1.000119029800206 1.523669923991855 237.0182359178938 0.03093747878226934
0.0449 6373.39651489052 1.000118609417442 1.523578818590424 236.8226532116204 0.03033869022106781
0.04500000000000001 6373.42666287473 1.000118189399923 1.523487688324497 236.6266913142548 0.02974928569306315
0.0451 6373.456869213241 1.000117769751361 1.523396533206736 236.4303501139356 0.02916916012345987
0.0452 6373.48713392326 1.000117350475463 1.523305353249922 236.2336294988071 0.02859820892813579
0.0453 6373.517457021989 1.00011693157593 1.523214148466922 236.0365293570729 0.02803632802164814
0.0454 6373.547838526622 1.000116513056455 1.523122918870687 235.8390495769544 0.02748341382481363
0.0455 6373.578278454353 1.000116094920727 1.523031664474306 235.6411900467023 0.02693936327229895
0.0456 6373.608776822367 1.000115677172428 1.522940385290919 235.4429506546147 0.02640407382007558
0.0457 6373.639333647845 1.000115259815233 1.522849081333794 235.2443312890076 0.02587744345259689
0.0458 6373.669948947964 1.00011484285281 1.522757752616293 235.0453318382323 0.02535937068995739
0.0459 6373.700622739895 1.000114426288825 1.522666399151858 234.8459521906815 0.02484975459486766
0.046 6373.731355040803 1.000114010126932 1.522575020954045 234.6461922347775 0.02434849477943489
0.0461 6373.76214586785 1.000113594370782 1.522483618036501 234.446051858978 0.02385549141183994
0.0462 6373.792995238187 1.000113179024018 1.522392190412979 234.2455309517821 0.02337064522286355
0.0463 6373.823903168968 1.000112764090277 1.522300738097309 234.0446294017069 0.02289385751219127
0.0464 6373.854869677335 1.000112349573191 1.522209261103426 233.8433470973222 0.0224250301547112
0.0465 6373.885894780426 1.000111935476383 1.522117759445375 233.6416839272337 0.02196406560653156
0.0466 6373.916978495374 1.00011152180347 1.522026233137286 233.4396397800705 0.02151086691086599
0.04670000000000001 6373.948120839306 1.000111108558063 1.521934682193381 233.2372145445091 0.02106533770384855
0.0468 6373.979321829344 1.000110695743768 1.521843106627981 233.0344081092616 0.02062738222011675
0.0469 6374.010581482604 1.00011028336418 1.52175150645551 232.8312203630752 0.02019690529827173
0.047 6374.041899816194 1.000109871422891 1.521659881690494 232.6276511947389 0.01977381238620041
0.0471 6374.073276847219 1.000109459923485 1.521568232347528 232.4237004930768 0.01935800954622201
0.0472 6374.104712592776 1.000109048869539 1.521476558441326 232.2193681469547 0.01894940346010919
0.0473 6374.136207069958 1.000108638264624 1.521384859986694 232.0146540452737 0.01854790143393479
0.0474 6374.16776029585 1.000108228112303 1.521293136998535 231.8095580769763 0.01815341140279255
0.0475 6374.19937228753 1.000107818416132 1.521201389491837 231.6040801310581 0.01776584193537784
0.0476 6374.231043062072 1.000107409179661 1.521109617481708 231.3982200965328 0.01738510223832973
0.0477 6374.262772636544 1.000107000406434 1.521017820983321 231.1919778624609 0.01701110216054837
0.0478 6374.294561028007 1.000106592099985 1.520926000011974 230.9853533179565 0.01664375219731528
0.04790000000000001 6374.326408253513 1.000106184263843 1.520834154583043 230.7783463521631 0.01628296349421303
0.048 6374.358314330112 1.000105776901529 1.520742284712006 230.5709568542715 0.01592864785097147
0.0481 6374.390279274845 1.000105370016558 1.520650390414433 230.3631847135078 0.01558071772511354
0.0482 6374.422303104746 1.000104963612437 1.520558471706009 230.1550298191518 0.01523908623550391
0.0483 6374.454385836842 1.000104557692666 1.520466528602487 229.9464920605241 0.01490366716570028
0.04840000000000001 6374.486527488158 1.000104152260737 1.520374561119738 229.7375713269752 0.0145743749671603
0.0485 6374.518728075705 1.000103747320136 1.520282569273727 229.5282675079205 0.01425112476237718
0.0486 6374.550987616492 1.00010334287434 1.520190553080508 229.3185804928052 0.01393383234775684
0.0487 6374.58330612752 1.00010293892682 1.520098512556235 229.1085101711213 0.01362241419643483
0.0488 6374.615683625783 1.000102535481038 1.520006447717162 228.8980564324087 0.01331678746092037
0.0489 6374.64812012827 1.000102132540452 1.519914358579637 228.6872191662482 0.01301686997558824
0.049 6374.680615651958 1.000101730108507 1.519822245160104 228.4759982622739 0.0127225802590533
0.0491 6374.713170213821 1.000101328188645 1.519730107475108 228.2643936101616 0.01243383751636877
0.0492 6374.745783830827 1.000100926784298 1.519637945541294 228.0524050996222 0.01215056164109273
0.0493 6374.778456519933 1.000100525898892 1.519545759375408 227.8400326204377 0.01187267321726838
0.0494 6374.811188298089 1.000100125535843 1.519453548994278 227.6272760624196 0.01160009352116097
0.0495 6374.843979182241 1.000099725698561 1.519361314414841 227.4141353154326 0.0113327445229431
0.04960000000000001 6374.876829189324 1.000099326390448 1.519269055654135 227.2006102693948 0.0110705488882088
0.0497 6374.909738336268 1.000098927614897 1.519176772729292 226.9867008142595 0.01081342997932943
0.0498 6374.942706639994 1.000098529375294 1.519084465657552 226.7724068400393 0.01056131185672349
0.0499 6374.975734117416 1.000098131675017 1.518992134456232 226.5577282367939 0.01031411927994687
0.05 6375.008820785441 1.000097734517436 1.518899779142773 226.3426648946305 0.01007177770866331
0.05010000000000001 6375.041966660968 1.000097337905913 1.518807399734704 226.1272167037095 0.009834213303487417
0.0502 6375.075171760886 1.0000969418438 1.518714996249651 225.9113835542383 0.009601352926681593
0.0503 6375.10843610208 1.000096546334443 1.518622568705343 225.695165336478 0.009373124142734125
0.0504 6375.141759701424 1.000096151381179 1.51853011711962 225.4785619407425 0.00914945521879997
0.0505 6375.175142575786 1.000095756987338 1.518437641510401 225.261573257393 0.008930275125005816
0.0506 6375.208584742024 1.000095363156239 1.518345141895721 225.0441991768442 0.008715513534639003
0.0507 6375.24208621699 1.000094969891193 1.518252618293717 224.8264395895638 0.008505100824202612
0.0508 6375.275647017527 1.000094577195506 1.518160070722623 224.6082943860728 0.008298968073344272
0.0509 6375.30926716047 1.000094185072471 1.518067499200767 224.3897634569452 0.008097047064659881
0.051 6375.342946662645 1.000093793525376 1.517974903746592 224.1708466928084 0.007899270283373425
0.0511 6375.37668554087 1.000093402557497 1.517882284378634 223.9515439843429 0.007705570916894176
0.0512 6375.410483811957 1.000093012172103 1.517789641115538 223.7318552222827 0.007515882854252327
0.05130000000000001 6375.444341492704 1.000092622372456 1.517696973976055 223.5117802974263 0.00733014068542445
0.0514 6375.478258599906 1.000092233161806 1.517604282979026 223.291319100614 0.007148279700509731
0.0515 6375.512235150346 1.000091844543395 1.517511568143409 223.0704715227511 0.006970235888828977
0.0516 6375.546271160801 1.000091456520459 1.517418829488247 222.8492374547958 0.006795945937877143
0.0517 6375.580366648037 1.00009106909622 1.517326067032712 222.6276167877598 0.006625347232171239
0.05180000000000001 6375.614521628813 1.000090682273895 1.517233280796067 222.4056094127139 0.006458377851989041
0.0519 6375.648736119878 1.00009029605669 1.517140470797672 222.1832152207938 0.006294976571995106
0.052 6375.683010137971 1.000089910447802 1.517047637057011 221.9604341031885 0.006135082859742793
0.0521 6375.717343699825 1.000089525450419 1.516954779593667 221.7372659511401 0.005978636874076381
0.0522 6375.751736822162 1.00008914106772 1.516861898427321 221.5137106559499 0.005825579463429313
0.0523 6375.786189521697 1.000088757302875 1.516768993577753 221.2897681089725 0.005675852164007567
0.0524 6375.820701815132 1.000088374159042 1.516676065064877 221.065438201645 0.005529397197891562
0.0525 6375.855273719162 1.000087991639373 1.516583112908697 220.8407208254461 0.005386157470987136
0.0526 6375.889905250475 1.000087609747008 1.51649013712932 220.6156158719135 0.005246076570914785
0.0527 6375.924596425746 1.000087228485078 1.516397137746974 220.3901232326501 0.005109098764789756
0.0528 6375.959347261642 1.000086847856705 1.516304114781982 220.1642427993296 0.004975168996902659
0.0529 6375.99415777482 1.000086467865001 1.516211068254787 219.937974463673 0.004844232886285434
0.05300000000000001 6376.029027981927 1.000086088513066 1.516117998185938 219.7113181174722 0.004716236724209924
0.0531 6376.063957899604 1.000085709803995 1.516024904596084 219.4842736525724 0.004591127471567692
0.0532 6376.098947544478 1.000085331740867 1.515931787505991 219.2568409608956 0.004468852756180774
0.0533 6376.133996933168 1.000084954326757 1.515838646936536 219.0290199344112 0.004349360869991876
0.0534 6376.169106082282 1.000084577564724 1.515745482908711 218.8008104651652 0.004232600766197451
0.05350000000000001 6376.204275008421 1.000084201457822 1.515652295443607 218.5722124452631 0.004118522056267462
0.0536 6376.239503728173 1.000083826009091 1.515559084562447 218.343225766875 0.004007075006891664
0.0537 6376.274792258117 1.000083451221563 1.515465850286533 218.1138503222363 0.003898210536838305
0.0538 6376.310140614823 1.000083077098258 1.515372592637305 217.8840860036474 0.003791880213729942
0.0539 6376.345548814849 1.000082703642188 1.515279311636316 217.6539327034797 0.003688036250740821
0.054 6376.381016874743 1.000082330856352 1.515186007305215 217.4233903141693 0.003586631503209209
0.0541 6376.416544811045 1.000081958743738 1.51509267966579 217.1924587282059 0.003487619465169864
0.05420000000000001 6376.452132640282 1.000081587307327 1.514999328739912 216.9611378381677 0.003390954265830681
0.0543 6376.48778037897 1.000081216550085 1.514905954549587 216.729427536692 0.003296590665946535
0.0544 6376.523488043619 1.00008084647497 1.514812557116935 216.4973277164753 0.003204484054133868
0.0545 6376.559255650724 1.000080477084929 1.514719136464185 216.2648382702968 0.003114590443123325
0.0546 6376.595083216769 1.000080108382896 1.514625692613684 216.0319590910007 0.003026866465926293
0.05470000000000001 6376.630970758231 1.000079740371796 1.514532225587892 215.7986900714963 0.002941269371941359
0.0548 6376.666918291573 1.000079373054542 1.514438735409398 215.5650311047756 0.002857757023001231
0.0549 6376.70292583325 1.000079006434036 1.514345222100884 215.330982083878 0.002776287889336224
0.055 6376.738993399702 1.000078640513169 1.51425168568518 215.0965429019374 0.002696821045505054
0.0551 6376.775121007362 1.00007827529482 1.514158126185214 214.8617134521468 0.002619316166235426
0.05520000000000001 6376.81130867265 1.000077910781858 1.514064543624035 214.6264936277761 0.002543733522224497
0.0553 6376.847556411974 1.00007754697714 1.51397093802481 214.390883322172 0.002470033975875743
0.0554 6376.883864241732 1.00007718388351 1.513877309410828 214.1548824287405 0.002398178976975062
0.0555 6376.920232178311 1.000076821503803 1.513783657805503 213.918490840976 0.002328130558327835
0.0556 6376.956660238086 1.000076459840839 1.513689983232361 213.6817084524381 0.00225985133132748
0.0557 6376.993148437421 1.00007609889743 1.513596285715055 213.4445351567632 0.002193304481484629
0.0558 6377.029696792667 1.000075738676372 1.513502565277355 213.2069708476646 0.002128453763904099
0.05590000000000001 6377.066305320165 1.000075379180454 1.513408821943151 212.9690154189265 0.002065263498713494
0.056 6377.102974036244 1.000075020412449 1.513315055736458 212.7306687644158 0.002003698566451506
0.0561 6377.13970295722 1.00007466237512 1.513221266681409 212.4919307780705 0.001943724403406506
0.0562 6377.176492099399 1.000074305071216 1.513127454802271 212.2528013539053 0.00188530699691826
0.0563 6377.213341479074 1.000073948503476 1.513033620123425 212.0132803860178 0.001828412880639473
0.05640000000000001 6377.250251112526 1.000073592674626 1.512939762669373 211.7733677685823 0.001773009129756192
0.0565 6377.287221016024 1.000073237587379 1.512845882464749 211.5330633958441 0.001719063356171908
0.0566 6377.324251205825 1.000072883244436 1.512751979534317 211.2923671621373 0.001666543703662171
0.0567 6377.361341698174 1.000072529648485 1.512658053902948 211.0512789618668 0.001615418842987955
0.0568 6377.398492509303 1.000072176802202 1.51256410559565 210.8097986895322 0.001565657966986651
0.05690000000000001 6377.435703655432 1.00007182470825 1.512470134637552 210.5679262396919 0.001517230785620769
0.057 6377.472975152769 1.00007147336928 1.512376141053924 210.3256615069994 0.001470107521013337
0.0571 6377.510307017509 1.000071122787929 1.512282124870138 210.0830043861905 0.001424258902446831
0.0572 6377.547699265834 1.000070772966822 1.512188086111715 209.8399547720782 0.00137965616133877
0.0573 6377.585151913914 1.00007042390857 1.512094024804291 209.5965125595579 0.001336271026196381
0.0574 6377.622664977906 1.000070075615772 1.511999940973642 209.3526776436141 0.001294075717549547
0.0575 6377.660238473953 1.000069728091014 1.511905834645659 209.1084499193079 0.001253042942860683
0.05760000000000001 6377.697872418187 1.000069381336868 1.511811705846366 208.8638292817831 0.001213145891419498
0.0577 6377.735566826726 1.000069035355891 1.511717554601927 208.6188156262782 0.001174358229221765
0.0578 6377.773321715676 1.000068690150631 1.51162338093862 208.3734088481086 0.001136654093828116
0.0579 6377.811137101125 1.00006834572362 1.511529184882867 208.1276088426843 0.001100008089214972
0.058 6377.849012999156 1.000068002077375 1.511434966461214 207.881415505486 0.001064395280607041
0.05810000000000001 6377.886949425832 1.000067659214401 1.51134072570033 207.6348287320951 0.001029791189307309
0.0582 6377.924946397204 1.000067317137191 1.511246462627025 207.3878484181758 0.0009961717875109598
0.0583 6377.963003929312 1.000066975848221 1.51115217726825 207.1404744594751 0.0009635134931146015
0.0584 6378.001122038179 1.000066635349956 1.511057869651064 206.8927067518342 0.0009317931645210093
0.0585 6378.039300739818 1.000066295644844 1.510963539802683 206.6445451911835 0.0009009880954369577
0.05860000000000001 6378.077540050223 1.000065956735321 1.510869187750441 206.3959896735477 0.0008710760096695828
0.0587 6378.11583998538 1.00006561862381 1.51077481352181 206.1470400950283 0.0008420350559183425
0.05880000000000001 6378.154200561257 1.000065281312717 1.510680417144397 205.8976963518274 0.000813843802571839
0.0589 6378.192621793811 1.000064944804436 1.510585998645938 205.64795834023 0.0007864812325009712
0.059 6378.23110369898 1.000064609101345 1.510491558054315 205.3978259566273 0.0007599267378594651
0.0591 6378.269646292694 1.00006427420581 1.510397095397527 205.1472990974875 0.0007341601148826295
0.0592 6378.308249590865 1.000063940120179 1.510302610703723 204.896377659379 0.0007091615586973346
0.05930000000000001 6378.346913609392 1.000063606846789 1.510208104001182 204.6450615389534 0.0006849116581343984
0.0594 6378.385638364158 1.00006327438796 1.510113575318318 204.3933506329744 0.0006613913905537516
0.0595 6378.424423871033 1.000062942745999 1.510019024683686 204.1412448382883 0.0006385821166732327
0.0596 6378.463270145871 1.000062611923197 1.509924452125978 203.8887440518364 0.0006164655754121804
0.0597 6378.502177204514 1.000062281921829 1.509829857674008 203.6358481706601 0.0005950238787462838
0.05980000000000001 6378.541145062787 1.000061952744159 1.509735241356748 203.3825570918838 0.0005742395065736727
0.0599 6378.5801737365 1.000061624392431 1.509640603203295 203.12887071275 0.0005540953015998727
0.06 6378.619263241448 1.000061296868878 1.509545943242886 202.8747889305899 0.0005345744642329646
0.0601 6378.658413593413 1.000060970175716 1.509451261504895 202.6203116428177 0.0005156605474977725
0.0602 6378.697624808158 1.000060644315145 1.50935655801885 202.3654387469713 0.0004973374519714782
0.0603 6378.736896901436 1.000060319289352 1.509261832814388 202.1101701406659 0.0004795894207317335
0.0604 6378.776229888982 1.000059995100507 1.509167085921309 201.8545057216169 0.0004624010343304101
0.06050000000000001 6378.815623786513 1.000059671750763 1.509072317369551 201.5984453876639 0.0004457572057883865
0.0606 6378.855078609737 1.000059349242262 1.50897752718917 201.3419890367117 0.0004296431756073773
0.0607 6378.894594374338 1.000059027577125 1.508882715410396 201.0851365668008 0.0004140445068138005
0.0608 6378.934171095992 1.000058706757461 1.508787882063566 200.8278878760487 0.0003989470800187922
0.0609 6378.973808790355 1.000058386785362 1.508693027179179 200.5702428626913 0.0003843370885101047
0.06100000000000001 6379.013507473069 1.000058067662904 1.508598150787871 200.3122014250529 0.0003702010333662464
0.0611 6379.053267159758 1.000057749392148 1.508503252920408 200.0537634615761 0.0003565257186015306
0.0612 6379.093087866033 1.000057431975137 1.508408333607716 199.7949288707863 0.0003432982463359978
0.0613 6379.132969607486 1.0000571154139 1.508313392880839 199.535697551339 0.0003305060119990988
0.0614 6379.172912399696 1.000056799710448 1.508218430770988 199.2760694019784 0.0003181366995590011
0.06150000000000001 6379.212916258222 1.000056484866779 1.508123447309486 199.0160443215549 0.0003061782767861334
0.0616 6379.25298119861 1.000056170884869 1.50802844252784 198.7556222090374 0.0002946189905482807
0.0617 6379.293107236386 1.000055857766685 1.507933416457651 198.4948029634892 0.0002834473621368964
0.0618 6379.333294387064 1.000055545514171 1.507838369130699 198.233586484086 0.000272652182628923
0.0619 6379.373542666137 1.000055234129258 1.507743300578891 197.9719726701099 0.0002622225082819318
0.062 6379.413852089084 1.000054923613859 1.507648210834275 197.7099614209554 0.0002521476559648946
0.0621 6379.454222671367 1.000054613969872 1.507553099929055 197.4475526361174 0.0002424171986241543
0.06220000000000001 6379.494654428429 1.000054305199175 1.507457967895564 197.184746215209 0.0002330209607870997
0.0623 6379.535147375699 1.000053997303634 1.507362814766285 196.9215420579557 0.0002239490141021756
0.0624 6379.575701528586 1.000053690285094 1.50726764057384 196.6579400641893 0.0002151916729168593
0.0625 6379.616316902486 1.000053384145384 1.507172445351004 196.3939401338424 0.0002067394898942421
0.0626 6379.656993512772 1.000053078886318 1.507077229130689 196.1295421669832 0.0001985832516700736
0.06270000000000001 6379.697731374803 1.00005277450969 1.506981991945949 195.8647460637807 0.0001907139745472423
0.06280000000000001 6379.738530503921 1.000052471017279 1.50688673382999 195.5995517245159 0.0001831229002321505
0.0629 6379.77939091545 1.000052168410845 1.506791454816153 195.3339590495765 0.0001758014916113847
0.063 6379.820312624695 1.000051866692133 1.506696154937928 195.0679679394801 0.0001687414285705591
0.0631 6379.861295646946 1.000051565862869 1.506600834228948 194.8015782948509 0.0001619346038536994
0.06320000000000001 6379.902339997471 1.000051265924761 1.506505492722998 194.5347900164369 0.0001553731189660927
0.06330000000000001 6379.943445691526 1.000050966879501 1.506410130453993 194.267603005081 0.0001490492801187161
0.0634 6379.984612744342 1.000050668728763 1.506314747456003 194.0000171617738 0.0001429555942178654
0.0635 6380.025841171139 1.000050371474203 1.506219343763239 193.7320323875946 0.0001370847648956883
0.0636 6380.067130987113 1.00005007511746 1.506123919410059 193.4636485837644 0.0001314296885873043
0.06370000000000001 6380.108482207445 1.000049779660154 1.50602847443096 193.194865651605 0.0001259834506501039
0.06380000000000001 6380.149894847298 1.000049485103889 1.505933008860596 192.9256834925621 0.0001207393215291343
0.0639 6380.191368921814 1.000049191450249 1.505837522733747 192.6561020082116 0.0001156907529670007
0.064 6380.232904446118 1.000048898700802 1.505742016085359 192.3861211002358 0.0001108313742584603
0.0641 6380.274501435316 1.000048606857097 1.50564648895051 192.1157406704468 0.0001061549885514156
0.06420000000000001 6380.316159904495 1.000048315920664 1.505550941364424 191.8449606207813 0.0001016555691930633
0.06430000000000001 6380.357879868725 1.000048025893017 1.505455373362468 191.573780853288 9.732725612192931e-05
0.0644 6380.399661343055 1.00004773677565 1.505359784980167 191.3022012701457 9.316435230654152e-05
0.0645 6380.441504342515 1.00004744857004 1.505264176253173 191.0302217736515 8.916132022992847e-05
0.0646 6380.483408882118 1.000047161277645 1.505168547217293 190.7578422662326 8.531277842096356e-05
0.06470000000000001 6380.525374976856 1.000046874899904 1.505072897908476 190.4850626504343 8.161349803195802e-05
0.0648 6380.567402641704 1.000046589438239 1.504977228362818 190.2118828289262 7.805839946323395e-05
0.0649 6380.609491891613 1.000046304894053 1.504881538616553 189.9383027045136 7.464254903455532e-05
0.065 6380.65164274152 1.00004602126873 1.504785828706067 189.6643221801204 7.136115570304721e-05
0.06510000000000001 6380.693855206338 1.000045738563636 1.504690098667888 189.3899411588062 6.820956782849432e-05
0.06520000000000001 6380.736129300962 1.000045456780117 1.50459434853869 189.115159543749 6.518326998515461e-05
0.0653 6380.778465040269 1.000045175919502 1.504498578355287 188.8399772382508 6.227787982083016e-05
0.0654 6380.820862439115 1.0000448959831 1.504402788154644 188.5643941457555 5.948914496299221e-05
0.0655 6380.863321512334 1.000044616972202 1.504306977973858 188.2884101698313 5.681293997144588e-05
0.06560000000000001 6380.905842274743 1.000044338888079 1.504211147850186 188.0120252141704 5.42452633380819e-05
0.06570000000000001 6380.948424741137 1.000044061731985 1.504115297821016 187.735239182607 5.178223453359363e-05
0.0658 6380.991068926293 1.000043785505154 1.504019427923883 187.4580519790933 4.942009110053789e-05
0.0659 6381.033774844966 1.000043510208799 1.503923538196476 187.1804635077236 4.715518579345479e-05
0.066 6381.076542511889 1.000043235844117 1.503827628676607 186.9024736727223 4.498398376517705e-05
0.06610000000000001 6381.119371941778 1.000042962412284 1.503731699402251 186.6240823784436 4.290305979962601e-05
0.06620000000000001 6381.162263149327 1.000042689914457 1.503635750411513 186.3452895293721 4.090909559083234e-05
0.0663 6381.205216149209 1.000042418351775 1.503539781742645 186.0660950301398 3.899887706813019e-05
0.0664 6381.248230956077 1.000042147725355 1.503443793434051 185.7864987854972 3.716929176688949e-05
0.0665 6381.291307584562 1.000041878036299 1.503347785524262 185.5065007003485 3.541732624537147e-05
0.06660000000000001 6381.334446049274 1.000041609285685 1.50325175805196 185.226100679722 3.374006354660088e-05
0.06670000000000001 6381.377646364804 1.000041341474573 1.503155711055967 184.945298628776 3.213468070571489e-05
0.0668 6381.420908545721 1.000041074604006 1.503059644575248 184.6640944528166 3.05984463023476e-05
0.0669 6381.464232606572 1.000040808675004 1.502963558648905 184.3824880572801 2.912871805753481e-05
0.067 6381.507618561885 1.000040543688569 1.502867453316195 184.1004793477504 2.772294047527015e-05
0.06710000000000001 6381.551066426162 1.000040279645684 1.502771328616498 183.8180682299475 2.637864252806976e-05
0.06720000000000001 6381.594576213888 1.000040016547312 1.502675184589349 183.5352546097273 2.509343538647512e-05
0.0673 6381.638147939525 1.000039754394394 1.502579021274411 183.2520383930877 2.386501019214149e-05
0.0674 6381.681781617513 1.000039493187855 1.502482838711507 182.9684194861683 2.269113587413069e-05
0.0675 6381.725477262271 1.000039232928597 1.502386636940577 182.6843977952389 2.156965700806088e-05
0.06760000000000001 6381.769234888195 1.000038973617504 1.502290416001717 182.3999732267347 2.049849171799865e-05
0.06770000000000001 6381.81305450966 1.000038715255439 1.502194175935156 182.1151456872093 1.947562962022087e-05
0.0678 6381.85693614102 1.000038457843246 1.502097916781264 181.8299150833699 1.849912980913265e-05
0.0679 6381.900879796605 1.000038201381749 1.502001638580548 181.5442813220656 1.756711888445025e-05
0.068 6381.944885490725 1.000037945871751 1.501905341373658 181.2582443102873 1.667778901949526e-05
0.06810000000000001 6381.988953237665 1.000037691314037 1.501809025201372 180.9718039551798 1.582939607018873e-05
0.0682 6382.033083051688 1.000037437709369 1.501712690104624 180.6849601640296 1.502025772422966e-05
0.0683 6382.077274947038 1.000037185058491 1.501616336124465 180.3977128442533 1.424875169012755e-05
0.0684 6382.121528937932 1.000036933362126 1.501519963302099 180.110061903439 1.351331392579621e-05
0.06850000000000001 6382.165845038568 1.000036682620976 1.501423571678864 179.8220072493049 1.281243690590896e-05
0.06860000000000001 6382.21022326312 1.000036432835726 1.501327161296225 179.5335487897227 1.214466792798066e-05
0.0687 6382.254663625738 1.000036184007038 1.501230732195789 179.2446864327061 1.150860745646025e-05
0.0688 6382.299166140551 1.000035936135553 1.501134284419301 178.9554200864167 1.090290750451755e-05
0.0689 6382.343730821665 1.000035689221894 1.501037818008639 178.6657496591755 1.032627005302919e-05
0.06900000000000001 6382.388357683161 1.000035443266663 1.500941333005818 178.3756750594515 9.777445506239761e-06
0.06910000000000001 6382.433046739098 1.00003519827044 1.50084482945299 178.0851961958614 9.255231183706161e-06
0.0692 6382.477798003513 1.000034954233786 1.500748307392428 177.7943129771637 8.758469848011171e-06
0.0693 6382.522611490419 1.000034711157242 1.500651766866554 177.5030253122767 8.286048267815575e-06
0.0694 6382.567487213803 1.000034469041328 1.500555207917915 177.2113331102781 7.836895815687481e-06
0.06950000000000001 6382.612425187634 1.000034227886542 1.500458630589193 176.9192362803818 7.409983100222331e-06
0.06960000000000001 6382.65742542585 1.000033987693364 1.500362034923205 176.626734731973 7.004320632083868e-06
0.0697 6382.702487942373 1.000033748462252 1.500265420962894 176.3338283745728 6.618957523272678e-06
