0 6365.5 1.000385414462932 1.561966409403085 300.15 29.24559660244114
0.0001 6365.505652662508 1.000385045306682 1.561907827711119 300.1132576937006 29.18256162071956
0.0002 6365.511342623237 1.000384674147379 1.561849198616265 300.0762729489569 29.11923031622225
0.0003 6365.517069912505 1.00038430099108 1.561790521845812 300.0390455687196 29.05560451984317
0.0004 6365.522834560801 1.000383925843874 1.561731797127988 300.0015753547926 28.99168607124753
0.0005 6365.52863659879 1.000383548711886 1.5616730241921 299.9638621078624 28.92747681886452
0.0006000000000000001 6365.534476057312 1.000383169601276 1.561614202768392 299.9259056274744 28.86297861978856
0.0007 6365.540352967376 1.000382788518235 1.56155533258819 299.887705712057 28.79819333976074
0.0008 6365.546267360165 1.000382405468993 1.561496413383742 299.849262158927 28.73312285311936
0.0009000000000000001 6365.552219267035 1.000382020459809 1.561437444888377 299.810574764272 28.66776904271004
0.001 6365.558208719512 1.00038163349698 1.561378426836365 299.7716433231743 28.60213379986543
0.0011 6365.564235749291 1.000381244586835 1.561319358963051 299.7324676296106 28.53621902434425
0.0012 6365.570300388238 1.000380853735736 1.561260241004814 299.6930474764521 28.47002662426984
0.0013 6365.576402668389 1.00038046095008 1.561201072698935 299.6533826554704 28.40355851607833
0.0014 6365.582542621945 1.0003800662363 1.561141853783787 299.6134729573554 28.33681662448584
0.0015 6365.588720281278 1.000379669600857 1.561082583998796 299.5733181716913 28.26980288238588
0.0016 6365.594935678926 1.000379271050251 1.561023263084282 299.5329180869807 28.20251923082565
0.0017 6365.601188847593 1.000378870591012 1.56096389078173 299.492272490644 28.1349676189419
0.0018 6365.607479820149 1.000378468229706 1.560904466833502 299.4513811690321 28.06715000391622
0.0019 6365.61380862963 1.000378063972928 1.560844990983118 299.4102439074076 27.99906835088045
0.002 6365.620175309235 1.000377657827312 1.560785462974998 299.3688604899752 27.93072463290037
0.0021 6365.626579892327 1.00037724979952 1.560725882554656 299.3272306998755 27.86212083089964
0.0022 6365.633022412435 1.000376839896251 1.560666249468635 299.2853543191731 27.79325893357389
0.0023 6365.639502903247 1.000376428124233 1.560606563464523 299.243231128898 27.72414093739178
0.0024 6365.646021398614 1.00037601449023 1.560546824290822 299.2008609090102 27.65476884646898
0.0025 6365.652577932549 1.000375599001038 1.560487031697249 299.1582434384294 27.5851446725487
0.0026 6365.659172539227 1.000375181663484 1.560427185434419 299.1153784950228 27.51527043491358
0.0027 6365.665805252979 1.00037476248443 1.560367285254046 299.072265855635 27.4451481603648
0.0028 6365.6724761083 1.000374341470769 1.560307330908793 299.0289052960524 27.3747798830946
0.0029 6365.679185139838 1.000373918629426 1.560247322152567 298.9852965910503 27.30416764469299
0.003 6365.685932382405 1.000373493967359 1.560187258740117 298.9414395143698 27.23331349403846
0.0031 6365.692717870965 1.000373067491559 1.560127140427317 298.897333838729 27.16221948724596
0.0032 6365.699541640643 1.000372639209046 1.560066966971133 298.8529793358233 27.0908876875951
0.0033 6365.706403726716 1.000372209126876 1.560006738129484 298.8083757763433 27.01932016548638
0.0034 6365.713304164622 1.000371777252133 1.559946453661463 298.7635229299566 26.9475189983398
0.0035 6365.720242989948 1.000371343591936 1.559886113327163 298.7184205653379 26.87548627056892
0.0036 6365.727220238437 1.000370908153433 1.559825716887715 298.6730684501566 26.8032240734879
0.0037 6365.734235945986 1.000370470943805 1.559765264105357 298.6274663510893 26.73073450525597
0.0038 6365.741290148645 1.000370031970263 1.559704754743341 298.5816140338073 26.65801967078363
0.0039 6365.748382882614 1.000369591240051 1.559644188566117 298.5355112630067 26.58508168170418
0.004 6365.755514184246 1.000369148760444 1.559583565339048 298.489157802402 26.51192265628808
0.0041 6365.762684090044 1.000368704538746 1.559522884828673 298.4425534147148 26.43854471934785
0.004200000000000001 6365.769892636661 1.000368258582293 1.559462146802591 298.3956978617028 26.36495000220756
0.0043 6365.777139860899 1.000367810898453 1.559401351029478 298.3485909041546 26.29114064261584
0.0044 6365.784425799709 1.000367361494623 1.559340497279118 298.3012323018887 26.21711878466764
0.004500000000000001 6365.79175049019 1.000366910378232 1.559279585322334 298.2536218137665 26.14288657874414
0.0046 6365.799113969587 1.000366457556737 1.559218614931113 298.2057591976853 26.06844618142423
0.0047 6365.806516275294 1.000366003037628 1.559157585878476 298.157644210591 25.99379975542325
0.0048 6365.813957444849 1.000365546828423 1.559096497938576 298.1092766084834 25.91894946952187
0.0049 6365.821437515935 1.000365088936672 1.55903535088663 298.0606561464223 25.84389749849438
0.005 6365.82895652638 1.000364629369952 1.558974144499072 298.0117825785277 25.76864602302727
0.0051 6365.836514514156 1.000364168135874 1.558912878553318 297.9626556579855 25.69319722964651
0.005200000000000001 6365.844111517377 1.000363705242073 1.558851552828003 297.9132751370474 25.61755331063514
0.0053 6365.851747574301 1.000363240696219 1.558790167102783 297.8636407670432 25.54171646396848
0.0054 6365.859422723326 1.000362774506008 1.558728721158463 297.8137522983801 25.4656888932307
0.005500000000000001 6365.867137002992 1.000362306679166 1.558667214777018 297.7636094805552 25.38947280754877
0.0056 6365.874890451977 1.000361837223448 1.558605647741536 297.713212062149 25.31307042149891
0.0057 6365.882683109102 1.000361366146638 1.558544019836266 297.6625597908377 25.23648395503958
0.005800000000000001 6365.890515013324 1.000360893456548 1.558482330846444 297.611652413393 25.15971563342587
0.0059 6365.898386203739 1.000360419161019 1.558420580558656 297.5604896756939 25.08276768714122
0.006 6365.906296719581 1.000359943267921 1.558358768760462 297.5090713227208 25.00564235180191
0.0061 6365.91424660022 1.000359465785153 1.558296895240652 297.4573970985674 24.92834186808771
0.006200000000000001 6365.922235885163 1.000358986720639 1.558234959789177 297.4054667464405 24.8508684816542
0.0063 6365.930264614049 1.000358506082334 1.558172962197059 297.353280008684 24.77322444307993
0.0064 6365.938332826653 1.000358023878218 1.558110902256593 297.3008366267549 24.69541200774221
0.006500000000000001 6365.946440562887 1.000357540116303 1.558048779761146 297.2481363412352 24.61743343574584
0.0066 6365.954587862791 1.000357054804624 1.557986594505268 297.1951788918558 24.53929099186822
0.0067 6365.962774766541 1.000356567951245 1.557924346284743 297.1419640174844 24.46098694545159
0.006800000000000001 6365.971001314441 1.000356079564258 1.557862034896402 297.0884914561315 24.38252357032097
0.006900000000000001 6365.97926754693 1.00035558965178 1.557799660138364 297.0347609449563 24.30390314470161
0.007 6365.987573504573 1.000355098221957 1.557737221809888 296.9807722202785 24.22512795114452
0.0071 6365.995919228066 1.00035460528296 1.557674719711426 296.9265250175725 24.14620027642541
0.007200000000000001 6366.004304758234 1.000354110842987 1.557612153644597 296.8720190714793 24.06712241146926
0.0073 6366.01273013603 1.000353614910262 1.557549523412229 296.8172541158059 23.9878966512569
0.0074 6366.021195402532 1.000353117493037 1.557486828818348 296.7622298835439 23.90852529475691
0.007500000000000001 6366.029700598945 1.000352618599586 1.557424069668151 296.7069461068571 23.82901064481409
0.0076 6366.038245766602 1.000352118238211 1.557361245768118 296.6514025170876 23.74935500806332
0.0077 6366.046830946958 1.000351616417242 1.557298356925815 296.5955988447735 23.66956069485968
0.007800000000000001 6366.055456181593 1.000351113145029 1.557235402950103 296.5395348196488 23.58963001918259
0.007900000000000001 6366.06412151221 1.000350608429952 1.557172383651039 296.4832101706378 23.50956529853102
0.008 6366.072826980634 1.000350102280414 1.557109298839894 296.4266246258784 23.42936885386045
0.0081 6366.081572628813 1.000349594704841 1.557046148329162 296.3697779127164 23.34904300947703
0.008200000000000001 6366.090358498814 1.000349085711687 1.556982931932598 296.3126697577112 23.26859009294818
0.0083 6366.099184632826 1.000348575309428 1.556919649465114 296.2552998866303 23.18801243499612
0.008400000000000001 6366.108051073156 1.000348063506566 1.556856300742899 296.1976680244842 23.10731236944894
0.008500000000000001 6366.116957862231 1.000347550311626 1.556792885583391 296.1397738954973 23.02649223309983
0.0086 6366.125905042595 1.000347035733155 1.556729403805236 296.0816172231315 22.94555436564066
0.008700000000000001 6366.134892656909 1.000346519779727 1.556665855228382 296.0231977300917 22.86450110956988
0.008800000000000001 6366.14392074795 1.000346002459938 1.556602239673954 295.9645151383264 22.78333481009187
0.0089 6366.152989358609 1.000345483782406 1.556538556964372 295.905569169039 22.7020578150322
0.009000000000000001 6366.162098531897 1.000344963755774 1.556474806923274 295.8463595426705 22.62067247471161
0.0091 6366.171248310931 1.000344442388706 1.556410989375675 295.7868859789463 22.53918114190908
0.0092 6366.180438738949 1.000343919689889 1.55634710414766 295.7271481968295 22.45758617169438
0.009300000000000001 6366.189669859296 1.000343395668034 1.556283151066762 295.6671459145736 22.37588992139806
0.0094 6366.19894171543 1.000342870331872 1.556219129961696 295.6068788497049 22.29409475048361
0.0095 6366.20825435092 1.000342343690157 1.556155040662471 295.5463467190228 22.21220302044376
0.009600000000000001 6366.217607809443 1.000341815751664 1.556090883000358 295.4855492386231 22.13021709472817
0.0097 6366.227002134788 1.000341286525189 1.556026656807974 295.4244861238802 22.04813933861477
0.0098 6366.236437370851 1.000340756019552 1.555962361919108 295.3631570894712 21.96597211913651
0.009900000000000001 6366.245913561635 1.000340224243591 1.555897998168939 295.3015618493754 21.88371780497564
0.01 6366.25543075125 1.000339691206166 1.55583356539393 295.2397001168746 21.80137876635775
0.0101 6366.264988983911 1.000339156916158 1.555769063431783 295.1775716045767 21.71895737497677
0.0102 6366.27458830394 1.000338621382467 1.555704492121574 295.1151760243919 21.63645600385658
0.0103 6366.28422875576 1.000338084614015 1.555639851303636 295.0525130875625 21.55387702728301
0.0104 6366.2939103839 1.000337546619742 1.555575140819616 294.9895825046509 21.47122282068051
0.0105 6366.30363323299 1.000337007408608 1.555510360512463 294.9263839855634 21.38849576053509
0.0106 6366.313397347764 1.000336466989593 1.555445510226493 294.8629172395321 21.30569822426255
0.0107 6366.323202773054 1.000335925371696 1.555380589807325 294.7991819751509 21.22283259014595
0.0108 6366.333049553793 1.000335382563935 1.55531559910181 294.7351779003456 21.13990123718774
0.0109 6366.342937735014 1.000334838575346 1.55525053795828 294.6709047224093 21.05690654504613
0.011 6366.352867361847 1.000334293414985 1.555185406226297 294.606362147997 20.9738508939173
0.0111 6366.36283847952 1.000333747091923 1.555120203756745 294.5415498831188 20.89073666441731
0.0112 6366.372851133358 1.000333199615253 1.555054930401914 294.4764676331705 20.80756623750928
0.0113 6366.382905368782 1.000332650994082 1.554989586015402 294.411115102915 20.72434199436933
0.0114 6366.393001231308 1.000332101237536 1.554924170452131 294.3454919965005 20.64106631629776
0.0115 6366.403138766545 1.000331550354759 1.554858683568377 294.2795980174604 20.55774158460709
0.0116 6366.413318020195 1.000330998354911 1.554793125221788 294.2134328687311 20.47437018053217
0.0117 6366.423539038055 1.000330445247167 1.554727495271397 294.1469962526397 20.39095448510254
0.0118 6366.433801866013 1.000329891040722 1.554661793577513 294.0802878709168 20.30749687904448
0.0119 6366.444106550044 1.000329335744784 1.554596020001863 294.0133074247132 20.22399974268974
0.012 6366.454453136216 1.000328779368577 1.554530174407517 293.9460546145946 20.14046545585446
0.0121 6366.464841670687 1.000328221921343 1.554464256658953 293.8785291405355 20.0568963977179
0.0122 6366.475272199699 1.000327663412337 1.554398266621956 293.8107307019549 19.97329494675211
0.0123 6366.485744769587 1.000327103850829 1.554332204163724 293.7426589976861 19.8896634805707
0.0124 6366.496259426766 1.000326543246106 1.554266069152839 293.674313726019 19.80600437586492
0.0125 6366.506816217742 1.000325981607466 1.554199861459267 293.6056945846757 19.72232000825932
0.0126 6366.517415189102 1.000325418944225 1.554133580954314 293.5368012708344 19.63861275222512
0.0127 6366.528056387519 1.000324855265709 1.554067227510719 293.4676334811296 19.55488498096433
0.0128 6366.538739859746 1.000324290581262 1.554000801002579 293.3981909116518 19.47113906629361
0.0129 6366.549465652623 1.000323724900237 1.553934301305443 293.3284732579535 19.3873773785352
0.013 6366.560233813066 1.000323158232003 1.553867728296196 293.2584802150731 19.30360228642855
0.0131 6366.571044388074 1.000322590585941 1.553801081853143 293.1882114775225 19.21981615699912
0.0132 6366.581897424724 1.000322021971443 1.553734361855998 293.1176667392937 19.13602135544836
0.0133 6366.592792970173 1.000321452397915 1.553667568185886 293.046845693876 19.05222024505728
0.0134 6366.603731071654 1.000320881874775 1.553600700725312 292.9757480342504 18.96841518706172
0.0135 6366.614711776477 1.000320310411452 1.553533759358233 292.9043734529013 18.88460854054842
0.0136 6366.62573513203 1.000319738017385 1.553466743969995 292.8327216418046 18.80080266232298
0.0137 6366.636801185773 1.000319164702027 1.553399654447373 292.7607922924752 18.71699990684696
0.0138 6366.647909985241 1.000318590474839 1.553332490678545 292.6885850959314 18.63320262607759
0.0139 6366.659061578042 1.000318015345293 1.553265252553151 292.6160997427245 18.54941316938344
0.014 6366.670256011857 1.000317439322872 1.553197939962207 292.5433359229268 18.4656338834117
0.0141 6366.681493334439 1.000316862417069 1.553130552798188 292.4702933261495 18.38186711198955
0.0142 6366.692773593607 1.000316284637385 1.553063090955039 292.3969716415548 18.29811519601813
0.0143 6366.704096837255 1.00031570599333 1.552995554328051 292.3233705578435 18.21438047333951
0.0144 6366.715463113343 1.000315126494426 1.55292794281402 292.2494897632731 18.13066527863715
0.0145 6366.726872469898 1.000314546150201 1.552860256311135 292.1753289456636 18.04697194332265
0.0146 6366.738324955016 1.00031396497019 1.552792494719107 292.1008877923977 17.96330279541572
0.0147 6366.749820616857 1.000313382963938 1.552724657939013 292.0261659904321 17.87966015943721
0.0148 6366.761359503647 1.000312800140999 1.552656745873372 291.9511632262924 17.79604635628222
0.0149 6366.772941663676 1.000312216510932 1.552588758426235 291.8758791861077 17.71246370313909
0.015 6366.784567145295 1.000311632083302 1.552520695503031 291.8003135555817 17.62891451333585
0.0151 6366.796235996922 1.000311046867683 1.552452557010665 291.7244660200103 17.54540109623927
0.0152 6366.80794826703 1.000310460873655 1.552384342857535 291.6483362643047 17.4619257571601
0.0153 6366.819704004157 1.000309874110803 1.552316052953437 291.5719239729805 17.37849079721891
0.0154 6366.831503256899 1.000309286588718 1.55224768720969 291.4952288301569 17.29509851322523
0.0155 6366.84334607391 1.000308698316997 1.552179245539026 291.4182505195867 17.21175119758864
0.0156 6366.855232503903 1.000308109305241 1.552110727855671 291.3409887246324 17.12845113817185
0.0157 6366.867162595646 1.000307519563057 1.552042134075332 291.2634431283021 17.04520061820789
0.0158 6366.879136397964 1.000306929100056 1.551973464115118 291.1856134132312 16.96200191615962
0.0159 6366.891153959738 1.000306337925851 1.551904717893718 291.1074992617063 16.87885730562377
0.016 6366.903215329899 1.000305746050062 1.551835895331215 291.0291003556594 16.7957690552032
0.0161 6366.915320557434 1.000305153482309 1.551766996349217 290.9504163766795 16.71273942839805
0.0162 6366.927469691381 1.000304560232218 1.551698020870754 290.8714470060248 16.62977068349677
0.0163 6366.93966278083 1.000303966309417 1.551628968820406 290.7921919246045 16.54686507343606
0.0164 6366.95189987492 1.000303371723534 1.551559840124179 290.7126508130203 16.46402484572285
0.0165 6366.96418102284 1.000302776484201 1.551490634709608 290.6328233515432 16.38125224228801
0.0166 6366.976506273826 1.000302180601053 1.551421352505681 290.5527092201304 16.29854949938359
0.0167 6366.988875677163 1.000301584083723 1.551351993442893 290.472308098438 16.21591884747356
0.0168 6367.001289282182 1.000300986941848 1.551282557453227 290.3916196658146 16.13336251110635
0.0169 6367.01374713826 1.000300389185062 1.551213044470154 290.310643601313 16.05088270880579
0.017 6367.026249294815 1.000299790823004 1.551143454428636 290.2293795837026 15.96848165296188
0.0171 6367.038795801313 1.000299191865308 1.551073787265143 290.1478272914627 15.88616154970362
0.0172 6367.051386707261 1.000298592321612 1.551004042917628 290.065986402807 15.80392459880181
0.0173 6367.064022062205 1.000297992201551 1.550934221325538 289.9838565956651 15.72177299353019
0.0174 6367.076701915738 1.000297391514758 1.550864322429826 289.9014375477008 15.63970892056253
0.0175 6367.089426317487 1.000296790270865 1.550794346172971 289.8187289363353 15.55773455987527
0.0176 6367.102195317119 1.000296188479503 1.550724292498933 289.7357304387241 15.47585208460332
0.0177 6367.115008964342 1.000295586150302 1.550654161353153 289.65244173178 15.39406366094303
0.0178 6367.127867308896 1.000294983292886 1.550583952682607 289.5688624921794 15.31237144803753
0.0179 6367.140770400562 1.000294379916878 1.550513666435768 289.4849923963506 15.23077759784503
0.018 6367.153718289152 1.000293776031898 1.550443302562623 289.4008311205147 15.14928425505908
0.0181 6367.166711024514 1.000293171647562 1.550372861014646 289.3163783406566 15.06789355695982
0.0182 6367.17974865653 1.000292566773482 1.550302341744845 289.2316337325541 14.986607633323
0.0183 6367.192831235112 1.000291961419264 1.550231744707739 289.1465969717723 14.9054286062946
0.0184 6367.205958810204 1.000291355594512 1.550161069859344 289.0612677336752 14.82435859028296
0.0185 6367.219131431781 1.000290749308824 1.550090317157201 288.9756456934259 14.74339969183965
0.0186 6367.232349149846 1.00029014257179 1.550019486560337 288.8897305259983 14.66255400955184
0.0187 6367.245612014433 1.000289535392998 1.549948578029308 288.8035219061889 14.58182363393474
0.0188 6367.258920075599 1.000288927782027 1.54987759152622 288.717019508605 14.50121064730218
0.0189 6367.272273383432 1.000288319748451 1.549806527014656 288.6302230076943 14.42071712367607
0.019 6367.285671988041 1.000287711301836 1.549735384459691 288.5431320777333 14.3403451286575
0.0191 6367.299115939564 1.00028710245174 1.54966416382799 288.4557463928326 14.26009671931473
0.0192 6367.312605288161 1.000286493207716 1.549592865087657 288.3680656269552 14.17997394408237
0.0193 6367.326140084013 1.000285883579306 1.549521488208371 288.2800894539163 14.09997884264422
0.0194 6367.339720377323 1.000285273576045 1.549450033161312 288.191817547401 14.02011344583285
0.0195 6367.353346218316 1.000284663207459 1.549378499919156 288.1032495809467 13.94037977549707
0.0196 6367.367017657237 1.000284052483065 1.549306888456126 288.0143852279606 13.8607798444022
0.0197 6367.380734744348 1.000283441412368 1.549235198747966 287.9252241617377 13.78131565613034
0.0198 6367.394497529931 1.000282830004868 1.54916343077189 287.8357660554487 13.70198920495441
0.0199 6367.408306064282 1.00028221827005 1.549091584506699 287.74601058217 13.62280247574964
0.02 6367.422160397714 1.000281606217389 1.549019659932683 287.6559574148595 13.54375744385801
0.0201 6367.436060580557 1.000280993856352 1.548947657031652 287.5656062263805 13.46485607499515
0.0202 6367.450006663153 1.00028038119639 1.548875575786918 287.4749566895079 13.38610032514185
0.0203 6367.463998695856 1.000279768246947 1.548803416183328 287.3840084769394 13.30749214044094
0.0204 6367.478036729034 1.000279155017451 1.548731178207272 287.2927612612783 13.22903345706913
0.0205 6367.492120813065 1.000278541517318 1.548658861846607 287.2012147150748 13.15072620116044
0.0206 6367.506250998339 1.000277927755952 1.548586467090756 287.1093685107961 13.07257228866874
0.0207 6367.520427335252 1.000277313742744 1.548513993930637 287.0172223208623 12.99457362528673
0.0208 6367.534649874211 1.000276699487069 1.548441442358693 286.9247758176283 12.91673210631988
0.0209 6367.548918665629 1.000276084998291 1.548368812368864 286.8320286734137 12.83904961660093
0.021 6367.563233759924 1.000275470285756 1.548296103956652 286.7389805604965 12.76152803037482
0.0211 6367.577595207522 1.000274855358798 1.548223317119025 286.6456311511078 12.68416921118448
0.0212 6367.592003058853 1.000274240226733 1.548150451854492 286.5519801174545 12.60697501178163
0.0213 6367.606457364348 1.000273624898865 1.54807750816307 286.4580271317381 12.5299472740329
0.0214 6367.620958174442 1.000273009384478 1.548004486046315 286.3637718661242 12.45308782878768
0.0215 6367.635505539572 1.000272393692841 1.547931385507257 286.2692139927848 12.37639849580483
0.0216 6367.650099510174 1.000271777833208 1.547858206550484 286.1743531838678 12.29988108362193
0.0217 6367.664740136685 1.000271161814813 1.547784949182014 286.0791891115449 12.22353738948759
0.0218 6367.679427469541 1.000270545646875 1.547711613409472 285.983721447982 12.14736919923203
0.0219 6367.694161559174 1.000269929338592 1.547638199241939 285.8879498653686 12.071378287186
0.022 6367.708942456014 1.000269312899145 1.547564706690014 285.7918740359118 11.99556641607181
0.0221 6367.723770210486 1.000268696337699 1.547491135765807 285.6954936318424 11.91993533690448
0.0222 6367.738644873009 1.000268079663394 1.547417486482946 285.5988083254387 11.84448678890739
0.0223 6367.753566493999 1.000267462885357 1.547343758856519 285.5018177890082 11.76922249939603
0.0224 6367.768535123862 1.00026684601269 1.547269952903137 285.4045216949002 11.69414418368582
0.0225 6367.783550812996 1.000266229054478 1.547196068640968 285.3069197155286 11.61925354500947
0.0226 6367.798613611792 1.000265612019782 1.547122106089613 285.2090115233549 11.54455227440309
0.0227 6367.813723570629 1.000264994917647 1.547048065270156 285.1107967909114 11.47004205062489
0.0228 6367.828880739877 1.000264377757091 1.546973946205271 285.0122751908015 11.39572454005636
0.0229 6367.844085169892 1.000263760547113 1.546899748919028 284.9134463957051 11.32160139660877
0.023 6367.859336911018 1.000263143296691 1.546825473437065 284.8143100783854 11.24767426163036
0.0231 6367.874636013587 1.000262526014778 1.546751119786441 284.7148659116878 11.1739447638099
0.0232 6367.889982527914 1.000261908710304 1.546676687995769 284.6151135685585 11.10041451909424
0.0233 6367.9053765043 1.000261291392179 1.546602178095111 284.5150527220502 11.02708513059764
0.0234 6367.920817993028 1.000260674069286 1.546527590116012 284.4146830453159 10.95395818850332
0.0235 6367.936307044365 1.000260056750485 1.546452924091529 284.3140042116269 10.88103526998317
0.0236 6367.951843708559 1.000259439444611 1.546378180056175 284.2130158943668 10.80831793910099
0.0237 6367.967428035838 1.000258822160475 1.54630335804596 284.1117177670552 10.73580774673794
0.0238 6367.983060076409 1.000258204906863 1.546228458098337 284.0101095033418 10.66350623049739
0.0239 6367.998739880461 1.000257587692535 1.546153480252282 283.9081907770063 10.59141491461511
0.024 6368.014467498158 1.000256970526224 1.546078424548199 283.8059612619762 10.51953530988288
0.0241 6368.03024297964 1.000256353416638 1.546003291027993 283.7034206323386 10.44786891356849
0.0242 6368.046066375026 1.000255736372458 1.54592807973501 283.6005685623285 10.37641720932021
0.0243 6368.06193773441 1.000255119402338 1.545852790714053 283.4974047263344 10.30518166708468
0.0244 6368.077857107857 1.000254502514905 1.545777424011422 283.3939287989282 10.23416374304196
0.0245 6368.093824545408 1.000253885718757 1.545701979674842 283.2901404548474 10.16336487950873
0.0246 6368.109840097075 1.000253269022464 1.545626457753514 283.1860393690125 10.09278650486691
0.0247 6368.125903812842 1.000252652434569 1.545550858298067 283.0816252165276 10.0224300334811
0.0248 6368.142015742662 1.000252035963584 1.545475181360624 282.9768976726977 9.952296865628902
0.0249 6368.158175936459 1.000251419617994 1.545399426994679 282.8718564130166 9.882388387412282
0.025 6368.174384444125 1.000250803406252 1.545323595255251 282.7665011131857 9.812705970689885
0.0251 6368.190641315521 1.000250187336783 1.545247686198732 282.6608314491126 9.743250972998366
0.0252 6368.206946600473 1.000249571417981 1.545171699882983 282.5548470969242 9.67402473748259
0.0253 6368.223300348774 1.000248955658208 1.545095636367311 282.4485477329716 9.605028592822839
0.0254 6368.23970261018 1.000248340065796 1.545019495712423 282.341933033831 9.536263853159264
0.0255 6368.256153434413 1.000247724649048 1.544943277980438 282.2350026763146 9.467731818025035
0.0256 6368.27265287116 1.000247109416231 1.544866983234944 282.1277563374596 9.399433772265381
0.0257 6368.289200970065 1.000246494375582 1.544790611540902 282.0201936945749 9.331370985995411
0.0258 6368.305797780739 1.000245879535305 1.544714162964727 281.9123144251943 9.263544714498693
0.0259 6368.322443352749 1.000245264903572 1.544637637574214 281.8041182071291 9.195956198190769
0.026 6368.339137735624 1.000244650488521 1.544561035438597 281.6956047184452 9.128606662535086
0.0261 6368.355880978851 1.000244036298257 1.544484356628457 281.5867736374684 9.061497317978876
0.0262 6368.372673131876 1.000243422340851 1.544407601215819 281.4776246428081 8.994629359900975
0.0263 6368.389514244099 1.00024280862434 1.544330769274101 281.3681574133578 8.928003968545987
0.0264 6368.406404364879 1.000242195156726 1.544253860878093 281.2583716282887 8.86162230895615
0.0265 6368.423343543528 1.000241581945975 1.544176876103975 281.1482669670676 8.795485530918766
0.0266 6368.440331829315 1.000240969000022 1.54409981502931 281.0378431094508 8.729594768900439
0.0267 6368.45736927146 1.000240356326761 1.54402267773304 280.9270997355083 8.663951142000212
0.0268 6368.474455919136 1.000239743934054 1.543945464295487 280.8160365256171 8.598555753886089
0.0269 6368.491591821467 1.000239131829724 1.543868174798337 280.7046531604677 8.533409692739916
0.027 6368.508777027529 1.000238520021561 1.543790809324616 280.5929493210641 8.468514031200014
0.0271 6368.526011586348 1.000237908517315 1.543713367958735 280.4809246887352 8.403869826311949
0.0272 6368.543295546901 1.000237297324701 1.543635850786458 280.3685789451469 8.33947811948036
0.0273 6368.560628958107 1.000236686451393 1.543558257894868 280.2559117723021 8.275339936415163
0.0274 6368.57801186884 1.000236075905032 1.543480589372437 280.1429228525407 8.211456287079106
0.0275 6368.595444327914 1.000235465693217 1.543402845308946 280.0296118685573 8.147828165646622
0.0276 6368.612926384093 1.000234855823511 1.54332502579552 279.9159785033952 8.08445655045051
0.0277 6368.630458086084 1.000234246303436 1.543247130924593 279.8020224404526 8.021342403936647
0.0278 6368.648039482539 1.000233637140477 1.543169160789969 279.687743363494 7.958486672623227
0.0279 6368.665670622053 1.000233028342079 1.543091115486701 279.5731409566564 7.895890287057886
0.028 6368.68335155316 1.000232419915646 1.543012995111237 279.4582149044612 7.833554161779317
0.0281 6368.701082324341 1.000231811868544 1.542934799761246 279.3429648917844 7.771479195257814
0.0282 6368.718862984014 1.000231204208098 1.542856529535778 279.2273906039098 7.709666269882028
0.0283 6368.736693580538 1.000230596941591 1.542778184535115 279.1114917265057 7.648116251905286
0.0284 6368.754574162209 1.000229990076267 1.54269976486088 278.9952679456422 7.586829991415621
0.0285 6368.772504777266 1.000229383619329 1.542621270615928 278.8787189477738 7.525808322288361
0.0286 6368.79048547388 1.000228777577937 1.542542701904454 278.7618444197805 7.465052062171185
0.0287 6368.808516300162 1.000228171959209 1.542464058831873 278.6446440489443 7.404562012436277
0.0288 6368.826597304158 1.000227566770224 1.542385341504888 278.5271175229731 7.344338958158635
0.0289 6368.844728533849 1.000226962018015 1.542306550031478 278.4092645299824 7.284383668074351
0.029 6368.862910037149 1.000226357709575 1.542227684520842 278.2910847585312 7.224696894567537
0.0291 6368.881141861906 1.000225753851853 1.542148745083467 278.17257789761 7.16527937363435
0.0292 6368.899424055901 1.000225150451755 1.542069731831043 278.0537436366411 7.106131824854626
0.0293 6368.917756666849 1.000224547516144 1.541990644876528 277.934581665484 7.047254951367945
0.0294 6368.93613974239 1.000223945051838 1.541911484334097 277.8150916744652 6.98864943986261
0.0295 6368.9545733301 1.000223343065614 1.541832250319141 277.6952733543488 6.930315960536853
0.0296 6368.973057477482 1.000222741564202 1.541752942948277 277.575126396366 6.872255167090649
0.0297 6368.991592231969 1.00022214055429 1.541673562339337 277.4546504922031 6.814467696698649
0.0298 6369.010177640918 1.000221540042517 1.541594108611347 277.333845334031 6.756954170004538
0.0299 6369.028813751619 1.000220940035483 1.541514581884518 277.2127106144761 6.69971519108846
0.03 6369.047500611285 1.000220340539738 1.541434982280295 277.0912460266494 6.642751347464247
0.0301 6369.066238267054 1.00021974156179 1.541355309921255 276.9694512641466 6.586063210063858
0.0302 6369.085026765993 1.000219143108099 1.541275564931156 276.8473260210484 6.529651333223373
0.0303 6369.103866155087 1.00021854518508 1.541195747434971 276.7248699919377 6.47351625467865
0.0304 6369.122756481249 1.000217947799101 1.541115857558791 276.6020828718823 6.417658495546101
0.0305 6369.141697791314 1.000217350956487 1.541035895429884 276.4789643564585 6.362078560324008
0.0306 6369.160690132038 1.000216754663512 1.54095586117662 276.3555141417509 6.306776936884369
0.0307 6369.179733550099 1.000216158926406 1.540875754928594 276.2317319243583 6.251754096468947
0.0308 6369.198828092094 1.000215563751351 1.540795576816451 276.1076174013882 6.197010493681566
0.0309 6369.217973804543 1.000214969144483 1.54071532697202 275.983170270474 6.142546566492443
0.031 6369.23717073388 1.000214375111888 1.540635005528212 275.8583902297813 6.088362736238595
0.0311 6369.256418926461 1.000213781659608 1.540554612619065 275.7332769780018 6.03445940762068
0.0312 6369.275718428561 1.000213188793635 1.540474148379689 275.6078302143532 5.980836968704044
0.0313 6369.29506928637 1.000212596519912 1.540393612946355 275.4820496385972 5.927495790928853
0.0314 6369.314471545992 1.000212004844337 1.540313006456334 275.3559349510514 5.874436229119004
0.0315 6369.333925253451 1.000211413772757 1.540232329048065 275.229485852571 5.821658621480091
0.0316 6369.353430454682 1.000210823310971 1.540151580860994 275.1027020445671 5.769163289613974
0.0317 6369.372987195538 1.000210233464729 1.540070762035639 274.9755832290006 5.71695053852492
0.0318 6369.392595521783 1.000209644239735 1.5399898727136 274.8481291084116 5.665020656641841
0.03190000000000001 6369.412255479094 1.000209055641639 1.539908913037516 274.7203393858903 5.613373915817793
0.032 6369.431967113061 1.000208467676045 1.539827883151065 274.5922137651058 5.562010571355245
0.0321 6369.451730469184 1.000207880348508 1.539746783198939 274.463751950307 5.510930862020679
0.0322 6369.471545592876 1.000207293664532 1.539665613326843 274.3349536463041 5.460135010053834
0.0323 6369.49141252946 1.00020670762957 1.539584373681569 274.2058185585105 5.409623221201935
0.0324 6369.511331324167 1.000206122249029 1.539503064410806 274.0763463929128 5.359395684727328
0.0325 6369.53130202214 1.000205537528263 1.539421685663334 273.946536856089 5.309452573435414
0.0326 6369.551324668427 1.000204953472576 1.539340237588867 273.8163896552259 5.259794043703849
0.0327 6369.571399307985 1.000204370087223 1.539258720338132 273.6859044980955 5.210420235497434
0.0328 6369.591525985679 1.000203787377408 1.539177134062794 273.5550810930848 5.161331272404935
0.0329 6369.611704746279 1.000203205348283 1.539095478915522 273.4239191491896 5.112527261663826
0.033 6369.631935634461 1.000202624004953 1.539013755049892 273.2924183760027 5.06400829418456
0.0331 6369.65221869481 1.000202043352469 1.538931962620472 273.1605784837378 5.015774444589609
0.0332 6369.672553971809 1.000201463395832 1.538850101782709 273.0283991832411 4.967825771249389
0.0333 6369.692941509851 1.000200884139991 1.538768172693052 272.8958801859675 4.920162316306869
0.0334 6369.713381353229 1.000200305589846 1.538686175508815 272.7630212040107 4.872784105723111
0.0335 6369.733873546141 1.000199727750245 1.538604110388227 272.6298219500849 4.825691149307218
0.03360000000000001 6369.754418132686 1.000199150625984 1.538521977490426 272.4962821375428 4.778883440760593
0.0337 6369.775015156865 1.000198574221807 1.538439776975442 272.3624014803758 4.732360957716314
0.0338 6369.795664662582 1.000197998542409 1.538357509004187 272.2281796932192 4.686123661782153
0.0339 6369.816366693637 1.000197423592431 1.538275173738445 272.0936164913591 4.640171498585056
0.034 6369.837121293736 1.000196849376465 1.538192771340853 271.9587115907137 4.594504397809155
0.0341 6369.857928506481 1.000196275899047 1.538110301974907 271.8234647078756 4.549122273255414
0.0342 6369.878788375373 1.000195703164666 1.53802776580496 271.6878755600754 4.504025022876672
0.0343 6369.899700943813 1.000195131177756 1.537945162996193 271.5519438652181 4.459212528838182
0.0344 6369.920666255099 1.0001945599427 1.537862493714604 271.4156693418585 4.41468465755985
0.0345 6369.941684352427 1.000193989463829 1.537779758127001 271.2790517092257 4.370441259775718
0.0346 6369.962755278889 1.000193419745423 1.537696956401021 271.1420906872226 4.326482170587025
0.0347 6369.983879077474 1.000192850791709 1.537614088705078 271.0047859964201 4.282807209514965
0.03480000000000001 6370.005055791067 1.000192282606861 1.537531155208383 270.8671373580631 4.23941618055881
0.0349 6370.026285462449 1.000191715195003 1.537448156080919 270.7291444940823 4.196308872257297
0.035 6370.047568134295 1.000191148560205 1.537365091493433 270.5908071270823 4.153485057744089
0.0351 6370.068903849174 1.000190582706486 1.537281961617444 270.452124980371 4.110944494817594
0.0352 6370.090292649548 1.000190017637813 1.537198766625198 270.3130977779364 4.068686925995718
0.03530000000000001 6370.111734577777 1.0001894533581 1.537115506689694 270.1737252444522 4.026712078581399
0.0354 6370.133229676108 1.000188889871209 1.537032181984633 270.0340071052955 3.985019664733067
0.0355 6370.154777986687 1.000188327180949 1.536948792684468 269.8939430865352 3.943609381527618
0.0356 6370.176379551546 1.000187765291079 1.536865338964343 269.7535329149495 3.902480911033706
0.0357 6370.198034412612 1.000187204205304 1.536781821000092 269.6127763180201 3.861633920379395
0.0358 6370.219742611703 1.000186643927277 1.536698238968245 269.4716730239323 3.821068061823107
0.0359 6370.241504190526 1.0001860844606 1.536614593045997 269.3302227615808 3.780782972827693
0.036 6370.263319190681 1.000185525808821 1.536530883411227 269.1884252605754 3.740778276135909
0.0361 6370.285187653655 1.000184967975438 1.536447110242453 269.0462802512415 3.701053579845587
0.0362 6370.307109620828 1.000184410963896 1.536363273718841 268.9037874646195 3.661608477486273
0.0363 6370.329085133464 1.000183854777587 1.536279374020202 268.7609466324833 3.622442548102147
0.0364 6370.351114232721 1.000183299419853 1.536195411326969 268.6177574873158 3.583555356324906
0.03650000000000001 6370.373196959642 1.000182744893981 1.536111385820191 268.4742197623272 3.544946452459527
0.0366 6370.39533335516 1.000182191203211 1.536027297681481 268.3303331914607 3.506615372568028
0.0367 6370.417523460093 1.000181638350726 1.535943147093122 268.1860975093927 3.468561638552996
0.0368 6370.439767315149 1.00018108633966 1.535858934237917 268.0415124515324 3.430784758242503
0.0369 6370.462064960921 1.000180535173096 1.535774659299265 267.8965777540165 3.39328422547489
0.03700000000000001 6370.484416437887 1.000179984854062 1.535690322461114 267.751293153732 3.35605952019255
0.0371 6370.506821786416 1.000179435385539 1.535605923907968 267.6056583882936 3.319110108524775
0.0372 6370.529281046758 1.000178886770453 1.535521463824888 267.4596731960722 3.282435442885611
0.0373 6370.55179425905 1.000178339011681 1.535436942397451 267.3133373161721 3.246034962059445
0.0374 6370.574361463314 1.000177792112046 1.535352359811737 267.1666504884601 3.209908091301306
0.0375 6370.596982699457 1.000177246074323 1.535267716254352 267.0196124535299 3.174054242422276
0.0376 6370.619658007268 1.000176700901234 1.535183011912397 266.872222952756 3.138472813898019
0.0377 6370.642387426425 1.000176156595449 1.535098246973472 266.7244817282398 3.103163190952535
0.0378 6370.665170996485 1.000175613159592 1.535013421625609 266.5763885228452 3.068124745664823
0.0379 6370.688008756892 1.00017507059623 1.534928536057355 266.4279430802047 3.033356837069431
0.038 6370.710900746969 1.000174528907884 1.53484359045769 266.2791451447018 2.998858811252705
0.0381 6370.733847005927 1.000173988097022 1.534758585016018 266.1299944614765 2.964630001455943
0.03820000000000001 6370.756847572854 1.000173448166065 1.534673519922195 265.9804907764491 2.930669728183696
0.0383 6370.779902486726 1.000172909117378 1.534588395366516 265.8306338362789 2.896977299298408
0.0384 6370.803011786397 1.000172370953283 1.534503211539649 265.6804233884176 2.863552010137772
0.0385 6370.826175510605 1.000171833676046 1.534417968632672 265.5298591810673 2.83039314361181
0.0386 6370.849393697969 1.000171297287888 1.534332666837052 265.3789409632049 2.7974999703158
0.03870000000000001 6370.872666386987 1.000170761790977 1.534247306344653 265.2276684845873 2.764871748640226
0.0388 6370.895993616041 1.000170227187434 1.534161887347675 265.0760414957343 2.732507724876772
0.0389 6370.919375423394 1.00016969347933 1.534076410038685 264.9240597479401 2.700407133331896
0.039 6370.942811847187 1.000169160668686 1.533990874610606 264.7717229932849 2.668569196441353
0.0391 6370.966302925443 1.000168628757475 1.533905281256675 264.6190309846178 2.636993124879583
0.0392 6370.989848696067 1.000168097747623 1.53381963017045 264.4659834755679 2.605678117676426
0.0393 6371.013449196838 1.000167567641005 1.533733921545817 264.3125802205508 2.574623362333563
0.0394 6371.037104465423 1.000167038439448 1.533648155576944 264.1588209747505 2.543828034937213
0.0395 6371.060814539363 1.000166510144733 1.533562332458286 264.0047054941432 2.513291300280253
0.0396 6371.084579456079 1.00016598275859 1.533476452384607 263.8502335354855 2.483012311978133
0.0397 6371.108399252873 1.000165456282705 1.533390515550899 263.695404856326 2.452990212590505
0.0398 6371.132273966924 1.000164930718715 1.533304522152417 263.540219214994 2.423224133739174
0.03990000000000001 6371.156203635292 1.000164406068208 1.533218472384677 263.3846763706046 2.393713196230512
0.04 6371.180188294914 1.000163882332728 1.5331323664434 263.2287760830594 2.364456510177645
0.0401 6371.204227982606 1.00016335951377 1.533046204524574 263.0725181130582 2.335453175125751
0.0402 6371.228322735065 1.000162837612784 1.532959986824344 262.9159022220809 2.30670228017273
0.0403 6371.252472588862 1.000162316631173 1.532873713539087 262.7589281723998 2.278202904096337
0.04040000000000001 6371.276677580448 1.000161796570294 1.532787384865355 262.601595727091 2.249954115482033
0.0405 6371.300937746153 1.000161277431459 1.532701000999888 262.443904650005 2.221954972844258
0.0406 6371.325253122186 1.000160759215934 1.532614562139591 262.2858547057907 2.194204524758187
0.0407 6371.349623744631 1.000160241924939 1.532528068481502 262.1274456599007 2.166701809988968
0.0408 6371.37404964945 1.000159725559651 1.532441520222826 261.9686772785739 2.139445857617658
0.0409 6371.398530872485 1.000159210121201 1.532354917560906 261.8095493288473 2.112435687173145
0.041 6371.423067449454 1.000158695610674 1.53226826069317 261.6500615785502 2.085670308761737
0.04110000000000001 6371.447659415951 1.000158182029114 1.532181549817216 261.4902137963157 2.059148723200496
0.0412 6371.472306807452 1.00015766937752 1.532094785130675 261.3300057515634 2.032869922146347
0.0413 6371.497009659306 1.000157157656846 1.532007966831311 261.1694372145106 2.006832888230859
0.0414 6371.521768006742 1.000156646868005 1.531921095116943 261.008507956179 1.981036595194647
0.0415 6371.546581884864 1.000156137011865 1.531834170185487 260.8472177483822 1.955480008019576
0.04160000000000001 6371.571451328656 1.000155628089253 1.531747192234868 260.6855663637379 1.930162083065441
0.0417 6371.596376372975 1.000155120100953 1.531660161463101 260.5235535756618 1.905081768204406
0.0418 6371.621357052561 1.000154613047706 1.531573078068195 260.3611791583561 1.88023800295523
0.0419 6371.646393402025 1.000154106930213 1.531485942248218 260.1984428868385 1.855629718624425
0.042 6371.67148545586 1.000153601749132 1.53139875420121 260.0353445369073 1.831255838438011
0.04210000000000001 6371.696633248434 1.000153097505081 1.531311514125254 259.8718838851763 1.807115277684605
0.0422 6371.721836813993 1.000152594198636 1.531224222218394 259.708060709046 1.78320694384924
0.0423 6371.747096186658 1.000152091830335 1.531136878678654 259.5438747867264 1.759529736755623
0.0424 6371.772411400429 1.000151590400673 1.531049483704051 259.379325897214 1.736082548701941
0.0425 6371.797782489183 1.000151089910107 1.530962037492522 259.2144138203092 1.71286426460316
0.0426 6371.823209486676 1.000150590359054 1.530874540241975 259.0491383366046 1.689873762129512
0.0427 6371.848692426537 1.000150091747891 1.530786992150252 258.8834992275087 1.667109911850359
0.04280000000000001 6371.874231342275 1.00014959407696 1.530699393415119 258.71749627521 1.644571577370258
0.0429 6371.899826267277 1.00014909734656 1.53061174423424 258.5511292627015 1.622257615473629
0.043 6371.925477234805 1.000148601556954 1.530524044805207 258.3843979737679 1.600166876264894
0.0431 6371.951184278 1.000148106708367 1.530436295325502 258.2173021929983 1.578298203312126
0.0432 6371.976947429881 1.000147612800988 1.530348495992462 258.0498417057737 1.556650433787883
0.04330000000000001 6372.002766723344 1.000147119834968 1.530260647003333 257.8820162982673 1.535222398611938
0.0434 6372.028642191161 1.000146627810422 1.530172748555186 257.7138257574565 1.514012922595768
0.0435 6372.054573865983 1.000146136727427 1.530084800844986 257.5452698711105 1.493020824584259
0.0436 6372.080561780341 1.000145646586026 1.529996804069498 257.3763484277851 1.472244917598473
0.0437 6372.106605966642 1.000145157386227 1.529908758425331 257.207061216828 1.451684008980103
0.0438 6372.132706457171 1.000144669128001 1.529820664108918 257.0374080283913 1.431336900536765
0.0439 6372.15886328409 1.000144181811287 1.529732521316513 256.8673886534128 1.41120238868387
0.044 6372.185076479443 1.000143695435988 1.529644330244138 256.697002883623 1.391279264589544
0.0441 6372.211346075147 1.000143210001972 1.529556091087633 256.5262505115442 1.371566314318936
0.0442 6372.237672103003 1.000142725509077 1.529467804042595 256.3551313304791 1.352062318977289
0.0443 6372.264054594688 1.000142241957105 1.52937946930441 256.1836451345288 1.332766054856492
0.0444 6372.290493581757 1.000141759345827 1.529291087068207 256.0117917185802 1.313676293578267
0.04450000000000001 6372.316989095646 1.000141277674981 1.529202657528862 255.8395708783008 1.294791802238137
0.0446 6372.34354116767 1.000140796944273 1.529114180881009 255.6669824101444 1.276111343550725
0.0447 6372.370149829022 1.000140317153378 1.529025657318987 255.4940261113569 1.257633675994983
0.0448 6372.396815110775 1.00013983830194 1.52893708703687 255.3207017799645 1.239357553957489
0.0449 6372.423537043882 1.000139360389573 1.528848470228423 255.1470092147678 1.221281727876388
0.04500000000000001 6372.450315659176 1.00013888341586 1.528759807087134 254.9729482153538 1.20340494438711
0.0451 6372.477150987369 1.000138407380353 1.528671097806173 254.7985185821016 1.185725946467302
0.0452 6372.504043059055 1.000137932282578 1.528582342578375 254.623720116141 1.168243473576881
0.0453 6372.530991904708 1.00013745812203 1.528493541596253 254.4485526194002 1.150956261806971
0.0454 6372.557997554681 1.000136984898176 1.528404695051992 254.2730158945755 1.133863044020857
0.0455 6372.58506003921 1.000136512610454 1.528315803137407 254.0971097451378 1.116962549998368
0.0456 6372.61217938841 1.000136041258277 1.528226866043977 253.9208339753326 1.100253506579443
0.04570000000000001 6372.63935563228 1.000135570841027 1.528137883962796 253.7441883901796 1.083734637807468
0.0458 6372.666588800698 1.000135101358062 1.528048857084594 253.5671727954613 1.06740466507126
0.0459 6372.693878923426 1.000134632808714 1.527959785599696 253.3897869977285 1.051262307248476
0.046 6372.721226030108 1.000134165192289 1.527870669698043 253.2120308043008 1.035306280848145
0.0461 6372.748630150267 1.000133698508065 1.527781509569191 253.033904023266 1.019535300152873
0.04620000000000001 6372.776091313312 1.000133232755299 1.527692305402237 252.8554064634749 1.003948077360197
0.0463 6372.803609548533 1.00013276793322 1.527603057385914 252.6765379345346 0.9885433227236118
0.0464 6372.831184885105 1.000132304041035 1.527513765708458 252.4972982468152 0.9733197446942491
0.0465 6372.858817352086 1.000131841077927 1.527424430557714 252.3176872114431 0.9582760500611203
0.0466 6372.886506978414 1.000131379043056 1.527335052121077 252.1377046403076 0.9434109440919399
0.04670000000000001 6372.914253792917 1.000130917935559 1.527245630585443 251.9573503460427 0.9287231306715434
0.0468 6372.942057824301 1.000130457754551 1.527156166137279 251.7766241420453 0.9142113124427799
0.0469 6372.969919101161 1.000129998499125 1.52706665896257 251.5955258424509 0.8998741909435362
0.047 6372.997837651978 1.000129540168353 1.526977109246814 251.414055262146 0.8857104667461513
0.0471 6373.025813505112 1.000129082761285 1.526887517175006 251.2322122167738 0.8717188395957658
0.0472 6373.053846688814 1.000128626276952 1.526797882931664 251.0499965227103 0.8578980085458418
0.0473 6373.081937231217 1.000128170714365 1.526708206700794 250.8674079970887 0.8442466720967767
0.04740000000000001 6373.110085160345 1.000127716072515 1.526618488665862 250.684446457757 0.8307635283290005
0.0475 6373.138290504103 1.000127262350373 1.526528729009827 250.501111723332 0.8174472750425383
0.0476 6373.166553290285 1.000126809546894 1.526438927915126 250.3174036131458 0.8042966098880351
0.0477 6373.194873546574 1.000126357661012 1.526349085563634 250.1333219472693 0.791310230502834
0.0478 6373.223251300537 1.000125906691646 1.526259202136699 249.9488665465127 0.7784868346445949
0.04790000000000001 6373.251686579631 1.000125456637695 1.526169277815095 249.7640372324012 0.7658251203226004
0.048 6373.280179411201 1.000125007498044 1.526079312779046 249.5788338271931 0.7533237859312626
0.0481 6373.30872982248 1.000124559271559 1.525989307208189 249.3932561538799 0.7409815303816056
0.0482 6373.33733784059 1.000124111957094 1.525899261281601 249.2073040361623 0.728797053230453
0.0483 6373.366003492542 1.000123665553484 1.525809175177769 249.0209772984744 0.7167690548120036
0.04840000000000001 6373.394726805238 1.00012322005955 1.525719049074573 248.8342757659533 0.7048962363651141
0.0485 6373.423507805467 1.0001227754741 1.525628883149311 248.6471992644637 0.6931773001632394
0.0486 6373.452346519912 1.000122331795927 1.525538677578674 248.4597476205735 0.681610949640506
0.0487 6373.481242975143 1.000121889023811 1.52544843253871 248.2719206615719 0.6701958895195578
0.0488 6373.510197197625 1.000121447156518 1.525358148204876 248.0837182154399 0.6589308259356241
0.0489 6373.539209213712 1.000121006192801 1.525267824751994 247.8951401108737 0.6478144665629638
0.049 6373.56827904965 1.000120566131404 1.525177462354249 247.706186177273 0.6368455207382333
0.04910000000000001 6373.59740673158 1.000120126971057 1.525087061185173 247.5168562447292 0.626022699582985
0.0492 6373.626592285531 1.000119688710478 1.524996621417671 247.3271501440489 0.6153447161272658
0.0493 6373.65583573743 1.000119251348375 1.524906143223978 247.1370677067069 0.6048102854282307
0.0494 6373.685137113093 1.000118814883448 1.524815626775681 246.9466087648933 0.5944181246931349
0.0495 6373.714496438236 1.000118379314383 1.524725072243689 246.7557731514661 0.58416695339605
0.04960000000000001 6373.743913738464 1.000117944639861 1.52463447979823 246.5645606999868 0.5740554933981461
0.0497 6373.773389039278 1.000117510858551 1.524543849608875 246.372971244691 0.5640824690634047
0.0498 6373.802922366077 1.000117077969114 1.524453181844488 246.1810046205 0.5542466073755393
0.0499 6373.832513744153 1.000116645970204 1.524362476673263 245.9886606630029 0.5445466380523109
0.05 6373.862163198696 1.000116214860467 1.524271734262676 245.7959392084748 0.5349812936605994
0.05010000000000001 6373.891870754791 1.000115784638542 1.524180954779517 245.6028400938588 0.5255493097285761
0.0502 6373.921636437419 1.00011535530306 1.524090138389859 245.4093631567779 0.5162494248582584
0.0503 6373.951460271463 1.000114926852649 1.523999285259062 245.2155082354933 0.5070803808343899
0.0504 6373.9813422817 1.000114499285927 1.523908395551762 245.0212751689522 0.4980409227364628
0.0505 6374.011282492806 1.000114072601511 1.523817469431894 244.8266637967639 0.4891297990461491
0.0506 6374.041280929357 1.000113646798009 1.523726507062635 244.631673959182 0.480345761753932
0.0507 6374.071337615828 1.000113221874027 1.523635508606442 244.4363054971162 0.4716875664659353
0.05080000000000001 6374.101452576595 1.000112797828167 1.523544474225019 244.2405582521327 0.4631539725089901
0.0509 6374.13162583593 1.000112374659026 1.523453404079351 244.0444320664536 0.4547437430344916
0.051 6374.161857418012 1.000111952365199 1.523362298329658 243.847926782922 0.4464556451195509
0.0511 6374.192147346917 1.000111530945279 1.523271157135396 243.6510422450427 0.4382884498702184
0.0512 6374.222495646622 1.000111110397855 1.523179980655284 243.4537782969595 0.4302409325206576
0.05130000000000001 6374.252902341009 1.000110690721514 1.523088769047274 243.2561347834425 0.4223118725316236
0.0514 6374.283367453862 1.000110271914843 1.522997522468534 243.0581115498943 0.4145000536884102
0.0515 6374.313891008868 1.000109853976427 1.522906241075476 242.8597084423562 0.4068042641974884
0.0516 6374.344473029618 1.000109436904851 1.522814925023738 242.6609253074843 0.3992232967807063
0.0517 6374.375113539606 1.0001090206987 1.522723574468171 242.461761992561 0.3917559487695927
0.05180000000000001 6374.405812562231 1.000108605356558 1.522632189562851 242.2622183454959 0.3844010221978614
0.0519 6374.436570120798 1.00010819087701 1.522540770461062 242.0622942148128 0.3771573238921678
0.05200000000000001 6374.467386238518 1.000107777258643 1.52244931731529 241.8619894496331 0.3700236655613541
0.0521 6374.498260938506 1.000107364500044 1.52235783027725 241.6613038997106 0.362998863886262
0.0522 6374.529194243785 1.000106952599803 1.522266309497834 241.4602374153959 0.3560817406056344
0.0523 6374.560186177287 1.000106541556512 1.522174755127146 241.2587898476371 0.3492711226019664
0.0524 6374.591236761848 1.000106131368765 1.522083167314491 241.056961047991 0.3425658419863696
0.05250000000000001 6374.622346020215 1.00010572203516 1.521991546208356 240.8547508686055 0.3359647361810471
0.0526 6374.653513975042 1.000105313554297 1.521899891956421 240.6521591622258 0.3294666480011935
0.0527 6374.684740648895 1.000104905924781 1.52180820470555 240.4491857821821 0.3230704257349137
0.0528 6374.716026064247 1.00010449914522 1.521716484601801 240.245830582396 0.3167749232223164
0.0529 6374.747370243482 1.000104093214228 1.521624731790422 240.0420934173684 0.3105789999326364
0.05300000000000001 6374.778773208895 1.000103688130423 1.521532946415794 239.8379741421853 0.3044815210404953
0.0531 6374.810234982691 1.000103283892428 1.521441128621536 239.6334726125064 0.2984813575001968
0.0532 6374.841755586991 1.000102880498872 1.521349278550399 239.4285886845586 0.292577386118789
0.0533 6374.873335043822 1.00010247794839 1.521257396344328 239.2233222151543 0.2867684896283666
0.0534 6374.904973375131 1.000102076239624 1.521165482144414 239.0176730616498 0.2810535567552395
0.05350000000000001 6374.936670602772 1.000101675371221 1.521073536090949 238.8116410819806 0.27543148228985
0.0536 6374.968426748517 1.000101275341836 1.520981558323372 238.605226134638 0.2699011671535556
0.05370000000000001 6375.000241834052 1.000100876150133 1.520889548980266 238.398428078663 0.2644615184644783
0.0538 6375.032115880976 1.000100477794781 1.52079750819942 238.1912467736582 0.2591114496023562
0.0539 6375.064048910806 1.000100080274458 1.520705436117758 237.9836820797644 0.2538498802709973
0.054 6375.096040944972 1.000099683587851 1.520613332871367 237.7757338576838 0.2486757365604903
0.0541 6375.128092004824 1.000099287733655 1.520521198595495 237.5674019686447 0.2435879510064374
0.05420000000000001 6375.160202111628 1.000098892710575 1.520429033424553 237.3586862744195 0.2385854626490673
0.0543 6375.192371286567 1.000098498517324 1.520336837492085 237.1495866373124 0.2336672170901244
0.0544 6375.224599550744 1.000098105152627 1.52024461093082 236.9401029201657 0.2288321665487061
0.0545 6375.256886925177 1.000097712615215 1.520152353872623 236.7302349863479 0.2240792699152005
0.0546 6375.289233430809 1.000097320903834 1.520060066448507 236.5199826997417 0.2194074928037602
0.05470000000000001 6375.321639088497 1.000096930017237 1.519967748788663 236.3093459247679 0.2148158076040805
0.0548 6375.354103919022 1.00009653995419 1.519875401022409 236.0983245263554 0.2103031935304989
0.0549 6375.386627943085 1.000096150713469 1.519783023278232 235.8869183699479 0.2058686366704089
0.055 6375.419211181309 1.000095762293861 1.519690615683758 235.6751273214912 0.2015111300308065
0.0551 6375.451853654238 1.000095374694167 1.519598178365774 235.4629512474515 0.1972296735839579
0.05520000000000001 6375.48455538234 1.000094987913198 1.519505711450207 235.2503900147916 0.1930232743107245
0.0553 6375.517316386005 1.000094601949777 1.519413215062134 235.0374434909708 0.1888909462429021
0.05540000000000001 6375.550136685546 1.000094216802742 1.519320689325812 234.8241115439508 0.1848317105041805
0.0555 6375.583016301202 1.000093832470942 1.519228134364611 234.6103940421903 0.1808445953493833
0.0556 6375.615955253134 1.000093448953239 1.519135550301075 234.3962908546263 0.1769286362020152
0.0557 6375.648953561433 1.000093066248508 1.519042937256892 234.1818018506868 0.1730828756908908
0.0558 6375.68201124611 1.000092684355639 1.518950295352915 233.9669269002847 0.1693063636849421
0.05590000000000001 6375.715128327108 1.000092303273535 1.518857624709128 233.7516658737994 0.1655981573263595
0.056 6375.748304824292 1.000091923001112 1.518764925444691 233.5360186421016 0.1619573210629816
0.0561 6375.781540757457 1.000091543537304 1.518672197677908 233.3199850765285 0.1583829266783907
0.0562 6375.814836146326 1.000091164881054 1.518579441526236 233.1035650488788 0.1548740533208686
0.0563 6375.848191010551 1.000090787031324 1.518486657106299 232.8867584314179 0.1514297875310858
0.05640000000000001 6375.881605369712 1.000090409987089 1.518393844533866 232.6695650968726 0.1480492232681354
0.0565 6375.915079243318 1.00009003374734 1.51830100392387 232.4519849184366 0.1447314619343006
0.0566 6375.948612650808 1.000089658311084 1.518208135390416 232.2340177697469 0.1414756123979239
0.0567 6375.982205611554 1.00008928367734 1.518115239046769 232.0156635249017 0.1382807910154726
0.0568 6376.015858144857 1.000088909845148 1.518022315005332 231.7969220584308 0.1351461216514643
0.05690000000000001 6376.04957026995 1.000088536813559 1.517929363377701 231.5777932453251 0.1320707356978298
0.057 6376.083342005999 1.000088164581643 1.51783638427464 231.3582769610069 0.1290537720909958
0.05710000000000001 6376.117173372103 1.000087793148487 1.517743377806056 231.1383730813303 0.1260943773279911
0.0572 6376.151064387294 1.00008742251319 1.517650344081053 230.9180814825867 0.1231917054812178
0.0573 6376.185015070538 1.000087052674874 1.517557283207889 230.6974020415049 0.1203449182117298
0.0574 6376.219025440734 1.000086683632672 1.517464195294013 230.4763346352278 0.1175531847808205
0.0575 6376.253095516719 1.000086315385736 1.517371080446045 230.2548791413295 0.1148156820607645
0.05760000000000001 6376.287225317261 1.000085947933238 1.517277938769777 230.0330354378042 0.1121315945437946
0.0577 6376.321414861067 1.000085581274362 1.517184770370196 229.8108034030655 0.1095001143498656
0.0578 6376.355664166781 1.000085215408313 1.517091575351465 229.5881829159233 0.1069204412327817
0.0579 6376.389973252982 1.000084850334312 1.516998353816938 229.365173855619 0.1043917825856685
0.058 6376.424342138187 1.000084486051598 1.51690510586916 229.1417761017841 0.1019133534442048
0.05810000000000001 6376.458770840853 1.000084122559428 1.516811831609858 228.9179895344581 0.09948437648921357
0.0582 6376.493259379372 1.000083759857076 1.516718531139971 228.6938140340825 0.0971040820476539
0.05830000000000001 6376.527807772079 1.000083397943835 1.516625204559626 228.4692494814889 0.09477170809224736
0.0584 6376.562416037245 1.000083036819016 1.516531851968153 228.244295757905 0.09248650023999326
0.0585 6376.597084193085 1.000082676481946 1.516438473464084 228.0189527449487 0.09024771174926766
0.05860000000000001 6376.63181225775 1.000082316931973 1.516345069145167 227.7932203246222 0.08805460351564817
0.0587 6376.666600249336 1.000081958168462 1.516251639108361 227.5670983793178 0.08590644406658704
0.05880000000000001 6376.701448185878 1.000081600190797 1.516158183449833 227.3405867917944 0.08380250955454673
0.0589 6376.736356085355 1.000081242998379 1.516064702264969 227.1136854451951 0.08174208374928994
0.059 6376.771323965686 1.000080886590629 1.515971195648379 226.8863942230413 0.07972445802870559
0.0591 6376.806351844737 1.000080530966985 1.515877663693911 226.6587130092092 0.07774893136826774
0.0592 6376.841439740315 1.000080176126907 1.515784106494602 226.4306416879534 0.0758148103297101
0.05930000000000001 6376.876587670171 1.000079822069871 1.515690524142774 226.202180143889 0.07392140904813703
0.0594 6376.911795652001 1.00007946879537 1.515596916729961 225.9733282619917 0.07206804921811344
0.0595 6376.947063703447 1.00007911630292 1.515503284346926 225.744085927592 0.0702540600785392
0.0596 6376.982391842096 1.000078764592054 1.515409627083692 225.514453026375 0.06847877839641879
0.0597 6377.01778008548 1.000078413662322 1.515315945029536 225.2844294443806 0.06674154844948749
0.05980000000000001 6377.053228451079 1.000078063513296 1.515222238272973 225.0540150679857 0.06504172200758136
0.0599 6377.08873695632 1.000077714144565 1.515128506901786 224.8232097839217 0.06337865831316329
0.06000000000000001 6377.124305618575 1.000077365555736 1.515034751003017 224.5920134792631 0.06175172406052506
0.0601 6377.159934455167 1.000077017746438 1.514940970662975 224.3604260414153 0.06016029337391766
0.0602 6377.195623483365 1.000076670716316 1.514847165967231 224.1284473581267 0.05860374778477857
0.0603 6377.23137272039 1.000076324465035 1.514753337000645 223.8960773174648 0.05708147620766343
0.0604 6377.267182183409 1.000075978992278 1.514659483847355 223.6633158078402 0.05559287491545865
0.06050000000000001 6377.303051889541 1.00007563429775 1.514565606590774 223.4301627179824 0.05413734751325545
0.0606 6377.338981855854 1.00007529038117 1.514471705313607 223.1966179369523 0.05271430491145036
0.0607 6377.374972099367 1.00007494724228 1.51437778009786 222.962681354118 0.0513231652976332
0.0608 6377.41102263705 1.000074604880838 1.514283831024826 222.7283528591728 0.04996335410775561
0.0609 6377.447133485826 1.000074263296623 1.514189858175117 222.4936323421292 0.04863430399619002
0.06100000000000001 6377.483304662569 1.00007392248943 1.514095861628638 222.2585196933013 0.0473354548047845
0.0611 6377.519536184104 1.000073582459075 1.514001841464628 222.0230148033223 0.04606625353119172
0.0612 6377.555828067213 1.000073243205391 1.513907797761618 221.7871175631152 0.04482615429602529
0.0613 6377.592180328627 1.000072904728232 1.513813730597482 221.550827863928 0.04361461830947305
0.0614 6377.628592985031 1.000072567027468 1.513719640049419 221.3141455972985 0.04243111383665334
0.06150000000000001 6377.66506605307 1.000072230102986 1.513625526193966 221.0770706550483 0.04127511616227781
0.0616 6377.701599549336 1.000071893954697 1.513531389106987 220.839602929318 0.04014610755466771
0.06170000000000001 6377.738193490382 1.000071558582524 1.513437228863703 220.6017423125203 0.0390435772285366
0.0618 6377.774847892712 1.000071223986412 1.513343045538684 220.3634886973695 0.03796702130733888
0.0619 6377.81156277279 1.000070890166323 1.513248839205851 220.1248419768634 0.03691594278459753
0.062 6377.848338147033 1.000070557122236 1.5131546099385 219.8858020442839 0.03588985148454268
0.0621 6377.885174031817 1.00007022485415 1.513060357809269 219.6463687931904 0.03488826402196633
0.06220000000000001 6377.922070443474 1.00006989336208 1.512966082890187 219.4065421174204 0.03391070376136288
0.0623 6377.959027398293 1.000069562646059 1.512871785252659 219.166321911095 0.03295670077536807
0.0624 6377.996044912523 1.000069232706138 1.512777464967475 218.9257080686015 0.03202579180239816
0.0625 6378.033123002369 1.000068903542385 1.512683122104807 218.6847004845989 0.03111752020369809
0.0626 6378.070261683997 1.000068575154886 1.512588756734226 218.4432990540184 0.03023143591969377
0.06270000000000001 6378.10746097353 1.000068247543742 1.512494368924715 218.2015036720571 0.02936709542567013
0.06280000000000001 6378.144720887051 1.000067920709076 1.512399958744631 217.9593142341663 0.02852406168679632
0.0629 6378.182041440605 1.000067594651021 1.512305526261792 217.7167306360692 0.02770190411263887
0.063 6378.219422650194 1.000067269369733 1.512211071543393 217.4737527737374 0.02690019851093006
0.0631 6378.256864531783 1.000066944865381 1.512116594656071 217.2303805434084 0.02611852704089843
0.06320000000000001 6378.294367101297 1.000066621138151 1.512022095665904 216.9866138415681 0.02535647816591636
0.06330000000000001 6378.331930374623 1.000066298188246 1.511927574638376 216.7424525649507 0.02461364660566363
0.0634 6378.369554367608 1.000065976015887 1.511833031638443 216.4978966105504 0.02388963328779751
0.0635 6378.407239096063 1.000065654621306 1.511738466730495 216.252945875592 0.02318404529898901
0.0636 6378.444984575761 1.000065334004755 1.51164387997838 216.0076002575546 0.0224964958356278
0.06370000000000001 6378.482790822437 1.000065014166502 1.511549271445406 215.7618596541596 0.02182660415394633
0.06380000000000001 6378.52065785179 1.000064695106826 1.511454641194351 215.5157239633649 0.02117399551970808
0.0639 6378.558585679482 1.000064376826027 1.511359989287451 215.2691930833647 0.02053830115747484
0.064 6378.59657432114 1.000064059324416 1.511265315786441 215.02226691259 0.01991915819945267
0.0641 6378.634623792353 1.00006374260232 1.511170620752532 214.774945349708 0.01931620963393523
0.06420000000000001 6378.672734108675 1.000063426660083 1.511075904246423 214.5272282936106 0.01872910425333333
0.06430000000000001 6378.710905285628 1.00006311149806 1.510981166328306 214.2791156434204 0.0181574966018825
0.0644 6378.749137338693 1.000062797116623 1.510886407057902 214.0306072984962 0.01760104692299748
0.0645 6378.787430283322 1.000062483516156 1.510791626494411 213.7817031584099 0.01705942110622884
0.06460000000000001 6378.82578413493 1.00006217069706 1.510696824696565 213.5324031229578 0.01653229063398735
0.06470000000000001 6378.864198908898 1.000061858659746 1.510602001722607 213.2827070921611 0.0160193325279422
0.0648 6378.902674620576 1.000061547404643 1.510507157630322 213.0326149662536 0.01552022929511573
0.0649 6378.941211285277 1.000061236932188 1.510412292477025 212.7821266456998 0.0150346688737759
0.065 6378.979808918283 1.000060927242837 1.510317406319563 212.5312420311592 0.01456234457897787
0.06510000000000001 6379.018467534844 1.000060618337053 1.510222499214343 212.279961023516 0.01410295504800603
0.06520000000000001 6379.057187150175 1.000060310215317 1.510127571217315 212.0282835238612 0.01365620418551151
0.0653 6379.095967779462 1.000060002878119 1.510032622383995 211.7762094334988 0.01322180110850083
0.0654 6379.134809437855 1.000059696325961 1.509937652769471 211.5237386539396 0.01279946009112472
0.0655 6379.173712140479 1.000059390559361 1.509842662428374 211.2708710868895 0.01238890050929804
0.06560000000000001 6379.21267590242 1.000059085578845 1.509747651414946 211.0176066342732 0.01198984678523277
0.06570000000000001 6379.251700738738 1.000058781384951 1.509652619783001 210.7639451982044 0.01160202833175569
0.0658 6379.29078666446 1.00005847797823 1.509557567585938 210.5098866810098 0.01122517949659951
0.0659 6379.329933694584 1.000058175359242 1.509462494876764 210.2554309852052 0.01085903950652413
0.066 6379.369141844075 1.00005787352856 1.509367401708082 210.0005780135133 0.01050335241142096
0.06610000000000001 6379.408411127872 1.000057572486765 1.509272288132111 209.7453276688342 0.01015786702828492
0.06620000000000001 6379.44774156088 1.000057272234451 1.509177154200673 209.4896798542808 0.009822336885228988
0.0663 6379.487133157978 1.000056972772221 1.509081999965218 209.2336344731433 0.009496520165367917
0.0664 6379.526585934014 1.000056674100686 1.508986825476836 208.9771914289071 0.009180179650757101
0.0665 6379.566099903808 1.00005637622047 1.508891630786226 208.7203506252466 0.008873082666296397
0.06660000000000001 6379.60567508215 1.000056079132204 1.508796415943754 208.4631119660256 0.00857500102365453
0.06670000000000001 6379.645311483801 1.000055782836529 1.508701180999405 208.205475355291 0.008285710965213879
0.0668 6379.685009123497 1.000055487334094 1.508605926002847 207.947440697273 0.008004993108064594
0.0669 6379.724768015941 1.000055192625558 1.508510651003373 207.6890078963851 0.007732632388054835
0.067 6379.764588175811 1.000054898711586 1.508415356049976 207.4301768572299 0.007468418003917556
0.06710000000000001 6379.804469617757 1.000054605592853 1.508320041191291 207.1709474845815 0.007212143361457591
0.06720000000000001 6379.844412356401 1.000054313270042 1.508224706475641 206.9113196833913 0.006963606017863055
0.0673 6379.884416406339 1.000054021743842 1.508129351951031 206.6512933587941 0.006722607626127651
0.0674 6379.924481782139 1.00005373101495 1.508033977665161 206.3908684160959 0.006488953879582125
0.0675 6379.964608498342 1.000053441084071 1.507938583665406 206.1300447607745 0.0062624544565768
0.06760000000000001 6380.004796569463 1.000053151951913 1.507843169998864 205.8688222984905 0.006042922965326073
0.06770000000000001 6380.045046009989 1.000052863619196 1.507747736712326 205.6072009350704 0.005830176888892247
0.0678 6380.085356834383 1.000052576086642 1.507652283852306 205.345180576512 0.005624037530368258
0.0679 6380.125729057078 1.00005228935498 1.507556811465023 205.0827611289905 0.005424329958249552
0.06800000000000001 6380.166162692487 1.000052003424945 1.507461319596427 204.8199424988346 0.005230882951986096
0.06810000000000001 6380.206657754992 1.000051718297277 1.507365808292198 204.5567245925507 0.00504352894778522
0.0682 6380.247214258952 1.000051433972722 1.507270277597756 204.2931073168105 0.004862103984613294
0.0683 6380.2878322187 1.00005115045203 1.507174727558247 204.0290905784513 0.004686447650444424
0.0684 6380.328511648543 1.000050867735954 1.507079158218579 203.7646742844698 0.004516403028754514
0.06850000000000001 6380.369252562764 1.000050585825255 1.506983569623414 203.4998583420346 0.004351816645286981
0.06860000000000001 6380.410054975622 1.000050304720695 1.506887961817151 203.2346426584558 0.004192538415063541
0.0687 6380.450918901349 1.00005002442304 1.506792334843977 202.9690271412327 0.004038421589723991
0.0688 6380.491844354154 1.000049744933061 1.506696688747838 202.7030116980008 0.003889322705096945
0.0689 6380.532831348221 1.000049466251531 1.506601023572446 202.4365962365667 0.003745101529126099
0.06900000000000001 6380.573879897708 1.000049188379225 1.506505339361315 202.1697806648971 0.003605621010080093
0.06910000000000001 6380.614990016753 1.000048911316923 1.506409636157731 201.902564891106 0.003470747225085348
0.0692 6380.656161719466 1.000048635065406 1.506313914004761 201.6349488234731 0.003340349329005414
0.0693 6380.697395019934 1.000048359625457 1.506218172945292 201.3669323704261 0.003214299503642197
0.0694 6380.738689932222 1.00004808499786 1.506122413021998 201.0985154405579 0.003092472907303951
0.06950000000000001 6380.780046470371 1.000047811183403 1.506026634277355 200.8296979425917 0.002974747624706432
0.06960000000000001 6380.821464648395 1.000047538182872 1.505930836753668 200.5604797854338 0.002861004617280313
0.0697 6380.862944480289 1.000047265997057 1.505835020493044 200.2908608781207 0.002751127673805523
