0 6365.5 1.000357334028761 1.561966409403085 300.15 22.46917787748527
0.0001 6365.505652662508 1.000357018519423 1.561901797692459 300.1132576937006 22.42074856226016
0.0002 6365.511346461959 1.00035670105966 1.56183714838426 300.0762479972667 22.37205878916085
0.0003 6365.517081422448 1.000356381655256 1.561772461229144 300.0389707540911 22.32311020539864
0.0004 6365.522857568226 1.000356060312026 1.561707735979022 300.001425806532 22.27390446662689
0.0005 6365.528674923706 1.000355737035825 1.561642972386596 299.963612995913 22.22444323687355
0.0006000000000000001 6365.534533513458 1.000355411832537 1.56157817020568 299.9255321625232 22.17472818847338
0.0007 6365.54043336221 1.000355084708085 1.561513329191123 299.8871831456348 22.12476100202273
0.0008 6365.546374494849 1.000354755668422 1.561448449098725 299.8485657834798 22.07454336627982
0.0009000000000000001 6365.55235693642 1.000354424719537 1.561383529685297 299.809679913273 22.02407697812645
0.001 6365.558380712118 1.000354091867454 1.561318570708728 299.7705253712305 21.97336354252107
0.0011 6365.564445847302 1.000353757118228 1.561253571927857 299.7311019925395 21.92240477239012
0.0012 6365.570552367478 1.000353420477949 1.561188533102562 299.6914096113941 21.87120238860333
0.0013 6365.576700298311 1.000353081952742 1.561123453993693 299.6514480609775 21.81975811987943
0.0014 6365.582889665619 1.000352741548764 1.561058334363082 299.6112171734798 21.76807370273732
0.0015 6365.589120495371 1.000352399272204 1.560993173973656 299.5707167800919 21.71615088141631
0.0016 6365.59539281369 1.000352055129287 1.560927972589231 299.5299467110175 21.66399140781853
0.0017 6365.601706646849 1.000351709126269 1.560862729974749 299.488906795479 21.61159704144338
0.0018 6365.608062021275 1.000351361269439 1.560797445896073 299.4475968617115 21.55896954930622
0.0019 6365.614458963543 1.00035101156512 1.560732120120024 299.4060167369688 21.50611070587195
0.002 6365.620897500379 1.000350660019666 1.560666752414556 299.3641662475351 21.45302229299536
0.0021 6365.627377658658 1.000350306639466 1.56060134254853 299.3220452187251 21.39970609984609
0.0022 6365.633899465401 1.000349951430938 1.560535890291829 299.2796534748958 21.34616392284796
0.0023 6365.64046294778 1.000349594400535 1.560470395415398 299.2369908394288 21.29239756558056
0.0024 6365.647068133115 1.000349235554741 1.560404857691047 299.194057134754 21.23840883873269
0.0025 6365.653715048869 1.000348874900071 1.560339276891767 299.1508521823492 21.18419956002524
0.0026 6365.660403722654 1.000348512443075 1.560273652791421 299.1073758027468 21.12977155414126
0.0027 6365.667134182227 1.000348148190331 1.560207985164973 299.063627815527 21.07512665264058
0.0028 6365.673906455487 1.00034778214845 1.560142273788319 299.0196080393361 21.02026669390361
0.0029 6365.680720570479 1.000347414324075 1.560076518438425 298.9753162918863 20.96519352305246
0.003 6365.687576555393 1.000347044723881 1.560010718893198 298.9307523899441 20.90990899185693
0.0031 6365.69447443856 1.00034667335457 1.559944874931669 298.8859161493596 20.85441495869152
0.0032 6365.701414248452 1.00034630022288 1.559878986333732 298.8408073850604 20.7987132884477
0.0033 6365.708396013685 1.000345925335577 1.559813052880432 298.7954259110464 20.74280585244595
0.0034 6365.715419763015 1.000345548699458 1.559747074353771 298.749771540401 20.68669452836924
0.0035 6365.722485525337 1.00034517032135 1.559681050536792 298.7038440853088 20.63038120020316
0.0036 6365.729593329688 1.000344790208112 1.559614981213524 298.6576433570266 20.57386775811757
0.0037 6365.736743205242 1.000344408366633 1.559548866169026 298.6111691659302 20.51715609844197
0.0038 6365.743935181311 1.000344024803829 1.55948270518942 298.564421321479 20.46024812353917
0.0039 6365.751169287347 1.000343639526649 1.559416498061832 298.5173996322459 20.40314574175788
0.004 6365.758445552936 1.000343252542071 1.559350244574408 298.4701039059167 20.34585086734879
0.0041 6365.765764007802 1.000342863857102 1.559283944516297 298.4225339492849 20.28836542037301
0.004200000000000001 6365.773124681806 1.000342473478779 1.559217597677751 298.3746895682629 20.23069132663166
0.0043 6365.780527604941 1.000342081414167 1.55915120385002 298.3265705678822 20.17283051758059
0.0044 6365.787972807337 1.000341687670361 1.559084762825386 298.2781767523114 20.1147849302661
0.004500000000000001 6365.795460319256 1.000341292254486 1.559018274397135 298.2295079248382 20.05655650721739
0.0046 6365.802990171093 1.000340895173692 1.558951738359685 298.1805638878931 19.99814719638848
0.0047 6365.810562393378 1.000340496435162 1.558885154508406 298.1313444430433 19.93955895106399
0.0048 6365.81817701677 1.000340096046104 1.558818522639813 298.0818493909932 19.88079372977186
0.0049 6365.82583407206 1.000339694013755 1.558751842551354 298.0320785316075 19.8218534962235
0.005 6365.833533590171 1.000339290345382 1.558685114041591 297.9820316638878 19.7627402191975
0.0051 6365.841275602153 1.000338885048277 1.558618336910131 297.9317085860083 19.70345587249283
0.005200000000000001 6365.849060139186 1.00033847812976 1.558551510957707 297.8811090952917 19.64400243481178
0.0053 6365.85688723258 1.000338069597181 1.558484635985951 297.8302329882271 19.58438188969131
0.0054 6365.864756913772 1.000337659457914 1.558417711797717 297.779080060482 19.52459622542688
0.005500000000000001 6365.872669214325 1.000337247719363 1.558350738196828 297.7276501068903 19.46464743496818
0.0056 6365.880624165929 1.000336834388956 1.558283714988236 297.6759429214643 19.40453751584214
0.0057 6365.888621800399 1.00033641947415 1.55821664197786 297.6239582974062 19.34426847007543
0.005800000000000001 6365.896662149678 1.000336002982426 1.558149518972838 297.5716960270964 19.28384230408902
0.0059 6365.90474524583 1.000335584921296 1.558082345781242 297.5191559021058 19.22326102861997
0.006 6365.912871121045 1.000335165298293 1.558015122212314 297.4663377132068 19.16252665864252
0.0061 6365.921039807636 1.000334744120978 1.557947848076342 297.4132412503681 19.10164121326844
0.006200000000000001 6365.929251338035 1.000334321396938 1.557880523184701 297.3598663027718 19.04060671567406
0.0063 6365.937505744801 1.000333897133786 1.557813147349865 297.3062126587964 18.97942519298634
0.0064 6365.945803060608 1.000333471339159 1.557745720385404 297.2522801060458 18.91809867622259
0.006500000000000001 6365.954143318258 1.000333044020719 1.557678242105921 297.1980684313256 18.8566292001691
0.0066 6365.962526550665 1.000332615186156 1.557610712327141 297.1435774206792 18.79501880332664
0.0067 6365.970952790866 1.00033218484318 1.557543130865971 297.0888068593694 18.73326952779507
0.006800000000000001 6365.979422072016 1.00033175299953 1.557475497540261 297.0337565318963 18.67138341919779
0.006900000000000001 6365.987934427386 1.000331319662965 1.557407812169115 296.9784262219918 18.60936252657909
0.007 6365.996489890365 1.000330884841273 1.557340074572663 296.9228157126248 18.54720890231452
0.0071 6366.005088494459 1.000330448542261 1.55727228457214 296.8669247860197 18.48492460203397
0.007200000000000001 6366.013730273287 1.000330010773764 1.557204441989954 296.810753223638 18.42251168450478
0.0073 6366.022415260583 1.000329571543637 1.557136546649547 296.7543008062083 18.35997221156724
0.0074 6366.031143490199 1.00032913085976 1.557068598375536 296.6975673137084 18.29730824801701
0.007500000000000001 6366.039914996096 1.000328688730037 1.557000596993613 296.6405525253771 18.2345218615202
0.0076 6366.048729812349 1.000328245162393 1.556932542330669 296.5832562197319 18.1716151225343
0.0077 6366.057587973145 1.000327800164775 1.556864434214643 296.5256781745574 18.10859010419631
0.007800000000000001 6366.066489512783 1.000327353745156 1.556796272474648 296.4678181669109 18.04544888223007
0.007900000000000001 6366.075434465671 1.000326905911527 1.556728056940929 296.4096759731405 17.9821935348661
0.008 6366.084422866326 1.000326456671904 1.556659787444863 296.3512513688787 17.91882614273516
0.0081 6366.093454749378 1.000326006034322 1.556591463818895 296.292544129043 17.85534878876815
0.008200000000000001 6366.102530149562 1.000325554006841 1.556523085896738 296.2335540278472 17.79176355810838
0.0083 6366.111649101721 1.00032510059754 1.556454653513164 296.1742808388134 17.72807253802347
0.008400000000000001 6366.120811640805 1.000324645814517 1.556386166504124 296.1147243347663 17.66427781779767
0.008500000000000001 6366.130017801873 1.000324189665896 1.556317624706693 296.0548842878269 17.60038148862419
0.0086 6366.139267620085 1.000323732159818 1.556249027959106 295.9947604694484 17.53638564354131
0.008700000000000001 6366.148561130707 1.000323273304444 1.556180376100804 295.9343526504039 17.47229237731745
0.008800000000000001 6366.157898369112 1.000322813107957 1.556111668972306 295.873660600775 17.40810378633636
0.0089 6366.167279370772 1.00032235157856 1.556042906415355 295.8126840899812 17.34382196852574
0.009000000000000001 6366.176704171265 1.000321888724473 1.55597408827283 295.7514228867798 17.27944902325411
0.0091 6366.186172806267 1.000321424553938 1.55590521438879 295.689876759266 17.21498705122754
0.0092 6366.19568531156 1.000320959075215 1.555836284608448 295.6280454748611 17.15043815437365
0.009300000000000001 6366.205241723022 1.000320492296583 1.555767298778227 295.5659288003598 17.08580443578736
0.0094 6366.214842076632 1.000320024226342 1.555698256745648 295.5035265018945 17.02108799958949
0.0095 6366.224486408469 1.000319554872805 1.555629158359543 295.4408383449535 16.95629095084104
0.009600000000000001 6366.234174754708 1.000319084244308 1.555560003469782 295.3778640943982 16.89141539545675
0.0097 6366.243907151624 1.000318612349204 1.555490791927507 295.3146035144458 16.82646344008193
0.0098 6366.253683635587 1.000318139195862 1.555421523585029 295.2510563686868 16.76143719200554
0.009900000000000001 6366.263504243061 1.00031766479267 1.555352198295813 295.1872224201028 16.69633875907286
0.01 6366.273369010609 1.000317189148032 1.555282815914616 295.1231014310428 16.63117024955565
0.0101 6366.283277974884 1.000316712270371 1.555213376297271 295.0586931632528 16.56593377207636
0.0102 6366.293231172637 1.000316234168124 1.555143879300867 294.9939973778581 16.500631435484
0.0103 6366.303228640709 1.000315754849746 1.555074324783726 294.929013835393 16.43526534877772
0.0104 6366.313270416033 1.000315274323708 1.555004712605276 294.8637422957826 16.36983762098223
0.0105 6366.323356535636 1.000314792598496 1.554935042626298 294.7981825183668 16.30435036106485
0.0106 6366.333487036631 1.000314309682614 1.55486531470863 294.7323342619005 16.23880567782836
0.0107 6366.343661956224 1.000313825584577 1.554795528715425 294.6661972845412 16.17320567979207
0.0108 6366.353881331711 1.00031334031292 1.55472568451101 294.5997713438791 16.10755247511377
0.0109 6366.364145200473 1.000312853876189 1.554655781960938 294.5330561969248 16.04184817147043
0.011 6366.374453599981 1.000312366282948 1.554585820931995 294.4660516001217 15.97609487596204
0.0111 6366.384806567791 1.000311877541772 1.554515801292129 294.3987573093572 15.91029469501522
0.0112 6366.395204141546 1.000311387661251 1.5544457229106 294.3311730799513 15.84444973426345
0.0113 6366.405646358974 1.000310896649991 1.554375585657851 294.2632986666685 15.77856209845045
0.0114 6366.416133257888 1.000310404516609 1.554305389405517 294.195133823729 15.71263389133307
0.0115 6366.426664876182 1.000309911269734 1.554235134026604 294.1266783048153 15.64666721557839
0.0116 6366.437241251837 1.000309416918013 1.55416481939515 294.0579318630602 15.58066417264353
0.0117 6366.447862422911 1.0003089214701 1.554094445386595 293.988894251076 15.51462686269509
0.0118 6366.458528427549 1.000308424934665 1.554024011877564 293.9195652209313 15.44855738447751
0.0119 6366.469239303971 1.00030792732039 1.553953518745884 293.8499445241863 15.38245783523769
0.012 6366.479995090481 1.000307428635965 1.553882965870711 293.780031911875 15.31633031059876
0.0121 6366.490795825459 1.000306928890096 1.553812353132372 293.709827134517 15.25017690446193
0.0122 6366.501641547364 1.000306428091499 1.553741680412499 293.6393299421355 15.18399970891358
0.0123 6366.512532294733 1.000305926248899 1.553670947593924 293.5685400842334 15.11780081409343
0.0124 6366.52346810618 1.000305423371035 1.553600154560772 293.4974573098288 15.05158230811806
0.0125 6366.534449020393 1.000304919466653 1.55352930119841 293.426081367449 14.98534627696544
0.0126 6366.545475076135 1.000304414544512 1.553458387393466 293.354412005125 14.91909480435953
0.0127 6366.556546312244 1.000303908613378 1.553387413033838 293.2824489704148 14.85282997168225
0.0128 6366.567662767632 1.000303401682029 1.553316378008667 293.2101920103913 14.78655385785243
0.0129 6366.578824481284 1.000302893759252 1.553245282208381 293.137640871655 14.72026853922666
0.013 6366.590031492254 1.00030238485384 1.553174125524643 293.0647953003507 14.65397608950527
0.0131 6366.601283839668 1.000301874974599 1.553102907850417 292.9916550421566 14.58767857961123
0.0132 6366.612581562726 1.00030136413034 1.553031629079941 292.9182198422835 14.52137807758003
0.0133 6366.623924700691 1.000300852329883 1.552960289108694 292.8444894455109 14.45507664848144
0.0134 6366.635313292899 1.000300339582057 1.552888887833445 292.7704635961571 14.38877635428247
0.0135 6366.646747378753 1.000299825895697 1.552817425152254 292.6961420381089 14.32247925376361
0.0136 6366.658226997722 1.000299311279645 1.552745900964455 292.6215245148095 14.25618740239796
0.0137 6366.66975218934 1.000298795742751 1.552674315170666 292.5466107692886 14.18990285226705
0.0138 6366.68132299321 1.000298279293872 1.552602667672739 292.4714005441382 14.12362765192956
0.0139 6366.692939448996 1.000297761941868 1.552530958373881 292.3958935815248 14.0573638463215
0.014 6366.704601596429 1.000297243695608 1.552459187178576 292.3200896232128 13.99111347666678
0.0141 6366.716309475299 1.000296724563967 1.552387353992523 292.2439884105587 13.92487858036153
0.0142 6366.728063125461 1.000296204555823 1.552315458722812 292.1675896845053 13.8586611908588
0.0143 6366.739862586831 1.00029568368006 1.552243501277752 292.0908931855992 13.79246333757386
0.0144 6366.751707899384 1.000295161945567 1.552171481566977 292.0138986540027 13.72628704578418
0.0145 6366.763599103156 1.000294639361237 1.552099399501422 291.936605829488 13.66013433651419
0.0146 6366.775536238241 1.000294115935969 1.552027254993259 291.8590144514313 13.59400722642034
0.0147 6366.787519344792 1.000293591678662 1.551955047956069 291.781124258854 13.52790772771645
0.0148 6366.799548463017 1.000293066598222 1.551882778304625 291.7029349903872 13.46183784803363
0.0149 6366.811623633183 1.000292540703555 1.551810445955044 291.6244463843076 13.39579959034067
0.015 6366.823744895612 1.000292014003574 1.551738050824774 291.5456581785251 13.3297949528243
0.0151 6366.835912290679 1.00029148650719 1.551665592832503 291.466570110589 13.26382592878478
0.0152 6366.848125858814 1.00029095822332 1.551593071898288 291.3871819177119 13.19789450654613
0.0153 6366.860385640499 1.00029042916088 1.551520487943441 291.3074933367574 13.13200266933694
0.0154 6366.872691676271 1.000289899328788 1.551447840890632 291.2275041042402 13.0661523951813
0.0155 6366.885044006716 1.000289368735966 1.551375130663792 291.1472139563442 13.0003456568045
0.0156 6366.897442672472 1.000288837391334 1.551302357188175 291.0666226289339 12.93458442153382
0.0157 6366.909887714226 1.000288305303813 1.551229520390354 290.9857298575311 12.86887065117049
0.0158 6366.922379172714 1.000287772482326 1.551156620198221 290.9045353773616 12.80320630191976
0.0159 6366.934917088719 1.000287238935794 1.551083656540997 290.8230389233266 12.73759332425847
0.016 6366.947501503073 1.000286704673138 1.551010629349174 290.7412402300255 12.67203366284605
0.0161 6366.960132456654 1.000286169703279 1.550937538554591 290.6591390317502 12.6065292564118
0.0162 6366.972809990385 1.000285634035137 1.550864384090364 290.5767350624973 12.5410820376567
0.0163 6366.985534145234 1.000285097677631 1.550791165890985 290.4940280559794 12.47569393315519
0.0164 6366.998304962213 1.000284560639677 1.550717883892224 290.4110177456136 12.41036686323857
0.0165 6367.011122482379 1.00028402293019 1.550644538031191 290.3277038645391 12.34510274190192
0.0166 6367.023986746827 1.000283484558082 1.550571128246299 290.2440861456233 12.27990347670199
0.0167 6367.036897796698 1.000282945532264 1.550497654477263 290.1601643214616 12.21477096865055
0.0168 6367.049855673172 1.000282405861642 1.550424116665197 290.0759381243832 12.14970711211279
0.0169 6367.062860417466 1.000281865555118 1.550350514752453 289.9914072864693 12.08471379471491
0.017 6367.075912070841 1.000281324621595 1.550276848682731 289.9065715395349 12.01979289722476
0.0171 6367.089010674591 1.000280783069967 1.550203118401084 289.8214306151584 11.95494629346908
0.0172 6367.102156270052 1.000280240909127 1.550129323853826 289.7359842446643 11.89017585021479
0.0173 6367.115348898591 1.00027969814796 1.550055464988685 289.6502321591582 11.82548342709109
0.0174 6367.128588601617 1.000279154795351 1.549981541754624 289.5641740894915 11.76087087645806
0.0175 6367.141875420568 1.000278610860174 1.549907554102 289.4778097663087 11.69634004333824
0.0176 6367.15520939692 1.000278066351301 1.549833501982425 289.3911389200179 11.63189276529046
0.0177 6367.168590572182 1.000277521277599 1.549759385348911 289.30416128082 11.56753087232854
0.0178 6367.182018987891 1.000276975647925 1.549685204155755 289.2168765787095 11.503256186818
0.0179 6367.19549468562 1.000276429471132 1.549610958358575 289.1292845434736 11.43907052337327
0.018 6367.209017706969 1.000275882756067 1.549536647914314 289.0413849047044 11.374975688764
0.0181 6367.222588093569 1.000275335511565 1.549462272781285 288.9531773917992 11.31097348181299
0.0182 6367.236205887083 1.00027478774646 1.549387832919088 288.8646617339599 11.24706569329461
0.0183 6367.249871129197 1.000274239469572 1.549313328288651 288.7758376602172 11.18325410585075
0.0184 6367.263583861629 1.000273690689717 1.54923875885223 288.6867048994126 11.11954049387721
0.0185 6367.277344126119 1.0002731414157 1.549164124573415 288.5972631802277 11.0559266234445
0.0186 6367.291151964435 1.000272591656318 1.549089425417122 288.5075122311731 10.99241425218942
0.0187 6367.30500741837 1.000272041420358 1.549014661349588 288.4174517805935 10.92900512921984
0.0188 6367.318910529741 1.000271490716598 1.548939832338371 288.327081556686 10.86570099502819
0.0189 6367.332861340386 1.000270939553807 1.548864938352352 288.236401287494 10.80250358138864
0.019 6367.346859892165 1.000270387940741 1.548789979361767 288.1454107009248 10.73941461127142
0.0191 6367.360906226963 1.000269835886148 1.548714955338159 288.054109524738 10.67643579873692
0.0192 6367.375000386683 1.000269283398764 1.548639866254349 287.9624974865632 10.61356884885093
0.0193 6367.389142413247 1.000268730487314 1.548564712084549 287.8705743138938 10.55081545758393
0.0194 6367.403332348597 1.00026817716051 1.548489492804279 287.7783397341171 10.48817731173525
0.0195 6367.417570234694 1.000267623427054 1.548414208390363 287.6857934744902 10.42565608882124
0.0196 6367.431856113513 1.000267069295634 1.548338858820923 287.5929352621637 10.36325345699639
0.0197 6367.44619002705 1.000266514774928 1.548263444075485 287.4997648241759 10.3009710749548
0.0198 6367.460572017312 1.000265959873597 1.548187964134802 287.4062818874708 10.23881059184814
0.0199 6367.475002126323 1.000265404600292 1.548112418980994 287.3124861789032 10.1767736471961
0.02 6367.48948039612 1.000264848963649 1.548036808597523 287.218377425222 10.11486187078185
0.0201 6367.504006868753 1.000264292972291 1.547961132969095 287.1239553531049 10.05307688258328
0.0202 6367.518581586285 1.000263736634825 1.547885392081822 287.0292196891468 9.991420292673507
0.0203 6367.533204590791 1.000263179959845 1.547809585923063 286.93417015986 9.929893701129926
0.0204 6367.547875924353 1.000262622955929 1.5477337144815 286.8388064917034 9.868498697962963
0.0205 6367.562595629068 1.00026206563164 1.547657777747173 286.7431284110593 9.807236863010962
0.0206 6367.577363747037 1.000261507995525 1.547581775711381 286.6471356442625 9.746109765870072
0.0207 6367.59218032037 1.000260950056116 1.547505708366765 286.5508279175946 9.685118965801834
0.0208 6367.607045391187 1.000260391821928 1.547429575707279 286.4542049572841 9.624266011645402
0.0209 6367.621959001612 1.00025983330146 1.547353377728163 286.357266489524 9.56355244174153
0.021 6367.636921193775 1.000259274503192 1.547277114425993 286.2600122404659 9.502979783842338
0.0211 6367.65193200981 1.000258715435589 1.547200785798593 286.1624419362378 9.442549555036505
0.0212 6367.666991491856 1.000258156107098 1.547124391845199 286.064555302938 9.382263261660443
0.0213 6367.682099682054 1.000257596526146 1.547047932566213 285.9663520666471 9.322122399221145
0.0214 6367.69725662255 1.000257036701145 1.546971407963448 285.8678319534223 9.262128452308868
0.0215 6367.712462355487 1.000256476640487 1.546894818039946 285.7689946893323 9.202282894535708
0.0216 6367.727716923013 1.000255916352542 1.546818162800116 285.6698400004165 9.142587188428157
0.0217 6367.743020367272 1.000255355845666 1.546741442249582 285.5703676127317 9.083042785374266
0.0218 6367.758372730409 1.000254795128192 1.546664656395333 285.4705772523411 9.023651125535578
0.0219 6367.773774054567 1.000254234208433 1.546587805245595 285.3704686453133 8.964413637767153
0.022 6367.789224381886 1.000253673094684 1.546510888809923 285.2700415177409 8.905331739548847
0.0221 6367.804723754502 1.000253111795218 1.546433907099119 285.1692955957341 8.846406836903324
0.0222 6367.820272214549 1.000252550318286 1.546356860125329 285.0682306054326 8.787640324325313
0.0223 6367.835869804151 1.00025198867212 1.54627974790195 284.9668462730177 8.729033584711567
0.0224 6367.851516565432 1.00025142686493 1.546202570443634 284.8651423246942 8.670587989274493
0.0225 6367.867212540505 1.000250864904902 1.546125327766341 284.7631184867199 8.612304897484025
0.0226 6367.882957771477 1.000250302800202 1.546048019887333 284.6607744854003 8.554185656989708
0.0227 6367.898752300447 1.000249740558973 1.5459706468251 284.5581100470939 8.496231603550491
0.0228 6367.914596169505 1.000249178189335 1.545893208599416 284.4551248982183 8.438444060965342
0.0229 6367.930489420729 1.000248615699385 1.545815705231344 284.351818765262 8.380824341007957
0.023 6367.946432096189 1.000248053097196 1.545738136743192 284.2481913747728 8.323373743349137
0.0231 6367.962424237941 1.000247490390819 1.545660503158549 284.1442424533869 8.266093555503073
0.0232 6367.978465888029 1.000246927588279 1.545582804502274 284.0399717278118 8.20898505274821
0.0233 6367.994557088487 1.000246364697577 1.545505040800431 283.9353789248374 8.15204949806547
0.0234 6368.01069788133 1.000245801726689 1.54542721208042 283.8304637713544 8.095288142080429
0.0235 6368.026888308562 1.000245238683569 1.54534931837083 283.7252259943479 8.03870222299344
0.0236 6368.043128412171 1.00024467557614 1.545271359701537 283.6196653208916 7.982292966510905
0.0237 6368.059418234126 1.000244112412306 1.545193336103637 283.5137814781837 7.926061585799573
0.0238 6368.07575781638 1.00024354919994 1.545115247609501 283.4075741935284 7.870009281413162
0.0239 6368.092147200871 1.00024298594689 1.545037094252716 283.3010431943366 7.814137241229646
0.024 6368.108586429516 1.000242422660979 1.544958876068122 283.1941882081432 7.758446640398792
0.0241 6368.125075544213 1.000241859350003 1.544880593091798 283.0870089626191 7.702938641287338
0.0242 6368.141614586836 1.000241296021728 1.544802245361034 282.9795051855652 7.6476143934159
0.0243 6368.158203599244 1.000240732683897 1.544723832914365 282.8716766049128 7.592475033400075
0.0244 6368.174842623272 1.000240169344221 1.544645355791558 282.7635229487345 7.537521684898601
0.0245 6368.19153170073 1.000239606010386 1.544566814033571 282.655043945257 7.482755458562368
0.0246 6368.208270873407 1.000239042690049 1.544488207682604 282.5462393228548 7.428177451975421
0.0247 6368.225060183068 1.000238479390837 1.544409536782103 282.437108810056 7.373788749603038
0.0248 6368.241899671453 1.00023791612035 1.544330801376653 282.3276521355541 7.319590422743728
0.0249 6368.258789380274 1.000237352886159 1.544252001512091 282.2178690282202 7.265583529482107
0.025 6368.275729351219 1.000236789695802 1.544173137235469 282.107759217079 7.211769114625374
0.0251 6368.292719625947 1.000236226556792 1.54409420859501 281.9973224313443 7.158148209669997
0.0252 6368.309760246092 1.00023566347661 1.544015215640149 281.8865584004014 7.10472183274326
0.0253 6368.326851253256 1.000235100462705 1.543936158421512 281.7754668538368 7.05149098856888
0.0254 6368.343992689014 1.000234537522498 1.543857036990884 281.664047521408 6.998456668405165
0.0255 6368.36118459491 1.000233974663378 1.543777851401297 281.5523001330856 6.94561985001831
0.0256 6368.378427012455 1.000233411892704 1.54369860170691 281.4402244190413 6.89298149763118
0.0257 6368.395719983131 1.000232849217801 1.543619287963069 281.3278201096476 6.840542561878968
0.0258 6368.413063548387 1.000232286645965 1.543539910226312 281.215086935484 6.788303979768779
0.0259 6368.430457749638 1.000231724184459 1.543460468554321 281.1020246273546 6.736266674645674
0.026 6368.447902628264 1.000231161840514 1.543380963005943 280.9886329162822 6.684431556148839
0.0261 6368.465398225614 1.000230599621328 1.543301393641233 280.8749115335085 6.632799520171701
0.0262 6368.482944582997 1.000230037534068 1.543221760521298 280.7608602105173 6.581371448833891
0.0263 6368.50054174169 1.000229475585865 1.543142063708504 280.6464786790174 6.530148210435502
0.0264 6368.51818974293 1.00022891378382 1.543062303266286 280.5317666709537 6.479130659425989
0.0265 6368.535888627919 1.000228352134998 1.54298247925927 280.4167239185257 6.428319636376671
0.0266 6368.553638437818 1.000227790646431 1.542902591753196 280.3013501541808 6.377715967943797
0.0267 6368.571439213752 1.000227229325119 1.542822640814922 280.1856451106149 6.327320466835531
0.0268 6368.589290996802 1.000226668178026 1.542742626512441 280.06960852079 6.277133931787799
0.0269 6368.607193828013 1.00022610721208 1.542662548914889 279.9532401179162 6.227157147525881
0.027 6368.625147748387 1.000225546434177 1.542582408092488 279.8365396354874 6.177390884750198
0.0271 6368.643152798883 1.000224985851177 1.54250220411661 279.7195068072577 6.127835900097744
0.0272 6368.66120902042 1.000224425469905 1.542421937059689 279.602141367271 6.078492936127505
0.0273 6368.679316453871 1.00022386529715 1.542341606995288 279.4844430498368 6.029362721284481
0.0274 6368.697475140068 1.000223305339665 1.542261213998081 279.3664115895607 5.980445969887372
0.0275 6368.715685119793 1.000222745604169 1.542180758143771 279.2480467213435 5.931743382104885
0.0276 6368.733946433789 1.000222186097344 1.542100239509221 279.1293481803699 5.883255643928505
0.0277 6368.75225912275 1.000221626825834 1.542019658172349 279.0103157021262 5.834983427158723
0.0278 6368.770623227322 1.000221067796248 1.541939014212127 278.8909490224058 5.786927389387462
0.0279 6368.789038788106 1.00022050901516 1.541858307708617 278.77124787731 5.739088173979364
0.028 6368.807505845653 1.000219950489103 1.541777538742935 278.6512120032529 5.691466410056694
0.0281 6368.826024440468 1.000219392224576 1.541696707397266 278.5308411369564 5.644062712480804
0.0282 6368.844594613003 1.000218834228039 1.541615813754851 278.4101350154791 5.596877681848824
0.0283 6368.863216403663 1.000218276505914 1.54153485789997 278.2890933761931 5.549911904470564
0.0284 6368.881889852799 1.000217719064588 1.541453839917936 278.1677159568075 5.503165952365301
0.0285 6368.900615000714 1.000217161910407 1.541372759895129 278.0460024953621 5.456640383248195
0.0286 6368.919391887655 1.000216605049679 1.54129161791892 277.9239527302401 5.410335740524848
0.0287 6368.938220553821 1.000216048488676 1.541210414077731 277.8015664001613 5.364252553280301
0.0288 6368.957101039355 1.000215492233629 1.541129148460998 277.6788432441944 5.318391336276093
0.0289 6368.976033384345 1.000214936290731 1.54104782115917 277.5557830017568 5.272752589944041
0.029 6368.995017628828 1.000214380666136 1.540966432263688 277.4323854126209 5.227336800383533
0.0291 6369.01405381278 1.000213825365958 1.540884981867014 277.3086502169311 5.18214443936436
0.0292 6369.033141976126 1.000213270396275 1.540803470062591 277.1845771551811 5.137175964315626
0.0293 6369.052282158733 1.00021271576312 1.540721896944846 277.0601659682365 5.092431818333344
0.0294 6369.07147440041 1.000212161472491 1.540640262609226 276.9354163973356 5.047912430180563
0.0295 6369.090718740908 1.000211607530345 1.540558567152095 276.8103281840953 5.003618214290933
0.0296 6369.110015219922 1.000211053942597 1.540476810670807 276.6849010705045 4.959549570769345
0.0297 6369.129363877087 1.000210500715124 1.540394993263711 276.5591347989365 4.915706885400204
0.0298 6369.148764751974 1.000209947853762 1.540313115030069 276.4330291121668 4.872090529658865
0.0299 6369.168217884101 1.000209395364306 1.540231176070115 276.306583753343 4.828700860707966
0.03 6369.187723312919 1.000208843252511 1.540149176485024 276.1797984660269 4.785538221419641
0.0301 6369.207281077821 1.000208291524092 1.540067116376906 276.0526729941643 4.742602940374554
0.0302 6369.226891218137 1.00020774018472 1.539984995848797 275.9252070821088 4.699895331880499
0.0303 6369.246553773134 1.000207189240028 1.53990281500464 275.7974004746283 4.657415695986103
0.0304 6369.266268782018 1.000206638695607 1.539820573949343 275.6692529168862 4.615164318488018
0.0305 6369.286036283927 1.000206088557005 1.539738272788658 275.540764154472 4.573141470955151
0.0306 6369.305856317939 1.000205538829732 1.539655911629315 275.4119339333946 4.531347410742299
0.0307 6369.325728923065 1.000204989519252 1.539573490578849 275.282762000077 4.489782381005246
0.0308 6369.345654138249 1.000204440630991 1.539491009745765 275.1532481013795 4.44844661072668
0.0309 6369.365632002372 1.000203892170331 1.539408469239415 275.0233919845822 4.407340314730042
0.031 6369.385662554246 1.000203344142613 1.539325869169999 274.8931933974026 4.366463693706099
0.0311 6369.405745832617 1.000202796553135 1.539243209648642 274.7626520879898 4.325816934233246
0.0312 6369.425881876164 1.000202249407153 1.539160490787284 274.6317678049362 4.285400208804693
0.0313 6369.446070723495 1.000201702709882 1.539077712698733 274.5005402972837 4.245213675855015
0.0314 6369.466312413152 1.000201156466492 1.538994875496641 274.3689693145115 4.205257479782595
0.0315 6369.486606983606 1.000200610682114 1.5389119792955 274.2370546065598 4.165531750984211
0.0316 6369.50695447326 1.000200065361833 1.538829024210632 274.1047959238125 4.126036605878309
0.0317 6369.527354920444 1.000199520510694 1.538746010358169 273.9721930171144 4.086772146940331
0.0318 6369.547808363419 1.000198976133696 1.538662937855095 273.8392456377773 4.047738462735648
0.03190000000000001 6369.568314840373 1.000198432235799 1.538579806819143 273.7059535375742 4.008935627950326
0.032 6369.588874389424 1.000197888821917 1.53849661736891 273.572316468745 3.970363703426683
0.0321 6369.609487048616 1.000197345896922 1.538413369623745 273.438334183997 3.932022736198424
0.0322 6369.630152855922 1.000196803465644 1.538330063703799 273.3040064365099 3.893912759528746
0.0323 6369.650871849238 1.000196261532868 1.538246699729991 273.1693329799545 3.856033792952999
0.0324 6369.67164406639 1.000195720103337 1.53816327782402 273.0343135684683 3.818385842310921
0.0325 6369.692469545125 1.00019517918175 1.538079798108346 272.8989479566857 3.780968899795153
0.0326 6369.713348323121 1.000194638772763 1.537996260706164 272.7632358997138 3.74378294398614
0.0327 6369.734280437976 1.000194098880988 1.53791266574145 272.6271771531564 3.706827939901456
0.0328 6369.755265927213 1.000193559510995 1.537829013338888 272.4907714731138 3.670103839039754
0.0329 6369.776304828281 1.000193020667308 1.537745303623909 272.3540186161712 3.633610579422871
0.033 6369.79739717855 1.000192482354412 1.537661536722661 272.2169183394279 3.597348085650292
0.0331 6369.818543015312 1.000191944576742 1.537577712762016 272.0794704004742 3.561316268940598
0.0332 6369.839742375782 1.000191407338695 1.537493831869528 271.9416745574143 3.525515027186755
0.0333 6369.860995297099 1.000190870644623 1.537409894173467 271.8035305688553 3.489944245003267
0.0334 6369.882301816321 1.000190334498831 1.537325899802803 271.6650381939124 3.454603793779266
0.0335 6369.903661970428 1.000189798905585 1.537241848887185 271.5261971922154 3.419493531732785
0.03360000000000001 6369.925075796321 1.000189263869105 1.537157741556905 271.387007323914 3.384613303966212
0.0337 6369.946543330819 1.000188729393566 1.537073577942949 271.2474683496783 3.349962942521455
0.0338 6369.968064610662 1.000188195483103 1.536989358176971 271.1075800306988 3.315542266436365
0.0339 6369.98963967251 1.000187662141803 1.53690508239124 270.967342128686 3.281351081802385
0.034 6370.01126855294 1.000187129373713 1.536820750718705 270.8267544058884 3.247389181827717
0.0341 6370.032951288451 1.000186597182835 1.536736363292905 270.6858166250689 3.213656346891607
0.0342 6370.054687915455 1.000186065573125 1.536651920248043 270.5445285495401 3.180152344614138
0.0343 6370.076478470287 1.000185534548499 1.536567421718901 270.4028899431349 3.146876929911544
0.0344 6370.098322989195 1.000185004112827 1.536482867840895 270.260900570236 3.113829845066829
0.0345 6370.120221508345 1.000184474269936 1.536398258750043 270.1185601957581 3.081010819790345
0.0346 6370.142174063821 1.00018394502361 1.536313594582918 269.9758685851656 3.048419571289853
0.0347 6370.164180691622 1.000183416377588 1.536228875476715 269.8328255044552 3.016055804333557
0.03480000000000001 6370.186241427663 1.000182888335566 1.536144101569182 269.6894307201909 2.983919211326413
0.0349 6370.208356307774 1.000182360901198 1.536059272998621 269.5456839994689 2.952009472371471
0.035 6370.230525367701 1.000181834078093 1.535974389903908 269.401585109941 2.920326255345775
0.0351 6370.252748643105 1.000181307869817 1.535889452424469 269.2571338198208 2.888869215973276
0.0352 6370.275026169557 1.000180782279891 1.535804460700249 269.1123298978772 2.857637997896256
0.03530000000000001 6370.297357982548 1.000180257311795 1.535719414871742 268.9671731134353 2.826632232749243
0.0354 6370.319744117481 1.000179732968966 1.535634315079943 268.8216632363755 2.795851540234038
0.0355 6370.34218460967 1.000179209254795 1.535549161466371 268.6758000371459 2.765295528198319
0.0356 6370.364679494343 1.000178686172632 1.535463954173067 268.5295832867681 2.734963792714001
0.0357 6370.387228806643 1.000178163725785 1.535378693342511 268.3830127568193 2.704855918151767
0.0358 6370.409832581623 1.000177641917515 1.535293379117734 268.2360882194502 2.674971477264104
0.0359 6370.432490854248 1.000177120751045 1.535208011642193 268.0888094473906 2.645310031266811
0.036 6370.455203659395 1.000176600229552 1.535122591059838 267.9411762139324 2.615871129916825
0.0361 6370.477971031854 1.00017608035617 1.535037117515085 267.7931882929464 2.586654311598276
0.0362 6370.500793006326 1.000175561133994 1.53495159115277 267.644845458883 2.557659103405933
0.0363 6370.52366961742 1.000175042566071 1.5348660121182 267.4961474867718 2.528885021229682
0.0364 6370.546600899658 1.00017452465541 1.534780380557097 267.3470941522218 2.500331569840028
0.03650000000000001 6370.569586887475 1.000174007404977 1.534694696615619 267.1976852314155 2.471998242973494
0.0366 6370.59262761521 1.000173490817693 1.534608960440309 267.0479205011383 2.443884523425718
0.0367 6370.615723117115 1.000172974896441 1.534523172178162 266.897799738755 2.415989883135357
0.0368 6370.638873427352 1.000172459644058 1.534437331976526 266.7473227222098 2.38831378327358
0.0369 6370.662078579993 1.000171945063342 1.534351439983164 266.5964892300439 2.360855674337721
0.03700000000000001 6370.685338609018 1.000171431157048 1.534265496346196 266.4452990413837 2.333614996240407
0.0371 6370.708653548315 1.00017091792789 1.534179501214128 266.2937519359529 2.306591178403939
0.0372 6370.732023431681 1.00017040537854 1.534093454735825 266.141847694072 2.279783639853406
0.0373 6370.755448292823 1.000169893511629 1.534007357060475 265.9895860966529 2.253191789309686
0.0374 6370.778928165354 1.000169382329746 1.533921208337647 265.8369669251987 2.226815025284433
0.0375 6370.802463082797 1.000168871835441 1.533835008717224 265.6839899618211 2.200652736178976
0.0376 6370.826053078581 1.00016836203122 1.533748758349415 265.5306549892233 2.174704300377925
0.0377 6370.849698186043 1.000167852919551 1.533662457384734 265.3769617907232 2.148969086350733
0.0378 6370.873398438426 1.000167344502861 1.533576105974009 265.2229101502297 2.123446452746068
0.0379 6370.897153868885 1.000166836783535 1.533489704268369 265.0684998522492 2.098135748492084
0.038 6370.920964510477 1.000166329763919 1.533403252419227 264.9137306819024 2.073036312899366
0.0381 6370.944830396166 1.000165823446319 1.533316750578259 264.7586024249193 2.048147475760727
0.03820000000000001 6370.968751558826 1.000165317833 1.53323019889743 264.6031148676328 2.023468557451869
0.0383 6370.992728031234 1.000164812926189 1.533143597528957 264.4472677969787 1.998998869033796
0.0384 6371.016759846076 1.000164308728072 1.533056946625319 264.2910610005077 1.974737712357845
0.0385 6371.040847035942 1.000163805240797 1.532970246339202 264.1344942663794 1.950684380168621
0.0386 6371.064989633328 1.00016330246647 1.53288349682356 263.9775673833682 1.926838156209527
0.03870000000000001 6371.089187670637 1.000162800407162 1.53279669823155 263.8202801408573 1.903198315327193
0.0388 6371.113441180179 1.000162299064903 1.532709850716565 263.6626323288391 1.87976412357755
0.0389 6371.137750194164 1.000161798441683 1.532622954432175 263.5046237379323 1.856534838335186
0.039 6371.162114744714 1.000161298539458 1.53253600953216 263.3462541593589 1.83350970839723
0.0391 6371.186534863852 1.00016079936014 1.532449016170491 263.1875233849613 1.810687974094046
0.0392 6371.211010583508 1.000160300905609 1.532361974501302 263.0284312071971 1.788068867397063
0.0393 6371.235541935516 1.000159803177703 1.532274884678912 262.8689774191442 1.765651612028953
0.0394 6371.260128951617 1.000159306178224 1.532187746857785 262.7091618144899 1.743435423571909
0.0395 6371.284771663453 1.000158809908938 1.532100561192546 262.5489841875536 1.721419509581498
0.0396 6371.309470102576 1.00015831437157 1.532013327837968 262.388444333258 1.699603069693676
0.0397 6371.334224300437 1.000157819567814 1.531926046948928 262.2275420471582 1.677985295740566
0.0398 6371.359034288395 1.000157325499322 1.531838718680448 262.06627712543 1.656565371861031
0.03990000000000001 6371.383900097715 1.000156832167712 1.531751343187654 261.9046493648524 1.635342474611139
0.04 6371.408821759562 1.000156339574567 1.531663920625794 261.7426585628485 1.614315773082933
0.0401 6371.433799305008 1.000155847721431 1.531576451150196 261.5803045174506 1.593484429013532
0.0402 6371.458832765028 1.000155356609817 1.531488934916267 261.4175870273174 1.57284759690175
0.0403 6371.483922170504 1.000154866241197 1.53140137207953 261.2545058917225 1.55240442412134
0.04040000000000001 6371.50906755222 1.000154376617013 1.531313762795521 261.0910609105721 1.532154051038452
0.0405 6371.534268940863 1.000153887738668 1.531226107219891 260.9272518843931 1.512095611125761
0.0406 6371.559526367026 1.000153399607534 1.531138405508303 260.763078614333 1.492228231078557
0.0407 6371.584839861207 1.000152912224946 1.531050657816472 260.5985409021545 1.472551030930531
0.0408 6371.610209453806 1.000152425592207 1.530962864300164 260.4336385502642 1.453063124174164
0.0409 6371.635635175127 1.000151939710583 1.530875025115153 260.2683713616719 1.433763617873011
0.041 6371.661117055381 1.000151454581312 1.530787140417225 260.1027391400261 1.414651612783496
0.04110000000000001 6371.686655124678 1.000150970205593 1.530699210362186 259.9367416895956 1.395726203470717
0.0412 6371.712249413036 1.000150486584595 1.530611235105823 259.7703788152643 1.376986478426048
0.0413 6371.737899950376 1.000150003719454 1.530523214803933 259.6036503225545 1.358431520188355
0.0414 6371.763606766524 1.000149521611273 1.530435149612285 259.4365560175974 1.340060405459493
0.0415 6371.789369891207 1.000149040261124 1.53034703968661 259.2690957071567 1.321872205226054
0.04160000000000001 6371.815189354059 1.000148559670047 1.530258885182603 259.1012691986169 1.303865984877387
0.0417 6371.841065184616 1.000148079839049 1.530170686255939 258.9330762999952 1.28604080432644
0.0418 6371.86699741232 1.000147600769106 1.530082443062216 258.7645168199173 1.268395718127032
0.0419 6371.892986066517 1.000147122461166 1.529994155756964 258.5955905676418 1.250929775596364
0.042 6371.919031176454 1.000146644916144 1.529905824495649 258.426297353048 1.233642020933925
0.04210000000000001 6371.945132771287 1.000146168134923 1.529817449433667 258.2566369866357 1.216531493341842
0.0422 6371.971290880073 1.00014569211836 1.529729030726316 258.0866092795258 1.199597227145358
0.0423 6371.997505531775 1.00014521686728 1.529640568528795 257.9162140434654 1.182838251914029
0.0424 6372.023776755259 1.000144742382479 1.529552062996198 257.7454510908168 1.166253592581262
0.0425 6372.050104579296 1.000144268664723 1.529463514283517 257.5743202345747 1.149842269566846
0.0426 6372.076489032563 1.000143795714751 1.529374922545606 257.4028212883426 1.13360329889554
0.0427 6372.102930143638 1.000143323533273 1.529286287937186 257.2309540663508 1.117535692319717
0.04280000000000001 6372.129427941009 1.00014285212097 1.529197610612877 257.0587183834444 1.101638457439214
0.0429 6372.155982453063 1.000142381478496 1.529108890727099 256.8861140550893 1.085910597822883
0.043 6372.182593708097 1.000141911606479 1.529020128434148 256.7131408973718 1.070351113129574
0.0431 6372.209261734309 1.000141442505517 1.528931323888139 256.5397987269934 1.05495899922858
0.0432 6372.235986559805 1.000140974176182 1.528842477243052 256.3660873612702 1.039733248320587
0.04330000000000001 6372.262768212593 1.000140506619022 1.528753588652636 256.192006618145 1.024672849059604
0.0434 6372.289606720592 1.000140039834556 1.528664658270488 256.0175563161519 1.009776786670712
0.0435 6372.31650211162 1.000139573823279 1.528575686250002 255.8427362744691 0.9950440430753899
0.0436 6372.343454413404 1.000139108585659 1.528486672744363 255.6675463128721 0.9804735970080727
0.0437 6372.370463653576 1.000138644122141 1.528397617906543 255.4919862517571 0.9660644241386776
0.0438 6372.397529859673 1.000138180433143 1.528308521889303 255.3160559121233 0.9518154971915016
0.0439 6372.424653059141 1.00013771751906 1.528219384845184 255.1397551155845 0.9377257860664158
0.044 6372.451833279328 1.000137255380263 1.528130206926456 254.9630836843697 0.9237942579588749
0.0441 6372.47907054749 1.000136794017099 1.528040988285189 254.7860414413166 0.9100198774792736
0.0442 6372.50636489079 1.000136333429891 1.527951729073185 254.6086282098657 0.896401606772119
0.0443 6372.533716336297 1.000135873618941 1.527862429441974 254.4308438140669 0.8829384056358977
0.0444 6372.56112491099 1.000135414584525 1.527773089542853 254.2526880785666 0.8696292316413343
0.04450000000000001 6372.588590641747 1.0001349563269 1.527683709526815 254.0741608286443 0.8564730402529153
0.0446 6372.616113555361 1.000134498846299 1.52759428954459 253.8952618901525 0.843468784943077
0.0447 6372.643693678528 1.000134042142935 1.527504829746613 253.7159910895706 0.8306154173144477
0.0448 6372.671331037853 1.000133586216999 1.527415330283022 253.5363482539573 0.8179118872143829
0.0449 6372.699025659848 1.000133131068661 1.527325791303676 253.356333210986 0.8053571428551789
0.04500000000000001 6372.726777570933 1.00013267669807 1.527236212958077 253.1759457889333 0.7929501309304818
0.0451 6372.754586797438 1.000132223105355 1.527146595395467 252.995185816655 0.7806897967305998
0.0452 6372.782453365597 1.000131770290627 1.527056938764721 252.8140531236217 0.7685750842614799
0.0453 6372.810377301556 1.000131318253975 1.526967243214402 252.6325475398893 0.7566049363588157
0.0454 6372.838358631368 1.000130866995471 1.526877508892727 252.4506688961109 0.7447782948045639
0.0455 6372.866397380995 1.000130416515168 1.526787735947579 252.2684170235306 0.7330941004418237
0.0456 6372.89449357631 1.0001299668131 1.526697924526471 252.0857917539837 0.7215512932896563
0.04570000000000001 6372.922647243092 1.000129517889282 1.526608074776588 251.9027929199027 0.7101488126577924
0.0458 6372.950858407032 1.000129069743713 1.526518186844724 251.7194203542935 0.69888559725901
0.0459 6372.979127093729 1.000128622376376 1.526428260877304 251.5356738907589 0.687760585323968
0.046 6373.007453328695 1.000128175787234 1.526338297020382 251.3515533634812 0.6767727147129364
0.0461 6373.03583713735 1.000127729976236 1.526248295419627 251.1670586072281 0.665920923028454
0.04620000000000001 6373.064278545023 1.000127284943313 1.526158256220312 250.9821894573523 0.6552041477270532
0.0463 6373.092777576957 1.000126840688383 1.526068179567312 250.7969457497801 0.6446213262297384
0.0464 6373.121334258304 1.000126397211345 1.5259780656051 250.6113273210229 0.6341713960332522
0.0465 6373.149948614128 1.000125954512086 1.525887914477747 250.4253340081658 0.6238532948193686
0.0466 6373.178620669405 1.000125512590476 1.525797726328899 250.2389656488671 0.6136659605642632
0.04670000000000001 6373.207350449022 1.000125071446373 1.525707501301774 250.0522220813585 0.6036083316472414
0.0468 6373.236137977776 1.00012463107962 1.525617239539166 249.8651031444573 0.5936793469594324
0.0469 6373.26498328038 1.000124191490046 1.525526941183438 249.6776086775302 0.5838779460093013
0.047 6373.293886381458 1.000123752677467 1.525436606376517 249.4897385205235 0.5742030690309661
0.0471 6373.322847305547 1.000123314641688 1.525346235259865 249.3014925139449 0.5646536570892915
0.0472 6373.351866077098 1.000122877382499 1.525255827974515 249.112870498864 0.5552286521852275
0.0473 6373.380942720473 1.000122440899679 1.525165384661018 248.9238723169236 0.5459269973609923
0.04740000000000001 6373.410077259951 1.000122005192995 1.525074905459483 248.7344978103164 0.5367476368027504
0.0475 6373.439269719724 1.000121570262204 1.524984390509538 248.5447468217966 0.5276895159443148
0.0476 6373.468520123895 1.00012113610705 1.524893839950336 248.3546191946801 0.5187515815694687
0.0477 6373.497828496486 1.000120702727269 1.52480325392057 248.1641147728386 0.5099327819132262
0.0478 6373.527194861432 1.000120270122583 1.524712632558416 247.9732334006934 0.5012320667623169
0.04790000000000001 6373.556619242584 1.000119838292708 1.524621976001576 247.7819749232039 0.492648387554613
0.048 6373.586101663708 1.000119407237348 1.524531284387268 247.5903391858968 0.4841806974795876
0.0481 6373.615642148487 1.000118976956199 1.524440557852179 247.3983260348372 0.4758279515752568
0.0482 6373.645240720517 1.000118547448948 1.524349796532532 247.2059353166395 0.4675891068261412
0.0483 6373.674897403315 1.000118118715273 1.524259000563996 247.0131668784505 0.4594631222590749
0.04840000000000001 6373.704612220313 1.000117690754845 1.524168170081762 246.8200205679667 0.4514489590396587
0.0485 6373.734385194858 1.000117263567326 1.524077305220473 246.6264962334225 0.4435455805665508
0.0486 6373.764216350218 1.000116837152371 1.523986406114264 246.4325937235843 0.4357519525651316
0.0487 6373.794105709576 1.00011641150963 1.52389547289674 246.2383128877567 0.4280670431807306
0.0488 6373.824053296035 1.000115986638743 1.523804505700949 246.0436535757702 0.4204898230702163
0.0489 6373.854059132617 1.000115562539346 1.52371350465944 245.8486156379876 0.413019265493356
0.049 6373.884123242261 1.000115139211069 1.523622469904187 245.6531989253034 0.4056543464029787
0.04910000000000001 6373.914245647827 1.000114716653535 1.523531401566637 245.4574032891268 0.3983940445335144
0.0492 6373.944426372093 1.000114294866363 1.523440299777668 245.2612285813988 0.3912373414899047
0.0493 6373.974665437757 1.000113873849166 1.523349164667629 245.0646746545807 0.3841832218344043
0.0494 6374.004962867439 1.000113453601554 1.523257996366283 244.8677413616482 0.3772306731726324
0.0495 6374.035318683678 1.000113034123132 1.523166795002838 244.6704285560912 0.3703786862388348
0.04960000000000001 6374.065732908935 1.000112615413501 1.523075560705947 244.4727360919259 0.3636262549805258
0.0497 6374.096205565591 1.000112197472258 1.522984293603682 244.2746638236589 0.356972376640481
0.0498 6374.12673667595 1.000111780298998 1.522892993823545 244.0762116063232 0.3504160518401316
0.0499 6374.157326262239 1.000111363893312 1.522801661492452 243.8773792954484 0.3439562846596938
0.05 6374.187974346604 1.000110948254788 1.522710296736749 243.6781667470722 0.3375920827186456
0.05010000000000001 6374.218680951119 1.000110533383015 1.522618899682192 243.4785738177292 0.3313224572543583
0.0502 6374.249446097774 1.000110119277576 1.522527470453954 243.2786003644682 0.3251464232005902
0.0503 6374.280269808491 1.000109705938056 1.522436009176602 243.0782462448109 0.3190629992630604
0.0504 6374.31115210511 1.000109293364035 1.522344515974123 242.8775113167875 0.3130712079963248
0.0505 6374.342093009395 1.000108881555096 1.522252990969905 242.6763954389306 0.3071700758782381
0.0506 6374.373092543041 1.000108470510818 1.522161434286739 242.4748984702341 0.3013586333823072
0.0507 6374.404150727661 1.000108060230783 1.522069846046794 242.2730202702059 0.295635915051704
0.05080000000000001 6374.435267584796 1.00010765071457 1.521978226371666 242.070760698827 0.2900009595693833
0.0509 6374.466443135915 1.000107241961761 1.521886575382306 241.8681196165516 0.284452809828311
0.051 6374.497677402411 1.000106833971936 1.521794893199073 241.66509688433 0.2789905130011778
0.0511 6374.528970405604 1.000106426744678 1.521703179941714 241.4616923635739 0.2736131206073511
0.0512 6374.56032216674 1.000106020279572 1.521611435729358 241.2579059161916 0.2683196885805973
0.05130000000000001 6374.591732706996 1.000105614576201 1.521519660680512 241.0537374045288 0.2631092773331549
0.0514 6374.623202047473 1.000105209634153 1.521427854913063 240.8491866914277 0.2579809518217365
0.0515 6374.654730209201 1.000104805453018 1.521336018544271 240.6442536401918 0.2529337816098944
0.0516 6374.686317213141 1.000104402032386 1.521244151690792 240.4389381145855 0.2479668409301508
0.0517 6374.717963080179 1.000103999371852 1.521152254468617 240.2332399788346 0.243079208744949
0.05180000000000001 6374.749667831135 1.000103597471015 1.521060326993152 240.0271590976257 0.2382699688064129
0.0519 6374.781431486755 1.000103196329473 1.520968369379142 239.8206953360949 0.2335382097146513
0.05200000000000001 6374.813254067717 1.000102795946833 1.520876381740695 239.6138485598393 0.228883024975418
0.0521 6374.84513559463 1.000102396322701 1.520784364191319 239.4066186349054 0.2243035130560304
0.0522 6374.877076088033 1.000101997456691 1.520692316843857 239.1990054277829 0.219798777440235
0.0523 6374.909075568398 1.000101599348419 1.520600239810523 238.9910088054111 0.2153679266821354
0.0524 6374.941134056126 1.000101201997505 1.520508133202899 238.7826286351782 0.2110100744587686
0.05250000000000001 6374.973251571554 1.000100805403578 1.520415997131917 238.5738647848983 0.2067243396209907
0.0526 6375.005428134947 1.000100409566267 1.520323831707881 238.3647171228466 0.2025098462443807
0.0527 6375.037663766508 1.00010001448521 1.520231637040432 238.1551855177003 0.198365723676993
0.0528 6375.06995848637 1.000099620160049 1.520139413238602 237.9452698385975 0.1942911065882952
0.0529 6375.102312314601 1.000099226590432 1.520047160410746 237.7349699550963 0.1902851350148582
0.05300000000000001 6375.134725271204 1.000098833776015 1.519954878664596 237.5242857371744 0.1863469544056784
0.0531 6375.167197376116 1.000098441716458 1.519862568107224 237.313217055247 0.1824757156666001
0.0532 6375.199728649208 1.000098050411429 1.519770228845068 237.1017637801491 0.17867057520284
0.0533 6375.232319110289 1.000097659860603 1.519677860983915 236.8899257831234 0.1749306949604296
0.0534 6375.264968779103 1.000097270063661 1.519585464628904 236.6777029358326 0.1712552424668574
0.05350000000000001 6375.297677675329 1.000096881020291 1.519493039884531 236.4650951103648 0.167643390870366
0.0536 6375.330445818583 1.000096492730191 1.519400586854637 236.2521021792103 0.1640943189775189
0.05370000000000001 6375.363273228421 1.000096105193065 1.519308105642427 236.0387240152612 0.1606072112899752
0.0538 6375.396159924334 1.000095718408624 1.519215596350445 235.8249604918295 0.1571812580403171
0.0539 6375.429105925751 1.00009533237659 1.519123059080598 235.6108114826174 0.1538156552258873
0.054 6375.462111252041 1.000094947096691 1.519030493934134 235.3962768617347 0.1505096046421785
0.0541 6375.49517592251 1.000094562568664 1.518937901011661 235.1813565036877 0.1472623139145282
0.05420000000000001 6375.528299956404 1.000094178792256 1.518845280413145 234.9660502833725 0.144072996528702
0.0543 6375.561483372911 1.000093795767221 1.518752632237896 234.7503580760816 0.1409408718604413
0.0544 6375.594726191154 1.000093413493323 1.518659956584581 234.5342797574975 0.1378651652036191
0.0545 6375.628028430202 1.000093031970337 1.518567253551219 234.317815203687 0.1348451077971935
0.0546 6375.66139010906 1.000092651198046 1.518474523235178 234.1009642911071 0.1318799368511242
0.05470000000000001 6375.694811246679 1.000092271176241 1.518381765733198 233.8837268965871 0.1289688955707572
0.0548 6375.728291861948 1.000091891904725 1.518288981141362 233.6661028973407 0.1261112331804238
0.0549 6375.761831973699 1.000091513383312 1.518196169555115 233.44809217096 0.1233062049455932
0.055 6375.795431600707 1.000091135611823 1.518103331069253 233.2296945954034 0.1205530721937681
0.0551 6375.829090761692 1.000090758590093 1.518010465777926 233.0109100490021 0.1178511023344249
0.05520000000000001 6375.862809475313 1.000090382317964 1.517917573774667 232.7917384104652 0.1151995688777589
0.0553 6375.896587760178 1.000090006795291 1.517824655152349 232.5721795588451 0.1125977514517548
0.05540000000000001 6375.930425634833 1.000089632021939 1.517731710003214 232.352233373584 0.1100449358190844
0.0555 6375.964323117775 1.000089257997784 1.517638738418854 232.1318997344614 0.1075404138916347
0.0556 6375.998280227442 1.000088884722713 1.517545740490256 231.911178521629 0.1050834837449236
0.0557 6376.032296982218 1.000088512196623 1.517452716307747 231.6900696155816 0.1026734496306058
0.0558 6376.066373400434 1.000088140419425 1.51735966596103 231.4685728971803 0.1003096219884277
0.05590000000000001 6376.100509500366 1.000087769391039 1.517266589539184 231.2466882476232 0.09799131745645397
0.056 6376.134705300236 1.000087399111397 1.517173487130645 231.0244155484633 0.09571785888067161
0.0561 6376.168960818217 1.000087029580444 1.517080358823231 230.8017546815903 0.09348857532308688
0.0562 6376.203276072424 1.000086660798136 1.516987204704129 230.5787055292429 0.09130280206900363
0.0563 6376.237651080925 1.00008629276444 1.516894024859919 230.3552679739909 0.08915988063288888
0.05640000000000001 6376.27208586173 1.000085925479335 1.516800819376536 230.1314418987525 0.08705915876347724
0.0565 6376.306580432805 1.000085558942814 1.516707588339314 229.9072271867657 0.08499999044732029
0.0566 6376.341134812059 1.000085193154881 1.51661433183296 229.6826237216168 0.08298173591180161
0.0567 6376.375749017353 1.000084828115551 1.516521049941569 229.4576313872057 0.08100376162646328
0.0568 6376.410423066498 1.000084463824852 1.51642774274863 229.2322500677632 0.07906544030374728
0.05690000000000001 6376.445156977255 1.000084100282826 1.516334410337011 229.0064796478454 0.07716615089844903
0.057 6376.479950767334 1.000083737489526 1.516241052788972 228.7803200123275 0.07530527860611587
0.05710000000000001 6376.514804454399 1.000083375445017 1.516147670186182 228.5537710464099 0.07348221486049368
0.0572 6376.549718056062 1.000083014149377 1.516054262609699 228.3268326356005 0.07169635732973986
0.0573 6376.584691589889 1.000082653602698 1.515960830139967 228.0995046657203 0.06994710991180092
0.0574 6376.619725073399 1.000082293805084 1.515867372856853 227.8717870229096 0.06823388272875976
0.0575 6376.65481852406 1.000081934756649 1.515773890839632 227.6436795936105 0.06655609211999071
0.05760000000000001 6376.689971959297 1.000081576457523 1.515680384166965 227.4151822645721 0.06491316063449694
0.0577 6376.725185396484 1.000081218907849 1.51558685291694 227.186294922857 0.06330451702224718
0.0578 6376.760458852951 1.000080862107781 1.515493297167063 226.9570174558174 0.06172959622432359
0.0579 6376.795792345984 1.000080506057486 1.51539971699424 226.7273497511072 0.06018783936235429
0.058 6376.831185892819 1.000080150757145 1.515306112474812 226.4972916966757 0.05867869372685831
0.05810000000000001 6376.866639510652 1.000079796206952 1.515212483684539 226.2668431807618 0.05720161276464487
0.0582 6376.902153216629 1.000079442407112 1.515118830698614 226.0360040919121 0.05575605606542489
0.05830000000000001 6376.937727027853 1.000079089357845 1.51502515359164 225.8047743189567 0.05434148934722834
0.0584 6376.973360961385 1.000078737059383 1.514931452437687 225.5731537509977 0.05295738444099604
0.0585 6377.009055034241 1.000078385511971 1.514837727310221 225.3411422774328 0.0516032192744801
0.05860000000000001 6377.044809263393 1.000078034715867 1.514743978282184 225.1087397879436 0.05027847785503259
0.0587 6377.080623665772 1.000077684671342 1.514650205425937 224.8759461724834 0.04898265025152199
0.05880000000000001 6377.116498258262 1.00007733537868 1.514556408813311 224.6427613212953 0.04771523257555019
0.0589 6377.15243305771 1.000076986838179 1.514462588515554 224.4091851248885 0.0464757269615811
0.059 6377.188428080915 1.000076639050146 1.514368744603419 224.1752174740499 0.04526364154642578
0.0591 6377.224483344641 1.000076292014906 1.514274877147054 223.9408582598325 0.04407849044776866
0.0592 6377.260598865607 1.000075945732792 1.514180986216134 223.7061073735553 0.04291979374194167
0.05930000000000001 6377.29677466049 1.000075600204155 1.514087071879748 223.4709647068152 0.04178707744094865
0.0594 6377.333010745929 1.000075255429354 1.513993134206479 223.2354301514632 0.04067987346852398
0.0595 6377.369307138521 1.000074911408763 1.513899173264391 222.9995035996107 0.0395977196355622
0.0596 6377.405663854825 1.000074568142768 1.513805189121004 222.7631849436406 0.0385401596148029
0.0597 6377.442080911357 1.000074225631768 1.513711181843334 222.5264740761785 0.0375067429145765
0.05980000000000001 6377.478558324598 1.000073883876175 1.513617151497877 222.289370890116 0.03649702485205346
0.0599 6377.515096110987 1.000073542876412 1.513523098150626 222.0518752785869 0.0355105665255582
0.06000000000000001 6377.551694286924 1.000073202632916 1.513429021867058 221.8139871349912 0.03454693478637452
0.0601 6377.588352868775 1.000072863146136 1.51333492271215 221.5757063529653 0.03360570220963075
0.0602 6377.625071872863 1.000072524416532 1.513240800750391 221.337032826394 0.03268644706467497
0.0603 6377.661851315475 1.000072186444578 1.513146656045767 221.0979664494101 0.03178875328472833
0.0604 6377.698691212862 1.000071849230759 1.513052488661782 220.8585071163951 0.0309122104358819
0.06050000000000001 6377.735591581238 1.000071512775573 1.512958298661443 220.6186547219548 0.030056413685367
0.0606 6377.772552436779 1.000071177079529 1.512864086107281 220.3784091609376 0.02922096376935238
0.0607 6377.809573795625 1.000070842143148 1.512769851061366 220.1377703284401 0.02840546696007713
0.0608 6377.846655673879 1.000070507966963 1.512675593585277 219.8967381197894 0.0276095350323038
0.0609 6377.88379808761 1.000070174551519 1.512581313740141 219.6553124305373 0.02683278522923212
0.06100000000000001 6377.92100105285 1.000069841897373 1.512487011586611 219.413493156478 0.02607484022791723
0.0611 6377.958264585596 1.000069510005091 1.512392687184888 219.1712801936245 0.02533532810399746
0.0612 6377.995588701813 1.000069178875253 1.512298340594711 218.9286734382143 0.02461388229597764
0.0613 6378.032973417428 1.00006884850845 1.512203971875385 218.6856727867156 0.02391014156898115
0.0614 6378.070418748333 1.000068518905282 1.51210958108576 218.4422781358329 0.02322374997798567
0.06150000000000001 6378.10792471039 1.000068190066362 1.512015168284257 218.1984893824659 0.02255435683042921
0.0616 6378.145491319423 1.000067861992314 1.511920733528841 217.9543064237508 0.02190161664856792
0.06170000000000001 6378.183118591225 1.000067534683772 1.51182627687707 217.7097291570366 0.02126518913117912
0.0618 6378.220806541555 1.00006720814138 1.511731798386061 217.4647574798909 0.02064473911489266
0.0619 6378.25855518614 1.000066882365793 1.511637298112523 217.2193912900883 0.02003993653503608
0.062 6378.296364540674 1.000066557357678 1.511542776112739 216.9736304856223 0.01945045638611402
0.0621 6378.334234620817 1.000066233117709 1.51144823244258 216.727474964693 0.01887597868181687
0.06220000000000001 6378.372165442198 1.000065909646573 1.511353667157531 216.4809246257136 0.01831618841467681
0.0623 6378.410157020416 1.000065586944964 1.511259080312635 216.2339793672981 0.01777077551530014
0.0624 6378.448209371035 1.00006526501359 1.511164471962585 215.9866390882734 0.01723943481128633
0.0625 6378.48632250959 1.000064943853164 1.511069842161644 215.7389036876674 0.01672186598574049
0.0626 6378.524496451583 1.00006462346441 1.510975190963716 215.4907730647091 0.01621777353547474
0.06270000000000001 6378.562731212488 1.000064303848064 1.510880518422305 215.2422471188282 0.01572686672888492
0.06280000000000001 6378.601026807746 1.000063985004868 1.510785824590549 214.9933257496499 0.01524885956350622
0.0629 6378.639383252768 1.000063666935573 1.510691109521212 214.744008857006 0.01478347072330722
0.063 6378.677800562937 1.00006334964094 1.510596373266677 214.4942963409116 0.01433042353563564
0.0631 6378.716278753601 1.000063033121738 1.510501615878984 214.2441881015947 0.01388944592799657
0.06320000000000001 6378.754817840085 1.000062717378746 1.510406837409805 213.9936840394488 0.01346027038443905
0.06330000000000001 6378.793417837679 1.000062402412748 1.510312037910464 213.7427840550862 0.01304263390188278
0.0634 6378.832078761648 1.00006208822454 1.51021721743193 213.4914880492905 0.01263627794604433
0.0635 6378.870800627224 1.000061774814922 1.510122376024838 213.2397959230465 0.01224094840728531
0.0636 6378.909583449614 1.000061462184704 1.510027513739489 212.9877075775102 0.0118563955561665
0.06370000000000001 6378.948427243994 1.000061150334705 1.509932630625834 212.7352229140387 0.01148237399891335
0.06380000000000001 6378.987332025513 1.000060839265748 1.50983772673351 212.4823418341665 0.0111186426326293
0.0639 6379.026297809291 1.000060528978664 1.509742802111835 212.2290642396114 0.01076496460040028
0.064 6379.065324610419 1.000060219474294 1.509647856809791 211.9753900322743 0.01042110724624799
0.0641 6379.104412443965 1.00005991075348 1.509552890876075 211.7213191142276 0.01008684206993959
0.06420000000000001 6379.143561324964 1.000059602817078 1.509457904359043 211.4668513877331 0.009761944681722319
0.06430000000000001 6379.182771268426 1.000059295665943 1.509362897306775 211.2119867552295 0.009446194756916295
0.0644 6379.222042289333 1.000058989300941 1.509267869767049 210.9567251193333 0.009139375990435518
0.0645 6379.261374402643 1.000058683722942 1.50917282178734 210.7010663828204 0.008841276051213197
0.06460000000000001 6379.300767623283 1.000058378932822 1.509077753414839 210.4450104486617 0.008551686536627561
0.06470000000000001 6379.340221966157 1.000058074931463 1.50898266469645 210.188557219982 0.008270402926787615
0.0648 6379.379737446139 1.000057771719753 1.508887555678812 209.9317066000953 0.00799722453887093
0.0649 6379.419314078083 1.000057469298583 1.508792426408277 209.674458492463 0.007731954481352076
0.065 6379.458951876809 1.000057167668851 1.50869727693094 209.4168128007422 0.007474399608314332
0.06510000000000001 6379.498650857116 1.000056866831458 1.508602107292626 209.1587694287431 0.007224370473668401
0.06520000000000001 6379.538411033778 1.00005656678731 1.508506917538903 208.9003282804418 0.006981681285440561
0.0653 6379.578232421541 1.00005626753732 1.508411707715085 208.6414892599859 0.006746149860077898
0.0654 6379.618115035127 1.0000559690824 1.508316477866225 208.3822522716763 0.006517597576768615
0.0655 6379.658058889232 1.00005567142347 1.508221228037165 208.1226172199916 0.006295849331848237
0.06560000000000001 6379.698063998529 1.000055374561452 1.508125958272469 207.8625840095641 0.006080733493223396
0.06570000000000001 6379.738130377662 1.000055078497272 1.508030668616493 207.6021525451973 0.005872081854903209
0.0658 6379.778258041254 1.000054783231857 1.507935359113356 207.3413227318487 0.00566972959158341
0.0659 6379.818447003901 1.00005448876614 1.507840029806957 207.080094474641 0.005473515213348666
0.066 6379.858697280179 1.000054195101056 1.507744680740958 206.8184676788391 0.00528328052045238
0.06610000000000001 6379.899008884633 1.00005390223754 1.507649311958827 206.556442249885 0.005098870558256042
0.06620000000000001 6379.939381831789 1.000053610176533 1.507553923503803 206.2940180933687 0.004920133572246191
0.0663 6379.979816136148 1.000053318918976 1.507458515418939 206.0311951150396 0.004746920963218564
0.0664 6380.020311812185 1.000053028465811 1.507363087747065 205.7679732207952 0.004579087242592558
0.0665 6380.060868874354 1.000052738817984 1.507267640530832 205.5043523166982 0.004416489987901873
0.06660000000000001 6380.101487337083 1.000052449976441 1.507172173812689 205.2403323089592 0.004258989798428849
0.06670000000000001 6380.142167214779 1.000052161942128 1.507076687634902 204.9759131039367 0.004106450251027387
0.0668 6380.182908521823 1.000051874715994 1.506981182039558 204.7110946081488 0.003958737856138267
0.0669 6380.223711272574 1.000051588298988 1.506885657068551 204.4458767282671 0.003815722013989048
0.067 6380.264575481368 1.000051302692058 1.506790112763617 204.1802593711053 0.003677274970996047
0.06710000000000001 6380.305501162518 1.000051017896156 1.506694549166321 203.9142424436308 0.003543271776392748
0.06720000000000001 6380.346488330314 1.000050733912229 1.506598966318046 203.6478258529586 0.003413590239070684
0.0673 6380.387536999023 1.000050450741228 1.506503364260041 203.3810095063517 0.003288110884654513
0.0674 6380.428647182888 1.000050168384101 1.506407743033378 203.1137933112267 0.003166716912818919
0.0675 6380.469818896133 1.000049886841796 1.506312102678988 202.8461771751362 0.003049294154842208
0.06760000000000001 6380.511052152955 1.00004960611526 1.506216443237652 202.5781610057924 0.002935731031434233
0.06770000000000001 6380.552346967532 1.00004932620544 1.506120764750002 202.3097447110434 0.002825918510806384
0.0678 6380.593703354018 1.00004904711328 1.506025067256544 202.0409281988854 0.002719750067028295
0.0679 6380.635121326545 1.000048768839724 1.505929350797634 201.771711377456 0.002617121638655165
0.06800000000000001 6380.676600899224 1.000048491385712 1.505833615413516 201.5020941550469 0.002517931587647433
0.06810000000000001 6380.718142086142 1.000048214752183 1.505737861144288 201.2320764400796 0.002422080658569649
0.0682 6380.759744901365 1.000047938940075 1.50564208802995 200.9616581411295 0.002329471938106345
0.0683 6380.801409358936 1.000047663950322 1.505546296110346 200.6908391669139 0.002240010814870513
0.0684 6380.84313547288 1.000047389783855 1.50545048542525 200.4196194262798 0.002153604939525241
0.06850000000000001 6380.884923257196 1.000047116441603 1.505354656014291 200.1479988282284 0.00207016418523531
0.06860000000000001 6380.926772725862 1.000046843924491 1.505258807917021 199.8759772818966 0.001989600608429612
0.0687 6380.968683892837 1.000046572233442 1.505162941172862 199.603554696563 0.001911828409901599
0.0688 6381.010656772054 1.000046301369373 1.505067055821163 199.3307309816486 0.001836763896243594
0.0689 6381.052691377429 1.000046031333199 1.504971151901158 199.0575060467098 0.001764325441620687
0.06900000000000001 6381.094787722855 1.000045762125829 1.504875229452006 198.7838798014453 0.001694433449894355
0.06910000000000001 6381.136945822201 1.000045493748172 1.504779288512764 198.5098521556955 0.001627010317095574
0.0692 6381.179165689319 1.000045226201127 1.504683329122428 198.235423019425 0.001561980394249877
0.0693 6381.221447338038 1.000044959485591 1.504587351319895 197.9605923027519 0.001499269950574548
0.0694 6381.263790782165 1.000044693602455 1.504491355143987 197.6853599159307 0.001438807137029049
0.06950000000000001 6381.306196035485 1.000044428552607 1.504395340633474 197.4097257693455 0.001380521950237898
0.06960000000000001 6381.348663111766 1.000044164336927 1.504299307827032 197.1336897735226 0.001324346196790406
0.0697 6381.39119202475 1.000043900956291 1.504203256763292 196.8572518391242 0.001270213457913222
