0 6365.5 1.000307379058357 1.569050997542902 288.15 7.673277762473433
0.0001 6365.501142818167 1.000307334401619 1.56897535065121 288.1425716819148 7.669608124637516
0.0002 6365.502333789747 1.000307287871623 1.568899719809866 288.1348303666422 7.66578550442277
0.0003 6365.503572904565 1.000307239469801 1.568824103260232 288.1267761203284 7.661810136873711
0.0004 6365.504860153565 1.000307189197584 1.568748499418182 288.1184090018304 7.657682261428007
0.0005 6365.506195528701 1.000307137056404 1.568672906850563 288.1097290634433 7.653402122262223
0.0006000000000000001 6365.507579022843 1.000307083047698 1.568597324253604 288.1007363515208 7.648969968584463
0.0007 6365.509010629691 1.000307027172913 1.568521750435993 288.0914309070075 7.644386054882579
0.0008 6365.510490343706 1.000306969433506 1.568446184304382 288.0818127659116 7.639650641142653
0.0009000000000000001 6365.512018160044 1.000306909830949 1.56837062485056 288.0718819597131 7.634763993034769
0.001 6365.513594074508 1.000306848366727 1.56829507114243 288.0616385157003 7.629726382063303
0.0011 6365.515218083493 1.000306785042346 1.56821952231325 288.0510824572956 7.624538085710787
0.0012 6365.51689018395 1.00030671985933 1.568143977555746 288.0402138043268 7.619199387555001
0.0013 6365.518610373344 1.000306652819222 1.568068436114796 288.0290325732639 7.613710577368091
0.0014 6365.520378649621 1.000306583923589 1.56799289728198 288.0175387774615 7.608071951217983
0.0015 6365.522195011183 1.000306513174021 1.567917360390832 288.0057324273124 7.602283811525733
0.0016 6365.524059456854 1.000306440572129 1.567841824811922 287.9936135304487 7.596346467145531
0.0017 6365.525971985864 1.000306366119553 1.567766289949741 287.9811820918834 7.590260233415163
0.0018 6365.527932597821 1.000306289817956 1.567690755239644 287.9684381141645 7.584025432211725
0.0019 6365.529941292695 1.000306211669028 1.567615220144326 287.9553815974813 7.577642391983647
0.002 6365.531998070799 1.000306131674486 1.567539684151535 287.9420125398059 7.571111447799547
0.0021 6365.534102932776 1.000306049836074 1.567464146771937 287.9283309369588 7.564432941358977
0.0022 6365.536255879579 1.000305966155564 1.567388607536901 287.9143367827386 7.557607221034431
0.0023 6365.538456912463 1.000305880634758 1.567313065996958 287.900030068993 7.550634641883962
0.0024 6365.54070603297 1.000305793275485 1.567237521719894 287.8854107856959 7.54351556566617
0.0025 6365.543003242919 1.000305704079604 1.567161974289726 287.8704789210236 7.536250360854684
0.0026 6365.545348544397 1.000305613049004 1.56708642330487 287.8552344614208 7.528839402646376
0.0027 6365.547741939744 1.000305520185603 1.567010868377648 287.8396773916646 7.521283072969071
0.0028 6365.550183431553 1.000305425491351 1.566935309132556 287.8238076949068 7.513581760477249
0.0029 6365.552673022655 1.000305328968224 1.566859745206004 287.8076253527441 7.505735860561643
0.003 6365.555210716115 1.000305230618235 1.56678417624495 287.7911303452541 7.497745775341078
0.0031 6365.557796515225 1.000305130443421 1.566708601906195 287.7743226510364 7.489611913656719
0.0032 6365.560430423497 1.000305028445857 1.566633021855928 287.7572022472717 7.481334691074412
0.0033 6365.563112444655 1.000304924627642 1.566557435769152 287.7397691097457 7.472914529869356
0.0034 6365.565842582632 1.000304818990911 1.566481843328553 287.7220232128901 7.464351859018862
0.0035 6365.568620841569 1.000304711537829 1.566406244224433 287.7039645298008 7.455647114183246
0.0036 6365.571447225801 1.000304602270593 1.566330638154159 287.6855930322907 7.446800737703346
0.0037 6365.574321739859 1.000304491191431 1.56625502482176 287.6669086909195 7.437813178586109
0.0038 6365.577244388463 1.000304378302602 1.566179403937235 287.6479114749876 7.428684892472684
0.0039 6365.580215176522 1.000304263606398 1.566103775216412 287.6286013526072 7.419416341643002
0.004 6365.583234109124 1.000304147105142 1.566028138380675 287.6089782906964 7.41000799498291
0.0041 6365.586301191538 1.000304028801188 1.565952493156533 287.5890422550027 7.400460327965084
0.004200000000000001 6365.589416429209 1.000303908696925 1.565876839275123 287.5687932101445 7.39077382263794
0.0043 6365.592579827755 1.00030378679477 1.565801176472301 287.5482311195932 7.380948967585797
0.0044 6365.595791392962 1.000303663097174 1.56572550448815 287.5273559457445 7.37098625793099
0.004500000000000001 6365.599051130785 1.00030353760662 1.565649823067054 287.5061676498943 7.360886195290275
0.0046 6365.602359047343 1.000303410325623 1.565574131956993 287.4846661922687 7.350649287756264
0.0047 6365.605715148916 1.000303281256728 1.565498430909749 287.4628515320472 7.3402760498755
0.0048 6365.609119441944 1.000303150402515 1.565422719680435 287.4407236273631 7.329767002614888
0.0049 6365.612571933027 1.000303017765593 1.565346998027781 287.4182824353269 7.319122673338891
0.005 6365.616072628915 1.000302883348605 1.565271265713365 287.3955279120499 7.308343595786259
0.0051 6365.619621536519 1.000302747154225 1.565195522501922 287.3724600126269 7.297430310026721
0.005200000000000001 6365.623218662894 1.000302609185159 1.565119768160884 287.3490786911888 7.28638336245082
0.0053 6365.626864015249 1.000302469444143 1.565044002460746 287.3253839008793 7.275203305722933
0.0054 6365.63055760094 1.000302327933949 1.564968225174319 287.3013755938904 7.263890698761818
0.005500000000000001 6365.634299427468 1.000302184657378 1.564892436077 287.2770537214564 7.252446106701162
0.0056 6365.638089502481 1.000302039617261 1.564816634946577 287.2524182338715 7.240870100860881
0.0057 6365.641927833768 1.000301892816465 1.564740821563227 287.2274690805078 7.229163258717943
0.0058 6365.64581442926 1.000301744257885 1.564664995709266 287.2022062098093 7.217326163865661
0.0059 6365.649749297031 1.000301593944449 1.56458915716906 287.1766295692977 7.205359405978155
0.006 6365.653732445289 1.000301441879116 1.564513305729131 287.1507391056197 7.19326358079371
0.0061 6365.657763882385 1.000301288064877 1.564437441177986 287.1245347644998 7.181039290053477
0.006200000000000001 6365.661843616801 1.000301132504754 1.564361563305842 287.0980164907936 7.168687141486731
0.0063 6365.665971657158 1.0003009752018 1.564285671904998 287.0711842284699 7.156207748762601
0.0064 6365.67014801221 1.0003008161591 1.564209766769327 287.0440379206342 7.143601731460641
0.006500000000000001 6365.674372690843 1.00030065537977 1.564133847694494 287.0165775095173 7.130869715024529
0.0066 6365.678645702077 1.000300492866955 1.564057914477772 286.9888029364987 7.11801233073182
0.0067 6365.68296705506 1.000300328623835 1.563981966918075 286.9607141421124 7.105030215655041
0.0068 6365.687336759071 1.000300162653618 1.563906004815887 286.9323110660411 7.091924012616927
0.006900000000000001 6365.691754823518 1.000299994959542 1.563830027973082 286.903593647134 7.078694370156192
0.007 6365.696221257936 1.000299825544879 1.563754036193127 286.8745618234128 7.065341942487433
0.0071 6365.70073607199 1.000299654412929 1.563678029280885 286.8452155320655 7.051867389455187
0.007200000000000001 6365.705299275465 1.000299481567024 1.563602007042503 286.815554709476 7.03827137650391
0.0073 6365.709910878277 1.000299307010524 1.56352596928564 286.7855792912009 7.024554574623132
0.0074 6365.714570890461 1.000299130746824 1.563449915819118 286.7552892120042 7.01071766031933
0.007500000000000001 6365.71927932218 1.000298952779344 1.563373846453106 286.7246844058285 6.996761315557643
0.0076 6365.724036183718 1.000298773111538 1.563297760999 286.6937648058359 6.982686227735649
0.0077 6365.728841485478 1.000298591746888 1.563221659269475 286.6625303443906 6.968493089629737
0.007800000000000001 6365.733695237989 1.000298408688907 1.56314554107835 286.6309809530702 6.954182599354613
0.007900000000000001 6365.738597451897 1.000298223941138 1.56306940624058 286.5991165626723 6.939755460319711
0.008 6365.743548137967 1.000298037507152 1.562993254572315 286.5669371032139 6.925212381182576
0.0081 6365.748547307086 1.000297849390552 1.562917085890797 286.5344425039438 6.910554075807209
0.008200000000000001 6365.753594970255 1.000297659594968 1.562840900014411 286.5016326933418 6.895781263216711
0.0083 6365.758691138596 1.000297468124062 1.562764696762568 286.4685075991255 6.880894667548226
0.008400000000000001 6365.763835823346 1.000297274981524 1.562688475955767 286.4350671482497 6.865895018004867
0.008500000000000001 6365.769029035859 1.000297080171073 1.56261223741555 286.4013112669185 6.850783048812612
0.0086 6365.7742707876 1.000296883696458 1.562535980964484 286.3672398805969 6.83555949917678
0.008700000000000001 6365.779561090157 1.000296685561454 1.562459706426116 286.3328529139816 6.820225113219702
0.008800000000000001 6365.784899955223 1.00029648576987 1.562383413624978 286.2981502910478 6.804780639952376
0.0089 6365.790287394612 1.000296284325539 1.562307102386629 286.2631319350202 6.78922683321146
0.009000000000000001 6365.795723420248 1.000296081232324 1.562230772537582 286.2277977683901 6.773564451617027
0.0091 6365.801208044164 1.000295876494119 1.562154423905288 286.1921477129339 6.757794258529921
0.0092 6365.806741278509 1.000295670114842 1.56207805631806 286.1561816896887 6.741917021990454
0.009300000000000001 6365.812323135542 1.000295462098441 1.562001669605343 286.1198996189763 6.725933514677711
0.0094 6365.817953627631 1.000295252448894 1.56192526359723 286.0833014203976 6.709844513855469
0.0095 6365.823632767256 1.000295041170204 1.561848838124887 286.0463870128377 6.693650801322991
0.009600000000000001 6365.829360567003 1.000294828266403 1.561772393020434 286.0091563144787 6.677353163368096
0.0097 6365.835137039571 1.000294613741553 1.561695928116631 285.9716092427869 6.660952390709526
0.0098 6365.840962197764 1.000294397599738 1.561619443247398 285.9337457145315 6.64444927845197
0.009900000000000001 6365.846836054495 1.000294179845074 1.561542938247291 285.8955656457837 6.627844626032973
0.01 6365.852758622783 1.000293960481703 1.561466412951941 285.8570689519114 6.611139237167004
0.0101 6365.858729915754 1.000293739513794 1.561389867197606 285.8182555475968 6.594333919799492
0.0102 6365.864749946641 1.000293516945543 1.561313300821589 285.7791253468362 6.577429486052835
0.0103 6365.870818728781 1.000293292781172 1.561236713661866 285.7396782629224 6.56042675216448
0.0104 6365.876936275617 1.00029306702493 1.561160105557431 285.6999142084923 6.543326538452767
0.0105 6365.883102600695 1.000292839681095 1.56108347634789 285.6598330954847 6.526129669244232
0.0106 6365.889317717665 1.000292610753967 1.561006825873867 285.6194348351768 6.508836972833727
0.0107 6365.895581640283 1.000292380247876 1.560930153976656 285.5787193381597 6.491449281418851
0.0108 6365.901894382405 1.000292148167176 1.560853460498496 285.5376865143684 6.473967431056921
0.0109 6365.908255957989 1.000291914516247 1.56077674528229 285.4963362730699 6.456392261603906
0.011 6365.914666381097 1.000291679299497 1.56070000817188 285.4546685228692 6.438724616660715
0.0111 6365.92112566589 1.000291442521357 1.560623249011812 285.4126831717148 6.420965343519191
0.0112 6365.927633826632 1.000291204186283 1.560546467647492 285.3703801268933 6.40311529310283
0.0113 6365.934190877686 1.000290964298761 1.560469663925051 285.3277592950411 6.385175319914762
0.0114 6365.940796833514 1.000290722863296 1.560392837691443 285.2848205821559 6.367146281985406
0.0115 6365.947451708681 1.000290479884422 1.560315988794433 285.2415638935735 6.349029040804993
0.0116 6365.954155517845 1.000290235366697 1.560239117082533 285.1979891340087 6.330824461283123
0.0117 6365.960908275766 1.000289989314703 1.560162222405028 285.1540962075204 6.312533411675854
0.0118 6365.967709997301 1.000289741733047 1.560085304612028 285.1098850175407 6.294156763539799
0.0119 6365.974560697406 1.000289492626361 1.560008363554404 285.0653554668633 6.275695391668649
0.012 6365.981460391129 1.0002892419993 1.559931399083741 285.020507457661 6.257150174041803
0.0121 6365.98840909362 1.000288989856543 1.559854411052423 284.9753408914684 6.238521991758023
0.0122 6365.995406820122 1.000288736202795 1.55977739931369 284.929855669205 6.219811728986018
0.0123 6366.002453585974 1.000288481042782 1.559700363721422 284.8840516911699 6.20102027290256
0.0124 6366.009549406608 1.000288224381255 1.559623304130358 284.8379288570471 6.182148513635259
0.0125 6366.016694297553 1.000287966222988 1.55954622039594 284.7914870659059 6.163197344202692
0.0126 6366.02388827443 1.000287706572779 1.559469112374412 284.7447262162067 6.144167660456763
0.0127 6366.031131352955 1.000287445435447 1.559391979922747 284.697646205795 6.125060361020019
0.0128 6366.038423548935 1.000287182815836 1.559314822898721 284.6502469319252 6.105876347234785
0.0129 6366.045764878271 1.000286918718812 1.55923764116086 284.6025282912368 6.086616523092891
0.013 6366.053155356956 1.000286653149263 1.559160434568412 284.5544901797842 6.067281795186778
0.0131 6366.060595001073 1.0002863861121 1.559083202981406 284.5061324930247 6.047873072643634
0.0132 6366.068083826798 1.000286117612256 1.559005946260682 284.4574551258123 6.028391267061818
0.0133 6366.075621850396 1.000285847654685 1.558928664267769 284.408457972428 6.008837292461287
0.0134 6366.083209088221 1.000285576244365 1.558851356864936 284.3591409265613 5.989212065214891
0.0135 6366.090845556721 1.000285303386293 1.558774023915295 284.3095038813166 5.969516503988965
0.0136 6366.098531272428 1.00028502908549 1.558696665282625 284.2595467292189 5.949751529683787
0.0137 6366.106266251966 1.000284753346996 1.558619280831542 284.2092693622197 5.929918065373801
0.0138 6366.114050512045 1.000284476175874 1.558541870427362 284.1586716717092 5.910017036250006
0.0139 6366.121884069465 1.000284197577206 1.558464433936203 284.10775354848 5.890049369543606
0.014 6366.129766941109 1.000283917556098 1.558386971224857 284.0565148827931 5.870015994489003
0.0141 6366.137699143952 1.000283636117672 1.558309482160997 284.0049555643121 5.849917842235596
0.0142 6366.145680695051 1.000283353267074 1.558231966612918 283.9530754821689 5.829755845810381
0.0143 6366.153711611551 1.000283069009468 1.55815442444978 283.9008745249215 5.809530940038805
0.0144 6366.161791910682 1.00028278335004 1.558076855541441 283.8483525805667 5.789244061486312
0.0145 6366.169921609758 1.000282496293993 1.557999259758545 283.795509536575 5.768896148408818
0.0146 6366.178100726178 1.000282207846554 1.557921636972466 283.7423452798433 5.748488140671076
0.0147 6366.186329277425 1.000281918012964 1.557843987055357 283.6888596967368 5.728020979699178
0.0148 6366.194607281064 1.000281626798488 1.557766309880137 283.6350526730824 5.707495608414648
0.0149 6366.202934754744 1.000281334208406 1.55768860532044 283.5809240941634 5.686912971168497
0.015 6366.211311716196 1.000281040248021 1.557610873250737 283.5264738447248 5.666274013679694
0.0151 6366.219738183234 1.000280744922652 1.557533113546155 283.4717018089799 5.645579682973532
0.0152 6366.228214173751 1.000280448237637 1.55745532608267 283.4166078706156 5.624830927319868
0.0153 6366.236739705724 1.000280150198331 1.557377510737026 283.3611919127928 5.604028696169033
0.0154 6366.245314797208 1.00027985081011 1.557299667386626 283.3054538181462 5.583173940087679
0.0155 6366.253939466339 1.000279550078365 1.55722179590972 283.2493934687963 5.562267610698973
0.0156 6366.262613731333 1.000279248008508 1.557143896185315 283.1930107463371 5.541310660613864
0.0157 6366.271337610483 1.000278944605965 1.557065968093161 283.1363055318606 5.520304043375512
0.0158 6366.280111122163 1.000278639876181 1.556988011513786 283.0792777059381 5.499248713388242
0.0159 6366.288934284824 1.000278333824618 1.556910026328444 283.0219271486447 5.478145625861787
0.016 6366.297807116995 1.000278026456756 1.556832012419219 282.9642537395351 5.456995736738016
0.0161 6366.30672963728 1.000277717778089 1.556753969668914 282.9062573576792 5.435800002639364
0.0162 6366.315701864363 1.000277407794129 1.556675897961115 282.8479378816386 5.414559380795479
0.0163 6366.324723817002 1.000277096510406 1.556597797180187 282.7892951894841 5.393274828985036
0.0164 6366.333795514031 1.000276783932463 1.556519667211245 282.7303291587958 5.371947305470969
0.0165 6366.342916974359 1.000276470065861 1.556441507940171 282.6710396666634 5.350577768935726
0.0166 6366.352088216971 1.000276154916176 1.556363319253636 282.6114265896916 5.329167178418607
0.0167 6366.361309260923 1.000275838489001 1.556285101039056 282.5514898040004 5.307716493250975
0.0168 6366.370580125348 1.000275520789941 1.556206853184671 282.4912291852369 5.286226672995656
0.0169 6366.379900829451 1.000275201824619 1.556128575579433 282.4306446085692 5.264698677379982
0.017 6366.389271392509 1.000274881598671 1.556050268113095 282.3697359486927 5.243133466233072
0.0171 6366.398691833872 1.000274560117751 1.555971930676175 282.3085030798296 5.221531999421005
0.0172 6366.408162172964 1.000274237387522 1.555893563159974 282.2469458757354 5.199895236784088
0.0173 6366.417682429274 1.000273913413667 1.555815165456579 282.185064209716 5.178224138078257
0.0174 6366.427252622369 1.00027358820188 1.555736737458864 282.1228579546045 5.156519662901943
0.0175 6366.436872771881 1.000273261757868 1.555658279060436 282.0603269827728 5.134782770635497
0.0176 6366.446542897514 1.000272934087354 1.555579790155706 281.9974711661615 5.113014420386679
0.0177 6366.456263019041 1.000272605196074 1.55550127063984 281.9342903762321 5.09121557090951
0.0178 6366.466033156305 1.000272275089776 1.555422720408852 281.8707844840204 5.069387180558033
0.0179 6366.475853329213 1.000271943774222 1.555344139359469 281.8069533601132 5.047530207213452
0.018 6366.485723557747 1.000271611255186 1.555265527389235 281.7427968746418 5.025645608217561
0.0181 6366.495643861949 1.000271277538456 1.555186884396445 281.6783148973299 5.003734340324338
0.0182 6366.505614261933 1.000270942629832 1.555108210280204 281.6135072974338 4.981797359615304
0.0183 6366.515634777877 1.000270606535125 1.555029504940389 281.5483739437963 4.959835621453215
0.0184 6366.525705430025 1.000270269260159 1.55495076827766 281.4829147048403 4.937850080415624
0.0185 6366.535826238685 1.00026993081077 1.55487200019351 281.4171294485453 4.915841690222654
0.0186 6366.545997224233 1.000269591192805 1.554793200590131 281.3510180424831 4.893811403684716
0.0187 6366.556218407109 1.000269250412122 1.554714369370591 281.2845803537938 4.871760172630484
0.0188 6366.566489807813 1.000268908474591 1.554635506438651 281.2178162492154 4.849688947852701
0.0189 6366.576811446912 1.000268565386092 1.55455661169896 281.1507255950722 4.827598679040287
0.019 6366.587183345036 1.000268221152518 1.554477685056859 281.0833082572689 4.805490314712589
0.0191 6366.597605522874 1.000267875779769 1.554398726418589 281.0155641013197 4.783364802165369
0.0192 6366.60807800118 1.000267529273758 1.554319735691073 280.9474929923311 4.761223087401332
0.0193 6366.618600800768 1.000267181640407 1.554240712782091 280.8790947950077 4.739066115068588
0.0194 6366.629173942514 1.000266832885648 1.55416165760019 280.8103693736579 4.716894828399202
0.0195 6366.639797447353 1.000266483015422 1.55408257005474 280.7413165922056 4.694710169149745
0.0196 6366.65047133628 1.000266132035681 1.554003450055834 280.6719363141791 4.672513077534349
0.0197 6366.66119563035 1.000265779952386 1.553924297514452 280.6022284027221 4.650304492165549
0.0198 6366.671970350678 1.000265426771504 1.553845112342306 280.532192720594 4.628085349991437
0.0199 6366.682795518434 1.000265072499015 1.553765894451892 280.4618291301821 4.605856586236721
0.02 6366.693671154849 1.000264717140905 1.553686643756556 280.3911374934831 4.583619134334583
0.0201 6366.704597281209 1.000264360703169 1.553607360170405 280.3201176721394 4.561373925875503
0.0202 6366.71557391886 1.00026400319181 1.553528043608343 280.2487695274089 4.53912189053573
0.0203 6366.726601089202 1.00026364461284 1.553448693986067 280.1770929201888 4.516863956022684
0.0204 6366.737678813689 1.000263284972277 1.553369311220102 280.1050877110218 4.494601048014886
0.0205 6366.748807113834 1.000262924276147 1.553289895227726 280.0327537600782 4.472334090094781
0.0206 6366.759986011205 1.000262562530484 1.553210445927056 279.9600909271675 4.450064003690964
0.0207 6366.77121552742 1.000262199741328 1.553130963236962 279.8870990717681 4.427791708025903
0.0208 6366.782495684156 1.000261835914728 1.553051447077162 279.8137780529863 4.405518120042163
0.0209 6366.793826503139 1.000261471056736 1.552971897368134 279.740127729597 4.383244154354153
0.021 6366.805208006152 1.000261105173414 1.552892314031189 279.6661479600147 4.360970723178457
0.0211 6366.816640215025 1.000260738270827 1.552812696988415 279.5918386023403 4.338698736287632
0.0212 6366.828123151645 1.00026037035505 1.552733046162688 279.5171995143086 4.316429100933938
0.0213 6366.839656837947 1.00026000143216 1.552653361477708 279.4422305533466 4.294162721807039
0.0214 6366.851241295918 1.00025963150824 1.552573642857989 279.3669315765327 4.271900500961824
0.0215 6366.862876547596 1.000259260589381 1.552493890228802 279.2913024406261 4.249643337767664
0.0216 6366.874562615068 1.000258888681677 1.552414103516238 279.2153430020606 4.227392128847315
0.0217 6366.886299520469 1.000258515791226 1.552334282647229 279.1390531169512 4.205147768019582
0.0218 6366.898087285986 1.000258141924132 1.55225442754944 279.0624326410933 4.1829111462405
0.0219 6366.909925933851 1.000257767086505 1.55217453815138 278.9854814299691 4.160683151546493
0.022 6366.921815486346 1.000257391284456 1.552094614382332 278.9081993387534 4.138464668997777
0.0221 6366.933755965798 1.000257014524103 1.55201465617241 278.8305862223136 4.116256580620319
0.0222 6366.945747394583 1.000256636811565 1.55193466345251 278.7526419352097 4.094059765348077
0.0223 6366.957789795123 1.000256258152967 1.551854636154347 278.6743663317001 4.071875098967237
0.0224 6366.969883189884 1.000255878554436 1.551774574210427 278.5957592657536 4.049703454062356
0.0225 6366.98202760138 1.000255498022102 1.55169447755403 278.5168205910317 4.027545699954445
0.0226 6366.994223052166 1.000255116562099 1.551614346119273 278.4375501609178 4.005402702652699
0.0227 6367.006469564845 1.000254734180563 1.551534179841083 278.3579478285059 3.983275324794835
0.0228 6367.018767162062 1.000254350883633 1.551453978655159 278.2780134466001 3.96116442559111
0.0229 6367.031115866503 1.00025396667745 1.551373742497997 278.1977468677327 3.939070860773543
0.023 6367.043515700901 1.000253581568156 1.551293471306911 278.1171479441463 3.916995482535654
0.0231 6367.055966688028 1.000253195561898 1.551213165020027 278.0362165278174 3.89493913948392
0.0232 6367.0684688507 1.000252808664821 1.551132823576229 277.9549524704506 3.872902676581415
0.0233 6367.081022211773 1.000252420883073 1.551052446915252 277.8733556234728 3.850886935091833
0.0234 6367.093626794144 1.000252032222803 1.550972034977582 277.7914258380623 3.828892752533431
0.0235 6367.106282620749 1.000251642690163 1.550891587704541 277.7091629651317 3.806920962620493
0.0236 6367.118989714565 1.000251252291302 1.550811105038246 277.6265668553273 3.784972395210005
0.0237 6367.131748098608 1.000250861032373 1.550730586921568 277.5436373590472 3.763047876253388
0.0238 6367.144557795932 1.000250468919527 1.550650033298246 277.4603743264414 3.741148227743815
0.0239 6367.15741882963 1.000250075958917 1.550569444112766 277.3767776074054 3.719274267662367
0.024 6367.170331222832 1.000249682156695 1.55048881931041 277.2928470515925 3.697426809929233
0.0241 6367.183294998706 1.000249287519012 1.550408158837301 277.2085825084135 3.67560666435216
0.0242 6367.196310180456 1.00024889205202 1.550327462640285 277.123983827037 3.653814636575305
0.0243 6367.209376791322 1.000248495761869 1.550246730667101 277.0390508564068 3.632051528033017
0.0244 6367.22249485458 1.00024809865471 1.550165962866186 276.9537834452302 3.61031813589638
0.0245 6367.235664393541 1.000247700736691 1.550085159186832 276.8681814419841 3.58861525302475
0.0246 6367.248885431551 1.000247302013959 1.550004319579101 276.7822446949207 3.566943667917669
0.0247 6367.26215799199 1.00024690249266 1.549923443993853 276.6959730520674 3.545304164665671
0.0248 6367.275482098271 1.000246502178938 1.549842532382739 276.609366361239 3.523697522904464
0.0249 6367.28885777384 1.000246101078936 1.549761584698208 276.5224244700374 3.502124517766532
0.025 6367.302285042178 1.000245699198793 1.549680600893461 276.4351472258398 3.480585919830256
0.0251 6367.315763926797 1.000245296544647 1.549599580922556 276.3475344758225 3.459082495078272
0.0252 6367.329294451238 1.000244893122633 1.549518524740299 276.2595860669547 3.437615004848877
0.0253 6367.342876639076 1.000244488938883 1.549437432302269 276.1713018460049 3.416184205790818
0.0254 6367.356510513917 1.000244083999527 1.54935630356486 276.0826816595403 3.394790849817055
0.0255 6367.370196099395 1.000243678310692 1.549275138485244 275.9937253539332 3.373435684060408
0.0256 6367.383933419175 1.000243271878498 1.54919393702139 275.9044327753608 3.352119450828224
0.0257 6367.397722496951 1.000242864709067 1.549112699132007 275.8148037698169 3.330842887560312
0.0258 6367.411563356446 1.000242456808513 1.549031424776644 275.7248381831004 3.309606726781689
0.0259 6367.42545602141 1.000242048182949 1.548950113915578 275.6345358608327 3.288411696062836
0.026 6367.439400515623 1.00024163883848 1.548868766509921 275.543896648452 3.267258517974785
0.0261 6367.453396862889 1.00024122878121 1.548787382521531 275.4529203912192 3.246147910047481
0.0262 6367.467445087042 1.000240818017238 1.548705961913038 275.3616069342296 3.22508058472996
0.0263 6367.481545211939 1.000240406552657 1.548624504647864 275.2699561223952 3.204057249344172
0.0264 6367.495697261465 1.000239994393555 1.548543010690203 275.1779678004744 3.183078606050191
0.0265 6367.509901259531 1.000239581546017 1.54846148000502 275.0856418130483 3.162145351799693
0.0266 6367.524157230069 1.000239168016119 1.548379912558083 274.9929780045499 3.141258178302073
0.0267 6367.538465197039 1.000238753809936 1.548298308315874 274.8999762192469 3.120417771980294
0.0268 6367.552825184423 1.000238338933532 1.548216667245704 274.8066363012534 3.099624813933948
0.0269 6367.567237216226 1.000237923392969 1.548134989315591 274.7129580945297 3.07887997990016
0.027 6367.581701316478 1.000237507194302 1.548053274494398 274.618941442894 3.058183940217592
0.0271 6367.596217509228 1.000237090343579 1.547971522751668 274.524586190017 3.037537359787042
0.0272 6367.61078581855 1.000236672846841 1.547889734057799 274.4298921794274 3.016940898035176
0.0273 6367.625406268537 1.000236254710125 1.54780790838387 274.334859254512 2.996395208877493
0.0274 6367.640078883303 1.000235835939457 1.547726045701762 274.2394872585277 2.975900940684353
0.0275 6367.654803686985 1.000235416540859 1.547644145984135 274.1437760345951 2.955458736243711
0.0276 6367.669580703738 1.000234996520346 1.547562209204357 274.0477254257052 2.935069232726923
0.0277 6367.684409957735 1.000234575883922 1.547480235336591 273.9513352747243 2.914733061655094
0.0278 6367.69929147317 1.000234154637587 1.547398224355736 273.8546054243951 2.89445084886468
0.0279 6367.714225274255 1.000233732787332 1.547316176237447 273.7575357173417 2.874223214474898
0.028 6367.729211385221 1.000233310339139 1.547234090958143 273.6601259960643 2.854050772853213
0.0281 6367.744249830313 1.000232887298984 1.54715196849497 273.5623761029623 2.83393413258751
0.0282 6367.759340633798 1.000232463672832 1.547069808825863 273.4642858803112 2.81387389644901
0.0283 6367.774483819956 1.000232039466641 1.546987611929451 273.365855170286 2.793870661365536
0.0284 6367.789679413084 1.000231614686361 1.546905377785129 273.2670838149551 2.773925018389231
0.0285 6367.804927437494 1.000231189337931 1.546823106373036 273.1679716562866 2.754037552667258
0.0286 6367.820227917516 1.000230763427282 1.54674079767407 273.068518536148 2.73420884341189
0.0287 6367.83558087749 1.000230336960335 1.546658451669833 272.9687242963122 2.714439463872341
0.0288 6367.850986341776 1.000229909943005 1.546576068342675 272.8685887784576 2.694729981305999
0.0289 6367.866444334742 1.000229482381192 1.546493647675673 272.7681118241798 2.675080956952554
0.029 6367.881954880772 1.00022905428079 1.546411189652662 272.6672932749797 2.655492946004073
0.0291 6367.897518004266 1.000228625647682 1.54632869425818 272.5661329722697 2.635966497579159
0.0292 6367.91313372963 1.00022819648774 1.546246161477522 272.4646307574029 2.616502154702218
0.0293 6367.928802081287 1.000227766806828 1.546163591296648 272.3627864716321 2.597100454269621
0.0294 6367.94452308367 1.000227336610797 1.546080983702312 272.260599956145 2.577761927031304
0.0295 6367.960296761221 1.00022690590549 1.545998338681948 272.1580710520642 2.55848709756606
0.0296 6367.976123138394 1.000226474696735 1.545915656223731 272.0551996004414 2.539276484256358
0.0297 6367.992002239653 1.000226042990354 1.545832936316518 271.9519854422573 2.520130599264914
0.0298 6368.007934089474 1.000225610792155 1.545750178949908 271.8484284184218 2.501049948511893
0.0299 6368.023918712338 1.000225178107936 1.545667384114217 271.7445283698033 2.48203503165812
0.03 6368.039956132739 1.000224744943482 1.545584551800439 271.6402851371994 2.463086342078002
0.0301 6368.056046375175 1.000224311304567 1.54550168200031 271.5356985613602 2.444204366842861
0.0302 6368.072189464157 1.000223877196956 1.545418774706229 271.4307684829827 2.425389586699453
0.0303 6368.088385424197 1.000223442626397 1.545335829911339 271.3254947427166 2.406642476051266
0.0304 6368.10463427982 1.000223007598631 1.54525284760947 271.2198771811703 2.387963502940402
0.0305 6368.120936055554 1.000222572119383 1.545169827795122 271.1139156388989 2.369353129026963
0.0306 6368.137290775934 1.000222136194368 1.545086770463526 271.0076099564279 2.350811809575323
0.0307 6368.153698465501 1.000221699829287 1.545003675610564 270.9009599742416 2.33233999343476
0.0308 6368.170159148801 1.00022126302983 1.544920543232856 270.7939655327945 2.313938123024855
0.0309 6368.186672850385 1.000220825801673 1.544837373327652 270.6866264724998 2.29560663431745
0.031 6368.203239594807 1.00022038815048 1.544754165892935 270.5789426337532 2.277345956825319
0.0311 6368.219859406627 1.000219950081899 1.544670920927345 270.4709138569264 2.259156513586367
0.0312 6368.236532310407 1.00021951160157 1.544587638430191 270.3625399823558 2.241038721147539
0.0313 6368.253258330712 1.000219072715115 1.544504318401478 270.2538208503719 2.222992989556315
0.0314 6368.270037492111 1.000218633428144 1.544420960841863 270.1447563012756 2.205019722343904
0.0315 6368.286869819176 1.000218193746255 1.544337565752668 270.035346175356 2.187119316516024
0.0316 6368.303755336476 1.000217753675029 1.544254133135919 269.9255903129082 2.169292162544199
0.0317 6368.320694068587 1.000217313220037 1.544170662994263 269.8154885541857 2.151538644347158
0.0318 6368.337686040081 1.000216872386833 1.544087155331031 269.7050407394717 2.13385913929207
0.0319 6368.354731275535 1.000216431180958 1.544003610150193 269.5942467090198 2.116254018175368
0.032 6368.371829799525 1.000215989607937 1.543920027456392 269.4831063030896 2.098723645219498
0.0321 6368.388981636624 1.000215547673285 1.543836407254913 269.3716193619465 2.081268378064569
0.0322 6368.406186811407 1.000215105382497 1.543752749551663 269.259785725856 2.063888567759734
0.0323 6368.423445348446 1.000214662741057 1.543669054353265 269.1476052351012 2.046584558758927
0.0324 6368.440757272315 1.000214219754433 1.543585321666902 269.0350777299535 2.029356688909921
0.0325 6368.458122607582 1.000213776428078 1.54350155150044 268.9222030507198 2.012205289455892
0.0326 6368.475541378813 1.000213332767431 1.543417743862378 268.8089810377127 1.995130685025786
0.0327 6368.493013610575 1.000212888777914 1.543333898761829 268.6954115312627 1.978133193631714
0.0328 6368.510539327428 1.000212444464935 1.54325001620855 268.5814943717181 1.961213126665193
0.0329 6368.528118553931 1.000211999833887 1.543166096212925 268.4672293994507 1.944370788894925
0.033 6368.545751314637 1.000211554890147 1.543082138785931 268.352616454862 1.927606478465201
0.0331 6368.563437634096 1.000211109639076 1.542998143939208 268.2376553783769 1.910920486893221
0.0332 6368.581177536853 1.000210664086019 1.542914111684994 268.122346010456 1.894313099069675
0.0333 6368.598971047449 1.000210218236307 1.542830042036117 268.0066881915835 1.877784593256541
0.0334 6368.616818190417 1.000209772095254 1.542745935006034 267.8906817622909 1.861335241090641
0.0335 6368.634718990287 1.000209325668157 1.5426617906088 267.7743265631333 1.844965307581085
0.0336 6368.652673471581 1.000208878960299 1.542577608859088 267.6576224347249 1.828675051115754
0.0337 6368.670681658814 1.000208431976945 1.542493389772138 267.5405692177095 1.812464723459249
0.0338 6368.688743576496 1.000207984723344 1.542409133363805 267.4231667527782 1.79633456975817
0.0339 6368.706859249127 1.000207537204731 1.54232483965055 267.3054148806754 1.780284828545347
0.034 6368.725028701202 1.00020708942632 1.542240508649386 267.1873134421866 1.764315731742305
0.0341 6368.743251957205 1.000206641393312 1.542156140377937 267.0688622781685 1.748427504667999
0.0342 6368.761529041614 1.00020619311089 1.542071734854383 266.9500612295072 1.732620366038622
0.0343 6368.779859978898 1.000205744584221 1.541987292097514 266.8309101371659 1.716894527980004
0.0344 6368.798244793514 1.000205295818454 1.541902812126653 266.7114088421607 1.701250196031111
0.0345 6368.816683509913 1.000204846818722 1.541818294961727 266.591557185567 1.685687569152189
0.0346 6368.835176152534 1.00020439759014 1.541733740623191 266.4713550085311 1.670206839734282
0.0347 6368.853722745807 1.000203948137808 1.541649149132104 266.3508021522524 1.654808193605579
0.0348 6368.87232331415 1.000203498466806 1.541564520510055 266.2298984580251 1.63949181004598
0.0349 6368.89097788197 1.0002030485822 1.54147985477919 266.1086437671964 1.624257861791716
0.035 6368.909686473664 1.000202598489035 1.541395151962215 265.9870379211847 1.609106515048208
0.0351 6368.928449113617 1.00020214819234 1.541310412082366 265.8650807614907 1.594037929502744
0.0352 6368.947265826201 1.000201697697129 1.541225635163438 265.7427721296925 1.57905225833557
0.0353 6368.966136635777 1.000201247008396 1.541140821229753 265.6201118674506 1.564149648233098
0.0354 6368.985061566691 1.000200796131117 1.541055970306178 265.4970998165085 1.549330239401015
0.0355 6369.004040643279 1.000200345070251 1.540971082418093 265.3737358186862 1.534594165577339
0.0356 6369.023073889861 1.00019989383074 1.540886157591432 265.2500197159046 1.519941554049633
0.0357 6369.042161330744 1.000199442417508 1.540801195852613 265.1259513501672 1.505372525667886
0.0358 6369.061302990222 1.000198990835461 1.540716197228618 265.0015305635601 1.490887194860192
0.0359 6369.080498892573 1.000198539089486 1.540631161746914 264.8767571982761 1.476485669651785
0.036 6369.099749062063 1.000198087184453 1.540546089435464 264.7516310965906 1.46216805167918
0.0361 6369.11905352294 1.000197635125215 1.540460980322785 264.6261521008913 1.447934436211093
0.0362 6369.138412299438 1.000197182916605 1.54037583443786 264.5003200536547 1.433784912163864
0.0363 6369.157825415776 1.000196730563438 1.540290651810168 264.3741347974577 1.419719562121576
0.0364 6369.177292896155 1.000196278070514 1.540205432469709 264.2475961749955 1.405738462357386
0.0365 6369.196814764761 1.00019582544261 1.540120176446959 264.1207040290518 1.39184168285021
0.0366 6369.216391045765 1.000195372684488 1.540034883772864 263.9934582025288 1.378029287308598
0.0367 6369.236021763318 1.000194919800891 1.53994955447888 263.865858538435 1.364301333190605
0.0368 6369.255706941555 1.000194466796544 1.539864188596923 263.7379048798911 1.350657871726242
0.0369 6369.275446604595 1.000194013676152 1.539778786159376 263.6095970701302 1.337098947939868
0.03700000000000001 6369.295240776538 1.000193560444405 1.539693347199101 263.4809349525038 1.323624600673808
0.0371 6369.315089481465 1.000193107105969 1.539607871749448 263.3519183704756 1.310234862611324
0.0372 6369.334992743439 1.000192653665497 1.539522359844185 263.2225471676451 1.296929760303235
0.0373 6369.354950586508 1.000192200127622 1.539436811517553 263.0928211877007 1.28370931418781
0.0374 6369.374963034694 1.000191746496956 1.539351226804252 262.9627402744903 1.270573538623397
0.0375 6369.395030112005 1.000191292778095 1.539265605739429 262.8323042719684 1.257522441908888
0.0376 6369.415151842429 1.000190838975617 1.539179948358662 262.7015130242133 1.244556026312056
0.0377 6369.435328249932 1.000190385094078 1.539094254697987 262.5703663754397 1.2316742880978
0.0378 6369.455559358462 1.00018993113802 1.539008524793847 262.4388641699978 1.21887721755576
0.0379 6369.475845191946 1.000189477111961 1.538922758683144 262.3070062523506 1.206164799026226
0.038 6369.49618577429 1.000189023020406 1.5388369564032 262.1747924671143 1.193537010932936
0.0381 6369.516581129379 1.000188568867837 1.538751117991745 262.0422226590357 1.180993825810083
0.0382 6369.537031281077 1.00018811465872 1.538665243486929 261.9092966729971 1.168535210332774
0.0383 6369.557536253228 1.000187660397501 1.538579332927309 261.7760143540171 1.156161125347455
0.0384 6369.578096069652 1.000187206088607 1.538493386351887 261.6423755472618 1.143871525903983
0.0385 6369.598710754149 1.000186751736447 1.538407403800018 261.5083800980336 1.131666361286027
0.0386 6369.619380330494 1.000186297345413 1.538321385311498 261.3740278517884 1.119545575044733
0.03870000000000001 6369.640104822443 1.000185842919874 1.538235330926488 261.2393186541179 1.107509105029675
0.0388 6369.660884253729 1.000185388464185 1.538149240685551 261.1042523507621 1.095556883423042
0.0389 6369.681718648058 1.000184933982679 1.538063114629636 260.9688287876201 1.083688836774276
0.039 6369.702608029118 1.000184479479672 1.537976952800097 260.8330478107331 1.071904886032636
0.0391 6369.72355242057 1.000184024959461 1.537890755238598 260.6969092662961 1.060204946582887
0.0392 6369.744551846054 1.000183570426324 1.537804521987252 260.5604130006517 1.04858892827994
0.0393 6369.765606329182 1.000183115884521 1.537718253088494 260.4235588603141 1.037056735486513
0.0394 6369.786715893547 1.000182661338291 1.537631948585162 260.2863466919451 1.025608267107244
0.0395 6369.807880562714 1.00018220679186 1.537545608520378 260.1487763423605 1.014243416625846
0.0396 6369.829100360224 1.000181752249428 1.537459232937702 260.0108476585414 1.002962072143214
0.0397 6369.850375309597 1.000181297715182 1.537372821880988 259.8725604876225 0.9917641164140444
0.0398 6369.871705434321 1.000180843193289 1.537286375394485 259.7339146769162 0.9806494268868233
0.0399 6369.893090757863 1.000180388687895 1.537199893522719 259.5949100738884 0.9696178757404442
0.04 6369.914531303667 1.000179934203132 1.537113376310598 259.4555465261645 0.9586693299237141
0.0401 6369.936027095147 1.00017947974311 1.537026823803356 259.3158238815475 0.9478036511962108
0.0402 6369.95757815569 1.00017902531192 1.536940236046538 259.1757419880117 0.9370206961677008
0.0403 6369.979184508663 1.000178570913639 1.536853613086029 259.0353006936911 0.9263203163375872
0.04040000000000001 6370.000846177401 1.000178116552321 1.536766954968015 258.8944998468909 0.9157023581366345
0.0405 6370.022563185217 1.000177662232003 1.536680261739008 258.753339296088 0.9051666629681961
0.0406 6370.044335555393 1.000177207956705 1.536593533445837 258.6118188899485 0.8947130672511784
0.0407 6370.066163311186 1.000176753730428 1.536506770135593 258.469938477292 0.8843414024594815
0.0408 6370.088046475827 1.000176299557154 1.536419971855715 258.3276979071273 0.8740514951671255
0.0409 6370.109985072519 1.000175845440847 1.536333138653915 258.185097028629 0.8638431670894219
0.041 6370.131979124437 1.000175391385454 1.536246270578196 258.0421356911605 0.8537162351279873
0.0411 6370.154028654729 1.000174937394903 1.536159367676836 257.8988137442628 0.8436705114135837
0.0412 6370.176133686515 1.000174483473103 1.536072429998434 257.7551310376542 0.8337058033502163
0.0413 6370.198294242887 1.000174029623946 1.53598545759181 257.6110874212362 0.8238219136600264
0.0414 6370.220510346909 1.000173575851308 1.535898450506092 257.4666827450936 0.8140186404281372
0.0415 6370.242782021615 1.000173122159042 1.535811408790675 257.3219168595004 0.8042957771482705
0.04160000000000001 6370.265109290014 1.000172668550989 1.535724332495194 257.176789614908 0.794653112767531
0.0417 6370.287492175084 1.000172215030968 1.535637221669568 257.0313008619509 0.7850904317327632
0.0418 6370.309930699776 1.000171761602783 1.535550076363941 256.8854504514587 0.7756075140376174
0.0419 6370.332424887008 1.000171308270217 1.535462896628742 256.7392382344505 0.7662041352687776
0.042 6370.354974759673 1.000170855037038 1.535375682514607 256.5926640621282 0.7568800666525548
0.04210000000000001 6370.377580340632 1.000170401906997 1.535288434072431 256.4457277858891 0.7476350751029467
0.0422 6370.40024165272 1.000169948883825 1.535201151353357 256.2984292573195 0.7384689232688751
0.0423 6370.422958718738 1.000169495971238 1.535113834408721 256.150768328201 0.7293813695824901
0.0424 6370.445731561462 1.000169043172933 1.535026483290125 256.0027448504983 0.7203721683066879
0.0425 6370.468560203633 1.00016859049259 1.534939098049361 255.854358676383 0.7114410695851022
0.0426 6370.491444667966 1.000168137933872 1.53485167873846 255.7056096582218 0.7025878194901969
0.0427 6370.514384977145 1.000167685500426 1.534764225409663 255.5564976485588 0.6938121600713497
0.0428 6370.537381153822 1.00016723319588 1.534676738115385 255.4070225001568 0.685113829406708
0.0429 6370.56043322062 1.000166781023845 1.534589216908306 255.2571840659679 0.6764925616510964
0.043 6370.583541200132 1.000166328987917 1.534501661841247 255.106982199139 0.6679480870863123
0.0431 6370.606705114919 1.000165877091674 1.534414072967254 254.9564167530242 0.6594801321719884
0.0432 6370.629924987514 1.000165425338678 1.534326450339549 254.8054875811607 0.6510884195947005
0.04330000000000001 6370.653200840414 1.000164973732472 1.534238794011539 254.6541945373104 0.6427726683209605
0.0434 6370.67653269609 1.000164522276585 1.534151104036837 254.5025374754126 0.6345325936455001
0.0435 6370.69992057698 1.000164070974529 1.534063380469201 254.3505162496311 0.6263679072450093
0.0436 6370.723364505488 1.000163619829798 1.533975623362567 254.198130714325 0.6182783172278657
0.0437 6370.746864503993 1.000163168845872 1.533887832771039 254.0453807240423 0.6102635281854136
0.0438 6370.770420594838 1.000162718026213 1.533800008748899 253.8922661335558 0.6023232412456101
0.0439 6370.794032800333 1.000162267374268 1.533712151350573 253.7387867978335 0.5944571541234184
0.044 6370.817701142762 1.000161816893467 1.53362426063063 253.5849425720502 0.5866649611735845
0.0441 6370.841425644371 1.000161366587225 1.533536336643823 253.4307333115875 0.5789463534429632
0.0442 6370.865206327379 1.00016091645894 1.533448379445009 253.276158872034 0.571301018723017
0.0443 6370.889043213971 1.000160466511994 1.53336038908922 253.1212191091853 0.5637286416024789
0.0444 6370.912936326301 1.000160016749757 1.533272365631595 252.9659138790438 0.5562289035201745
0.0445 6370.936885686489 1.000159567175578 1.533184309127426 252.8102430378189 0.5488014828179902
0.0446 6370.960891316626 1.000159117792794 1.533096219632128 252.6542064419326 0.5414460547942609
0.0447 6370.984953238765 1.000158668604726 1.533008097201232 252.497803948026 0.5341622917572703
0.0448 6371.009071474934 1.000158219614679 1.532919941890394 252.341035412929 0.5269498630772325
0.0449 6371.033246047124 1.000157770825945 1.532831753755383 252.1839006936965 0.5198084352414296
0.04500000000000001 6371.057476977294 1.000157322241797 1.532743532852075 252.02639964759 0.5127376719069625
0.0451 6371.081764287372 1.000156873865498 1.532655279236454 251.8685321320839 0.505737233954705
0.0452 6371.106107999251 1.000156425700292 1.53256699296462 251.7102980048716 0.4988067795433289
0.0453 6371.130508134794 1.00015597774941 1.532478674092727 251.5516971238411 0.491945964162125
0.0454 6371.15496471583 1.000155530016068 1.53239032267708 251.3927293471055 0.4851544406862336
0.0455 6371.179477764155 1.000155082503469 1.532301938774036 251.2333945329905 0.4784318594301136
0.0456 6371.204047301533 1.000154635214799 1.53221352244005 251.0736925400346 0.4717778682015982
0.0457 6371.228673349695 1.000154188153232 1.532125073731639 250.9136232269833 0.4651921123557594
0.0458 6371.253355930337 1.000153741321927 1.532036592705431 250.7531864528127 0.4586742348500285
0.0459 6371.278095065123 1.000153294724028 1.531948079418095 250.5923820766997 0.4522238762971564
0.046 6371.302890775688 1.000152848362667 1.531859533926379 250.4312099580283 0.4458406750196878
0.0461 6371.327743083629 1.000152402240961 1.531770956287089 250.2696699564129 0.4395242671051243
0.0462 6371.352652010511 1.000151956362013 1.531682346557114 250.107761931681 0.4332742864594394
0.0463 6371.377617577866 1.000151510728914 1.531593704793375 249.9454857438726 0.42709036486132
0.0464 6371.402639807195 1.000151065344739 1.531505031052856 249.7828412532348 0.4209721320161814
0.0465 6371.427718719962 1.000150620212553 1.531416325392576 249.6198283202451 0.4149192156112751
0.0466 6371.452854337601 1.000150175335404 1.53132758786963 249.4564468055941 0.4089312413691978
0.04670000000000001 6371.478046681512 1.00014973071633 1.531238818541107 249.292696570173 0.4030078331016355
0.0468 6371.503295773059 1.000149286358355 1.531150017464173 249.1285774751158 0.3971486127649868
0.0469 6371.528601633578 1.00014884226449 1.531061184696007 248.9640893817453 0.3913532005125139
0.047 6371.553964284365 1.000148398437732 1.530972320293822 248.7992321516271 0.3856212147502616
0.0471 6371.579383746689 1.000147954881069 1.530883424314841 248.6340056465214 0.3799522721893402
0.0472 6371.604860041782 1.000147511597474 1.530794496816339 248.4684097284193 0.3743459879010518
0.0473 6371.630393190842 1.000147068589906 1.530705537855581 248.3024442595246 0.3688019753700736
0.0474 6371.655983215038 1.000146625861316 1.530616547489854 248.136109102254 0.3633198465481824
0.0475 6371.681630135502 1.000146183414639 1.530527525776452 247.9694041192369 0.3578992119078859
0.0476 6371.707333973332 1.000145741252801 1.53043847277269 247.8023291733392 0.3525396804967003
0.0477 6371.733094749596 1.000145299378715 1.530349388535855 247.634884127628 0.3472408599893999
0.0478 6371.758912485325 1.000144857795281 1.530260273123262 247.4670688453888 0.342002356741887
0.04790000000000001 6371.784787201518 1.00014441650539 1.530171126592212 247.298883190132 0.336823775844529
0.048 6371.810718919142 1.000143975511919 1.530081948999979 247.1303270255747 0.3317047211746308
0.0481 6371.83670765913 1.000143534817737 1.529992740403858 246.961400215653 0.3266447954496888
0.0482 6371.86275344238 1.000143094425698 1.529903500861102 246.7921026245275 0.3216436002802917
0.0483 6371.888856289759 1.000142654338647 1.529814230428957 246.6224341165656 0.3167007362221633
0.04840000000000001 6371.915016222099 1.000142214559418 1.529724929164638 246.4523945563595 0.3118158028290944
0.0485 6371.941233260198 1.000141775090835 1.529635597125344 246.2819838087142 0.3069883987048285
0.0486 6371.967507424823 1.000141335935709 1.52954623436824 246.1112017386534 0.3022181215552824
0.0487 6371.993838736706 1.000140897096844 1.529456840950445 245.9400482114078 0.2975045682400824
0.0488 6372.020227216548 1.000140458577029 1.529367416929059 245.7685230924384 0.2928473348248866
0.0489 6372.046672885014 1.000140020379047 1.529277962361148 245.5966262474075 0.2882460166320319
0.049 6372.073175762738 1.000139582505669 1.529188477303704 245.4243575422018 0.2837002082924348
0.0491 6372.099735870318 1.000139144959656 1.529098961813716 245.251716842933 0.2792095037966062
0.0492 6372.126353228322 1.000138707743759 1.529009415948085 245.0787040159074 0.2747734965446888
0.0493 6372.153027857284 1.000138270860721 1.528919839763687 244.9053189276564 0.2703917793978091
0.0494 6372.179759777702 1.000137834313273 1.52883023331731 244.7315614449357 0.2660639447283923
0.0495 6372.206549010046 1.000137398104138 1.528740596665719 244.5574314347022 0.2617895844696541
0.04960000000000001 6372.23339557475 1.000136962236029 1.528650929865601 244.3829287641255 0.2575682901657385
0.0497 6372.260299492215 1.00013652671165 1.528561232973574 244.2080533006 0.2533996530215685
0.0498 6372.28726078281 1.000136091533698 1.528471506046194 244.0328049117328 0.2492832639518527
0.0499 6372.31427946687 1.000135656704858 1.528381749139944 243.8571834653438 0.2452187136301085
0.05 6372.341355564698 1.000135222227807 1.528291962311238 243.68118882946 0.2412055925372733
0.05010000000000001 6372.368489096566 1.000134788105214 1.528202145616409 243.5048208723209 0.2372434910102966
0.0502 6372.395680082709 1.000134354339739 1.5281122991117 243.328079462391 0.2333319992905567
0.0503 6372.422928543334 1.000133920934036 1.528022422853287 243.1509644683296 0.2294707075710526
0.0504 6372.450234498612 1.000133487890746 1.527932516897259 242.9734757590207 0.2256592060446065
0.0505 6372.477597968683 1.000133055212507 1.527842581299616 242.7956132035614 0.2218970849508215
0.0506 6372.505018973653 1.000132622901945 1.527752616116252 242.6173766712553 0.2181839346228626
0.0507 6372.5324975336 1.000132190961679 1.527662621402997 242.4387660316014 0.214519345533799
0.0508 6372.560033668564 1.000131759394324 1.527572597215546 242.259781154335 0.2109029083436994
0.0509 6372.587627398555 1.000131328202481 1.52748254360954 242.0804219093924 0.2073342139447909
0.051 6372.615278743551 1.00013089738875 1.527392460640483 241.9006881669169 0.2038128535071401
0.0511 6372.642987723498 1.000130466955718 1.527302348363798 241.7205797972646 0.2003384185239707
0.0512 6372.67075435831 1.000130036905969 1.527212206834779 241.5400966709866 0.1969105008561612
0.05130000000000001 6372.698578667868 1.000129607242078 1.527122036108636 241.3592386588588 0.1935286927772895
0.0514 6372.726460672021 1.000129177966614 1.527031836240445 241.1780056318638 0.1901925870173866
0.0515 6372.754400390589 1.000128749082138 1.526941607285192 240.9963974611736 0.1869017768063465
0.0516 6372.782397843355 1.000128320591204 1.526851349297721 240.8144140181906 0.1836558559180269
0.0517 6372.810453050075 1.000127892496362 1.526761062332788 240.6320551745124 0.1804544187125547
0.05180000000000001 6372.83856603047 1.000127464800153 1.526670746444999 240.4493208019434 0.1772970601791055
0.0519 6372.866736804232 1.000127037505112 1.526580401688859 240.266210772489 0.1741833759779667
0.052 6372.894965391021 1.00012661061377 1.526490028118731 240.0827249583616 0.1711129624823996
0.0521 6372.923251810464 1.000126184128649 1.526399625788872 239.8988632319864 0.1680854168200834
0.0522 6372.951596082156 1.000125758052266 1.52630919475339 239.7146254659837 0.1651003369137542
0.0523 6372.979998225666 1.000125332387134 1.526218735066267 239.5300115331687 0.162157321521732
0.0524 6373.008458260526 1.000124907135757 1.526128246781372 239.3450213065815 0.1592559702784827
0.0525 6373.036976206239 1.000124482300637 1.526037729952396 239.1596546594454 0.1563958837336188
0.0526 6373.065552082278 1.000124057884268 1.525947184632939 238.9739114651906 0.1535766633915084
0.0527 6373.094185908085 1.000123633889139 1.525856610876431 238.7877915974481 0.1507979117499703
0.0528 6373.122877703069 1.000123210317735 1.525766008736176 238.6012949300501 0.1480592323386219
0.0529 6373.15162748661 1.000122787172535 1.525675378265335 238.4144213370358 0.1453602297568625
0.05300000000000001 6373.180435278056 1.000122364456012 1.525584719516918 238.2271706926334 0.1427005097110634
0.0531 6373.209301096727 1.000121942170635 1.525494032543802 238.0395428712721 0.1400796790517364
0.0532 6373.238224961911 1.00012152031887 1.525403317398698 237.8515377475763 0.1374973458099829
0.0533 6373.267206892866 1.000121098903175 1.525312574134178 237.6631551963713 0.134953119233645
0.0534 6373.296246908818 1.000120677926007 1.525221802802661 237.4743950926835 0.1324466098229028
0.05350000000000001 6373.325345028965 1.000120257389815 1.525131003456426 237.2852573117283 0.1299774293652458
0.0536 6373.354501272474 1.000119837297046 1.525040176147576 237.0957417289163 0.1275451909702102
0.0537 6373.383715658484 1.000119417650142 1.524949320928076 236.9058482198533 0.1251495091035559
0.0538 6373.412988206101 1.00011899845154 1.524858437849731 236.7155766603458 0.122789999621031
0.0539 6373.442318934402 1.000118579703677 1.524767526964171 236.524926926384 0.1204662798013603
0.054 6373.471707862437 1.00011816140898 1.524676588322898 236.3338988941586 0.1181779683791846
0.0541 6373.501155009224 1.000117743569876 1.52458562197722 236.1424924400438 0.1159246855770744
0.05420000000000001 6373.530660393752 1.000117326188788 1.524494627978311 235.950707440615 0.1137060531374744
0.0543 6373.56022403498 1.000116909268135 1.524403606377164 235.7585437726306 0.111521694353731
0.0544 6373.589845951839 1.000116492810332 1.524312557224619 235.566001313044 0.1093712341009645
0.0545 6373.619526163231 1.000116076817791 1.524221480571342 235.3730799389981 0.1072542988662332
0.0546 6373.649264688028 1.00011566129292 1.52413037646783 235.1797795278188 0.1051705167781966
0.05470000000000001 6373.679061545074 1.000115246238125 1.524039244964433 234.9860999570213 0.1031195176364023
0.0548 6373.708916753182 1.000114831655809 1.523948086111302 234.7920411043159 0.1011009329400541
0.0549 6373.73883033114 1.00011441754837 1.523856899958441 234.5976028475901 0.09911439591602084
0.055 6373.768802297705 1.000114003918204 1.523765686555681 234.4027850649148 0.09715954154658671
0.0551 6373.798832671606 1.000113590767706 1.523674445952674 234.2075876345619 0.09523600659679188
0.05520000000000001 6373.828921471543 1.000113178099265 1.523583178198899 234.0120104349688 0.09334342964072535
0.0553 6373.85906871619 1.000112765915269 1.523491883343678 233.816053344768 0.09148145108794767
0.0554 6373.889274424189 1.000112354218104 1.52340056143614 233.6197162427692 0.08964971320892309
0.0555 6373.919538614158 1.000111943010152 1.523309212525242 233.4229990079715 0.08784786016021473
0.0556 6373.949861304685 1.000111532293793 1.523217836659789 233.2259015195453 0.08607553800887978
0.0557 6373.980242514331 1.000111122071407 1.523126433888376 233.0284236568504 0.08433239475666622
0.0558 6374.010682261627 1.000110712345366 1.523035004259464 232.8305652994235 0.08261808036341109
0.05590000000000001 6374.04118056508 1.000110303118046 1.522943547821283 232.6323263269791 0.08093224677002253
0.056 6374.071737443168 1.000109894391817 1.522852064621944 232.4337066194088 0.07927454792093143
0.0561 6374.10235291434 1.000109486169048 1.522760554709333 232.2347060567876 0.07764463978606252
0.0562 6374.133026997022 1.000109078452106 1.522669018131197 232.0353245193559 0.07604218038208052
0.0563 6374.163759709609 1.000108671243357 1.522577454935065 231.8355618875433 0.07446682979344536
0.05640000000000001 6374.194551070468 1.000108264545163 1.522485865168331 231.635418041957 0.07291825019264286
0.0565 6374.225401097944 1.000107858359886 1.522394248878172 231.4348928633634 0.07139610585984989
0.0566 6374.256309810352 1.000107452689885 1.522302606111607 231.2339862327125 0.06990006320238924
0.0567 6374.287277225982 1.000107047537519 1.522210936915467 231.0326980311196 0.06842979077333225
0.0568 6374.318303363094 1.000106642905143 1.522119241336411 230.8310281398893 0.06698495928987877
0.05690000000000001 6374.349388239927 1.000106238795113 1.522027519420916 230.628976440474 0.06556524165073419
0.057 6374.380531874689 1.000105835209781 1.521935771215274 230.4265428145212 0.06417031295359391
0.0571 6374.411734285563 1.000105432151499 1.521843996765612 230.2237271438379 0.06279985051150579
0.0572 6374.442995490707 1.000105029622618 1.521752196117865 230.0205293104026 0.06145353386904086
0.0573 6374.474315508254 1.000104627625485 1.521660369317798 229.8169491963475 0.0601310448177362
0.0574 6374.505694356308 1.000104226162449 1.521568516410975 229.612986684 0.05883206741139469
0.0575 6374.53713205295 1.000103825235856 1.521476637442802 229.4086416558233 0.05755628798020577
0.05760000000000001 6374.568628616234 1.000103424848051 1.521384732458508 229.2039139944758 0.0563033951450995
0.0577 6374.60018406419 1.000103025001378 1.521292801503128 228.9988035827636 0.05507307983090089
0.0578 6374.631798414822 1.000102625698179 1.521200844621526 228.7933103036584 0.05386503527937212
0.0579 6374.663471686106 1.000102226940796 1.521108861858398 228.5874340403092 0.05267895706168652
0.058 6374.695203895997 1.000101828731569 1.521016853258252 228.3811746760188 0.051514543090175
0.05810000000000001 6374.726995062423 1.000101431072838 1.520924818865403 228.1745320942495 0.05037149362973077
0.0582 6374.758845203287 1.000101033966941 1.520832758724026 227.9675061786351 0.04924951130872498
0.0583 6374.790754336468 1.000100637416216 1.520740672878081 227.7600968129572 0.04814830112921131
0.0584 6374.822722479819 1.000100241422998 1.520648561371396 227.5523038811747 0.04706757047690701
0.0585 6374.85474965117 1.000099845989624 1.52055642424757 227.3441272673944 0.04600702913034447
0.05860000000000001 6374.886835868327 1.000099451118427 1.520464261550067 227.1355668558766 0.0449663892697076
0.0587 6374.918981149069 1.000099056811742 1.520372073322165 226.9266225310533 0.0439453654852144
0.05880000000000001 6374.951185511152 1.000098663071902 1.52027985960697 226.7172941775101 0.04294367478481524
0.0589 6374.983448972311 1.000098269901237 1.520187620447413 226.5075816799803 0.04196103660145541
0.059 6375.015771550251 1.00009787730208 1.520095355886243 226.2974849233686 0.04099717279997481
0.0591 6375.048153262658 1.00009748527676 1.520003065966053 226.0870037927219 0.04005180768326095
0.0592 6375.080594127193 1.000097093827608 1.519910750729263 225.8761381732464 0.03912466799813018
0.05930000000000001 6375.113094161492 1.000096702956951 1.519818410218119 225.6648879503022 0.03821548294060743
0.0594 6375.145653383169 1.000096312667117 1.519726044474698 225.4532530094028 0.03732398416074528
0.0595 6375.178271809814 1.000095922960434 1.519633653540909 225.24123323621 0.03644990576693424
0.0596 6375.210949458993 1.000095533839227 1.519541237458497 225.0288285165446 0.03559298432980505
0.0597 6375.24368634825 1.000095145305822 1.519448796269037 224.8160387363758 0.034752958885554
0.05980000000000001 6375.276482495105 1.000094757362545 1.519356330013933 224.6028637818143 0.03392957093882207
0.0599 6375.309337917057 1.000094370011718 1.519263838734441 224.3893035391305 0.03312256446519381
0.06 6375.342252631579 1.000093983255664 1.519171322471649 224.1753578947367 0.03233168591309012
0.0601 6375.375226656122 1.000093597096706 1.519078781266465 223.9610267352049 0.03155668420533192
0.0602 6375.408260008116 1.000093211537165 1.51898621515966 223.7463099472487 0.03079731074011171
0.0603 6375.441352704966 1.000092826579363 1.518893624191833 223.5312074177181 0.03005331939155704
0.0604 6375.474504764058 1.000092442225617 1.518801008403427 223.3157190336223 0.02932446650994326
0.06050000000000001 6375.507716202753 1.000092058478248 1.518708367834728 223.0998446821067 0.02861051092129268
0.0606 6375.540987038389 1.000091675339574 1.518615702525859 222.8835842504703 0.02791121392667215
0.0607 6375.574317288285 1.000091292811911 1.518523012516801 222.6669376261483 0.02722633930093244
0.0608 6375.607706969734 1.000090910897576 1.518430297847377 222.4499046967293 0.02655565329112795
0.0609 6375.64115610001 1.000090529598883 1.518337558557252 222.2324853499321 0.02589892461437419
0.06100000000000001 6375.674664696366 1.000090148918147 1.518244794685933 222.0146794736232 0.02525592445540933
0.0611 6375.708232776029 1.000089768857682 1.518152006272802 221.7964869558112 0.02462642646365887
0.0612 6375.741860356207 1.000089389419799 1.518059193357083 221.5779076846524 0.02401020674991831
0.0613 6375.775547454087 1.00008901060681 1.517966355977837 221.3589415484329 0.02340704388255645
0.0614 6375.809294086834 1.000088632421025 1.517873494173996 221.139588435581 0.02281671888339656
0.06150000000000001 6375.843100271591 1.000088254864752 1.517780607984355 220.9198482346609 0.02223901522314355
0.0616 6375.876966025479 1.000087877940299 1.517687697447543 220.6997208343845 0.02167371881646067
0.0617 6375.9108913656 1.000087501649974 1.517594762602073 220.4792061235997 0.0211206180165901
0.0618 6375.944876309034 1.00008712599608 1.517501803486308 220.2583039912787 0.02057950360959006
0.0619 6375.978920872838 1.000086750980923 1.517408820138465 220.037014326553 0.02005016880830497
0.062 6376.013025074051 1.000086376606804 1.517315812596649 219.8153370186668 0.01953240924575482
0.0621 6376.04718892969 1.000086002876025 1.517222780898809 219.5932719570118 0.01902602296835479
0.06220000000000001 6376.081412456751 1.000085629790887 1.517129725082772 219.3708190311157 0.01853081042865213
0.0623 6376.11569567221 1.000085257353686 1.517036645186224 219.1479781306365 0.01804657447771796
0.0624 6376.15003859302 1.00008488556672 1.516943541246738 218.9247491453679 0.01757312035720989
0.0625 6376.184441236118 1.000084514432285 1.516850413301747 218.7011319652337 0.0171102556910577
0.0626 6376.218903618416 1.000084143952672 1.516757261388564 218.4771264802938 0.01665779047682959
0.06270000000000001 6376.253425756809 1.000083774130175 1.516664085544382 218.252732580744 0.01621553707674574
0.06280000000000001 6376.288007668169 1.000083404967084 1.516570885806265 218.0279501568983 0.01578331020832438
0.0629 6376.322649369351 1.000083036465686 1.516477662211155 217.8027790992186 0.01536092693479241
0.063 6376.357350877187 1.000082668628267 1.516384414795882 217.5772192982848 0.01494820665505873
0.0631 6376.39211220849 1.000082301457113 1.516291143597165 217.3512706448131 0.01454497109346244
0.06320000000000001 6376.426933380055 1.000081934954504 1.516197848651587 217.1249330296436 0.01415104428915476
0.06330000000000001 6376.461814408653 1.000081569122722 1.516104529995646 216.8982063437523 0.01376625258521882
0.0634 6376.49675531104 1.000081203964044 1.51601118766571 216.6710904782398 0.01339042461744889
0.0635 6376.531756103947 1.000080839480746 1.515917821698052 216.4435853243421 0.01302339130287728
0.0636 6376.56681680409 1.000080475675101 1.515824432128815 216.2156907734137 0.01266498582796538
0.06370000000000001 6376.601937428164 1.00008011254938 1.515731018994069 215.9874067169334 0.01231504363655381
0.06380000000000001 6376.637117992844 1.000079750105851 1.51563758232976 215.7587330465157 0.01197340241754466
0.0639 6376.672358514784 1.000079388346781 1.51554412217173 215.5296696539052 0.01163990209228681
0.064 6376.707659010622 1.000079027274432 1.515450638555738 215.300216430959 0.01131438480168307
0.0641 6376.743019496973 1.000078666891065 1.515357131517443 215.070373269676 0.01099669489310907
0.06420000000000001 6376.778439990436 1.000078307198938 1.515263601092392 214.8401400621673 0.0106866789069964
0.06430000000000001 6376.81392050759 1.000077948200305 1.515170047316057 214.6095167006623 0.01038418556322362
0.0644 6376.849461064996 1.000077589897417 1.515076470223816 214.3785030775265 0.01008906574728236
0.0645 6376.885061679191 1.000077232292524 1.514982869850963 214.1470990852612 0.009801172496185872
0.0646 6376.920722366697 1.000076875387871 1.514889246232682 213.9153046164682 0.009520360984109423
0.06470000000000001 6376.956443144019 1.0000765191857 1.5147955994041 213.6831195638796 0.009246488507893275
0.0648 6376.992224027637 1.00007616368825 1.514701929400247 213.4505438203572 0.008979414472292771
0.0649 6377.028065034019 1.000075808897756 1.514608236256082 213.2175772788754 0.008719000375001755
0.065 6377.063966179609 1.00007545481645 1.514514520006477 212.9842198325445 0.0084651097915221
0.06510000000000001 6377.099927480834 1.00007510144656 1.514420780686231 212.750471374581 0.008217608359778623
0.06520000000000001 6377.135948954103 1.00007474879031 1.514327018330069 212.5163317983319 0.007976363764604361
0.0653 6377.172030615806 1.000074396849921 1.514233232972644 212.2818009972619 0.007741245722004055
0.0654 6377.208172482315 1.000074045627608 1.514139424648545 212.0468788649545 0.007512125963254555
0.0655 6377.244374569981 1.000073695125586 1.514045593392283 211.8115652951227 0.007288878218846142
0.06560000000000001 6377.280636895139 1.000073345346061 1.513951739238312 211.5758601815982 0.007071378202236273
0.06570000000000001 6377.316959474105 1.000072996291238 1.513857862221017 211.3397634183187 0.006859503593447385
0.0658 6377.353342323177 1.000072647963316 1.513763962374727 211.1032748993524 0.006653134022545143
0.0659 6377.389785458633 1.00007230036449 1.51367003973371 210.8663945188854 0.006452151052938016
0.066 6377.426288896734 1.000071953496951 1.513576094332181 210.629122171228 0.006256438164553344
0.06610000000000001 6377.462852653723 1.000071607362884 1.513482126204292 210.3914577508029 0.0060658807368654
0.06620000000000001 6377.499476745823 1.000071261964471 1.513388135384145 210.1534011521511 0.005880366031811224
0.0663 6377.53616118924 1.000070917303886 1.513294121905803 209.9149522699375 0.005699783176584508
0.0664 6377.572906000163 1.000070573383302 1.513200085803268 209.6761109989396 0.005524023146300579
0.0665 6377.609711194762 1.000070230204883 1.513106027110499 209.4368772340471 0.005352978746562046
0.06660000000000001 6377.646576789187 1.000069887770791 1.51301194586141 209.1972508702855 0.005186544595937388
0.06670000000000001 6377.683502799571 1.000069546083179 1.512917842089896 208.9572318027871 0.005024617108303981
0.0668 6377.72048924203 1.000069205144197 1.512823715829769 208.716819926802 0.004867094475130118
0.0669 6377.757536132662 1.00006886495599 1.512729567114846 208.4760151376989 0.00471387664766258
0.067 6377.794643487545 1.000068525520694 1.512635395978885 208.2348173309587 0.004564865319031068
0.06710000000000001 6377.831811322741 1.000068186840443 1.512541202455613 207.9932264021862 0.0044199639062899
0.06720000000000001 6377.869039654292 1.000067848917361 1.512446986578748 207.751242247099 0.00427907753237671
0.0673 6377.906328498226 1.00006751175357 1.512352748381947 207.5088647615324 0.004142113008020019
0.0674 6377.943677870548 1.000067175351182 1.51225848789887 207.2660938414405 0.00400897881358624
0.0675 6377.981087787249 1.000066839712305 1.512164205163123 207.0229293828833 0.003879585080869506
0.06760000000000001 6378.0185582643 1.000066504839039 1.512069900208324 206.7793712820511 0.00375384357485511
0.06770000000000001 6378.056089317654 1.000066170733479 1.51197557306805 206.5354194352466 0.003631667675420489
0.0678 6378.093680963249 1.000065837397712 1.511881223775857 206.2910737388787 0.003512972359009015
0.0679 6378.131333217003 1.000065504833817 1.511786852365307 206.0463340894806 0.003397674180286273
0.068 6378.169046094813 1.00006517304387 1.511692458869929 205.8012003837156 0.003285691253765845
0.06810000000000001 6378.206819612564 1.000064842029935 1.511598043323248 205.5556725183354 0.003176943235395783
0.0682 6378.244653786121 1.000064511794072 1.511503605758778 205.3097503902162 0.00307135130416786
0.0683 6378.28254863133 1.000064182338332 1.511409146210034 205.0634338963581 0.002968838143701655
0.0684 6378.320504164019 1.000063853664759 1.511314664710507 204.8167229338795 0.002869327923823669
0.06850000000000001 6378.3585204 1.000063525775389 1.511220161293711 204.5696173999994 0.002772746282144783
0.06860000000000001 6378.396597355067 1.000063198672251 1.511125635993146 204.3221171920667 0.002679020305664164
0.0687 6378.434735044994 1.000062872357365 1.51103108884231 204.0742222075368 0.00258807851236422
0.0688 6378.472933485541 1.000062546832744 1.510936519874707 203.8259323439833 0.002499850832837054
0.0689 6378.511192692446 1.000062222100392 1.510841929123862 203.577247499098 0.002414268591928205
0.06900000000000001 6378.549512681433 1.000061898162304 1.510747316623271 203.3281675706852 0.002331264490405474
0.06910000000000001 6378.587893468206 1.000061575020469 1.510652682406482 203.0786924566613 0.002250772586661664
0.0692 6378.62633506845 1.000061252676864 1.510558026507035 202.8288220550729 0.002172728278459069
0.0693 6378.664837497835 1.000060931133461 1.510463348958471 202.578556264073 0.002097068284701387
0.0694 6378.703400772012 1.00006061039222 1.510368649794377 202.3278949819208 0.002023730627259311
0.06950000000000001 6378.742024906614 1.000060290455093 1.510273929048331 202.076838107006 0.001952654612852359
0.06960000000000001 6378.780709917258 1.000059971324023 1.510179186753944 201.8253855378242 0.001883780814970772
0.0697 6378.819455819538 1.000059653000945 1.510084422944842 201.5735371730015 0.001817051055869425
