0 6365.5 1.000285908287451 1.569050997542902 288.15 2.898793821378853
0.0001 6365.501142818167 1.000285872789901 1.568970329719529 288.1425716819148 2.897407513751951
0.0002 6365.502336985834 1.000285835702213 1.568889677733144 288.1348095920815 2.895959538249418
0.0003 6365.503582492964 1.000285797025336 1.56880903997373 288.126713795736 2.894449988804349
0.0004 6365.504879330547 1.000285756760217 1.568728415007966 288.1182843514456 2.892878961546075
0.0005 6365.506227490488 1.0002857149078 1.568647801551399 288.1095213118305 2.891246554928467
0.0006000000000000001 6365.50762696551 1.000285671469029 1.568567198447927 288.1004247241843 2.889552869839192
0.0007 6365.509077749076 1.000285626444855 1.568486604650133 288.0909946310065 2.887798009692147
0.0008 6365.510579835316 1.000285579836234 1.568406019206398 288.0812310704454 2.885982080503078
0.0009000000000000001 6365.512133218967 1.00028553164413 1.568325441247177 288.0711340767119 2.884105190959404
0.001 6365.513737895325 1.000285481869517 1.56824486997488 288.0607036803875 2.882167452469965
0.0011 6365.51539386019 1.000285430513379 1.56816430465524 288.0499399087665 2.880168979221087
0.0012 6365.517101109835 1.000285377576714 1.568083744609778 288.0388427860693 2.878109888208185
0.0013 6365.518859640968 1.000285323060533 1.568003189208972 288.027412333708 2.875990299276995
0.0014 6365.520669450695 1.00028526696586 1.567922637867126 288.0156485704819 2.873810335151356
0.0015 6365.522530536501 1.000285209293735 1.56784209003747 288.0035515127428 2.871570121455238
0.0016 6365.524442896221 1.000285150045216 1.567761545207945 287.9911211745665 2.869269786735621
0.0017 6365.526406528013 1.000285089221373 1.567681002897883 287.9783575679184 2.866909462483993
0.0018 6365.528421430347 1.000285026823298 1.567600462654672 287.9652607027418 2.864489283143371
0.0019 6365.530487601985 1.000284962852097 1.567519924050678 287.9518305871005 2.86200938612491
0.002 6365.532605041957 1.000284897308896 1.567439386681404 287.9380672272786 2.859469911816609
0.0021 6365.534773749557 1.00028483019484 1.567358850163229 287.9239706278812 2.856871003591743
0.0022 6365.536993724323 1.000284761511092 1.567278314130956 287.9095407918998 2.854212807810525
0.0023 6365.539264966028 1.000284691258834 1.567197778237012 287.8947777208181 2.851495473829123
0.0024 6365.54158747467 1.000284619439268 1.56711724214925 287.879681414648 2.848719153995381
0.0025 6365.543961250457 1.000284546053616 1.567036705549796 287.8642518720297 2.845884003656249
0.0026 6365.546386293804 1.00028447110312 1.566956168134132 287.8484890902736 2.842990181154091
0.0027 6365.54886260532 1.000284394589042 1.56687562960967 287.8323930654186 2.840037847826017
0.0028 6365.551390185803 1.000284316512666 1.566795089694965 287.8159637922803 2.837027168000794
0.0029 6365.553969036231 1.000284236875294 1.566714548118862 287.7992012644976 2.833958308995521
0.003 6365.556599157759 1.000284155678252 1.566634004619557 287.7821054745685 2.8308314411099
0.0031 6365.559280551707 1.000284072922884 1.566553458944155 287.7646764139034 2.827646737623508
0.0032 6365.562013219562 1.000283988610557 1.566472910847658 287.7469140728484 2.824404374787427
0.0033 6365.564797162964 1.00028390274266 1.566392360092978 287.7288184407329 2.821104531819961
0.0034 6365.567632383711 1.000283815320601 1.566311806449462 287.7103895058812 2.817747390895639
0.0035 6365.570518883746 1.000283726345811 1.566231249693514 287.691627255654 2.81433313713939
0.0036 6365.573456665157 1.000283635819743 1.566150689607271 287.6725316764781 2.810861958618314
0.0037 6365.576445730174 1.00028354374387 1.566070125978722 287.6531027538698 2.807334046332147
0.0038 6365.579486081163 1.000283450119687 1.565989558601016 287.6333404724409 2.803749594200294
0.0039 6365.582577720624 1.000283354948712 1.565908987272378 287.6132448159459 2.800108799056128
0.004 6365.585720651186 1.000283258232485 1.565828411795605 287.5928157672942 2.796411860634632
0.0041 6365.588914875606 1.000283159972565 1.565747831977865 287.5720533085613 2.792658981559824
0.004200000000000001 6365.592160396767 1.000283060170537 1.565667247630476 287.5509574210131 2.788850367334085
0.0043 6365.595457217673 1.000282958828004 1.565586658568658 287.5295280851232 2.784986226326212
0.0044 6365.598805341448 1.000282855946594 1.565506064611107 287.5077652805847 2.781066769758172
0.004500000000000001 6365.602204771332 1.000282751527954 1.56542546558007 287.4856689863403 2.777092211694828
0.0046 6365.605655510682 1.000282645573756 1.565344861301038 287.4632391805698 2.773062769026006
0.0047 6365.609157562965 1.000282538085692 1.565264251602417 287.4404758407258 2.768978661456851
0.0048 6365.612710931763 1.000282429065477 1.565183636315713 287.4173789435398 2.764840111492645
0.0049 6365.616315620765 1.000282318514846 1.56510301527504 287.3939484650281 2.760647344423424
0.005 6365.619971633768 1.00028220643556 1.56502238831706 287.3701843805092 2.756400588310497
0.0051 6365.623678974674 1.000282092829398 1.564941755281066 287.3460866646159 2.752100073971688
0.005200000000000001 6365.627437647493 1.000281977698162 1.564861116008607 287.3216552912953 2.747746034964269
0.0053 6365.631247656332 1.000281861043678 1.564780470343447 287.2968902338442 2.743338707573993
0.0054 6365.635109005402 1.000281742867791 1.564699818131437 287.2717914648855 2.738878330793395
0.005500000000000001 6365.639021699016 1.00028162317237 1.564619159220505 287.2463589563976 2.734365146309363
0.0056 6365.642985741582 1.000281501959306 1.564538493460564 287.2205926797145 2.729799398485243
0.0057 6365.64700113761 1.00028137923051 1.564457820703241 287.194492605532 2.725181334343794
0.0058 6365.651067891703 1.000281254987917 1.564377140802003 287.1680587039308 2.72051120355308
0.0059 6365.655186008559 1.000281129233481 1.564296453612003 287.1412909443651 2.715789258405879
0.006 6365.659355492973 1.000281001969183 1.564215758989949 287.1141892956742 2.711015753803093
0.0061 6365.66357634983 1.00028087319702 1.564135056794109 287.0867537261064 2.706190947239016
0.006200000000000001 6365.667848584108 1.000280742919013 1.56405434688432 287.0589842032949 2.701315098778097
0.0063 6365.67217220088 1.000280611137207 1.563973629121734 287.030880694282 2.696388471039833
0.0064 6365.676547205303 1.000280477853665 1.5638929033689 287.0024431655305 2.691411329181371
0.006500000000000001 6365.680973602627 1.000280343070474 1.563812169489706 286.9736715829239 2.686383940877851
0.0066 6365.685451398192 1.000280206789741 1.563731427349301 286.9445659117545 2.6813065763005
0.0067 6365.689980597421 1.000280069013597 1.563650676814023 286.9151261167648 2.676179508103833
0.0068 6365.694561205829 1.000279929744192 1.563569917751371 286.8853521621121 2.671003011399248
0.006900000000000001 6365.699193229015 1.000279788983699 1.563489150029998 286.8552440114039 2.665777363740812
0.007 6365.703876672664 1.000279646734311 1.563408373519695 286.824801627686 2.660502845102627
0.0071 6365.708611542545 1.000279502998244 1.563327588091335 286.7940249734605 2.655179737861137
0.007200000000000001 6365.713397844512 1.000279357777734 1.563246793616665 286.7629140106736 2.649808326772151
0.0073 6365.718235584503 1.00027921107504 1.563165989968553 286.7314687007337 2.64438889895279
0.0074 6365.723124768538 1.00027906289244 1.563085177020732 286.6996890045051 2.638921743859182
0.007500000000000001 6365.728065402719 1.000278913232234 1.563004354648039 286.6675748823262 2.633407153268043
0.0076 6365.733057493231 1.000278762096745 1.56292352272598 286.6351262939974 2.627845421253012
0.0077 6365.73810104634 1.000278609488314 1.562842681131129 286.6023431987868 2.622236844163861
0.007800000000000001 6365.743196068392 1.000278455409304 1.562761829740829 286.5692255554544 2.616581720608567
0.007900000000000001 6365.748342565812 1.000278299862102 1.56268096843321 286.5357733222221 2.610880351426111
0.008 6365.753540545106 1.00027814284911 1.562600097087363 286.5019864568093 2.605133039670234
0.0081 6365.75879001286 1.000277984372757 1.562519215582969 286.4678649164092 2.599340090582925
0.008200000000000001 6365.764090975736 1.000277824435488 1.562438323800595 286.4334086577186 2.59350181157682
0.0083 6365.769443440475 1.000277663039771 1.562357421621616 286.3986176369139 2.587618512208389
0.008400000000000001 6365.774847413895 1.000277500188094 1.562276508927961 286.3634918096808 2.581690504159993
0.008500000000000001 6365.780302902895 1.000277335882967 1.562195585602392 286.328031131185 2.575718101211785
0.0086 6365.785809914443 1.000277170126919 1.562114651528342 286.292235556119 2.569701619226413
0.008700000000000001 6365.791368455591 1.000277002922498 1.562033706589935 286.2561050386611 2.563641376118638
0.008800000000000001 6365.796978533462 1.000276834272277 1.561952750671932 286.2196395324989 2.55753769183575
0.0089 6365.802640155256 1.000276664178844 1.561871783659739 286.1828389908354 2.55139088833484
0.009000000000000001 6365.808353328248 1.000276492644811 1.561790805439517 286.1457033663886 2.545201289558926
0.0091 6365.814118059787 1.000276319672808 1.561709815897916 286.1082326113859 2.538969221411966
0.0092 6365.819934357295 1.000276145265487 1.561628814922249 286.0704266775818 2.53269501173765
0.009300000000000001 6365.825802228271 1.000275969425519 1.561547802400416 286.0322855162402 2.526378990292165
0.0094 6365.831721680283 1.000275792155594 1.561466778221035 285.9938090781578 2.520021488723681
0.0095 6365.837692720977 1.000275613458424 1.561385742273073 285.9549973136467 2.513622840544847
0.009600000000000001 6365.843715358068 1.000275433336738 1.561304694446305 285.9158501725577 2.507183381111989
0.0097 6365.849789599342 1.000275251793288 1.561223634630929 285.8763676042748 2.500703447599278
0.0098 6365.855915452662 1.000275068830844 1.561142562717765 285.8365495576971 2.494183378970857
0.009900000000000001 6365.862092925957 1.000274884452194 1.561061478598137 285.7963959812804 2.487623515962524
0.01 6365.868322027231 1.00027469866015 1.560980382163949 285.7559068229956 2.481024201049722
0.0101 6365.874602764557 1.000274511457537 1.560899273307659 285.7150820303763 2.474385778429912
0.0102 6365.88093514608 1.000274322847206 1.560818151922134 285.6739215504771 2.467708593990342
0.0103 6365.887319180014 1.000274132832023 1.560737017900884 285.6324253299093 2.460992995288217
0.0104 6365.893754874643 1.000273941414874 1.560655871137899 285.5905933148232 2.454239331522101
0.0105 6365.900242238318 1.000273748598665 1.560574711527658 285.5484254509314 2.447447953509889
0.0106 6365.906781279465 1.000273554386321 1.560493538965118 285.5059216834796 2.440619213658086
0.0107 6365.913372006574 1.000273358780785 1.560412353345795 285.4630819572702 2.433753465939556
0.0108 6365.920014428206 1.000273161785019 1.560331154565639 285.4199062166621 2.426851065867337
0.0109 6365.926708552988 1.000272963402005 1.560249942521111 285.3763944055767 2.419912370469289
0.011 6365.933454389618 1.000272763634742 1.560168717109164 285.3325464674862 2.412937738259807
0.0111 6365.940251946859 1.000272562486249 1.560087478227198 285.2883623454194 2.405927529214275
0.0112 6365.947101233542 1.000272359959562 1.560006225773101 285.2438419819795 2.398882104745268
0.0113 6365.954002258566 1.000272156057738 1.559924959645176 285.1989853193203 2.391801827672102
0.0114 6365.960955030896 1.00027195078385 1.559843679742328 285.153792299176 2.384687062198702
0.0115 6365.967959559563 1.00027174414099 1.559762385963799 285.1082628628373 2.377538173882967
0.0116 6365.975015853666 1.000271536132268 1.559681078209249 285.0623969511693 2.370355529612574
0.0117 6365.982123922367 1.000271326760813 1.559599756378932 285.0161945046115 2.363139497577886
0.0118 6365.989283774897 1.000271116029771 1.559518420373466 284.9696554631718 2.355890447243846
0.0119 6365.996495420548 1.000270903942306 1.5594370700939 284.9227797664383 2.348608749324565
0.012 6366.003758868682 1.0002706905016 1.559355705441779 284.8755673535678 2.341294775754131
0.0121 6366.011074128721 1.000270475710854 1.559274326319119 284.8280181633148 2.333948899663759
0.0122 6366.018441210154 1.000270259573284 1.559192932628205 284.7801321339965 2.326571495348785
0.0123 6366.025860122536 1.000270042092126 1.559111524271949 284.7319092035162 2.319162938244735
0.0124 6366.033330875483 1.000269823270632 1.559030101153593 284.6833493093635 2.311723604899656
0.0125 6366.040853478675 1.000269603112071 1.558948663176861 284.634452388614 2.304253872946373
0.0126 6366.048427941855 1.000269381619733 1.558867210245846 284.5852183779415 2.296754121076471
0.0127 6366.056054274831 1.000269158796919 1.558785742265143 284.5356472135999 2.289224729009705
0.0128 6366.063732487472 1.000268934646952 1.558704259139717 284.4857388314293 2.281666077466963
0.0129 6366.071462589712 1.00026870917317 1.55862276077498 284.4354931668739 2.274078548144942
0.013 6366.079244591543 1.000268482378929 1.558541247076737 284.3849101549698 2.266462523686266
0.0131 6366.087078503024 1.000268254267601 1.558459717951246 284.3339897303453 2.258818387651361
0.0132 6366.094964334271 1.000268024842573 1.558378173305216 284.2827318272383 2.251146524492917
0.0133 6366.102902095467 1.000267794107253 1.558296613045669 284.2311363794673 2.243447319523216
0.0134 6366.11089179685 1.000267562065062 1.558215037080102 284.1792033204782 2.235721158892891
0.0135 6366.118933448723 1.000267328719437 1.55813344531648 284.1269325833031 2.22796842955639
0.0136 6366.12702706145 1.000267094073834 1.558051837663079 284.0743241005779 2.220189519246234
0.0137 6366.135172645453 1.000266858131724 1.557970214028642 284.0213778045544 2.21238481644631
0.0138 6366.143370211216 1.000266620896593 1.557888574322374 283.9680936270942 2.204554710362496
0.0139 6366.151619769283 1.000266382371945 1.557806918453786 283.9144714996627 2.196699590893257
0.014 6366.159921330255 1.000266142561299 1.557725246332842 283.8605113533412 2.188819848602815
0.0141 6366.168274904796 1.000265901468189 1.557643557869953 283.8062131188266 2.180915874692533
0.0142 6366.176680503627 1.000265659096166 1.557561852975864 283.7515767264257 2.172988060971413
0.0143 6366.185138137528 1.000265415448796 1.557480131561805 283.696602106067 2.165036799829142
0.0144 6366.193647817339 1.000265170529661 1.557398393539376 283.6412891872945 2.157062484206532
0.0145 6366.202209553958 1.000264924342357 1.557316638820529 283.5856378992743 2.149065507567642
0.0146 6366.210823358339 1.000264676890497 1.557234867317739 283.5296481707936 2.141046263871026
0.0147 6366.219489241496 1.000264428177709 1.557153078943769 283.4733199302735 2.133005147542641
0.0148 6366.228207214501 1.000264178207636 1.557071273611882 283.4166531057448 2.124942553443677
0.0149 6366.236977288482 1.000263926983934 1.556989451235655 283.3596476248657 2.116858876844291
0.015 6366.245799474625 1.000263674510277 1.556907611729122 283.30230341494 2.10875451339728
0.0151 6366.254673784171 1.000263420790352 1.556825755006713 283.2446204028869 2.100629859105057
0.0152 6366.263600228421 1.000263165827861 1.556743880983234 283.1865985152652 2.092485310294143
0.0153 6366.27257881873 1.000262909626521 1.556661989573949 283.1282376782555 2.084321263583829
0.0154 6366.281609566509 1.000262652190063 1.556580080694459 283.0695378176891 2.076138115861455
0.0155 6366.290692483226 1.000262393522232 1.556498154260817 283.0104988590314 2.067936264251055
0.0156 6366.299827580402 1.000262133626789 1.55641621018944 282.9511207273866 2.059716106085326
0.0157 6366.309014869616 1.000261872507508 1.556334248397159 282.8914033474929 2.051478038875949
0.0158 6366.318254362503 1.000261610168176 1.556252268801213 282.8313466437274 2.043222460285576
0.0159 6366.327546070751 1.000261346612595 1.556170271319247 282.7709505401189 2.034949768100602
0.016 6366.336890006102 1.000261081844583 1.556088255869239 282.7102149603351 2.026660360200708
0.0161 6366.346286180354 1.000260815867966 1.556006222369677 282.6491398277011 2.018354634532464
0.0162 6366.355734605357 1.000260548686591 1.555924170739371 282.5877250651814 2.010032989078104
0.0163 6366.365235293016 1.000260280304312 1.555842100897553 282.5259705953976 2.001695821829148
0.0164 6366.374788255291 1.000260010725001 1.55576001276386 282.4638763406105 1.993343530755243
0.0165 6366.384393504192 1.00025973995254 1.555677906258317 282.40144222275 1.984976513779406
0.0166 6366.394051051787 1.000259467990827 1.555595781301337 282.3386681633855 1.97659516874533
0.0167 6366.403760910191 1.000259194843772 1.555513637813777 282.275554083761 1.968199893393449
0.0168 6366.413523091575 1.000258920515296 1.55543147571685 282.2120999047601 1.959791085327535
0.0169 6366.423337608164 1.000258645009336 1.555349294932183 282.1483055469351 1.951369141990027
0.017 6366.43320447223 1.00025836832984 1.555267095381811 282.0841709305076 1.942934460633414
0.0171 6366.443123696101 1.00025809048077 1.555184876988159 282.0196959753442 1.934487438288581
0.0172 6366.453095292156 1.000257811466099 1.555102639673998 281.9548806009865 1.926028471740189
0.0173 6366.463119272823 1.000257531289813 1.555020383362639 281.8897247266508 1.917557957498191
0.0174 6366.473195650583 1.00025724995591 1.554938107977657 281.8242282712107 1.909076291767095
0.0175 6366.483324437967 1.000256967468401 1.554855813443091 281.7583911532146 1.900583870419907
0.0176 6366.493505647557 1.000256683831309 1.554773499683358 281.6922132908797 1.89208108896904
0.0177 6366.503739291986 1.000256399048669 1.554691166623279 281.6256946020925 1.88356834253805
0.0178 6366.514025383936 1.000256113124526 1.554608814188063 281.5588350044139 1.875046025834195
0.0179 6366.524363936139 1.000255826062941 1.554526442303364 281.4916344150978 1.866514533122522
0.018 6366.534754961377 1.000255537867981 1.5544440508952 281.424092751049 1.85797425819252
0.0181 6366.54519847248 1.00025524854373 1.554361639889954 281.3562099288769 1.849425594336841
0.0182 6366.555694482329 1.000254958094279 1.554279209214498 281.2879858648597 1.840868934318842
0.0183 6366.566243003853 1.000254666523735 1.554196758796002 281.2194204749566 1.832304670346194
0.0184 6366.576844050028 1.000254373836211 1.554114288562126 281.1505136748191 1.823733194044532
0.0185 6366.587497633882 1.000254080035835 1.554031798440874 281.0812653797678 1.815154896426769
0.0186 6366.598203768487 1.000253785126744 1.553949288360692 281.0116755048338 1.806570167870558
0.0187 6366.608962466965 1.000253489113086 1.55386675825039 280.9417439647285 1.797979398087018
0.0188 6366.619773742484 1.000253191999022 1.553784208039179 280.8714706738564 1.789382976094692
0.0189 6366.630637608261 1.000252893788721 1.553701637656684 280.8008555463024 1.780781290190672
0.019 6366.64155407756 1.000252594486363 1.553619047032966 280.7298984958619 1.772174727926869
0.0191 6366.652523163691 1.000252294096139 1.553536436098421 280.6585994360111 1.763563676079156
0.0192 6366.66354488001 1.000251992622251 1.553453804783886 280.5869582799363 1.754948520623791
0.0193 6366.67461923992 1.000251690068909 1.553371153020578 280.5149749405226 1.746329646708903
0.0194 6366.685746256871 1.000251386440336 1.553288480740149 280.4426493303416 1.737707438626119
0.0195 6366.696925944356 1.000251081740762 1.553205787874608 280.3699813616871 1.72908227978792
0.0196 6366.708158315917 1.000250775974429 1.553123074356409 280.2969709465395 1.720454552696644
0.0197 6366.719443385139 1.000250469145589 1.55304034011838 280.2236179965956 1.711824638921327
0.0198 6366.730781165653 1.000250161258501 1.552957585093724 280.1499224232565 1.703192919069731
0.0199 6366.742171671133 1.000249852317435 1.552874809216134 280.0758841376336 1.694559772762588
0.02 6366.7536149153 1.000249542326672 1.552792012419632 280.0015030505486 1.685925578607251
0.0201 6366.765110911918 1.000249231290501 1.552709194638642 279.9267790725338 1.677290714171464
0.0202 6366.776659674794 1.000248919213218 1.552626355808017 279.8517121138374 1.668655555957934
0.0203 6366.788261217781 1.000248606099132 1.552543495863035 279.7763020844239 1.660020479378325
0.0204 6366.799915554773 1.000248291952558 1.552460614739298 279.7005488939743 1.651385858727386
0.0205 6366.811622699711 1.000247976777821 1.552377712372871 279.6244524518796 1.642752067156523
0.0206 6366.823382666575 1.000247660579255 1.552294788700211 279.548012667265 1.63411947665087
0.0207 6366.835195469388 1.000247343361202 1.552211843658175 279.4712294489776 1.625488458002418
0.0208 6366.847061122219 1.000247025128013 1.552128877184007 279.3941027055752 1.616859380783332
0.0209 6366.858979639176 1.000246705884046 1.552045889215385 279.3166323453551 1.608232613324033
0.021 6366.870951034411 1.000246385633669 1.55196287969038 279.238818276331 1.59960852268544
0.0211 6366.882975322115 1.000246064381258 1.551879848547424 279.1606604062507 1.59098747463599
0.0212 6366.895052516525 1.000245742131196 1.551796795725391 279.0821586425899 1.582369833626151
0.0213 6366.907182631913 1.000245418887874 1.55171372116356 279.0033128925642 1.573755962765034
0.0214 6366.919365682598 1.000245094655691 1.551630624801629 278.9241230631113 1.565146223793906
0.0215 6366.931601682936 1.000244769439055 1.551547506579627 278.8445890609149 1.556540977064389
0.0216 6366.943890647325 1.000244443242381 1.551464366438048 278.7647107923866 1.547940581512277
0.0217 6366.956232590203 1.000244116070089 1.551381204317772 278.6844881636779 1.539345394634736
0.0218 6366.968627526047 1.000243787926609 1.551298020160093 278.603921080692 1.530755772467616
0.0219 6366.981075469375 1.000243458816379 1.551214813906658 278.5230094490602 1.522172069559143
0.022 6366.993576434744 1.000243128743841 1.551131585499603 278.4417531741655 1.51359463894881
0.0221 6367.006130436749 1.000242797713446 1.551048334881374 278.3601521611307 1.505023832142663
0.0222 6367.018737490027 1.000242465729652 1.550965061994904 278.2782063148246 1.496459999090625
0.0223 6367.03139760925 1.000242132796923 1.550881766783428 278.1959155398735 1.487903488164588
0.0224 6367.044110809131 1.000241798919731 1.550798449190695 278.1132797406493 1.4793546461342
0.0225 6367.05687710442 1.000241464102553 1.55071510916077 278.0302988212701 1.470813818144074
0.0226 6367.069696509905 1.000241128349872 1.550631746638164 277.9469726856172 1.462281347692989
0.0227 6367.082569040413 1.000240791666181 1.55054836156777 277.8633012373178 1.453757576609602
0.0228 6367.095494710807 1.000240454055974 1.550464953894891 277.7792843797569 1.445242845031388
0.0229 6367.108473535986 1.000240115523755 1.550381523565227 277.6949220160885 1.436737491383725
0.023 6367.12150553089 1.000239776074033 1.550298070524891 277.6102140492129 1.428241852355576
0.0231 6367.134590710492 1.000239435711322 1.550214594720374 277.5251603817995 1.419756262880141
0.0232 6367.147729089803 1.000239094440143 1.550131096098611 277.4397609162814 1.411281056112689
0.0233 6367.160920683868 1.000238752265022 1.55004757460687 277.3540155548552 1.402816563409193
0.0234 6367.174165507773 1.000238409190491 1.549964030192878 277.267924199475 1.394363114304571
0.0235 6367.187463576633 1.000238065221086 1.549880462804733 277.1814867518823 1.385921036494596
0.0236 6367.200814905604 1.00023772036135 1.549796872390965 277.094703113576 1.377490655812182
0.0237 6367.214219509874 1.000237374615831 1.549713258900455 277.0075731858186 1.369072296207386
0.0238 6367.227677404666 1.000237027989081 1.54962962228251 276.9200968696717 1.36066627973041
0.0239 6367.24118860524 1.000236680485659 1.54954596248687 276.8322740659427 1.352272926506263
0.024 6367.254753126888 1.000236332110127 1.549462279463597 276.7441046752259 1.343892554718739
0.0241 6367.268370984937 1.000235982867052 1.549378573163239 276.6555885979091 1.335525480591147
0.0242 6367.282042194749 1.000235632761006 1.549294843536663 276.5667257341314 1.32717201836278
0.0243 6367.295766771717 1.000235281796567 1.549211090535189 276.4775159838372 1.318832480274559
0.0244 6367.30954473127 1.000234929978316 1.549127314110499 276.3879592467459 1.310507176547034
0.0245 6367.323376088869 1.000234577310837 1.549043514214711 276.2980554223526 1.302196415361428
0.0246 6367.337260860008 1.000234223798721 1.548959690800311 276.2078044099511 1.29390050284306
0.0247 6367.351199060213 1.000233869446561 1.548875843820195 276.1172061086166 1.285619743041139
0.0248 6367.365190705043 1.000233514258956 1.548791973227635 276.0262604172175 1.277354437911516
0.0249 6367.379235810092 1.000233158240508 1.548708078976339 275.9349672344032 1.269104887297483
0.025 6367.39333439098 1.000232801395821 1.548624161020367 275.8433264586282 1.260871388914015
0.0251 6367.407486463363 1.000232443729505 1.548540219314209 275.7513379881401 1.252654238329004
0.0252 6367.421692042928 1.000232085246174 1.54845625381272 275.6590017209677 1.244453728944755
0.0253 6367.435951145391 1.000231725950443 1.548372264471184 275.5663175549565 1.236270151983905
0.0254 6367.450263786501 1.000231365846933 1.548288251245249 275.4732853877452 1.2281037964703
0.0255 6367.464629982037 1.000231004940266 1.548204214090977 275.3799051167597 1.219954949211709
0.0256 6367.479049747808 1.000230643235068 1.548120152964818 275.2861766392483 1.211823894786376
0.0257 6367.493523099654 1.00023028073597 1.548036067823594 275.1920998522468 1.203710915523589
0.0258 6367.508050053444 1.000229917447603 1.547951958624567 275.0976746526134 1.195616291490671
0.0259 6367.522630625077 1.000229553374602 1.547867825325334 275.0029009369995 1.187540300474562
0.026 6367.537264830483 1.000229188521605 1.54778366788393 274.9077786018614 1.179483217967235
0.0261 6367.551952685618 1.000228822893253 1.547699486258771 274.8123075434841 1.171445317152304
0.0262 6367.566694206469 1.00022845649419 1.547615280408617 274.7164876579512 1.163426868887365
0.0263 6367.581489409053 1.00022808932906 1.547531050292682 274.6203188411577 1.155428141690107
0.0264 6367.596338309412 1.00022772140251 1.547446795870545 274.5238009888207 1.147449401724621
0.0265 6367.611240923619 1.000227352719192 1.547362517102179 274.4269339964743 1.13949091278648
0.0266 6367.626197267774 1.000226983283758 1.547278213947915 274.3297177594694 1.131552936288561
0.0267 6367.641207358004 1.000226613100862 1.547193886368516 274.2321521729735 1.123635731247112
0.0268 6367.656271210464 1.00022624217516 1.547109534325097 274.1342371319828 1.115739554269031
0.0269 6367.671388841338 1.00022587051131 1.547025157779196 274.0359725313041 1.107864659536989
0.027 6367.686560266834 1.000225498113972 1.546940756692675 273.9373582655788 1.100011298798154
0.0271 6367.701785503188 1.000225124987808 1.546856331027864 273.838394229277 1.09217972135076
0.0272 6367.717064566663 1.00022475113748 1.546771880747408 273.7390803166912 1.084370174030957
0.0273 6367.732397473548 1.000224376567652 1.546687405814375 273.6394164219367 1.07658290120039
0.0274 6367.747784240158 1.000224001282992 1.54660290619219 273.5394024389751 1.068818144735869
0.0275 6367.763224882834 1.000223625288164 1.546518381844679 273.4390382615787 1.061076144014684
0.0276 6367.778719417943 1.000223248587839 1.546433832736059 273.3383237833722 1.053357135906155
0.0277 6367.794267861875 1.000222871186684 1.546349258830898 273.2372588978145 1.045661354758835
0.0278 6367.809870231046 1.00022249308937 1.546264660094155 273.1358434981993 1.037989032389366
0.0279 6367.825526541899 1.000222114300568 1.546180036491195 273.0340774776545 1.030340398071599
0.028 6367.841236810899 1.00022173482495 1.546095387987727 272.9319607291544 1.022715678526859
0.0281 6367.857001054537 1.000221354667188 1.546010714549855 272.8294931455079 1.015115097912692
0.0282 6367.872819289328 1.000220973831955 1.545926016144049 272.7266746193699 1.00753887781365
0.0283 6367.888691531808 1.000220592323924 1.545841292737198 272.6235050432477 0.9999872372318822
0.0284 6367.904617798541 1.00022021014777 1.545756544296481 272.5199843094832 0.992460392576258
0.0285 6367.920598106111 1.000219827308167 1.545671770789541 272.4161123102762 0.9849585576547937
0.0286 6367.936632471128 1.000219443809788 1.545586972184345 272.3118889376668 0.9774819436643226
0.0287 6367.952720910223 1.000219059657309 1.545502148449245 272.2073140835536 0.9700307591830044
0.0288 6367.968863440048 1.000218674855404 1.545417299552965 272.102387639687 0.9626052101613892
0.0289 6367.985060077282 1.000218289408746 1.545332425464623 271.9971094976639 0.9552054999137718
0.029 6368.001310838624 1.000217903322012 1.545247526153648 271.8914795489453 0.9478318291114796
0.0291 6368.017615740792 1.000217516599873 1.545162601589905 271.7854976848502 0.9404843957747531
0.0292 6368.033974800532 1.000217129247005 1.545077651743605 271.6791637965438 0.9331633952645094
0.0293 6368.050388034605 1.00021674126808 1.544992676585306 271.5724777750673 0.9258690202772378
0.0294 6368.066855459799 1.000216352667771 1.544907676085948 271.4654395113083 0.9186014608360851
0.0295 6368.083377092918 1.000215963450749 1.544822650216858 271.3580488960359 0.9113609042866709
0.0296 6368.09995295079 1.000215573621688 1.544737598949693 271.2503058198657 0.9041475352883492
0.0297 6368.116583050263 1.000215183185255 1.544652522256502 271.1422101732891 0.8969615358101529
0.0298 6368.133267408207 1.000214792146123 1.544567420109661 271.0337618466555 0.8898030851238242
0.0299 6368.150006041508 1.000214400508959 1.54448229248195 270.9249607301962 0.8826723597998756
0.03 6368.166798967076 1.000214008278432 1.544397139346499 270.8158067140065 0.8755695337011803
0.0301 6368.183646201837 1.000213615459207 1.54431196067678 270.7062996880576 0.8684947779787953
0.0302 6368.200547762741 1.00021322205595 1.544226756446647 270.5964395421846 0.8614482610665189
0.0303 6368.217503666752 1.000212828073326 1.544141526630285 270.4862261661104 0.8544301486780133
0.0304 6368.234513930858 1.000212433515996 1.544056271202259 270.375659449422 0.847440603801161
0.0305 6368.251578572062 1.000212038388623 1.543970990137501 270.2647392815996 0.8404797866960965
0.0306 6368.268697607387 1.000211642695867 1.543885683411248 270.1534655519821 0.8335478548893993
0.0307 6368.285871053877 1.000211246442384 1.543800350999146 270.0418381498015 0.8266449631730373
0.0308 6368.303098928589 1.000210849632833 1.543714992877172 269.9298569641718 0.819771263600601
0.0309 6368.320381248601 1.000210452271867 1.543629609021637 269.8175218840946 0.8129269054849283
0.031 6368.337718031009 1.000210054364139 1.543544199409242 269.7048327984415 0.806112035394571
0.0311 6368.355109292925 1.000209655914301 1.54345876401699 269.5917895959896 0.7993267971537702
0.0312 6368.372555051479 1.000209256927 1.543373302822281 269.4783921653856 0.7925713318384086
0.0313 6368.390055323817 1.000208857406885 1.54328781580282 269.3646403951878 0.7858457777768664
0.0314 6368.407610127105 1.0002084573586 1.543202302936685 269.2505341738187 0.7791502705458636
0.0315 6368.425219478521 1.000208056786787 1.543116764202278 269.1360733896116 0.7724849429721972
0.0316 6368.442883395263 1.000207655696087 1.543031199578384 269.021257930788 0.7658499251305488
0.0317 6368.460601894543 1.000207254091136 1.542945609044086 268.9060876854686 0.7592453443436646
0.0318 6368.47837499359 1.000206851976572 1.542859992578819 268.7905625416619 0.7526713251814418
0.0319 6368.496202709651 1.000206449357026 1.542774350162368 268.6746823872699 0.7461279894613251
0.032 6368.514085059982 1.000206046237128 1.542688681774868 268.5584471101178 0.7396154562502895
0.0321 6368.532022061861 1.000205642621506 1.542602987396762 268.4418565979066 0.733133841862767
0.0322 6368.550013732576 1.000205238514785 1.54251726700886 268.3249107382547 0.7266832598638506
0.0323 6368.568060089436 1.000204833921588 1.542431520592273 268.2076094186681 0.7202638210688027
0.0324 6368.586161149758 1.000204428846532 1.542345748128462 268.0899525265758 0.7138756335464338
0.0325 6368.604316930877 1.000204023294235 1.54225994959925 267.9719399493005 0.7075188026191821
0.0326 6368.622527450142 1.000203617269309 1.542174124986733 267.8535715740762 0.7011934308660623
0.0327 6368.640792724917 1.000203210776365 1.54208827427338 267.7348472880366 0.6948996181242866
0.0328 6368.659112772577 1.000202803820009 1.542002397441994 267.61576697825 0.6886374614936684
0.0329 6368.677487610512 1.000202396404845 1.541916494475663 267.4963305316727 0.6824070553369151
0.033 6368.695917256126 1.000201988535475 1.541830565357836 267.3765378351781 0.6762084912842738
0.0331 6368.714401726837 1.000201580216494 1.54174461007228 267.2563887755567 0.6700418582368686
0.0332 6368.732941040074 1.000201171452496 1.541658628603072 267.1358832395166 0.6639072423703108
0.0333 6368.75153521328 1.000200762248073 1.541572620934619 267.0150211136769 0.6578047271382874
0.0334 6368.770184263911 1.00020035260781 1.541486587051666 266.8938022845799 0.6517343932773194
0.0335 6368.788888209434 1.00019994253629 1.541400526939251 266.7722266386794 0.6456963188105951
0.0336 6368.807647067329 1.000199532038095 1.541314440582731 266.650294062364 0.6396905790538425
0.0337 6368.826460855088 1.000199121117797 1.541228327967807 266.5280044419277 0.6337172466188273
0.0338 6368.845329590215 1.000198709779971 1.541142189080469 266.4053576635996 0.6277763914200424
0.0339 6368.864253290226 1.000198298029184 1.54105602390703 266.2823536135319 0.6218680806796161
0.034 6368.883231972646 1.000197885870001 1.540969832434106 266.1589921777999 0.615992378933077
0.0341 6368.902265655015 1.000197473306982 1.540883614648632 266.035273242402 0.6101493480353855
0.0342 6368.921354354881 1.000197060344683 1.540797370537865 265.9111966932718 0.6043390471677813
0.0343 6368.940498089805 1.000196646987656 1.540711100089337 265.7867624162658 0.5985615328437752
0.0344 6368.959696877357 1.00019623324045 1.540624803290928 265.6619702971815 0.5928168589167863
0.0345 6368.978950735117 1.000195819107609 1.540538480130784 265.5368202217395 0.5871050765863873
0.0346 6368.998259680678 1.000195404593673 1.540452130597384 265.4113120755954 0.5814262344061859
0.0347 6369.01762373164 1.000194989703177 1.540365754679478 265.2854457443399 0.5757803782914083
0.0348 6369.037042905616 1.000194574440653 1.540279352366145 265.1592211134983 0.5701675515267419
0.0349 6369.056517220226 1.000194158810627 1.540192923646746 265.0326380685314 0.5645877947744359
0.035 6369.076046693101 1.000193742817621 1.540106468510961 264.9056964948462 0.5590411460831707
0.0351 6369.09563134188 1.000193326466155 1.540019986948737 264.7783962777793 0.5535276408958822
0.0352 6369.115271184213 1.000192909760741 1.539933478950318 264.6507373026137 0.5480473120593942
0.0353 6369.134966237758 1.000192492705888 1.539846944506295 264.5227194545736 0.5426001898332603
0.0354 6369.15471652018 1.000192075306101 1.539760383607456 264.3943426188297 0.5371863018993676
0.0355 6369.174522049157 1.000191657565879 1.539673796244963 264.2656066804819 0.5318056733707905
0.0356 6369.19438284237 1.000191239489717 1.539587182410231 264.1365115245948 0.5264583268031262
0.0357 6369.214298917512 1.000190821082105 1.539500542094959 264.0070570361735 0.5211442822035802
0.0358 6369.234270292282 1.000190402347529 1.539413875291148 263.8772431001643 0.5158635570413067
0.0359 6369.254296984391 1.000189983290469 1.539327181991057 263.7470696014601 0.5106161662582289
0.036 6369.274379011551 1.000189563915401 1.539240462187236 263.6165364249185 0.5054021222805567
0.0361 6369.294516391486 1.000189144226796 1.539153715872542 263.4856434553379 0.5002214350288742
0.0362 6369.314709141928 1.000188724229119 1.539066943040085 263.3543905774694 0.4950741119299012
0.0363 6369.334957280613 1.000188303926831 1.538980143683243 263.2227776760168 0.4899601579280077
0.0364 6369.355260825286 1.000187883324388 1.5388933177957 263.0908046356425 0.4848795754971877
0.0365 6369.375619793698 1.00018746242624 1.53880646537139 262.9584713409616 0.4798323646528045
0.0366 6369.396034203607 1.000187041236834 1.538719586404532 262.8257776765539 0.4748185229642451
0.0367 6369.416504072778 1.000186619760608 1.538632680889613 262.6927235269399 0.469838045566457
0.0368 6369.437029418982 1.000186198002 1.538545748821379 262.5593087766164 0.4648909251739424
0.0369 6369.457610259995 1.000185775965437 1.538458790194878 262.4255333100331 0.4599771520927409
0.03700000000000001 6369.4782466136 1.000185353655346 1.538371805005367 262.2913970115982 0.4550967142337554
0.0371 6369.498938497587 1.000184931076145 1.538284793248417 262.1568997656844 0.4502495971262854
0.0372 6369.519685929749 1.000184508232249 1.53819775491984 262.0220414566292 0.4454357839315553
0.0373 6369.540488927887 1.000184085128066 1.538110690015718 261.8868219687341 0.4406552554564616
0.0374 6369.561347509805 1.000183661767999 1.538023598532379 261.7512411862657 0.4359079901675314
0.0375 6369.582261693314 1.000183238156446 1.537936480466424 261.6152989934607 0.431193964205299
0.0376 6369.603231496229 1.000182814297799 1.537849335814709 261.4789952745144 0.4265131513982728
0.0377 6369.624256936369 1.000182390196446 1.537762164574336 261.3423299136047 0.4218655232783352
0.0378 6369.645338031561 1.000181965856767 1.537674966742652 261.2053027948558 0.417251049094318
0.0379 6369.666474799633 1.000181541283138 1.537587742317281 261.0679138023864 0.4126696958285996
0.038 6369.687667258419 1.00018111647993 1.537500491296069 260.9301628202737 0.408121428211088
0.0381 6369.708915425757 1.000180691451507 1.537413213677145 260.7920497325771 0.4036062087353974
0.0382 6369.730219319488 1.000180266202228 1.537325909458851 260.6535744233264 0.3991239976740308
0.0383 6369.751578957459 1.000179840736446 1.537238578639776 260.5147367765161 0.3946747530939684
0.0384 6369.772994357519 1.000179415058508 1.537151221218769 260.3755366761287 0.3902584308733915
0.0385 6369.79446553752 1.000178989172757 1.537063837194914 260.2359740061173 0.3858749847172576
0.0386 6369.81599251532 1.000178563083528 1.536976426567537 260.0960486504172 0.3815243661740086
0.03870000000000001 6369.837575308779 1.000178136795153 1.536888989336183 259.955760492934 0.3772065246517184
0.0388 6369.859213935759 1.000177710311955 1.536801525500659 259.8151094175677 0.3729214074355171
0.0389 6369.880908414126 1.000177283638253 1.536714035061005 259.6740953081825 0.3686689597035565
0.039 6369.902658761748 1.00017685677836 1.536626518017463 259.5327180486369 0.3644491245449586
0.0391 6369.924464996499 1.000176429736584 1.536538974370528 259.3909775227538 0.3602618429761503
0.0392 6369.946327136251 1.000176002517225 1.536451404120949 259.2488736143681 0.3561070539596538
0.0393 6369.968245198882 1.000175575124578 1.536363807269649 259.1064062072672 0.3519846944199005
0.0394 6369.99021920227 1.000175147562934 1.536276183817812 258.9635751852446 0.3478946992625155
0.0395 6370.012249164295 1.000174719836575 1.536188533766847 258.8203804320818 0.3438370013916689
0.0396 6370.03433510284 1.000174291949779 1.536100857118391 258.6768218315368 0.3398115317277865
0.0397 6370.056477035791 1.000173863906818 1.53601315387426 258.5328992673557 0.3358182192260893
0.0398 6370.078674981034 1.000173435711958 1.535925424036535 258.3886126232786 0.3318569908951076
0.0399 6370.100928956456 1.000173007369457 1.535837667607493 258.243961783034 0.3279277718150158
0.04 6370.123238979947 1.000172578883569 1.535749884589641 258.0989466303444 0.3240304851564435
0.0401 6370.145605069399 1.000172150258542 1.535662074985685 257.9535670489084 0.3201650521987984
0.0402 6370.168027242701 1.000171721498619 1.53557423879854 257.8078229224428 0.3163313923503082
0.0403 6370.190505517749 1.000171292608033 1.535486376031352 257.6617141346345 0.3125294231658384
0.04040000000000001 6370.213039912435 1.000170863591014 1.535398486687471 257.5152405691705 0.3087590603668963
0.0405 6370.235630444655 1.000170434451787 1.535310570770438 257.3684021097437 0.3050202178611201
0.0406 6370.258277132302 1.000170005194568 1.535222628284009 257.2211986400351 0.3013128077612988
0.0407 6370.280979993275 1.000169575823568 1.53513465923215 257.0736300437142 0.2976367404049892
0.0408 6370.303739045467 1.000169146342992 1.535046663619026 256.9256962044618 0.2939919243748395
0.0409 6370.326554306777 1.000168716757041 1.534958641449003 256.7773970059474 0.2903782665178496
0.041 6370.349425795101 1.000168287069905 1.534870592726628 256.628732331846 0.2867956719657834
0.0411 6370.372353528334 1.000167857285773 1.534782517456685 256.4797020658269 0.2832440441549675
0.0412 6370.395337524375 1.000167427408824 1.534694415644109 256.3303060915654 0.2797232848467777
0.0413 6370.418377801118 1.000166997443234 1.534606287294064 256.1805442927306 0.2762332941476705
0.0414 6370.441474376462 1.00016656739317 1.534518132411884 256.0304165529977 0.2727739705298808
0.0415 6370.464627268299 1.000166137262795 1.534429951003104 255.8799227560538 0.2693452108520744
0.04160000000000001 6370.487836494526 1.000165707056265 1.534341743073444 255.7290627855799 0.2659469103795613
0.0417 6370.511102073036 1.000165276777729 1.534253508628826 255.577836525263 0.2625789628052916
0.0418 6370.534424021725 1.000164846431332 1.534165247675315 255.4262438587901 0.2592412602705382
0.0419 6370.557802358482 1.00016441602121 1.534076960219204 255.274284669866 0.255933693386194
0.042 6370.581237101202 1.000163985551496 1.533988646266965 255.1219588421894 0.252656151253246
0.04210000000000001 6370.604728267772 1.000163555026314 1.533900305825216 254.9692662594829 0.2494085214844953
0.0422 6370.628275876083 1.000163124449783 1.533811938900795 254.8162068054629 0.2461906902250809
0.0423 6370.651879944021 1.000162693826016 1.533723545500685 254.6627803638638 0.243002542174226
0.0424 6370.675540489474 1.00016226315912 1.533635125632067 254.5089868184199 0.2398439606061805
0.0425 6370.699257530326 1.000161832453196 1.533546679302277 254.3548260528831 0.2367148273919783
0.0426 6370.723031084459 1.000161401712337 1.533458206518842 254.2002979510174 0.233615023020768
0.0427 6370.746861169754 1.000160970940631 1.533369707289443 254.0454023965984 0.2305444266213348
0.0428 6370.770747804091 1.000160540142161 1.53328118162195 253.8901392734077 0.2275029159835708
0.0429 6370.794691005347 1.000160109321002 1.533192629524376 253.7345084652446 0.2244903675803554
0.043 6370.818690791396 1.000159678481224 1.533104051004922 253.5785098559262 0.2215066565892508
0.0431 6370.842747180111 1.00015924762689 1.533015446071929 253.4221433292813 0.2185516569141409
0.0432 6370.866860189363 1.000158816762057 1.532926814733922 253.2654087691388 0.2156252412068184
0.04330000000000001 6370.89102983702 1.000158385890777 1.532838156999581 253.1083060593691 0.2127272808896113
0.0434 6370.915256140947 1.000157955017094 1.532749472877739 252.9508350838422 0.2098576461764973
0.0435 6370.939539119006 1.000157524145046 1.532660762377404 252.7929957264581 0.207016206095585
0.0436 6370.963878789059 1.000157093278667 1.532572025507718 252.6347878711166 0.2042028285105469
0.0437 6370.988275168962 1.000156662421983 1.532483262277978 252.476211401747 0.2014173801431587
0.0438 6371.01272827657 1.000156231579014 1.532394472697652 252.3172662022965 0.1986597265951156
0.0439 6371.037238129733 1.000155800753774 1.532305656776362 252.1579521567359 0.1959297323701951
0.044 6371.061804746299 1.000155369950271 1.532216814523855 251.9982691490535 0.1932272608962363
0.0441 6371.086428144115 1.000154939172506 1.532127945950042 251.8382170632557 0.1905521745472464
0.0442 6371.111108341021 1.000154508424477 1.532039051064982 251.6777957833664 0.1879043346655242
0.0443 6371.135845354855 1.000154077710171 1.531950129878879 251.517005193445 0.1852836015840858
0.0444 6371.160639203452 1.000153647033573 1.531861182402076 251.3558451775629 0.1826898346484167
0.0445 6371.185489904645 1.00015321639866 1.53177220864505 251.1943156198089 0.1801228922387278
0.0446 6371.21039747626 1.000152785809403 1.531683208618439 251.0324164043076 0.1775826317923931
0.0447 6371.235361936122 1.000152355269768 1.531594182333009 250.870147415207 0.1750689098259111
0.0448 6371.260383302049 1.000151924783712 1.531505129799662 250.707508536679 0.172581581957059
0.0449 6371.28546159186 1.00015149435519 1.531416051029447 250.544499652913 0.1701205029269522
0.04500000000000001 6371.310596823363 1.000151063988149 1.53132694603352 250.3811206481399 0.1676855266225398
0.0451 6371.335789014371 1.000150633686528 1.531237814823217 250.2173714065906 0.1652765060981096
0.0452 6371.361038182684 1.000150203454264 1.531148657409958 250.053251812555 0.162893293598276
0.0453 6371.386344346103 1.000149773295284 1.53105947380532 249.8887617503291 0.1605357405792818
0.0454 6371.411707522425 1.000149343213511 1.530970264021003 249.7239011042383 0.1582036977314192
0.0455 6371.437127729439 1.000148913212863 1.530881028068842 249.5586697586494 0.1558970150012343
0.0456 6371.46260498493 1.00014848329725 1.53079176596078 249.3930675979531 0.1536155416132866
0.0457 6371.488139306683 1.000148053470577 1.530702477708894 249.2270945065574 0.151359126092055
0.0458 6371.513730712475 1.000147623736741 1.530613163325397 249.060750368912 0.1491276162842107
0.0459 6371.539379220078 1.000147194099637 1.530523822822607 248.894035069496 0.1469208593803595
0.046 6371.565084847258 1.000146764563151 1.530434456212965 248.7269484928241 0.144738701936985
0.0461 6371.590847611779 1.000146335131164 1.530345063509038 248.5594905234346 0.1425809898981158
0.0462 6371.6166675314 1.000145905807551 1.530255644723501 248.3916610459013 0.1404475686172551
0.0463 6371.642544623874 1.000145476596179 1.530166199869156 248.2234599448215 0.138338282878953
0.0464 6371.668478906948 1.000145047500914 1.53007672895891 248.0548871048398 0.1362529769207726
0.0465 6371.694470398365 1.000144618525611 1.529987232005789 247.8859424106307 0.1341914944546746
0.0466 6371.720519115862 1.000144189674123 1.529897709022931 247.7166257468979 0.1321536786885704
0.04670000000000001 6371.746625077172 1.000143760950293 1.529808160023591 247.5469369983806 0.130139372347883
0.0468 6371.772788300023 1.000143332357962 1.529718585021121 247.3768760498536 0.1281484176969659
0.0469 6371.799008802134 1.000142903900964 1.529628984028992 247.2064427861272 0.1261806565604537
0.047 6371.825286601224 1.000142475583125 1.529539357060769 247.0356370920412 0.1242359303444728
0.0471 6371.851621715003 1.000142047408268 1.529449704130148 246.8644588524825 0.1223140800580459
0.0472 6371.878014161173 1.00014161938021 1.529360025250888 246.6929079523737 0.1204149463340773
0.0473 6371.904463957437 1.000141191502759 1.529270320436904 246.5209842766611 0.1185383694502666
0.0474 6371.930971121486 1.00014076377972 1.529180589702179 246.3486877103441 0.1166841893503926
0.0475 6371.957535671008 1.000140336214894 1.529090833060788 246.1760181384456 0.1148522456648582
0.0476 6371.984157623686 1.00013990881207 1.529001050526941 246.0029754460419 0.1130423777317875
0.0477 6372.010836997194 1.000139481575038 1.528911242114923 245.8295595182389 0.1112544246174574
0.0478 6372.037573809203 1.000139054507578 1.528821407839116 245.6557702401777 0.1094882251369531
0.04790000000000001 6372.064368077377 1.000138627613467 1.528731547713995 245.4816074970471 0.1077436178747774
0.048 6372.091219819374 1.000138200896473 1.528641661754157 245.307071174071 0.1060204412051172
0.0481 6372.118129052845 1.00013777436036 1.528551749974266 245.1321611565089 0.1043185333121288
0.0482 6372.145095795435 1.000137348008888 1.528461812389084 244.9568773296736 0.1026377322102849
0.0483 6372.172120064783 1.000136921845808 1.528371849013458 244.7812195789073 0.100977875764209
0.04840000000000001 6372.199201878524 1.000136495874868 1.52828185986236 244.6051877895937 0.09933880170874358
0.0485 6372.226341254282 1.00013607009981 1.528191844950791 244.4287818471697 0.09772034766889297
0.0486 6372.253538209678 1.000135644524368 1.52810180429391 244.2520016370958 0.09612235117926744
0.0487 6372.280792762324 1.000135219152273 1.528011737906902 244.0748470448915 0.09454464970400449
0.0488 6372.30810492983 1.000134793987248 1.527921645805082 243.8973179561061 0.0929870806559724
0.0489 6372.335474729793 1.000134369033013 1.527831528003823 243.7194142563479 0.09144948141637754
0.049 6372.362902179809 1.000133944293282 1.527741384518593 243.541135831243 0.08993168935362045
0.0491 6372.390387297463 1.000133519771759 1.527651215364956 243.3624825664882 0.08843354184284015
0.0492 6372.417930100338 1.000133095472149 1.527561020558519 243.1834543478043 0.08695487628445946
0.0493 6372.445530606005 1.000132671398148 1.527470800115014 243.004051060965 0.08549553012325084
0.0494 6372.473188832032 1.000132247553445 1.527380554050235 242.8242725917916 0.08405534086695846
0.0495 6372.500904795977 1.000131823941725 1.527290282380048 242.6441188261464 0.08263414610478434
0.04960000000000001 6372.528678515396 1.000131400566669 1.527199985120405 242.4635896499275 0.08123178352573475
0.0497 6372.556510007832 1.000130977431951 1.527109662287333 242.282684949092 0.07984809093704903
0.0498 6372.584399290824 1.000130554541238 1.527019313896944 242.1014046096442 0.07848290628219827
0.0499 6372.612346381903 1.000130131898194 1.526928939965415 241.91974851763 0.07713606765878556
0.05 6372.640351298595 1.000129709506476 1.526838540508998 241.7377165591305 0.07580741333629733
0.05010000000000001 6372.668414058418 1.000129287369735 1.526748115544023 241.5553086202862 0.07449678177391431
0.0502 6372.696534678879 1.000128865491617 1.526657665086909 241.3725245872846 0.07320401163790009
0.0503 6372.724713177483 1.000128443875765 1.526567189154108 241.1893643463608 0.07192894181892015
0.0504 6372.752949571725 1.000128022525812 1.526476687762173 241.0058277837851 0.07067141144911918
0.0505 6372.781243879095 1.000127601445389 1.526386160927719 240.8219147858812 0.06943125991923954
0.0506 6372.809596117072 1.00012718063812 1.526295608667432 240.6376252390318 0.06820832689548585
0.0507 6372.83800630313 1.000126760107623 1.526205030998073 240.4529590296551 0.06700245233602538
0.0508 6372.866474454733 1.000126339857512 1.526114427936456 240.2679160442343 0.06581347650767412
0.0509 6372.895000589342 1.000125919891395 1.526023799499474 240.0824961692764 0.06464124000194747
0.051 6372.923584724406 1.000125500212874 1.525933145704091 239.8966992913591 0.06348558375151006
0.0511 6372.95222687737 1.000125080825546 1.525842466567319 239.7105252970958 0.06234634904591935
0.0512 6372.980927065668 1.000124661733002 1.525751762106254 239.5239740731589 0.06122337754756635
0.05130000000000001 6373.009685306728 1.000124242938828 1.525661032338054 239.3370455062681 0.06011651130721537
0.0514 6373.038501617972 1.000123824446605 1.525570277279911 239.1497394831844 0.05902559277940405
0.0515 6373.06737601681 1.000123406259908 1.525479496949131 238.962055890734 0.05795046483783272
0.0516 6373.096308520649 1.000122988382306 1.525388691363046 238.7739946157843 0.05689097079029198
0.0517 6373.125299146884 1.000122570817364 1.525297860539059 238.5855555452562 0.05584695439361306
0.05180000000000001 6373.154347912904 1.00012215356864 1.525207004494642 238.3967385661234 0.05481825986836109
0.0519 6373.183454836091 1.000121736639688 1.525116123247321 238.2075435654073 0.05380473191330772
0.052 6373.212619933819 1.000121320034054 1.525025216814677 238.0179704301762 0.05280621571974837
0.0521 6373.241843223451 1.000120903755282 1.524934285214371 237.8280190475697 0.05182255698574927
0.0522 6373.271124722345 1.000120487806909 1.524843328464083 237.6376893047567 0.05085360192986083
0.0523 6373.300464447851 1.000120072192466 1.524752346581599 237.4469810889653 0.0498991973050107
0.0524 6373.32986241731 1.000119656915479 1.524661339584738 237.2558942874829 0.04895919041204162
0.0525 6373.359318648055 1.000119241979469 1.524570307491369 237.0644287876438 0.04803342911299619
0.0526 6373.388833157409 1.000118827387951 1.524479250319439 236.8725844768418 0.04712176184432078
0.0527 6373.41840596269 1.000118413144433 1.524388168086945 236.6803612425118 0.04622403762972798
0.0528 6373.448037081207 1.000117999252422 1.524297060811933 236.487758972154 0.04534010609305546
0.0529 6373.477726530259 1.000117585715415 1.524205928512503 236.2947775533156 0.04446981747072724
0.05300000000000001 6373.507474327138 1.000117172536905 1.524114771206823 236.1014168736032 0.04361302262415102
0.0531 6373.537280489129 1.000116759720381 1.524023588913099 235.9076768206645 0.04276957305177902
0.0532 6373.567145033507 1.000116347269325 1.523932381649615 235.7135572822066 0.04193932090112313
0.0533 6373.597067977537 1.000115935187214 1.523841149434688 235.5190581460073 0.0411221189805321
0.0534 6373.627049338479 1.000115523477518 1.523749892286701 235.3241792998859 0.04031782077058842
0.05350000000000001 6373.657089133583 1.000115112143704 1.523658610224077 235.1289206317091 0.03952628043545409
0.0536 6373.68718738009 1.000114701189232 1.523567303265311 234.9332820294143 0.03874735283407593
0.0537 6373.717344095234 1.000114290617558 1.523475971428933 234.7372633809804 0.03798089353096667
0.0538 6373.747559296237 1.000113880432129 1.523384614733544 234.5408645744573 0.03722675880701416
0.0539 6373.777833000318 1.00011347063639 1.523293233197774 234.3440854979302 0.03648480566982649
0.054 6373.808165224684 1.00011306123378 1.523201826840328 234.1469260395555 0.0357548918641411
0.0541 6373.838555986531 1.00011265222773 1.52311039567995 233.9493860875485 0.03503687588183917
0.05420000000000001 6373.869005303051 1.000112243621668 1.523018939735445 233.751465530166 0.0343306169717324
0.0543 6373.899513191426 1.000111835419016 1.522927459025647 233.5531642557297 0.03363597514928923
0.0544 6373.930079668829 1.000111427623189 1.522835953569467 233.3544821526147 0.03295281120601898
0.0545 6373.960704752421 1.000111020237598 1.522744423385847 233.1554191092608 0.03228098671872748
0.0546 6373.99138845936 1.000110613265646 1.522652868493806 232.9559750141615 0.03162036405847807
0.05470000000000001 6374.022130806792 1.000110206710734 1.522561288912389 232.7561497558512 0.03097080639934449
0.0548 6374.052931811854 1.000109800576254 1.52246968466069 232.5559432229473 0.03033217772712323
0.0549 6374.083791491675 1.000109394865594 1.522378055757881 232.3553553041146 0.02970434284757955
0.055 6374.114709863374 1.000108989582137 1.522286402223155 232.1543858880708 0.02908716739461901
0.0551 6374.145686944062 1.000108584729258 1.522194724075765 231.9530348635989 0.0284805178382614
0.05520000000000001 6374.176722750842 1.000108180310328 1.522103021335017 231.751302119529 0.02788426149231093
0.0553 6374.207817300806 1.000107776328711 1.522011294020275 231.5491875447623 0.02729826652193791
0.0554 6374.238970611038 1.000107372787768 1.521919542150936 231.3466910282531 0.02672240195092327
0.0555 6374.270182698613 1.00010696969085 1.521827765746453 231.1438124590148 0.02615653766876104
0.0556 6374.301453580597 1.000106567041305 1.521735964826332 230.9405517261201 0.02560054443753066
0.0557 6374.332783274047 1.000106164842475 1.521644139410135 230.7369087186947 0.02505429389854061
0.0558 6374.364171796009 1.000105763097696 1.521552289517457 230.5328833259413 0.0245176585788391
0.05590000000000001 6374.395619163522 1.000105361810298 1.52146041516796 230.3284754371037 0.02399051189735444
0.056 6374.427125393617 1.000104960983603 1.521368516381344 230.1236849414912 0.02347272817098287
0.0561 6374.458690503312 1.000104560620931 1.521276593177364 229.9185117284718 0.02296418262038566
0.0562 6374.490314509619 1.000104160725593 1.521184645575825 229.7129556874787 0.02246475137560562
0.0563 6374.521997429538 1.000103761300895 1.52109267359659 229.5070167080042 0.0219743114814443
0.05640000000000001 6374.553739280062 1.000103362350137 1.52100067725955 229.3006946795939 0.02149274090263109
0.0565 6374.585540078174 1.000102963876614 1.520908656584677 229.09398949187 0.02101991852885216
0.0566 6374.617399840847 1.000102565883613 1.520816611591976 228.8869010344964 0.02055572417943329
0.0567 6374.649318585045 1.000102168374415 1.5207245423015 228.6794291972077 0.02010003860796628
0.0568 6374.681296327723 1.000101771352297 1.520632448733358 228.4715738697977 0.01965274350663238
0.05690000000000001 6374.713333085827 1.000101374820528 1.52054033090771 228.2633349421252 0.01921372151035975
0.057 6374.745428876291 1.000100978782371 1.520448188844766 228.0547123041082 0.01878285620075003
0.0571 6374.777583716042 1.000100583241083 1.520356022564792 227.8457058457296 0.01836003210982577
0.0572 6374.809797621996 1.000100188199915 1.520263832088104 227.6363154570257 0.01794513472353799
0.0573 6374.842070611062 1.000099793662112 1.520171617435057 227.4265410280976 0.01753805048511979
0.0574 6374.874402700136 1.000099399630911 1.520079378626086 227.2163824491175 0.01713866679822413
0.0575 6374.906793906106 1.000099006109545 1.519987115681647 227.0058396103108 0.0167468720298164
0.05760000000000001 6374.939244245849 1.000098613101237 1.519894828622281 226.7949124019796 0.01636255551294635
0.0577 6374.971753736236 1.000098220609209 1.519802517468545 226.5836007144675 0.01598560754921189
0.0578 6375.004322394124 1.000097828636671 1.519710182241085 226.371904438195 0.01561591941115633
0.0579 6375.036950236362 1.00009743718683 1.519617822960574 226.1598234636475 0.01525338334438192
0.058 6375.069637279789 1.000097046262885 1.519525439647756 225.9473576813697 0.01489789256948093
0.05810000000000001 6375.102383541235 1.000096655868029 1.519433032323419 225.7345069819711 0.01454934128379386
0.0582 6375.135189037519 1.000096266005447 1.519340601008418 225.5212712561264 0.01420762466296493
0.0583 6375.168053785451 1.000095876678319 1.519248145723636 225.3076503945694 0.01387263886229764
0.0584 6375.20097780183 1.000095487889818 1.519155666490043 225.0936442881047 0.01354428101794905
0.0585 6375.233961103446 1.000095099643109 1.519063163328649 224.879252827602 0.01322244924790758
0.05860000000000001 6375.267003707078 1.000094711941351 1.518970636260522 224.6644759039904 0.01290704265278539
0.0587 6375.300105629497 1.000094324787697 1.518878085306789 224.4493134082694 0.01259796131645234
0.05880000000000001 6375.333266887462 1.000093938185291 1.518785510488624 224.2337652314981 0.01229510630645126
0.0589 6375.366487497722 1.000093552137272 1.518692911827269 224.0178312648062 0.0119983796742659
0.059 6375.399767477017 1.000093166646771 1.518600289344023 223.8015113993887 0.01170768445538283
0.0591 6375.433106842076 1.000092781716912 1.518507643060235 223.5848055265054 0.01142292466918356
0.0592 6375.466505609618 1.000092397350812 1.518414972997324 223.3677135374813 0.01114400531865984
0.05930000000000001 6375.499963796352 1.000092013551581 1.518322279176762 223.1502353237123 0.01087083238996111
0.0594 6375.533481418975 1.000091630322322 1.518229561620074 222.9323707766592 0.01060331285175302
0.0595 6375.567058494178 1.000091247666128 1.51813682034886 222.7141197878422 0.01034135465440558
0.0596 6375.600695038637 1.000090865586091 1.518044055384758 222.4954822488579 0.01008486672903958
0.0597 6375.634391069021 1.000090484085288 1.51795126674949 222.2764580513625 0.009833758986362115
0.05980000000000001 6375.668146601985 1.000090103166794 1.517858454464837 222.0570470870947 0.009587942315384542
0.0599 6375.701961654177 1.000089722833674 1.517765618552629 221.8372492478464 0.00934732858191499
0.06 6375.735836242234 1.000089343088987 1.517672759034759 221.6170644254806 0.009111830626943132
0.0601 6375.76977038278 1.000088963935783 1.517579875933195 221.3964925119311 0.008881362264843522
0.0602 6375.80376409243 1.000088585377106 1.517486969269961 221.1755333992027 0.008655838281420624
0.0603 6375.83781738779 1.000088207415989 1.51739403906715 220.9541869793651 0.008435174431791592
0.0604 6375.871930285453 1.000087830055461 1.517301085346915 220.7324531445532 0.008219287438121437
0.06050000000000001 6375.906102802002 1.000087453298541 1.51720810813147 220.5103317869847 0.008008094987222308
0.0606 6375.94033495401 1.000087077148242 1.517115107443108 220.2878227989362 0.00780151572796245
0.0607 6375.974626758039 1.000086701607566 1.51702208330418 220.0649260727495 0.007599469268556622
0.0608 6376.008978230639 1.000086326679509 1.516929035737103 219.8416415008491 0.007401876173720143
0.0609 6376.04338938835 1.00008595236706 1.516835964764365 219.6179689757245 0.007208657961646587
0.06100000000000001 6376.077860247702 1.000085578673197 1.516742870408517 219.3939083899362 0.007019737100865836
0.0611 6376.112390825213 1.000085205600893 1.516649752692194 219.1694596361157 0.006835037006957161
0.0612 6376.14698113739 1.000084833153109 1.516556611638079 218.9446226069653 0.006654482039125132
0.0613 6376.181631200729 1.000084461332801 1.516463447268939 218.7193971952582 0.006477997496640518
0.0614 6376.216341031717 1.000084090142916 1.516370259607609 218.4937832938389 0.006305509615148496
0.06150000000000001 6376.251110646826 1.00008371958639 1.516277048676992 218.2677807956283 0.006136945562850797
0.0616 6376.285940062521 1.000083349666154 1.516183814500071 218.0413895936125 0.005972233436546284
0.0617 6376.320829295252 1.000082980385127 1.516090557099904 217.8146095808605 0.005811302257567691
0.0618 6376.355778361461 1.000082611746222 1.515997276499592 217.5874406505003 0.005654081967564683
0.0619 6376.390787277577 1.000082243752343 1.515903972722354 217.3598826957485 0.005500503424203674
0.062 6376.425856060018 1.000081876406384 1.515810645791447 217.131935609881 0.005350498396707314
0.0621 6376.460984725192 1.00008150971123 1.51571729573024 216.9035992862504 0.005203999561310503
0.06220000000000001 6376.496173289493 1.000081143669759 1.515623922562136 216.674873618298 0.005060940496596819
0.0623 6376.531421769304 1.000080778284837 1.515530526310651 216.4457584995242 0.004921255678697319
0.0624 6376.566730180999 1.000080413559324 1.515437106999361 216.2162538235065 0.004784880476410463
0.0625 6376.602098540938 1.000080049496069 1.515343664651917 215.9863594839047 0.004651751146206778
0.0626 6376.637526865471 1.000079686097912 1.515250199292053 215.7560753744382 0.004521804827112046
0.06270000000000001 6376.673015170935 1.000079323367683 1.515156710943592 215.5254013889206 0.004394979535522536
0.06280000000000001 6376.708563473656 1.000078961308206 1.515063199630426 215.2943374212367 0.004271214159886372
0.0629 6376.744171789949 1.00007859992229 1.514969665376534 215.0628833653303 0.00415044845529576
0.063 6376.779840136115 1.00007823921274 1.514876108205975 214.8310391152517 0.004032623038015089
0.0631 6376.815568528446 1.000077879182347 1.514782528142881 214.5988045651042 0.003917679379863843
0.06320000000000001 6376.851356983219 1.000077519833896 1.514688925211486 214.366179609074 0.003805559802553243
0.06330000000000001 6376.887205516702 1.000077161170159 1.514595299436087 214.1331641414362 0.003696207471922255
0.0634 6376.92311414515 1.000076803193901 1.514501650841082 213.8997580565245 0.003589566392072263
0.0635 6376.959082884805 1.000076445907874 1.514407979450953 213.6659612487678 0.003485581399449964
0.0636 6376.995111751898 1.000076089314823 1.514314285290259 213.4317736126653 0.003384198156822486
0.06370000000000001 6377.031200762646 1.000075733417481 1.514220568383645 213.1971950427995 0.003285363147191383
0.06380000000000001 6377.067349933258 1.000075378218572 1.514126828755853 212.9622254338236 0.003189023667621162
0.0639 6377.103559279926 1.000075023720808 1.51403306643171 212.7268646804795 0.00309512782300763
0.064 6377.139828818833 1.000074669926894 1.513939281436128 212.4911126775859 0.003003624519763611
0.0641 6377.176158566147 1.000074316839522 1.513845473794111 212.2549693200443 0.002914463459444328
0.06420000000000001 6377.212548538027 1.000073964461372 1.513751643530756 212.0184345028273 0.002827595132300749
0.06430000000000001 6377.248998750615 1.000073612795118 1.513657790671247 211.7815081210018 0.00274297081078337
0.0644 6377.285509220045 1.00007326184342 1.513563915240857 211.5441900697059 0.002660542542967959
0.0645 6377.322079962436 1.000072911608928 1.513470017264964 211.3064802441662 0.002580263145938651
0.0646 6377.358710993894 1.000072562094282 1.513376096769031 211.0683785396922 0.002502086199106779
0.06470000000000001 6377.395402330512 1.00007221330211 1.513282153778611 210.82988485167 0.002425966037477043
0.0648 6377.432153988373 1.000071865235029 1.513188188319361 210.5909990755748 0.002351857744868749
0.0649 6377.468965983545 1.000071517895647 1.513094200417022 210.3517211069583 0.00227971714708108
0.065 6377.505838332084 1.000071171286558 1.513000190097446 210.112050841455 0.002209500805018319
0.06510000000000001 6377.542771050032 1.000070825410347 1.512906157386565 209.8719881747942 0.002141166007772881
0.06520000000000001 6377.579764153418 1.000070480269586 1.51281210231043 209.6315330027818 0.002074670765658634
0.0653 6377.616817658261 1.000070135866838 1.512718024895161 209.3906852213066 0.002009973803212567
0.0654 6377.653931580561 1.000069792204651 1.512623925167012 209.149444726352 0.001947034552161309
0.0655 6377.691105936311 1.000069449285565 1.512529803152311 208.9078114139783 0.001885813144345622
0.06560000000000001 6377.728340741487 1.000069107112107 1.512435658877491 208.6657851803342 0.001826270404621123
0.06570000000000001 6377.765636012053 1.000068765686791 1.512341492369094 208.4233659216574 0.001768367843726232
0.0658 6377.802991763959 1.00006842501212 1.512247303653761 208.1805535342681 0.001712067651121597
0.0659 6377.840408013142 1.000068085090587 1.512153092758236 207.9373479145755 0.001657332687807486
0.066 6377.877884775526 1.000067745924671 1.512058859709361 207.6937489590831 0.001604126479118287
0.06610000000000001 6377.915422067021 1.000067407516838 1.511964604534091 207.4497565643654 0.001552413207490187
0.06620000000000001 6377.953019903522 1.000067069869545 1.511870327259474 207.2053706271093 0.001502157705224731
0.0663 6377.990678300912 1.000066732985235 1.511776027912676 206.9605910440727 0.001453325447218558
0.0664 6378.028397275061 1.000066396866337 1.511681706520967 206.7154177121018 0.001405882543692101
0.0665 6378.066176841823 1.00006606151527 1.511587363111713 206.4698505281498 0.001359795732905948
0.06660000000000001 6378.104017017039 1.000065726934441 1.511492997712398 206.2238893892462 0.001315032373858609
0.06670000000000001 6378.141917816537 1.000065393126241 1.511398610350623 205.9775341925096 0.001271560438985032
0.0668 6378.179879256129 1.000065060093053 1.511304201054067 205.7307848351646 0.001229348506850384
0.0669 6378.217901351614 1.000064727837243 1.51120976985055 205.4836412145072 0.001188365754831313
0.067 6378.255984118779 1.000064396361166 1.511115316767992 205.2361032279335 0.001148581951807401
0.06710000000000001 6378.294127573393 1.000064065667165 1.511020841834416 204.9881707729463 0.001109967450848839
0.06720000000000001 6378.332331731212 1.000063735757568 1.510926345077967 204.7398437471192 0.001072493181900634
0.0673 6378.370596607979 1.000063406634692 1.510831826526901 204.491122048138 0.001036130644483625
0.0674 6378.408922219421 1.000063078300838 1.510737286209585 204.2420055737656 0.001000851900390349
0.0675 6378.447308581251 1.000062750758298 1.510642724154494 203.9924942218653 0.0009666295663984717
0.06760000000000001 6378.485755709169 1.000062424009345 1.510548140390219 203.7425878904008 0.0009334368069910199
0.06770000000000001 6378.524263618857 1.000062098056244 1.510453534945485 203.4922864774306 0.000901247327088257
0.0678 6378.562832325985 1.000061772901243 1.510358907849094 203.2415898810958 0.0008700353647932079
0.0679 6378.601461846209 1.000061448546577 1.510264259130002 202.9904979996439 0.0008397756841577023
0.068 6378.640152195165 1.000061124994469 1.510169588817265 202.7390107314289 0.0008104435679629589
0.06810000000000001 6378.67890338848 1.000060802247126 1.510074896940053 202.4871279748817 0.000782014810516459
0.0682 6378.717715441761 1.000060480306743 1.50998018352766 202.2348496285512 0.0007544657104784033
0.0683 6378.756588370605 1.000060159175499 1.509885448609502 201.9821755910692 0.0007277730637022409
0.0684 6378.795522190591 1.000059838855561 1.509790692215099 201.7291057611563 0.0007019141561047892
0.06850000000000001 6378.834516917284 1.000059519349079 1.509695914374114 201.4756400376572 0.0006768667565653447
0.06860000000000001 6378.873572566229 1.000059200658193 1.509601115116304 201.2217783195109 0.0006526091098458723
0.0687 6378.912689152962 1.000058882785026 1.509506294471563 200.9675205057455 0.0006291199295433996
0.0688 6378.951866693002 1.000058565731686 1.509411452469908 200.7128664954893 0.0006063783910750512
0.0689 6378.991105201849 1.000058249500267 1.509316589141468 200.457816187983 0.000584364124695366
0.06900000000000001 6379.03040469499 1.000057934092851 1.509221704516498 200.2023694825619 0.0005630572085449806
0.06910000000000001 6379.069765187898 1.000057619511501 1.50912679862538 199.946526278662 0.0005424381617369031
0.0692 6379.109186696027 1.000057305758269 1.509031871498616 199.6902864758252 0.0005224879374795426
0.0693 6379.148669234816 1.000056992835189 1.508936923166835 199.4336499736945 0.0005031879162369681
0.0694 6379.18821281969 1.000056680744285 1.508841953660775 199.176616672013 0.0004845198989292688
0.06950000000000001 6379.227817466056 1.000056369487559 1.508746963011323 198.9191864706362 0.0004664661001745896
0.06960000000000001 6379.267483189305 1.000056059067004 1.508651951249478 198.6613592695143 0.0004490091415712018
0.0697 6379.307210004813 1.000055749484595 1.508556918406369 198.4031349687156 0.0004321320450258824
