0 6365.5 1.000296643672904 1.569050997542902 288.15 5.286035791926142
0.0001 6365.501142818167 1.00029660359576 1.568972838484185 288.1425716819148 5.283507819194733
0.0002 6365.502335388874 1.00029656178048 1.568894695490379 288.134819972321 5.280870923544755
0.0003 6365.503577701936 1.000296518228264 1.568816566863653 288.126744937418 5.27812527175075
0.0004 6365.504869748253 1.000296472940312 1.568738451083454 288.1183466363585 5.275271034073528
0.0005 6365.506211519692 1.000296425917822 1.568660346780272 288.1096251219991 5.272308384505315
0.0006000000000000001 6365.507603008999 1.000296377161998 1.568582252714688 288.1005804415094 5.269237500966172
0.0007 6365.509044209703 1.00029632667405 1.568504167759122 288.0912126369334 5.26605856548385
0.0008 6365.510535116056 1.000296274455196 1.568426090883014 288.0815217456333 5.26277176433298
0.0009000000000000001 6365.512075722972 1.000296220506668 1.56834802114072 288.071507800685 5.259377288157784
0.001 6365.513666025961 1.000296164829709 1.568269957660865 288.0611708312512 5.255875332086263
0.0011 6365.515306021096 1.00029610742558 1.568191899637279 288.0505108628762 5.252266095817874
0.0012 6365.51699570496 1.000296048295554 1.568113846321765 288.0395279177586 5.248549783702747
0.0013 6365.518735074617 1.000295987440925 1.56803579701698 288.0282220149874 5.244726604808452
0.0014 6365.520524127576 1.000295924863005 1.567957751071265 288.0165931707546 5.240796772978307
0.0015 6365.522362861762 1.000295860563125 1.567879707873785 288.004641398545 5.236760506881279
0.0016 6365.524251275492 1.000295794542637 1.567801666849754 287.9923667093011 5.232618030053437
0.0017 6365.52618936745 1.000295726802914 1.567723627457593 287.9797691115772 5.228369570935004
0.0018 6365.528177136664 1.000295657345352 1.567645589184878 287.9668486116869 5.224015362904976
0.0019 6365.530214582493 1.000295586171368 1.56756755154592 287.9536052137922 5.219555644295395
0.002 6365.532301704608 1.000295513282404 1.567489514079279 287.9400389200508 5.214990658425136
0.0021 6365.534438502971 1.000295438679924 1.567411476345425 287.9261497306874 5.210320653607387
0.0022 6365.53662497783 1.000295362365416 1.567333437924816 287.9119376441057 5.205545883170665
0.0023 6365.538861129698 1.000295284340394 1.567255398416043 287.8974026569598 5.200666605465484
0.0024 6365.54114695935 1.000295204606396 1.567177357434393 287.8825447642247 5.195683083870652
0.0025 6365.543482467803 1.000295123164985 1.567099314610484 287.8673639592793 5.190595586803121
0.0026 6365.545867656314 1.00029504001775 1.56702126958894 287.8518602339594 5.185404387717526
0.0027 6365.548302526366 1.000294955166304 1.566943222027297 287.8360335786232 5.180109765109292
0.0028 6365.550787079662 1.000294868612289 1.566865171595087 287.8198839821979 5.174712002511411
0.0029 6365.553321318119 1.00029478035737 1.566787117972483 287.8034114322276 5.169211388490826
0.003 6365.555905243858 1.00029469040324 1.566709060850148 287.7866159149261 5.163608216646422
0.0031 6365.558538859198 1.000294598751618 1.566630999927994 287.7694974152126 5.157902785600674
0.0032 6365.561222166652 1.00029450540425 1.566552934914933 287.7520559167591 5.152095398994897
0.0033 6365.56395516892 1.000294410362909 1.566474865527655 287.7342914020195 5.146186365478154
0.0034 6365.566737868884 1.000294313629394 1.5663967914906 287.7162038522537 5.140175998693871
0.0035 6365.569570269602 1.00029421520553 1.56631871253538 287.6977932475864 5.134064617277844
0.0036 6365.572452374307 1.000294115093173 1.56624062839978 287.6790595670076 5.127852544836214
0.0037 6365.575384186397 1.000294013294201 1.566162538828224 287.6600027884191 5.121540109938798
0.0038 6365.578365709439 1.000293909810523 1.566084443570612 287.640622888647 5.115127646100267
0.0039 6365.581396947158 1.000293804644075 1.566006342382343 287.6209198434711 5.108615491766843
0.004 6365.584477903438 1.000293697796818 1.565928235024012 287.6008936276543 5.102003990302618
0.0041 6365.587608582316 1.000293589270742 1.565850121260577 287.5805442149484 5.095293489967693
0.004200000000000001 6365.59078898798 1.000293479067864 1.565772000862104 287.5598715781301 5.088484343905715
0.0043 6365.594019124768 1.00029336719023 1.56569387360236 287.5388756890064 5.081576910121306
0.0044 6365.597298997162 1.000293253639911 1.565615739259431 287.5175565184444 5.074571551464917
0.004500000000000001 6365.60062860979 1.000293138419006 1.565537597614945 287.4959140363652 5.067468635605667
0.0046 6365.604007967417 1.000293021529643 1.565459448454377 287.4739482117915 5.060268535021308
0.0047 6365.607437074947 1.000292902973976 1.565381291566401 287.4516590128413 5.052971626970346
0.0048 6365.610915937425 1.000292782754187 1.565303126742872 287.4290464067402 5.045578293469671
0.0049 6365.614444560023 1.000292660872485 1.565224953778802 287.4061103598505 5.038088921277598
0.005 6365.618022948051 1.000292537331108 1.565146772472107 287.3828508376654 5.030503901865009
0.0051 6365.621651106948 1.000292412132319 1.565068582623314 287.3592678048389 5.022823631397687
0.005200000000000001 6365.625329042278 1.000292285278411 1.564990384035733 287.3353612251911 5.015048510710611
0.0053 6365.629056759739 1.000292156771702 1.56491217651501 287.3111310616972 5.007178945276152
0.0054 6365.632834265149 1.000292026614539 1.56483395986933 287.2865772765339 4.999215345191156
0.005500000000000001 6365.636661564451 1.000291894809296 1.564755733909094 287.2616998310681 4.991158125144449
0.0056 6365.640538663713 1.000291761358373 1.564677498446882 287.2364986858687 4.983007704391721
0.0057 6365.64446556912 1.0002916262642 1.564599253297324 287.2109738007183 4.974764506730047
0.0058 6365.648442286981 1.000291489529231 1.564520998277115 287.1851251346251 4.966428960472101
0.0059 6365.65246882372 1.000291351155949 1.564442733204891 287.1589526458168 4.958001498414294
0.006 6365.656545185881 1.000291211146864 1.564364457901009 287.1324562917706 4.949482557816036
0.0061 6365.660671380124 1.000291069504513 1.564286172187598 287.1056360291949 4.940872580363445
0.006200000000000001 6365.664847413222 1.000290926231459 1.564207875888667 287.0784918140592 4.932172012147936
0.0063 6365.669073292062 1.000290781330294 1.564129568829719 287.0510236015942 4.923381303635001
0.0064 6365.673349023647 1.000290634803635 1.564051250837857 287.0232313462974 4.914500909634537
0.006500000000000001 6365.677674615087 1.000290486654126 1.563972921741677 286.9951150019332 4.905531289269024
0.0066 6365.682050073608 1.00029033688444 1.563894581371342 286.9666745215449 4.896472905945132
0.0067 6365.686475406544 1.000290185497273 1.563816229558378 286.9379098574663 4.887326227325023
0.0068 6365.690950621335 1.00029003249535 1.563737866135686 286.9088209613218 4.878091725293569
0.006900000000000001 6365.695475725535 1.000289877881423 1.563659490937446 286.8794077840206 4.8687698759234
0.007 6365.7000507268 1.000289721658268 1.563581103799277 286.8496702757978 4.859361159454657
0.0071 6365.704675632896 1.000289563828692 1.563502704557888 286.8196083861734 4.849866060248186
0.007200000000000001 6365.709350451693 1.000289404395522 1.563424293051325 286.7892220639932 4.840285066764667
0.0073 6365.714075191167 1.000289243361617 1.563345869118712 286.7585112574114 4.830618671524743
0.0074 6365.718849859399 1.000289080729859 1.563267432600385 286.7274759139085 4.820867371080044
0.007500000000000001 6365.72367446457 1.000288916503157 1.563188983337833 286.6961159802967 4.811031665980199
0.0076 6365.728549014966 1.000288750684445 1.563110521173571 286.6644314027202 4.801112060737673
0.0077 6365.733473518976 1.000288583276685 1.563032045951136 286.6324221266553 4.791109063792363
0.007800000000000001 6365.73844798509 1.000288414282864 1.562953557515229 286.6000880969162 4.781023187477739
0.007900000000000001 6365.743472421897 1.000288243705993 1.562875055711402 286.5674292576667 4.770854947988556
0.008 6365.748546838089 1.000288071549112 1.562796540386304 286.5344455524204 4.760604865344578
0.0081 6365.753671242455 1.000287897815283 1.562718011387594 286.5011369240405 4.750273463354043
0.008200000000000001 6365.758845643884 1.000287722507597 1.562639468563673 286.4675033147518 4.739861269580528
0.0083 6365.764070051363 1.000287545629166 1.562560911764125 286.4335446661406 4.729368815305853
0.008400000000000001 6365.769344473977 1.000287367183133 1.562482340839223 286.399260919149 4.718796635490919
0.008500000000000001 6365.774668920908 1.000287187172661 1.562403755640203 286.3646520140982 4.708145268745398
0.0086 6365.780043401433 1.00028700560094 1.562325156019275 286.3297178906827 4.697415257288014
0.008700000000000001 6365.785467924929 1.000286822471187 1.56224654182937 286.2944584879587 4.686607146904792
0.008800000000000001 6365.790942500865 1.00028663778664 1.56216791292427 286.2588737443792 4.675721486921554
0.0089 6365.796467138804 1.000286451550566 1.562089269158667 286.2229635977768 4.664758830159815
0.009000000000000001 6365.802041848407 1.000286263766253 1.562010610388003 286.1867279853572 4.653719732896106
0.0091 6365.807666639426 1.000286074437016 1.561931936468539 286.1501668437289 4.642604754831841
0.0092 6365.813341521711 1.000285883566194 1.561853247257295 286.1132801088801 4.631414459046739
0.009300000000000001 6365.819066505198 1.000285691157149 1.561774542612104 286.0760677162133 4.620149411969949
0.0094 6365.82484159992 1.00028549721327 1.561695822391549 286.0385296005223 4.608810183332996
0.0095 6365.830666816 1.000285301737966 1.56161708645501 286.000665695998 4.597397346131473
0.009600000000000001 6365.836542163654 1.000285104734675 1.561538334662516 285.9624759362458 4.585911476590052
0.0097 6365.842467653189 1.000284906206856 1.561459566874938 285.9239602542742 4.574353154118336
0.0098 6365.848443294999 1.000284706157992 1.561380782953829 285.8851185825064 4.562722961273607
0.009900000000000001 6365.854469099573 1.00028450459159 1.561301982761432 285.8459508527743 4.551021483718035
0.01 6365.860545077488 1.000284301511182 1.561223166160726 285.8064569963307 4.539249310180957
0.0101 6365.866671239406 1.00028409692032 1.561144333015462 285.7666369438606 4.527407032420917
0.0102 6365.872847596083 1.000283890822584 1.561065483189982 285.726490625458 4.515495245176925
0.0103 6365.879074158363 1.000283683221573 1.560986616549347 285.6860179706435 4.503514546131855
0.0104 6365.885350937173 1.000283474120912 1.560907732959365 285.645218908376 4.491465535873822
0.0105 6365.891677943532 1.000283263524247 1.560828832286465 285.6040933670409 4.479348817850341
0.0106 6365.898055188545 1.000283051435249 1.560749914397728 285.5626412744563 4.467164998327571
0.0107 6365.904482683402 1.000282837857611 1.560670979160933 285.5208625578902 4.454914686352785
0.0108 6365.91096043938 1.000282622795048 1.560592026444594 285.4787571440314 4.44259849370276
0.0109 6365.917488467842 1.000282406251297 1.560513056117709 285.436324959025 4.430217034851081
0.011 6365.924066780236 1.00028218823012 1.560434068050151 285.393565928466 4.417770926923047
0.0111 6365.930695388094 1.000281968735298 1.560355062112244 285.3504799773881 4.405260789648736
0.0112 6365.937374303035 1.000281747770636 1.560276038175019 285.3070670302749 4.392687245322773
0.0113 6365.944103536758 1.000281525339962 1.560196996110229 285.2633270110722 4.380050918763877
0.0114 6365.95088310105 1.000281301447125 1.560117935790108 285.219259843176 4.367352437267371
0.0115 6365.957713007778 1.000281076095993 1.560038857087742 285.1748654494444 4.354592430564389
0.0116 6365.964593268892 1.000280849290461 1.559959759876639 285.1301437522033 4.341771530779147
0.0117 6365.971523896425 1.000280621034441 1.559880644030984 285.0850946732347 4.328890372380987
0.0118 6365.978504902496 1.000280391331868 1.55980150942573 285.039718133777 4.315949592139667
0.0119 6365.985536299298 1.000280160186699 1.559722355936279 284.9940140545599 4.302949829090584
0.012 6365.992618099112 1.000279927602912 1.559643183438666 284.9479823557693 4.289891724479585
0.0121 6365.999750314296 1.000279693584504 1.559563991809684 284.9016229570769 4.276775921726172
0.0122 6366.006932957289 1.000279458135496 1.559484780926587 284.8549357776222 4.263603066373088
0.0123 6366.01416604061 1.000279221259926 1.559405550667389 284.8079207360364 4.250373806047497
0.0124 6366.021449576859 1.000278982961857 1.559326300910555 284.7605777504185 4.237088790408639
0.0125 6366.028783578715 1.000278743245368 1.559247031535234 284.7129067383534 4.223748671107046
0.0126 6366.036168058934 1.000278502114561 1.55916774242126 284.6649076169291 4.210354101743538
0.0127 6366.043603030353 1.000278259573557 1.559088433448945 284.6165803027078 4.196905737814869
0.0128 6366.051088505886 1.000278015626499 1.559009104499291 284.5679247117431 4.183404236672497
0.0129 6366.058624498524 1.000277770277548 1.558929755453835 284.5189407595921 4.169850257479513
0.013 6366.066211021337 1.000277523530884 1.558850386194785 284.4696283613092 4.156244461162517
0.0131 6366.073848087472 1.000277275390709 1.558770996604926 284.4199874314348 4.142587510361792
0.0132 6366.081535710149 1.000277025861243 1.558691586567599 284.3700178840303 4.128880069394361
0.0133 6366.08927390267 1.000276774946726 1.558612155966845 284.3197196326427 4.115122804197421
0.0134 6366.097062678408 1.000276522651416 1.558532704687182 284.2690925903461 4.101316382292758
0.0135 6366.104902050814 1.000276268979591 1.558453232613844 284.2181366697122 4.087461472731605
0.0136 6366.112792033413 1.000276013935548 1.558373739632555 284.166851782816 4.07355874604916
0.0137 6366.120732639806 1.000275757523603 1.558294225629719 284.1152378412597 4.059608874223764
0.0138 6366.128723883667 1.000275499748088 1.558214690492284 284.0632947561666 4.045612530627926
0.0139 6366.136765778743 1.000275240613359 1.558135134107793 284.0110224381691 4.031570389977716
0.014 6366.144858338859 1.000274980123783 1.558055556364423 283.9584207974152 4.017483128286868
0.0141 6366.153001577908 1.000274718283752 1.557975957150953 283.9054897435975 4.003351422827094
0.0142 6366.161195509859 1.000274455097671 1.557896336356643 283.852229185918 3.989175952070889
0.0143 6366.169440148751 1.000274190569967 1.557816693871503 283.7986390331174 3.974957395651684
0.0144 6366.177735508699 1.00027392470508 1.55773702958607 283.7447191934579 3.960696434311291
0.0145 6366.186081603886 1.000273657507472 1.557657343391391 283.6904695747402 3.946393749856711
0.0146 6366.194478448569 1.000273388981619 1.55757763517926 283.6358900843042 3.932050025112153
0.0147 6366.202926057073 1.000273119132017 1.557497904841955 283.5809806290225 3.917665943869447
0.0148 6366.211424443796 1.000272847963178 1.557418152272397 283.5257411153246 3.903242190846151
0.0149 6366.219973623206 1.00027257547963 1.557338377364027 283.4701714491611 3.888779451628126
0.015 6366.22857360984 1.000272301685919 1.55725858001099 283.4142715360389 3.87427841263063
0.0151 6366.237224418303 1.000272026586607 1.557178760107957 283.3580412810278 3.859739761051557
0.0152 6366.245926063275 1.000271750186274 1.557098917550192 283.3014805887127 3.845164184810932
0.0153 6366.254678559497 1.000271472489513 1.557019052233584 283.2445893632706 3.830552372522452
0.0154 6366.263481921783 1.000271193500938 1.556939164054577 283.1873675084115 3.815905013429855
0.0155 6366.272336165014 1.000270913225173 1.556859252910221 283.1298149274079 3.801222797366158
0.0156 6366.281241304138 1.000270631666864 1.556779318698181 283.0719315231007 3.78650641470673
0.0157 6366.290197354173 1.000270348830668 1.556699361316708 283.0137171978757 3.771756556314837
0.0158 6366.299204330199 1.000270064721261 1.556619380664608 282.9551718537049 3.7569739135037
0.0159 6366.308262247367 1.000269779343332 1.556539376641317 282.8962953921167 3.742159177980504
0.016 6366.31737112089 1.000269492701585 1.556459349146914 282.8370877142141 3.727313041802403
0.0161 6366.326530966051 1.000269204800742 1.556379298081936 282.7775487206685 3.712436197326543
0.0162 6366.335741798195 1.000268915645537 1.556299223347656 282.7176783117314 3.69752933716452
0.0163 6366.345003632735 1.000268625240719 1.556219124845884 282.657476387223 3.682593154130937
0.0164 6366.354316485144 1.000268333591054 1.556139002479016 282.5969428465613 3.66762834120225
0.0165 6366.363680370965 1.00026804070132 1.556058856150029 282.5360775887269 3.652635591459486
0.0166 6366.3730953058 1.00026774657631 1.555978685762562 282.4748805122985 3.637615598048554
0.0167 6366.382561305318 1.000267451220832 1.555898491220801 282.4133515154348 3.622569054127401
0.0168 6366.392078385247 1.000267154639706 1.555818272429533 282.3514904958928 3.607496652821935
0.0169 6366.401646561382 1.000266856837766 1.555738029294196 282.2892973510155 3.592399087174705
0.017 6366.411265849578 1.000266557819863 1.555657761720734 282.2267719777441 3.577277050099414
0.0171 6366.420936265752 1.000266257590858 1.555577469615752 282.1639142726116 3.562131234331131
0.0172 6366.430657825884 1.000265956155626 1.555497152886404 282.1007241317551 3.546962332380843
0.0173 6366.440430546013 1.000265653519055 1.555416811440557 282.0372014509156 3.53177103648716
0.0174 6366.450254442242 1.000265349686047 1.555336445186511 281.9733461254262 3.51655803856528
0.0175 6366.460129530731 1.000265044661516 1.555256054033308 281.9091580502476 3.501324030167269
0.0176 6366.470055827703 1.00026473845039 1.55517563789052 281.8446371199324 3.486069702425479
0.0177 6366.480033349437 1.000264431057606 1.555095196668334 281.7797832286609 3.470795746012896
0.0178 6366.490062112274 1.000264122488117 1.555014730277571 281.7145962702174 3.455502851089536
0.0179 6366.500142132616 1.000263812746886 1.554934238629582 281.6490761379958 3.44019170725593
0.018 6366.510273426919 1.000263501838889 1.554853721636367 281.5832227250238 3.424863003510782
0.0181 6366.5204560117 1.000263189769115 1.554773179210539 281.5170359239504 3.409517428200374
0.0182 6366.530689903532 1.000262876542561 1.55469261126531 281.4505156270405 3.394155668969491
0.0183 6366.540975119048 1.000262562164238 1.554612017714481 281.3836617261867 3.378778412716533
0.0184 6366.551311674935 1.000262246639168 1.554531398472414 281.3164741129207 3.363386345548673
0.0185 6366.561699587939 1.000261929972385 1.554450753454173 281.248952678396 3.347980152730307
0.0186 6366.572138874861 1.000261612168933 1.554370082575369 281.1810973134055 3.332560518639761
0.0187 6366.582629552559 1.000261293233865 1.554289385752202 281.1129079083697 3.317128126719331
0.0188 6366.593171637945 1.000260973172249 1.554208662901491 281.0443843533543 3.301683659432146
0.0189 6366.603765147988 1.000260651989159 1.554127913940719 280.9755265380762 3.286227798216412
0.019 6366.61441009971 1.000260329689681 1.55404713878787 280.9063343518859 3.270761223434462
0.0191 6366.625106510188 1.000260006278913 1.553966337361632 280.8368076837791 3.2552846143286
0.0192 6366.635854396553 1.000259681761961 1.553885509581225 280.7669464224085 3.239798648977012
0.0193 6366.646653775989 1.000259356143941 1.553804655366516 280.6967504560724 3.22430400424453
0.0194 6366.657504665735 1.000259029429977 1.553723774637983 280.6262196727201 3.208801355737502
0.0195 6366.668407083082 1.000258701625207 1.553642867316699 280.5553539599699 3.193291377761343
0.0196 6366.679361045371 1.000258372734773 1.553561933324334 280.4841532050913 3.177774743270426
0.0197 6366.690366569998 1.00025804276383 1.553480972583212 280.4126172950108 3.162252123823345
0.0198 6366.701423674412 1.000257711717541 1.553399985016195 280.3407461163241 3.146724189539568
0.0199 6366.712532376107 1.000257379601076 1.55331897054681 280.2685395553016 3.131191609054922
0.02 6366.723692692636 1.000257046419615 1.553237929099157 280.1959974978648 3.115655049470889
0.0201 6366.734904641597 1.000256712178348 1.553156860597979 280.1231198296163 3.100115176315521
0.0202 6366.746168240639 1.000256376882469 1.553075764968641 280.0499064358449 3.084572653499351
0.0203 6366.757483507463 1.000256040537185 1.552994642137046 279.9763572014912 3.069028143262723
0.0204 6366.768850459816 1.000255703147709 1.552913492029742 279.9024720111937 3.053482306140879
0.0205 6366.780269115498 1.000255364719258 1.552832314573957 279.8282507492662 3.037935800914131
0.0206 6366.791739492353 1.000255025257064 1.552751109697398 279.7536932997031 3.022389284564506
0.0207 6366.803261608278 1.00025468476636 1.552669877328488 279.6787995461913 3.006843412233783
0.0208 6366.814835481215 1.00025434325239 1.552588617396243 279.6035693721045 2.991298837177992
0.0209 6366.826461129152 1.000254000720403 1.55250732983023 279.528002660515 2.975756210725787
0.021 6366.838138570127 1.000253657175655 1.552426014560731 279.4520992941756 2.96021618223093
0.0211 6366.849867822224 1.000253312623411 1.552344671518506 279.3758591555437 2.94467939903349
0.0212 6366.861648903574 1.00025296706894 1.552263300635045 279.2992821267693 2.929146506413934
0.0213 6366.873481832351 1.000252620517518 1.552181901842389 279.2223680897185 2.913618147554669
0.0214 6366.885366626778 1.000252272974429 1.552100475073212 279.1451169259443 2.898094963490978
0.0215 6366.89730330512 1.00025192444496 1.552019020260785 279.0675285167216 2.882577593075346
0.0216 6366.90929188569 1.000251574934406 1.551937537338983 278.9896027430181 2.867066672928882
0.0217 6366.921332386843 1.000251224448069 1.551856026242319 278.9113394855234 2.851562837404839
0.0218 6366.933424826977 1.000250872991252 1.551774486905894 278.8327386246496 2.836066718546381
0.0219 6366.945569224537 1.000250520569268 1.551692919265454 278.7538000405069 2.820578946039961
0.022 6366.95776559801 1.000250167187434 1.551611323257292 278.674523612934 2.805100147179453
0.0221 6366.970013965924 1.00024981285107 1.55152969881839 278.5949092214913 2.789630946823472
0.0222 6366.982314346851 1.000249457565503 1.55144804588629 278.5149567454677 2.774171967355275
0.0223 6366.994666759405 1.000249101336064 1.551366364399155 278.4346660638679 2.758723828639475
0.0224 6367.007071222241 1.000248744168088 1.551284654295754 278.3540370554309 2.743287147984726
0.0225 6367.019527754056 1.000248386066916 1.551202915515501 278.2730695986355 2.727862540104329
0.0226 6367.032036373588 1.000248027037892 1.551121147998362 278.1917635716767 2.712450617071478
0.0227 6367.044597099615 1.000247667086364 1.551039351684948 278.1101188525012 2.697051988286041
0.0228 6367.057209950955 1.000247306217684 1.550957526516532 278.0281353187955 2.681667260432553
0.0229 6367.069874946465 1.000246944437208 1.550875672434863 277.9458128479804 2.666297037439668
0.023 6367.082592105043 1.000246581750295 1.550793789382447 277.8631513172221 2.650941920443202
0.0231 6367.095361445626 1.000246218162308 1.550711877302287 277.7801506034328 2.635602507747227
0.0232 6367.108182987188 1.000245853678614 1.550629936138042 277.6968105832765 2.620279394786532
0.0233 6367.121056748744 1.00024548830458 1.550547965833986 277.6131311331627 2.604973174087192
0.0234 6367.133982749344 1.000245122045579 1.550465966335013 277.5291121292647 2.589684435231759
0.0235 6367.146961008075 1.000244754906985 1.550383937586576 277.4447534475133 2.574413764820385
0.0236 6367.159991544064 1.000244386894175 1.55030187953478 277.3600549635852 2.559161746431222
0.0237 6367.173074376472 1.000244018012529 1.55021979212631 277.2750165529322 2.543928960588593
0.0238 6367.186209524499 1.00024364826743 1.550137675308441 277.1896380907582 2.528715984721851
0.0239 6367.199397007377 1.000243277664259 1.550055529029165 277.103919452048 2.513523393134093
0.024 6367.212636844378 1.000242906208403 1.549973353236908 277.0178605115442 2.498351756961675
0.0241 6367.225929054806 1.00024253390525 1.549891147880845 276.9314611437588 2.483201644140384
0.0242 6367.239273658001 1.000242160760187 1.549808912910699 276.8447212229911 2.4680736193729
0.0243 6367.252670673338 1.000241786778607 1.549726648276763 276.7576406233037 2.452968244089325
0.0244 6367.266120120224 1.000241411965899 1.549644353930008 276.6702192185465 2.437886076416328
0.0245 6367.2796220181 1.000241036327458 1.549562029821957 276.5824568823508 2.422827671141424
0.0246 6367.293176386442 1.000240659868675 1.549479675904754 276.4943534881289 2.407793579678639
0.0247 6367.306783244758 1.000240282594947 1.549397292131143 276.4059089090746 2.392784350034515
0.0248 6367.320442612588 1.000239904511667 1.549314878454451 276.3171230181805 2.377800526777455
0.0249 6367.334154509504 1.000239525624231 1.549232434828641 276.2279956882265 2.362842651002368
0.025 6367.347918955111 1.000239145938034 1.549149961208266 276.1385267917798 2.347911260297695
0.0251 6367.361735969044 1.000238765458473 1.549067457548442 276.0487162012122 2.333006888715744
0.0252 6367.37560557097 1.000238384190943 1.548984923804925 275.9585637886947 2.318130066739378
0.0253 6367.389527780586 1.000238002140839 1.548902359934059 275.8680694261915 2.303281321249115
0.0254 6367.403502617619 1.000237619313557 1.548819765892782 275.7772329854773 2.288461175494459
0.0255 6367.417530101825 1.000237235714492 1.548737141638613 275.686054338138 2.273670149062651
0.0256 6367.431610252992 1.000236851349037 1.548654487129699 275.5945333555522 2.258908757844929
0.0257 6367.445743090935 1.000236466222586 1.548571802324772 275.5026699089216 2.24417751401083
0.0258 6367.459928635499 1.00023608034053 1.548489087183138 275.4104638692583 2.229476925976125
0.0259 6367.474166906555 1.000235693708261 1.548406341664708 275.3179151073913 2.214807498374016
0.026 6367.488457924006 1.000235306331169 1.548323565729991 275.2250234939605 2.200169732024809
0.0261 6367.502801707778 1.000234918214642 1.548240759340072 275.1317888994403 2.185564123910649
0.0262 6367.517198277828 1.000234529364067 1.548157922456636 275.0382111941157 2.170991167143148
0.0263 6367.531647654138 1.000234139784828 1.548075055041974 274.9442902481004 2.156451350937945
0.0264 6367.546149856717 1.000233749482309 1.54799215705893 274.8500259313427 2.14194516058774
0.0265 6367.560704905598 1.000233358461892 1.547909228470973 274.7554181136132 2.127473077432998
0.0266 6367.575312820843 1.000232966728954 1.547826269242131 274.6604666645234 2.113035578837593
0.0267 6367.589973622537 1.000232574288874 1.547743279337001 274.5651714535069 2.098633138159423
0.0268 6367.604687330792 1.000232181147023 1.547660258720825 274.4695323498498 2.084266224728612
0.0269 6367.619453965744 1.000231787308775 1.547577207359371 274.3735492226668 2.069935303818039
0.027 6367.634273547551 1.000231392779498 1.547494125219021 274.2772219409188 2.055640836620533
0.0271 6367.649146096398 1.000230997564557 1.547411012266712 274.180550373413 2.041383280223782
0.0272 6367.664071632492 1.000230601669315 1.547327868469985 274.0835343888028 2.027163087585658
0.0273 6367.679050176062 1.000230205099133 1.547244693796953 273.9861738555941 2.012980707510821
0.0274 6367.694081747363 1.000229807859365 1.547161488216265 273.8884686421387 1.998836584626013
0.0275 6367.709166366671 1.000229409955364 1.547078251697238 273.790418616641 1.984731159357501
0.0276 6367.724304054281 1.000229011392481 1.546994984209645 273.692023647175 1.970664867910603
0.0277 6367.739494830515 1.000228612176059 1.546911685723937 273.5932836016494 1.956638142242015
0.0278 6367.754738715713 1.00022821231144 1.546828356211076 273.4941983478665 1.942651410046073
0.0279 6367.770035730236 1.000227811803961 1.546744995642622 273.3947677534687 1.928705094725427
0.028 6367.785385894465 1.000227410658955 1.546661603990705 273.2949916859747 1.914799615374752
0.0281 6367.800789228806 1.000227008881751 1.546578181227978 273.1948700127608 1.900935386757381
0.0282 6367.816245753679 1.000226606477673 1.546494727327734 273.0944026010856 1.887112819288126
0.0283 6367.831755489527 1.000226203452041 1.546411242263755 272.9935893180772 1.873332319011607
0.0284 6367.847318456811 1.000225799810169 1.546327726010458 272.892430030728 1.859594287581872
0.0285 6367.862934676011 1.000225395557368 1.546244178542762 272.7909246059297 1.845899122248078
0.0286 6367.878604167625 1.000224990698942 1.546160599836172 272.6890729104383 1.832247215830939
0.0287 6367.894326952171 1.000224585240191 1.546076989866758 272.5868748108913 1.818638956706893
0.0288 6367.910103050182 1.00022417918641 1.545993348611137 272.4843301738141 1.805074728791052
0.0289 6367.925932482211 1.000223772542887 1.545909676046494 272.3814388656255 1.791554911520593
0.029 6367.941815268827 1.000223365314907 1.545825972150548 272.278200752626 1.778079879836259
0.0291 6367.957751430615 1.000222957507747 1.545742236901598 272.1746157010042 1.76465000416667
0.0292 6367.973740988177 1.00022254912668 1.545658470278438 272.0706835768477 1.751265650413833
0.0293 6367.989783962132 1.00022214017697 1.545574672260502 271.966404246144 1.737927179937535
0.0294 6368.005880373113 1.000221730663879 1.545490842827687 271.8617775747679 1.724634949538709
0.0295 6368.022030241769 1.000221320592661 1.545406981960475 271.7568034284999 1.71138931144704
0.0296 6368.038233588765 1.000220909968563 1.545323089639887 271.6514816730258 1.698190613306736
0.0297 6368.05449043478 1.000220498796827 1.545239165847486 271.545812173931 1.685039198162026
0.0298 6368.070800800506 1.000220087082686 1.54515521056538 271.4397947967121 1.671935404445352
0.0299 6368.08716470665 1.00021967483137 1.545071223776197 271.3334294067771 1.658879565964516
0.03 6368.103582173934 1.000219262048099 1.544987205463129 271.2267158694275 1.645872011888154
0.0301 6368.120053223091 1.000218848738087 1.544903155609893 271.1196540499058 1.632913066739604
0.0302 6368.136577874869 1.000218434906543 1.544819074200702 271.0122438133538 1.620003050380405
0.0303 6368.153156150026 1.000218020558665 1.544734961220373 270.9044850248309 1.607142278001497
0.0304 6368.169788069335 1.000217605699648 1.544650816654198 270.7963775493253 1.594331060114115
0.0305 6368.186473653579 1.000217190334677 1.544566640488011 270.6879212517364 1.581569702537636
0.0306 6368.203212923555 1.000216774468929 1.54448243270818 270.5791159968929 1.568858506392124
0.0307 6368.220005900069 1.000216358107575 1.544398193301566 270.4699616495526 1.556197768089212
0.0308 6368.236852603938 1.000215941255779 1.544313922255595 270.3604580744021 1.543587779323467
0.0309 6368.253753055991 1.000215523918695 1.54422961955818 270.2506051360573 1.531028827064232
0.031 6368.270707277067 1.00021510610147 1.544145285197775 270.140402699063 1.518521193547956
0.0311 6368.287715288015 1.000214687809243 1.544060919163323 270.0298506279049 1.506065156272328
0.0312 6368.304777109692 1.000214269047145 1.543976521444302 269.9189487870038 1.493660987988861
0.0313 6368.321892762966 1.000213849820299 1.543892092030699 269.8076970407213 1.481308956697298
0.0314 6368.339062268715 1.000213430133819 1.543807630912988 269.696095253354 1.469009325639172
0.0315 6368.356285647823 1.000213009992811 1.543723138082184 269.584143289151 1.456762353294454
0.0316 6368.373562921184 1.000212589402372 1.543638613529769 269.4718410123027 1.444568293375414
0.0317 6368.390894109701 1.000212168367592 1.543554057247779 269.3591882869458 1.43242739482291
0.0318 6368.408279234281 1.000211746893549 1.543469469228689 269.2461849771761 1.420339901803778
0.0319 6368.425718315842 1.000211324985315 1.543384849465527 269.1328309470299 1.408306053705519
0.032 6368.443211375308 1.000210902647953 1.543300197951772 269.0191260604964 1.396326085134661
0.0321 6368.460758433612 1.000210479886515 1.543215514681425 268.9050701815235 1.384400225914931
0.0322 6368.478359511688 1.000210056706045 1.543130799648973 268.7906631740292 1.372528701086496
0.0323 6368.496014630481 1.000209633111578 1.543046052849386 268.6759049018727 1.360711730901394
0.0324 6368.51372381094 1.00020920910814 1.542961274278123 268.5607952288896 1.348949530826201
0.0325 6368.53148707402 1.000208784700747 1.542876463931134 268.4453340188678 1.337242311539054
0.0326 6368.549304440683 1.000208359894404 1.542791621804841 268.3295211355602 1.325590278930816
0.0327 6368.567175931892 1.00020793469411 1.542706747896151 268.2133564427016 1.313993634107264
0.0328 6368.585101568618 1.000207509104851 1.542621842202439 268.0968398039857 1.302452573387598
0.0329 6368.603081371833 1.000207083131605 1.542536904721559 267.9799710830824 1.290967288307586
0.033 6368.621115362518 1.000206656779339 1.54245193545188 267.8627501436321 1.27953796562082
0.0331 6368.639203561653 1.000206230053012 1.542366934392157 267.7451768492573 1.268164787302194
0.0332 6368.657345990224 1.000205802957571 1.542281901541687 267.6272510635453 1.256847930548976
0.0333 6368.67554266922 1.000205375497954 1.542196836900182 267.5089726500713 1.245587567786376
0.0334 6368.693793619631 1.000204947679088 1.542111740467853 267.390341472399 1.234383866671255
0.0335 6368.712098862453 1.00020451950589 1.54202661224534 267.2713573940563 1.223236990094113
0.0336 6368.730458418681 1.000204090983268 1.541941452233768 267.1520202785713 1.212147096187133
0.0337 6368.748872309315 1.000203662116118 1.541856260434691 267.0323299894543 1.201114338327662
0.0338 6368.767340555353 1.000203232909326 1.541771036850141 266.9122863902038 1.190138865144395
0.0339 6368.785863177797 1.000202803367768 1.541685781482588 266.7918893443183 1.179220820524553
0.034 6368.80444019765 1.000202373496308 1.54160049433494 266.6711387152726 1.168360343618297
0.0341 6368.823071635916 1.000201943299801 1.541515175410546 266.5500343665475 1.157557568848458
0.0342 6368.841757513597 1.000201512783091 1.541429824713248 266.4285761616178 1.146812625916951
0.0343 6368.8604978517 1.000201081951009 1.54134444224724 266.3067639639524 1.136125639812759
0.0344 6368.879292671228 1.000200650808378 1.541259028017229 266.1845976370204 1.125496730820892
0.0345 6368.898141993184 1.000200219360009 1.541173582028307 266.0620770443023 1.114926014532296
0.0346 6368.917045838574 1.000199787610701 1.541088104286042 265.9392020492672 1.104413601851161
0.0347 6368.9360042284 1.000199355565244 1.541002594796381 265.8159725154018 1.093959599007293
0.0348 6368.955017183663 1.000198923228414 1.540917053565735 265.6923883061926 1.083564107564853
0.0349 6368.974084725364 1.000198490604979 1.540831480600898 265.5684492851323 1.073227224433611
0.035 6368.993206874503 1.000198057699693 1.540745875909149 265.4441553157311 1.062949041881109
0.0351 6369.012383652075 1.000197624517301 1.540660239498112 265.3195062615113 1.052729647543803
0.0352 6369.031615079078 1.000197191062534 1.54057457137586 265.1945019859949 1.042569124438189
0.0353 6369.050901176502 1.000196757340115 1.540488871550879 265.0691423527395 1.032467550976244
0.0354 6369.070241965337 1.000196323354752 1.540403140032072 264.9434272253087 1.022425000975992
0.0355 6369.089637466571 1.000195889111145 1.540317376828725 264.8173564672896 1.012441543676381
0.0356 6369.109087701188 1.000195454613978 1.540231581950528 264.6909299422754 1.002517243749753
0.0357 6369.128592690168 1.000195019867928 1.540145755407613 264.5641475139063 0.9926521613194258
0.0358 6369.148152454488 1.000194584877658 1.540059897210436 264.4370090458286 0.9828463519711861
0.0359 6369.16776701512 1.000194149647819 1.539974007369912 264.3095144017183 0.9730998667703502
0.036 6369.187436393036 1.000193714183052 1.539888085897317 264.1816634452688 0.9634127522764893
0.0361 6369.207160609197 1.000193278487983 1.539802132804331 264.053456040221 0.9537850505617357
0.0362 6369.226939684564 1.00019284256723 1.539716148103007 263.9248920503336 0.9442167992250273
0.0363 6369.246773640092 1.000192406425397 1.53963013180579 263.7959713394006 0.9347080314103735
0.0364 6369.266662496731 1.000191970067077 1.539544083925483 263.6666937712515 0.9252587758241936
0.0365 6369.286606275425 1.000191533496849 1.539458004475303 263.5370592097396 0.9158690567522286
0.0366 6369.306604997112 1.000191096719283 1.539371893468813 263.4070675187712 0.9065388940798825
0.0367 6369.326658682727 1.000190659738935 1.539285750919952 263.2767185622764 0.8972683033086846
0.0368 6369.346767353195 1.000190222560349 1.539199576843036 263.1460122042325 0.888057295577019
0.0369 6369.366931029437 1.000189785188059 1.539113371252732 263.0149483086583 0.8789058776791253
0.03700000000000001 6369.387149732368 1.000189347626583 1.539027134164088 262.8835267396079 0.8698140520845363
0.0371 6369.407423482895 1.000188909880432 1.538940865592481 262.7517473611828 0.8607818169591573
0.0372 6369.427752301918 1.000188471954099 1.538854565553674 262.6196100375317 0.8518091661859123
0.0373 6369.448136210331 1.00018803385207 1.538768234063775 262.4871146328509 0.8428960893857909
0.0374 6369.468575229018 1.000187595578816 1.538681871139226 262.3542610113835 0.8340425719393001
0.0375 6369.489069378858 1.000187157138797 1.538595476796827 262.2210490374204 0.8252485950083134
0.0376 6369.509618680722 1.000186718536459 1.538509051053736 262.0874785753052 0.8165141355586992
0.0377 6369.530223155472 1.000186279776238 1.538422593927422 261.9535494894352 0.8078391663829377
0.0378 6369.55088282396 1.000185840862555 1.538336105435716 261.8192616442606 0.7992236561231272
0.0379 6369.571597707033 1.000185401799823 1.538249585596764 261.6846149042848 0.7906675692943742
0.038 6369.592367825528 1.000184962592437 1.538163034429064 261.5496091340705 0.7821708663089357
0.0381 6369.613193200271 1.000184523244785 1.538076451951424 261.4142441982393 0.7737335035003504
0.0382 6369.634073852082 1.000184083761239 1.537989838182987 261.2785199614663 0.7653554331475809
0.0383 6369.65500980177 1.000183644146161 1.537903193143205 261.1424362884972 0.7570366035009872
0.0384 6369.676001070135 1.000183204403898 1.537816516851878 261.0059930441251 0.7487769588061093
0.0385 6369.697047677966 1.000182764538788 1.537729809329081 260.8691900932203 0.7405764393310703
0.0386 6369.718149646044 1.000182324555153 1.537643070595228 260.7320273007116 0.7324349813914424
0.03870000000000001 6369.739306995139 1.000181884457306 1.537556300671047 260.5945045315933 0.7243525173769111
0.0388 6369.760519746012 1.000181444249545 1.537469499577545 260.4566216509246 0.7163289757779295
0.0389 6369.781787919409 1.000181003936157 1.537382667336059 260.3183785238415 0.7083642812133959
0.039 6369.803111536069 1.000180563521416 1.537295803968215 260.1797750155509 0.7004583544576282
0.0391 6369.824490616722 1.000180123009585 1.53720890949595 260.0408109913072 0.6926111124667008
0.0392 6369.845925182082 1.000179682404912 1.537121983941444 259.9014863164651 0.6848224684094721
0.0393 6369.867415252856 1.000179241711634 1.537035027327232 259.7618008564385 0.6770923316935529
0.0394 6369.888960849736 1.000178800933977 1.536948039676107 259.6217544767181 0.6694206079949637
0.0395 6369.910561993404 1.000178360076152 1.536861021011138 259.4813470428716 0.6618071992870976
0.0396 6369.932218704533 1.00017791914236 1.536773971355681 259.3405784205373 0.6542520038696855
0.0397 6369.953931003778 1.000177478136788 1.536686890733389 259.1994484754426 0.6467549163993428
0.0398 6369.975698911788 1.00017703706361 1.536599779168146 259.0579570733797 0.6393158279182026
0.0399 6369.997522449195 1.000176595926991 1.536512636684149 258.9161040802295 0.6319346258853803
0.04 6370.019401636622 1.000176154731079 1.536425463305854 258.7738893619556 0.6246111942071428
0.0401 6370.041336494676 1.000175713480014 1.53633825905797 258.6313127846046 0.6173454132676965
0.0402 6370.063327043954 1.000175272177921 1.536251023965466 258.4883742142996 0.6101371599599653
0.0403 6370.085373305038 1.000174830828914 1.536163758053577 258.3450735172527 0.6029863077175563
0.04040000000000001 6370.1074752985 1.000174389437093 1.536076461347802 258.2014105597526 0.5958927265458061
0.0405 6370.129633044894 1.000173948006548 1.535989133873868 258.0573852081887 0.5888562830548641
0.0406 6370.151846564764 1.000173506541356 1.535901775657771 257.9129973290331 0.5818768404909856
0.0407 6370.17411587864 1.000173065045581 1.535814386725752 257.7682467888407 0.5749542587689881
0.0408 6370.196441007037 1.000172623523274 1.535726967104289 257.6231334542607 0.5680883945055267
0.0409 6370.218821970456 1.000172181978477 1.535639516820094 257.4776571920373 0.5612791010520409
0.041 6370.241258789385 1.000171740415217 1.535552035900115 257.3318178689973 0.554526228527405
0.0411 6370.263751484297 1.00017129883751 1.535464524371552 257.1856153520679 0.5478296238522123
0.0412 6370.286300075652 1.00017085724936 1.535376982261813 257.0390495082651 0.5411891307819123
0.0413 6370.308904583893 1.000170415654758 1.535289409598531 256.8921202046935 0.5346045899407487
0.0414 6370.331565029452 1.000169974057683 1.535201806409588 256.7448273085641 0.5280758388567087
0.0415 6370.354281432743 1.000169532462103 1.535114172723056 256.5971706871709 0.5216027119948453
0.04160000000000001 6370.377053814165 1.000169090871974 1.535026508567244 256.4491502079258 0.5151850407934357
0.0417 6370.399882194104 1.000168649291239 1.534938813970675 256.3007657383235 0.5088226536972299
0.0418 6370.422766592931 1.000168207723831 1.534851088962047 256.1520171459478 0.5025153761927567
0.0419 6370.445707030998 1.000167766173668 1.534763333570319 256.0029042985119 0.4962630308452955
0.042 6370.468703528646 1.000167324644658 1.534675547824624 255.8534270638005 0.4900654373317901
0.04210000000000001 6370.491756106198 1.000166883140697 1.534587731754303 255.7035853097103 0.4839224124782181
0.0422 6370.514864783962 1.000166441665671 1.534499885388874 255.5533789042446 0.4778337702951284
0.0423 6370.53802958223 1.000166000223451 1.534412008758087 255.402807715507 0.4717993220133792
0.0424 6370.561250521276 1.000165558817898 1.534324101891861 255.2518716117078 0.465818876120537
0.0425 6370.584527621361 1.000165117452861 1.534236164820304 255.1005704611515 0.4598922383967405
0.0426 6370.60786090273 1.000164676132178 1.534148197573723 254.9489041322553 0.4540192119519029
0.0427 6370.631250385609 1.000164234859675 1.534060200182587 254.7968724935425 0.4481995972621282
0.0428 6370.654696090209 1.000163793639166 1.533972172677543 254.6444754136431 0.4424331922065214
0.0429 6370.678198036724 1.000163352474454 1.533884115089437 254.4917127612933 0.4367197921041502
0.043 6370.701756245334 1.000162911369331 1.533796027449279 254.3385844053299 0.4310591897509355
0.0431 6370.725370736199 1.000162470327576 1.533707909788232 254.1850902147079 0.4254511754575527
0.0432 6370.749041529461 1.000162029352959 1.533619762137658 254.0312300585064 0.4198955370870006
0.04330000000000001 6370.772768645249 1.000161588449236 1.533531584529055 253.8770038058814 0.4143920600903929
0.0434 6370.796552103673 1.000161147620155 1.53344337699408 253.7224113261249 0.4089405275467252
0.0435 6370.820391924826 1.000160706869449 1.533355139564568 253.5674524886293 0.4035407201993317
0.0436 6370.844288128784 1.000160266200844 1.533266872272486 253.4121271629054 0.3981924164943632
0.0437 6370.868240735605 1.000159825618051 1.533178575149984 253.2564352185703 0.3928953926183271
0.0438 6370.892249765329 1.000159385124772 1.53309024822932 253.1003765253594 0.3876494225365478
0.0439 6370.916315237981 1.000158944724698 1.533001891542928 252.9439509531261 0.3824542780312987
0.044 6370.940437173565 1.000158504421509 1.532913505123371 252.7871583718305 0.3773097287396402
0.0441 6370.964615592071 1.000158064218873 1.532825089003353 252.629998651539 0.3722155421917479
0.0442 6370.988850513469 1.000157624120449 1.53273664321572 252.472471662454 0.3671714838502576
0.0443 6371.013141957709 1.000157184129884 1.532648167793453 252.3145772748902 0.3621773171479395
0.0444 6371.037489944728 1.000156744250814 1.532559662769635 252.1563153592687 0.3572328035260449
0.0445 6371.061894494441 1.000156304486866 1.532471128177507 251.9976857861346 0.3523377024734486
0.0446 6371.086355626746 1.000155864841654 1.532382564050441 251.8386884261516 0.3474917715650893
0.0447 6371.110873361523 1.000155425318784 1.532293970421904 251.6793231501014 0.3426947665006481
0.0448 6371.135447718634 1.00015498592185 1.532205347325485 251.5195898288779 0.3379464411430935
0.0449 6371.160078717923 1.000154546654436 1.532116694794912 251.3594883334994 0.3332465475577927
0.04500000000000001 6371.184766379214 1.000154107520115 1.53202801286401 251.1990185351082 0.3285948360512874
0.0451 6371.209510722314 1.00015366852245 1.531939301566702 251.0381803049589 0.3239910552097566
0.0452 6371.23431176701 1.000153229664996 1.531850560937042 250.8769735144364 0.3194349519383552
0.0453 6371.259169533071 1.000152790951294 1.531761791009173 250.7153980350375 0.3149262714995409
0.0454 6371.284084040249 1.000152352384878 1.531672991817336 250.5534537383836 0.3104647575522592
0.0455 6371.309055308275 1.000151913969271 1.531584163395884 250.391140496214 0.3060501521906202
0.0456 6371.334083356862 1.000151475707984 1.531495305779261 250.2284581803982 0.3016821959830602
0.0457 6371.359168205703 1.000151037604522 1.531406419002011 250.0654066629298 0.2973606280109996
0.0458 6371.384309874474 1.000150599662377 1.531317503098749 249.9019858159207 0.2930851859074954
0.0459 6371.409508382832 1.000150161885033 1.531228558104189 249.7381955115951 0.288855605895887
0.046 6371.434763750412 1.000149724275963 1.53113958405313 249.574035622319 0.2846716228293205
0.0461 6371.460075996835 1.000149286838633 1.531050580980444 249.4095060205708 0.2805329702287047
0.0462 6371.485445141699 1.000148849576495 1.530961548921113 249.244606578959 0.2764393803218527
0.0463 6371.510871204582 1.000148412492995 1.530872487910164 249.079337170216 0.2723905840819673
0.0464 6371.536354205045 1.000147975591569 1.530783397982691 248.9136976672047 0.268386311266371
0.0465 6371.561894162631 1.000147538875644 1.530694279173892 248.7476879428999 0.2644262904546089
0.0466 6371.58749109686 1.000147102348635 1.530605131519027 248.5813078704126 0.2605102490874887
0.04670000000000001 6371.613145027234 1.000146666013952 1.530515955053388 248.4145573229779 0.2566379135051914
0.0468 6371.638855973238 1.000146229874993 1.530426749812369 248.247436173955 0.2528090089855989
0.0469 6371.664623954335 1.000145793935147 1.530337515831415 248.0799442968213 0.2490232597824099
0.047 6371.69044898997 1.000145358197795 1.530248253146013 247.9120815651962 0.2452803891638347
0.0471 6371.716331099567 1.000144922666309 1.530158961791735 247.7438478528173 0.2415801194501262
0.0472 6371.74227030253 1.000144487344051 1.530069641804173 247.5752430335582 0.2379221720519475
0.0473 6371.768266618245 1.000144052234377 1.529980293218996 247.4062669814047 0.2343062675077257
0.0474 6371.794320066079 1.000143617340632 1.529890916071917 247.2369195704845 0.2307321255220587
0.0475 6371.820430665378 1.000143182666151 1.529801510398691 247.0672006750436 0.2271994650028539
0.0476 6371.846598435468 1.000142748214265 1.5297120762351 246.8971101694582 0.2237080040991166
0.0477 6371.872823395656 1.000142313988292 1.52962261361699 246.7266479282342 0.2202574602383539
0.0478 6371.89910556523 1.000141879991544 1.529533122580254 246.555813826002 0.2168475501637341
0.04790000000000001 6371.925444963458 1.000141446227324 1.529443603160789 246.3846077375218 0.2134779899713525
0.048 6371.951841609586 1.000141012698928 1.529354055394551 246.21302953769 0.2101484951473473
0.0481 6371.978295522844 1.000140579409641 1.529264479317507 246.041079101515 0.2068587806042993
0.0482 6372.004806722438 1.000140146362743 1.529174874965689 245.8687563041534 0.2036085607186284
0.0483 6372.031375227559 1.000139713561503 1.529085242375123 245.6960610208679 0.2003975493663564
0.04840000000000001 6372.058001057373 1.000139281009186 1.528995581581863 245.522993127075 0.1972254599603899
0.0485 6372.08468423103 1.000138848709044 1.528905892622007 245.3495524983035 0.1940920054859728
0.0486 6372.11142476766 1.000138416664327 1.528816175531649 245.1757390102124 0.1909968985370768
0.0487 6372.13822268637 1.000137984878272 1.528726430346923 245.0015525385965 0.1879398513523821
0.0488 6372.16507800625 1.000137553354111 1.528636657103957 244.8269929593747 0.1849205758507645
0.0489 6372.19199074637 1.000137122095069 1.528546855838902 244.6520601485962 0.1819387836669133
0.049 6372.218960925778 1.000136691104362 1.528457026587939 244.4767539824401 0.1789941861866515
0.0491 6372.245988563505 1.000136260385198 1.528367169387233 244.3010743372155 0.1760864945820597
0.0492 6372.27307367856 1.000135829940781 1.528277284272981 244.1250210893617 0.1732154198463995
0.0493 6372.300216289932 1.000135399774303 1.528187371281347 243.948594115442 0.170380672828736
0.0494 6372.327416416592 1.000134969888953 1.528097430448542 243.7717932921499 0.1675819642685459
0.0495 6372.35467407749 1.000134540287911 1.528007461810755 243.5946184963149 0.1648190048301005
0.04960000000000001 6372.381989291554 1.00013411097435 1.527917465404171 243.4170696048963 0.1620915051364404
0.0497 6372.409362077698 1.000133681951435 1.527827441265002 243.2391464949659 0.1593991758029581
0.0498 6372.436792454809 1.000133253222326 1.527737389429416 243.0608490437434 0.1567417274715606
0.0499 6372.464280441758 1.000132824790176 1.527647309933605 242.8821771285724 0.1541188708436912
0.05 6372.491826057397 1.000132396658129 1.527557202813741 242.7031306269208 0.1515303167134826
0.05010000000000001 6372.519429320556 1.000131968829325 1.527467068105986 242.5237094163866 0.1489757760007529
0.0502 6372.547090250045 1.000131541306896 1.527376905846504 242.3439133747096 0.1464549597838277
0.0503 6372.574808864655 1.000131114093968 1.527286716071425 242.1637423797418 0.1439675793315303
0.0504 6372.602585183158 1.000130687193659 1.52719649881688 241.9831963094715 0.1415133461356712
0.0505 6372.630419224305 1.000130260609084 1.527106254118972 241.8022750420167 0.1390919719428568
0.0506 6372.658311006828 1.000129834343347 1.527015982013791 241.6209784556198 0.1367031687860407
0.0507 6372.686260549437 1.00012940839955 1.526925682537417 241.4393064286591 0.1343466490160441
0.0508 6372.714267870825 1.000128982780786 1.526835355725878 241.2572588396368 0.1320221253324895
0.0509 6372.742332989665 1.000128557490144 1.526745001615222 241.0748355671798 0.1297293108146221
0.051 6372.770455924608 1.000128132530704 1.526654620241443 240.8920364900504 0.1274679189519956
0.0511 6372.798636694287 1.000127707905543 1.526564211640501 240.7088614871353 0.1252376636745753
0.0512 6372.826875317314 1.00012728361773 1.526473775848372 240.5253104374573 0.1230382593828503
0.05130000000000001 6372.855171812284 1.000126859670331 1.526383312900943 240.3413832201512 0.1208694209772257
0.0514 6372.88352619777 1.000126436066402 1.526292822834104 240.157079714494 0.11873086388776
0.0515 6372.911938492325 1.000126012808996 1.526202305683735 239.9723997998866 0.1166223041030362
0.0516 6372.940408714484 1.000125589901161 1.526111761485628 239.7873433558542 0.1145434581989487
0.0517 6372.968936882761 1.000125167345937 1.526021190275579 239.601910262052 0.112494043367251
0.05180000000000001 6372.997523015653 1.00012474514636 1.525930592089329 239.4161003982534 0.110473777443597
0.0519 6373.026167131634 1.00012432330546 1.525839966962597 239.2299136443797 0.1084823789357233
0.052 6373.05486924916 1.000123901826262 1.525749314931052 239.0433498804585 0.1065195670505454
0.0521 6373.083629386668 1.000123480711785 1.525658636030328 238.8564089866594 0.104585061721769
0.0522 6373.112447562574 1.000123059965043 1.525567930296013 238.6690908432701 0.1026785836365466
0.0523 6373.141323795277 1.000122639589046 1.525477197763649 238.4813953307024 0.1007998542621288
0.0524 6373.170258103154 1.000122219586798 1.525386438468739 238.2933223294984 0.09894859587218298
0.0525 6373.199250504565 1.000121799961295 1.525295652446747 238.1048717203302 0.09712453157272002
0.0526 6373.228301017847 1.000121380715534 1.525204839733084 237.9160433839937 0.09532738532763348
0.0527 6373.257409661323 1.0001209618525 1.525114000363116 237.7268372014036 0.09355688198391021
0.0528 6373.286576453292 1.00012054337518 1.525023134372148 237.5372530536041 0.09181274729667069
0.0529 6373.315801412036 1.00012012528655 1.524932241795456 237.347290821764 0.09009470795369963
0.05300000000000001 6373.345084555818 1.000119707589586 1.524841322668257 237.1569503871818 0.08840249159974385
0.0531 6373.374425902881 1.000119290287256 1.524750377025701 236.9662316312746 0.08673582686030726
0.0532 6373.403825471449 1.000118873382524 1.52465940490292 236.7751344355833 0.08509444336526031
0.0533 6373.433283279725 1.000118456878351 1.524568406334951 236.5836586817849 0.08347807177214465
0.0534 6373.462799345898 1.000118040777691 1.524477381356823 236.3918042516628 0.08188644378877566
0.05350000000000001 6373.492373688132 1.000117625083494 1.524386330003472 236.1995710271425 0.08031929219604426
0.0536 6373.522006324576 1.000117209798708 1.524295252309788 236.0069588902555 0.0787763508697682
0.0537 6373.551697273359 1.000116794926273 1.52420414831062 235.8139677231637 0.07725735480267884
0.0538 6373.581446552591 1.000116380469127 1.524113018040741 235.6205974081589 0.07576204012584749
0.0539 6373.611254180361 1.000115966430202 1.524021861534869 235.4268478276512 0.07429014412966259
0.054 6373.641120174743 1.000115552812426 1.523930678827671 235.2327188641688 0.07284140528454187
0.0541 6373.671044553791 1.000115139618724 1.523839469953748 235.0382104003583 0.07141556326128035
0.05420000000000001 6373.701027335538 1.000114726852015 1.523748234947648 234.8433223190021 0.07001235895116006
0.0543 6373.731068538001 1.000114314515216 1.523656973843845 234.6480545029953 0.06863153448538953
0.0544 6373.761168179176 1.000113902611236 1.523565686676775 234.4524068353566 0.06727283325443748
0.0545 6373.791326277041 1.000113491142985 1.523474373480778 234.2563791992351 0.06593599992694846
0.0546 6373.821542849557 1.000113080113365 1.523383034290158 234.0599714778804 0.06462078046804932
0.05470000000000001 6373.851817914665 1.000112669525274 1.523291669139161 233.8631835546779 0.06332692215772869
0.0548 6373.882151490287 1.000112259381609 1.523200278061942 233.6660153131314 0.06205417360847888
0.0549 6373.912543594329 1.00011184968526 1.52310886109261 233.4684666368629 0.06080228478268888
0.055 6373.942994244675 1.000111440439114 1.523017418265209 233.2705374096125 0.0595710070096629
0.0551 6373.973503459193 1.000111031646056 1.522925949613718 233.0722275152447 0.05836009300230075
0.05520000000000001 6374.004071255733 1.000110623308963 1.522834455172051 232.873536837736 0.05716929687329295
0.0553 6374.034697652125 1.000110215430712 1.522742934974047 232.6744652611873 0.05599837415108641
0.0554 6374.065382666182 1.000109808014174 1.522651389053492 232.4750126698176 0.05484708179536432
0.0555 6374.096126315698 1.000109401062218 1.5225598174441 232.2751789479643 0.05371517821218636
0.0556 6374.12692861845 1.000108994577707 1.522468220179517 232.0749639800769 0.05260242326871999
0.0557 6374.157789592194 1.000108588563502 1.52237659729334 231.874367650741 0.05150857830775725
0.0558 6374.188709254671 1.000108183022459 1.522284948819074 231.6733898446367 0.05043340616149588
0.05590000000000001 6374.219687623604 1.000107777957431 1.522193274790166 231.4720304465744 0.04937667116536748
0.056 6374.250724716696 1.000107373371268 1.522101575240008 231.2702893414765 0.04833813917119587
0.0561 6374.281820551632 1.000106969266814 1.522009850201915 231.0681664143898 0.04731757756013667
0.0562 6374.312975146081 1.000106565646913 1.521918099709136 230.8656615504732 0.04631475525511741
0.0563 6374.344188517694 1.000106162514402 1.521826323794848 230.6627746349922 0.04532944273293605
0.05640000000000001 6374.375460684101 1.000105759872116 1.521734522492172 230.4595055533422 0.0443614120361262
0.0565 6374.406791662919 1.000105357722886 1.521642695834152 230.2558541910252 0.0434104367842144
0.0566 6374.438181471744 1.00010495606954 1.521550843853774 230.0518204336671 0.0424762921848034
0.0567 6374.469630128155 1.000104554914901 1.521458966583952 229.8474041669946 0.04155875504408672
0.0568 6374.501137649713 1.000104154261791 1.521367064057525 229.6426052768642 0.04065760377723447
0.05690000000000001 6374.532704053963 1.000103754113025 1.521275136307291 229.4374236492389 0.03977261841816283
0.057 6374.564329358431 1.000103354471417 1.521183183365957 229.2318591702 0.03890358062909222
0.0571 6374.596013580626 1.000102955339778 1.521091205266164 229.0259117259292 0.03805027370960729
0.0572 6374.627756738039 1.000102556720912 1.520999202040511 228.8195812027442 0.0372124826055691
0.0573 6374.659558848145 1.000102158617623 1.520907173721499 228.6128674870573 0.03638999391733823
0.0574 6374.6914199284 1.00010176103271 1.52081512034159 228.4057704653991 0.03558259590790105
0.0575 6374.723339996243 1.000101363968968 1.520723041933167 228.1982900244183 0.03479007851052886
0.05760000000000001 6374.755319069097 1.000100967429191 1.520630938528544 227.99042605087 0.03401223333602765
0.0577 6374.787357164366 1.000100571416165 1.520538810159991 227.7821784316219 0.03324885367969425
0.0578 6374.819454299438 1.000100175932677 1.520446656859697 227.5735470536537 0.03249973452788651
0.0579 6374.851610491683 1.000099780981508 1.520354478659784 227.3645318040634 0.03176467256425317
0.058 6374.883825758455 1.000099386565436 1.520262275592321 227.1551325700437 0.03104346617550121
0.05810000000000001 6374.91610011709 1.000098992687236 1.52017004768931 226.9453492389174 0.03033591545701412
0.0582 6374.948433584907 1.000098599349677 1.520077794982696 226.7351816981017 0.02964182221786703
0.0583 6374.98082617921 1.000098206555528 1.519985517504357 226.5246298351379 0.02896098998571168
0.0584 6375.013277917282 1.000097814307552 1.519893215286102 226.3136935376682 0.02829322401113062
0.0585 6375.045788816392 1.00009742260851 1.519800888359688 226.1023726934526 0.02763833127177878
0.05860000000000001 6375.078358893793 1.000097031461158 1.51970853675681 225.8906671903459 0.02699612047604581
0.0587 6375.110988166719 1.000096640868248 1.519616160509115 225.678576916327 0.02636640206653895
0.05880000000000001 6375.143676652388 1.000096250832531 1.519523759648161 225.4661017594811 0.02574898822307557
0.0589 6375.176424368 1.000095861356752 1.519431334205486 225.2532416080002 0.02514369286539154
0.059 6375.209231330741 1.000095472443652 1.519338884212539 225.0399963501822 0.02455033165551128
0.0591 6375.242097557779 1.00009508409597 1.519246409700717 224.8263658744376 0.02396872199979809
0.0592 6375.275023066265 1.00009469631644 1.519153910701377 224.6123500692773 0.02339868305062198
0.05930000000000001 6375.308007873333 1.000094309107794 1.519061387245814 224.3979488233366 0.02284003570779258
0.0594 6375.341051996103 1.000093922472757 1.518968839365255 224.1831620253332 0.02229260261949185
0.0595 6375.374155451674 1.000093536414054 1.518876267090882 223.967989564121 0.02175620818312867
0.0596 6375.407318257133 1.000093150934403 1.518783670453829 223.7524313286366 0.02123067854559658
0.0597 6375.440540429548 1.00009276603652 1.51869104948517 223.5364872079348 0.02071584160343842
0.05980000000000001 6375.473821985973 1.000092381723117 1.518598404215922 223.3201570911768 0.02021152700257345
0.0599 6375.507162943441 1.0000919979969 1.518505734677076 223.1034408676304 0.01971756613774139
0.06 6375.540563318975 1.000091614860575 1.518413040899534 222.8863384266637 0.01923379215162238
0.0601 6375.574023129576 1.00009123231684 1.518320322914183 222.6688496577571 0.01876003993368949
0.0602 6375.607542392232 1.000090850368391 1.518227580751845 222.4509744504916 0.01829614611870301
0.0603 6375.641121123914 1.000090469017919 1.518134814443304 222.2327126945605 0.01784194908495582
0.0604 6375.674759341577 1.000090088268112 1.518042024019286 222.0140642797518 0.0173972889521577
0.06050000000000001 6375.708457062158 1.000089708121654 1.517949209510481 221.7950290959715 0.01696200757911124
0.0606 6375.742214302581 1.000089328581222 1.517856370947536 221.5756070332203 0.01653594856099889
0.0607 6375.776031079752 1.000088949649493 1.517763508361043 221.3557979816113 0.01611895722646609
0.0608 6375.809907410561 1.000088571329136 1.517670621781567 221.1356018313521 0.01571088063435031
0.0609 6375.843843311882 1.000088193622818 1.517577711239616 220.9150184727686 0.01531156757020751
0.06100000000000001 6375.877838800572 1.000087816533199 1.517484776765682 220.6940477962811 0.01492086854247256
0.0611 6375.911893893475 1.000087440062939 1.517391818390181 220.4726896924107 0.01453863577840229
0.0612 6375.946008607418 1.000087064214689 1.517298836143524 220.2509440517846 0.01416472321974673
0.0613 6375.980182959209 1.000086688991097 1.517205830056076 220.0288107651426 0.01379898651815241
0.0614 6376.014416965643 1.000086314394808 1.517112800158157 219.8062897233189 0.01344128303026416
0.06150000000000001 6376.048710643499 1.00008594042846 1.51701974648006 219.5833808172541 0.01309147181261769
0.0616 6376.083064009541 1.000085567094687 1.516926669052041 219.3600839379836 0.01274941361623876
0.0617 6376.117477080513 1.00008519439612 1.516833567904327 219.1363989766668 0.01241497088105456
0.0618 6376.151949873147 1.000084822335382 1.516740443067128 218.9123258245457 0.01208800772994925
0.0619 6376.186482404159 1.000084450915093 1.516647294570584 218.6878643729691 0.01176838996267629
0.062 6376.221074690246 1.000084080137869 1.516554122444846 218.4630145133978 0.01145598504950203
0.0621 6376.255726748096 1.000083710006319 1.516460926720022 218.2377761373754 0.01115066212456499
0.06220000000000001 6376.290438594373 1.000083340523046 1.516367707426207 218.0121491365757 0.01085229197911032
0.0623 6376.325210245731 1.000082971690653 1.516274464593431 217.7861334027492 0.01056074705435922
0.0624 6376.360041718806 1.000082603511732 1.516181198251747 217.5597288277589 0.01027590143427587
0.0625 6376.394933030219 1.000082235988873 1.516087908431167 217.3329353035741 0.009997630838058139
0.0626 6376.429884196576 1.000081869124658 1.515994595161678 217.1057527222587 0.009725812612407502
0.06270000000000001 6376.464895234464 1.000081502921667 1.515901258473258 216.8781809759829 0.009460325723617572
0.06280000000000001 6376.49996616046 1.000081137382473 1.515807898395843 216.6502199570117 0.009201050749427377
0.0629 6376.53509699112 1.000080772509642 1.515714514959388 216.4218695577223 0.008947869870706575
0.063 6376.570287742988 1.000080408305735 1.515621108193804 216.1931296705806 0.008700666862895412
0.0631 6376.60553843259 1.000080044773309 1.515527678128998 215.9640001881647 0.008459327087303957
0.06320000000000001 6376.640849076439 1.000079681914914 1.51543422479486 215.7344810031476 0.008223737482175881
0.06330000000000001 6376.676219691029 1.000079319733094 1.515340748221271 215.5045720083084 0.007993786553598991
0.0634 6376.711650292843 1.000078958230387 1.515247248438099 215.2742730965209 0.007769364366210208
0.0635 6376.747140898345 1.000078597409324 1.515153725475207 215.0435841607595 0.00755036253374221
0.0636 6376.782691523982 1.000078237272433 1.515060179362462 214.8125050941165 0.007336674209407758
0.06370000000000001 6376.818302186191 1.000077877822232 1.514966610129689 214.5810357897616 0.007128194076060869
0.06380000000000001 6376.853972901387 1.000077519061236 1.514873017806742 214.3491761409822 0.006924818336271925
0.0639 6376.889703685976 1.000077160991952 1.514779402423457 214.1169260411547 0.006726444702177972
0.064 6376.925494556343 1.000076803616879 1.514685764009674 213.8842853837676 0.006532972385225738
0.0641 6376.961345528861 1.000076446938513 1.514592102595234 213.6512540624043 0.006344302085728072
0.06420000000000001 6376.997256619884 1.000076090959341 1.514498418209969 213.4178319707543 0.006160335982299456
0.06430000000000001 6377.033227845754 1.000075735681844 1.51440471088372 213.1840190025958 0.005980977721125933
0.0644 6377.069259222797 1.000075381108495 1.514310980646328 212.9498150518197 0.005806132405130331
0.0645 6377.105350767321 1.000075027241762 1.514217227527644 212.7152200124109 0.005635706582971941
0.0646 6377.141502495621 1.000074674084105 1.514123451557526 212.4802337784612 0.005469608237940358
0.06470000000000001 6377.177714423976 1.000074321637977 1.51402965276584 212.2448562441567 0.005307746776707629
0.0648 6377.213986568647 1.000073969905824 1.513935831182452 212.009087303796 0.00515003301798142
0.0649 6377.250318945883 1.000073618890085 1.513841986837252 211.7729268517604 0.004996379181010303
0.065 6377.286711571915 1.00007326859319 1.513748119760133 211.5363747825494 0.004846698874021764
0.06510000000000001 6377.323164462962 1.000072919017564 1.513654229981001 211.2994309907452 0.004700907082506468
0.06520000000000001 6377.359677635222 1.000072570165623 1.513560317529794 211.0620953710544 0.004558920157449171
0.0653 6377.396251104881 1.000072222039775 1.513466382436446 210.824367818272 0.004420655803413139
0.0654 6377.43288488811 1.000071874642422 1.513372424730924 210.5862482272877 0.00428603306655736
0.0655 6377.469579001061 1.000071527975956 1.513278444443207 210.3477364931035 0.004154972322569971
0.06560000000000001 6377.506333459875 1.000071182042763 1.513184441603295 210.1088325108102 0.004027395264492969
0.06570000000000001 6377.543148280673 1.000070836845219 1.513090416241216 209.8695361756226 0.003903224890498245
0.0658 6377.580023479564 1.000070492385694 1.512996368387019 209.6298473828323 0.003782385491542627
0.0659 6377.616959072639 1.000070148666548 1.512902298070776 209.3897660278434 0.003664802638994341
0.066 6377.653955075975 1.000069805690134 1.512808205322595 209.1492920061604 0.003550403172165921
0.06610000000000001 6377.691011505632 1.000069463458795 1.512714090172598 208.9084252133943 0.003439115185791958
0.06620000000000001 6377.728128377655 1.000069121974867 1.512619952650955 208.6671655452445 0.003330868017435859
0.0663 6377.765305708072 1.000068781240676 1.512525792787855 208.425512897535 0.003225592234864888
0.0664 6377.802543512897 1.000068441258541 1.512431610613521 208.1834671661721 0.003123219623338625
0.0665 6377.839841808129 1.000068102030771 1.512337406158213 207.941028247163 0.003023683172876632
0.06660000000000001 6377.877200609749 1.000067763559665 1.512243179452235 207.6981960366328 0.002926917065481088
0.06670000000000001 6377.914619933723 1.000067425847515 1.512148930525908 207.4549704308014 0.002832856662302597
0.0668 6377.952099796001 1.000067088896603 1.51205465940962 207.211351325995 0.002741438490785057
0.0669 6377.989640212518 1.000066752709201 1.511960366133773 206.9673386186345 0.002652600231769383
0.067 6378.027241199193 1.000066417287572 1.511866050728823 206.722932205247 0.002566280706578291
0.06710000000000001 6378.064902771928 1.000066082633971 1.511771713225263 206.4781319824664 0.002482419864072287
0.06720000000000001 6378.102624946613 1.000065748750641 1.511677353653639 206.2329378470148 0.002400958767679619
0.0673 6378.140407739116 1.000065415639817 1.511582972044542 205.9873496957447 0.002321839582429635
0.0674 6378.178251165294 1.000065083303724 1.5114885684286 205.7413674255912 0.002245005561943723
0.0675 6378.216155240985 1.000064751744575 1.511394142836507 205.4949909335959 0.002170401035441231
0.06760000000000001 6378.254119982013 1.000064420964577 1.511299695298988 205.2482201169186 0.002097971394735319
0.06770000000000001 6378.292145404183 1.000064090965922 1.511205225846838 205.0010548728077 0.00202766308121492
0.0678 6378.33023152329 1.000063761750796 1.511110734510891 204.7534950986181 0.001959423572843101
0.0679 6378.368378355106 1.000063433321372 1.511016221322042 204.5055406918112 0.001893201371155301
0.068 6378.406585915392 1.000063105679814 1.510921686311236 204.2571915499547 0.001828945988266542
0.06810000000000001 6378.444854219889 1.000062778828274 1.510827129509482 204.0084475707225 0.001766607933891126
0.0682 6378.483183284324 1.000062452768895 1.510732550947853 203.7593086518954 0.00170613870237819
0.0683 6378.521573124407 1.000062127503809 1.510637950657469 203.5097746913542 0.00164749075976512
0.0684 6378.560023755833 1.000061803035134 1.510543328669515 203.2598455870865 0.001590617530856422
0.06850000000000001 6378.598535194279 1.000061479364982 1.510448685015237 203.009521237186 0.001535473386326846
0.06860000000000001 6378.637107455407 1.000061156495449 1.510354019725955 202.7588015398532 0.00148201362985353
0.0687 6378.675740554862 1.000060834428624 1.510259332833043 202.5076863933945 0.001430194485280335
0.0688 6378.714434508272 1.000060513166581 1.510164624367954 202.256175696229 0.001379973083818638
0.0689 6378.753189331252 1.000060192711385 1.510069894362186 202.0042693468644 0.001331307451280637
0.06900000000000001 6378.792005039393 1.000059873065088 1.509975142847336 201.7519672439443 0.001284156495367972
0.06910000000000001 6378.830881648277 1.000059554229733 1.509880369855041 201.499269286201 0.001238479992986075
0.0692 6378.869819173466 1.000059236207346 1.50978557541704 201.2461753724732 0.001194238577618682
0.0693 6378.908817630505 1.000058918999946 1.509690759565122 200.9926854017179 0.001151393726750751
0.0694 6378.947877034925 1.000058602609538 1.509595922331155 200.7387992729867 0.001109907749338172
0.06950000000000001 6378.986997402237 1.000058287038115 1.509501063747097 200.4845168854612 0.001069743773343025
0.06960000000000001 6379.026178747937 1.000057972287657 1.509406183844959 200.2298381384115 0.001030865733314424
0.0697 6379.065421087504 1.000057658360134 1.509311282656851 199.9747629312263 0.0009932383580418731
