0 6365.5 1.000297410486151 1.569050997542902 288.15 5.456553075536664
0.0001 6365.501142818167 1.000297370081893 1.568973017811618 288.1425716819148 5.453943555297789
0.0002 6365.502335274722 1.00029732792942 1.568895054152196 288.1348207143063 5.451221858983487
0.0003 6365.503577359477 1.00029728402995 1.568817104861534 288.1267471633977 5.448388158399585
0.0004 6365.504869063329 1.000297238384699 1.568739168413699 288.1183510883592 5.445442628920295
0.0005 6365.50621037815 1.000297190994883 1.568661243434141 288.1096325420239 5.442385449728914
0.0006000000000000001 6365.507601296687 1.000297141861724 1.568583328678025 288.1005915715317 5.439216804033116
0.0007 6365.509041812482 1.000297090986448 1.568505423012669 288.0912282188677 5.435936879242385
0.0008 6365.510531919798 1.000297038370293 1.568427525402566 288.0815425213112 5.432545867113886
0.0009000000000000001 6365.512071613563 1.000296984014508 1.56834963489719 288.0715345118437 5.429043963883355
0.001 6365.513660889305 1.000296927920355 1.568271750620362 288.0612042195152 5.425431370381013
0.0011 6365.51529974312 1.000296870089111 1.568193871761493 288.0505516697225 5.421708292115965
0.0012 6365.516988171615 1.000296810522071 1.568115997567278 288.0395768845045 5.417874939366366
0.0013 6365.51872617188 1.000296749220546 1.568038127336369 288.0282798827787 5.413931527248441
0.0014 6365.520513741455 1.000296686185868 1.567960260412552 288.0166606805423 5.409878275772667
0.0015 6365.522350878298 1.000296621419387 1.567882396180642 288.004719291061 5.405715409895408
0.0016 6365.524237580762 1.000296554922476 1.567804534061924 287.9924557250469 5.401443159565961
0.0017 6365.526173847567 1.000296486696526 1.567726673510677 287.9798699908118 5.397061759764916
0.0018 6365.528159677784 1.000296416742956 1.567648814010373 287.9669620944036 5.392571450535921
0.0019 6365.530195070814 1.000296345063201 1.567570955071562 287.9537320397061 5.387972477004662
0.002 6365.532280026374 1.000296271658726 1.567493096228846 287.9401798285697 5.383265089407713
0.0021 6365.534414544475 1.000296196531014 1.567415237039099 287.9263054609117 5.378449543110689
0.0022 6365.536598625414 1.000296119681578 1.567337377078923 287.9121089348108 5.373526098623907
0.0023 6365.538832269758 1.000296041111952 1.567259515943359 287.8975902465721 5.368495021607387
0.0024 6365.541115478337 1.000295960823696 1.56718165324421 287.8827493908101 5.363356582881602
0.0025 6365.543448252226 1.000295878818396 1.567103788608453 287.8675863605312 5.358111058437816
0.0026 6365.54583059274 1.000295795097664 1.567025921677324 287.852101147187 5.352758729437753
0.0027 6365.548262501426 1.000295709663138 1.566948052105021 287.8362937407336 5.347299882214936
0.0028 6365.550743980049 1.00029562251648 1.56687017955756 287.8201641296786 5.341734808271533
0.0029 6365.553275030594 1.000295533659382 1.566792303712105 287.8037123011403 5.336063804278885
0.003 6365.555855655247 1.00029544309356 1.566714424255819 287.7869382408952 5.330287172073553
0.0031 6365.558485856402 1.000295350820758 1.566636540885575 287.7698419333896 5.324405218640755
0.0032 6365.561165636641 1.000295256842747 1.56655865330704 287.7524233618341 5.318418256125918
0.0033 6365.563894998739 1.000295161161325 1.566480761233754 287.734682508198 5.312326601811222
0.0034 6365.566673945654 1.000295063778317 1.566402864387118 287.7166193532506 5.306130578108055
0.0035 6365.569502480523 1.000294964695575 1.566324962495615 287.6982338766023 5.299830512549073
0.0036 6365.572380606658 1.000294863914979 1.56624705529408 287.6795260567227 5.293426737771757
0.0037 6365.575308327541 1.000294761438437 1.566169142523916 287.6604958709817 5.286919591509683
0.0038 6365.578285646821 1.000294657267883 1.566091223932057 287.6411432956614 5.280309416573318
0.0039 6365.581312568311 1.000294551405279 1.566013299271006 287.6214683059801 5.273596560834465
0.004 6365.58438909598 1.000294443852617 1.565935368298302 287.601470876133 5.266781377216397
0.0041 6365.587515233956 1.000294334611914 1.565857430776327 287.5811509792869 5.259864223667469
0.004200000000000001 6365.590690986519 1.000294223685215 1.565779486472024 287.5605085876272 5.252845463152509
0.0043 6365.593916358099 1.000294111074595 1.56570153515646 287.5395436723578 5.245725463627714
0.0044 6365.597191353275 1.000293996782154 1.565623576604865 287.5182562037133 5.238504598019234
0.004500000000000001 6365.600515976769 1.000293880810023 1.565545610596113 287.4966461510002 5.231183244211413
0.0046 6365.603890233446 1.000293763160356 1.565467636912959 287.4747134826024 5.223761785022601
0.0047 6365.607314128311 1.00029364383534 1.565389655341247 287.4524581659761 5.216240608176651
0.0048 6365.610787666508 1.000293522837186 1.565311665670265 287.4298801676963 5.208620106292035
0.0049 6365.614310853317 1.000293400168136 1.565233667692221 287.4069794534397 5.200900676848621
0.005 6365.617883694151 1.000293275830457 1.565155661202346 287.3837559880197 5.193082722172076
0.0051 6365.621506194555 1.000293149826446 1.56507764599849 287.3602097353927 5.185166649407924
0.005200000000000001 6365.625178360206 1.000293022158426 1.564999621881413 287.3363406586635 5.177152870495251
0.0053 6365.628900196907 1.000292892828749 1.564921588654159 287.3121487201037 5.169041802144062
0.0054 6365.63267171059 1.000292761839794 1.564843546122262 287.2876338811628 5.160833865810278
0.005500000000000001 6365.636492907314 1.000292629193967 1.564765494093591 287.2627961024572 5.152529487662482
0.0056 6365.64036379326 1.000292494893704 1.564687432378001 287.2376353438107 5.144129098566139
0.0057 6365.644284374733 1.000292358941465 1.56460936078775 287.2121515642374 5.13563313404769
0.0058 6365.648254658156 1.000292221339742 1.564531279136981 287.1863447219829 5.127042034278039
0.0059 6365.652274650079 1.000292082091051 1.564453187241643 287.1602147744887 5.118356244030095
0.006 6365.656344357163 1.000291941197936 1.564375084919762 287.1337616784398 5.109576212663547
0.0061 6365.660463786192 1.00029179866297 1.56429697199095 287.1069853897524 5.10070239408961
0.006200000000000001 6365.664632944065 1.000291654488752 1.564218848276677 287.0798858635743 5.091735246739427
0.0063 6365.668851837798 1.000291508677909 1.564140713600022 287.0524630543144 5.082675233541892
0.0064 6365.673120474518 1.000291361233093 1.564062567785642 287.0247169156308 5.073522821887469
0.006500000000000001 6365.677438861468 1.000291212156987 1.563984410659755 286.9966474004603 5.06427848360534
0.0066 6365.681807006003 1.000291061452299 1.56390624205005 286.9682544609831 5.054942694918819
0.0067 6365.686224915588 1.000290909121763 1.563828061785625 286.9395380486757 5.045515936429626
0.0068 6365.690692597803 1.000290755168141 1.563749869696992 286.9104981142817 5.035998693074641
0.006900000000000001 6365.695210060333 1.000290599594224 1.563671665616032 286.8811346078354 5.02639145409981
0.007 6365.699777310973 1.000290442402825 1.563593449375982 286.8514474786733 5.016694713029847
0.0071 6365.704394357627 1.000290283596789 1.563515220811127 286.8214366754227 5.006908967629884
0.007200000000000001 6365.709061208307 1.000290123178984 1.563436979757166 286.7911021460071 4.997034719872656
0.0073 6365.713777871128 1.000289961152305 1.563358726051064 286.7604438376706 4.987072475911122
0.0074 6365.718544354315 1.000289797519676 1.563280459530652 286.7294616969533 4.977022746035409
0.007500000000000001 6365.723360666195 1.000289632284044 1.563202180035245 286.6981556697336 4.966886044650563
0.0076 6365.7282268152 1.000289465448386 1.563123887404939 286.6665257011981 4.956662890231001
0.0077 6365.733142809867 1.000289297015702 1.563045581481127 286.6345717358653 4.946353805291925
0.007800000000000001 6365.738108658833 1.000289126989019 1.562967262106163 286.6022937175857 4.935959316352749
0.007900000000000001 6365.74312437084 1.000288955371391 1.562888929123415 286.5696915895418 4.925479953900283
0.008 6365.748189954729 1.000288782165899 1.562810582377235 286.5367652942599 4.914916252355416
0.0081 6365.753305419445 1.000288607375646 1.562732221713034 286.5035147736102 4.904268750035703
0.008200000000000001 6365.758470774029 1.000288431003765 1.562653846977072 286.4699399688124 4.893537989119585
0.0083 6365.763686027627 1.000288253053412 1.56257545801669 286.4360408204242 4.882724515604658
0.008400000000000001 6365.76895118948 1.00028807352777 1.562497054679915 286.4018172683826 4.871828879282655
0.008500000000000001 6365.774266268928 1.000287892430046 1.562418636815918 286.3672692519684 4.860851633689613
0.0086 6365.779631275411 1.000287709763475 1.562340204274638 286.3323967098298 4.849793336074647
0.008700000000000001 6365.785046218465 1.000287525531315 1.56226175690689 286.2971995799766 4.838654547359033
0.008800000000000001 6365.790511107723 1.000287339736849 1.562183294564303 286.2616777997977 4.827435832102524
0.0089 6365.796025952915 1.000287152383388 1.562104817099416 286.2258313060555 4.816137758461903
0.009000000000000001 6365.801590763863 1.000286963474264 1.562026324365558 286.1896600348917 4.804760898153023
0.0091 6365.80720555049 1.000286773012837 1.561947816216884 286.1531639218155 4.793305826407023
0.0092 6365.81287032281 1.000286581002491 1.561869292508302 286.1163429017328 4.781773121939298
0.009300000000000001 6365.818585090933 1.000286387446634 1.561790753095575 286.0791969089349 4.77016336690519
0.0094 6365.824349865062 1.000286192348699 1.561712197835193 286.0417258770984 4.758477146859173
0.0095 6365.830164655491 1.000285995712143 1.56163362658449 286.0039297393085 4.746715050721159
0.009600000000000001 6365.836029472612 1.000285797540449 1.561555039201438 285.9658084280239 4.734877670724141
0.0097 6365.841944326903 1.000285597837121 1.561476435544793 285.9273618751298 4.722965602389193
0.0098 6365.84790922894 1.000285396605691 1.561397815474123 285.8885900118906 4.710979444468999
0.009900000000000001 6365.853924189386 1.000285193849713 1.56131917884967 285.8494927689916 4.698919798918672
0.01 6365.859989218996 1.000284989572763 1.561240525532454 285.8100700765266 4.686787270849835
0.0101 6365.866104328615 1.000284783778445 1.561161855384081 285.7703218640044 4.674582468489961
0.0102 6365.872269529178 1.000284576470383 1.561083168267021 285.7302480603424 4.662306003137871
0.0103 6365.878484831711 1.000284367652227 1.5610044640443 285.689848593879 4.649958489124453
0.0104 6365.884750247328 1.000284157327648 1.560925742579833 285.649123392367 4.637540543767728
0.0105 6365.891065787232 1.000283945500343 1.560847003737986 285.6080723829917 4.625052787334921
0.0106 6365.897431462713 1.000283732174031 1.560768247383994 285.5666954923653 4.612495842997084
0.0107 6365.90384728515 1.000283517352452 1.560689473383688 285.5249926465261 4.599870336785338
0.0108 6365.910313266008 1.000283301039373 1.560610681603604 285.4829637709453 4.587176897548706
0.0109 6365.916829416841 1.00028308323858 1.560531871910949 285.4406087905321 4.574416156911724
0.011 6365.923395749288 1.000282863953884 1.560453044173543 285.3979276296285 4.561588749228291
0.0111 6365.930012275073 1.000282643189117 1.56037419825995 285.3549202120265 4.548695311542446
0.0112 6365.936679006008 1.000282420948135 1.560295334039261 285.3115864609507 4.535736483538279
0.0113 6365.943395953988 1.000282197234816 1.56021645138138 285.2679262990758 4.522712907500321
0.0114 6365.950163130995 1.000281972053058 1.560137550156799 285.2239396485328 4.509625228270164
0.0115 6365.956980549094 1.000281745406783 1.560058630236569 285.1796264308908 4.49647409319587
0.0116 6365.963848220434 1.000281517299936 1.559979691492505 285.1349865671813 4.483260152093528
0.0117 6365.970766157247 1.00028128773648 1.559900733796972 285.0900199778915 4.469984057199819
0.0118 6365.977734371852 1.000281056720404 1.559821757023033 285.0447265829652 4.4566464631262
0.0119 6365.984752876644 1.000280824255715 1.559742761044361 284.9991063018136 4.443248026816374
0.012 6365.991821684107 1.000280590346444 1.559663745735256 284.9531590533046 4.429789407496649
0.0121 6365.998940806802 1.000280354996641 1.559584710970658 284.9068847557854 4.416271266636555
0.0122 6366.006110257375 1.000280118210377 1.559505656626172 284.8602833270655 4.402694267897135
0.0123 6366.01333004855 1.000279879991748 1.559426582577906 284.8133546844282 4.389059077087787
0.0124 6366.020600193135 1.000279640344865 1.559347488702711 284.7660987446246 4.375366362117749
0.0125 6366.027920704017 1.000279399273863 1.559268374878009 284.7185154238917 4.361616792954314
0.0126 6366.035291594163 1.000279156782898 1.559189240981867 284.6706046379403 4.347811041572315
0.0127 6366.04271287662 1.000278912876145 1.559110086892915 284.6223663019667 4.333949781910323
0.0128 6366.050184564514 1.000278667557799 1.559030912490496 284.5738003306591 4.320033689824971
0.0129 6366.057706671048 1.000278420832075 1.558951717654494 284.5249066381911 4.306063443041753
0.013 6366.065279209504 1.000278172703211 1.558872502265404 284.475685138222 4.292039721107408
0.0131 6366.072902193247 1.00027792317546 1.558793266204387 284.4261357438971 4.277963205342203
0.0132 6366.080575635712 1.000277672253099 1.558714009353167 284.3762583678707 4.263834578798774
0.0133 6366.088299550417 1.000277419940421 1.558634731594106 284.3260529222888 4.249654526209087
0.0134 6366.096073950955 1.000277166241741 1.558555432810186 284.2755193187949 4.235423733938018
0.0135 6366.103898850994 1.000276911161392 1.558476112884908 284.2246574685417 4.221142889938478
0.0136 6366.11177426428 1.000276654703726 1.558396771702549 284.1734672821798 4.206812683699749
0.0137 6366.119700204635 1.000276396873114 1.558317409147862 284.1219486698745 4.192433806204042
0.0138 6366.127676685954 1.000276137673947 1.558238025106249 284.0701015413009 4.178006949876305
0.0139 6366.13570372221 1.000275877110633 1.558158619463704 284.0179258056372 4.163532808533952
0.014 6366.143781327448 1.000275615187598 1.558079192106873 283.9654213715888 4.149012077344742
0.0141 6366.151909515788 1.00027535190929 1.557999742922951 283.9125881473764 4.134445452774653
0.0142 6366.160088301426 1.00027508728017 1.557920271799784 283.8594260407298 4.119833632537399
0.0143 6366.168317698628 1.000274821304722 1.557840778625794 283.8059349589179 4.105177315553584
0.0144 6366.176597721734 1.000274553987443 1.557761263290031 283.7521148087307 4.090477201896757
0.0145 6366.184928385159 1.000274285332852 1.557681725682139 283.6979654964674 4.0757339927411
0.0146 6366.193309703387 1.000274015345483 1.557602165692344 283.6434869279841 4.060948390325128
0.0147 6366.201741690977 1.000273744029889 1.557522583211557 283.5886790086519 4.046121097891145
0.0148 6366.210224362556 1.000273471390638 1.557442978131185 283.5335416433867 4.031252819643968
0.0149 6366.218757732824 1.000273197432318 1.557363350343329 283.4780747366434 4.016344260699919
0.015 6366.227341816553 1.000272922159532 1.557283699740671 283.422278192404 4.00139612703423
0.0151 6366.235976628584 1.0002726455769 1.557204026216462 283.3661519142069 3.986409125439509
0.0152 6366.244662183827 1.000272367689058 1.55712432966461 283.3096958051236 3.971383963469862
0.0153 6366.253398497263 1.000272088500661 1.557044609979626 283.2529097677883 3.95632134939922
0.0154 6366.262185583942 1.000271808016378 1.556964867056565 283.1957937043738 3.941221992165415
0.0155 6366.271023458984 1.000271526240894 1.556885100791146 283.1383475166039 3.926086601323715
0.0156 6366.279912137574 1.000271243178912 1.556805311079688 283.0805711057704 3.910915887001804
0.0157 6366.288851634969 1.00027095883515 1.556725497819107 283.0224643727046 3.895710559842308
0.0158 6366.297841966491 1.000270673214339 1.556645660906917 282.9640272178116 3.880471330962398
0.0159 6366.30688314753 1.00027038632123 1.556565800241291 282.9052595410534 3.865198911899392
0.016 6366.315975193545 1.000270098160586 1.5564859157209 282.8461612419604 3.849894014564083
0.0161 6366.325118120058 1.000269808737187 1.556406007245155 282.7867322196256 3.834557351189449
0.0162 6366.334311942659 1.000269518055826 1.556326074713984 282.7269723727162 3.819189634283943
0.0163 6366.343556677005 1.000269226121314 1.556246118027951 282.666881599468 3.803791576580196
0.0164 6366.352852338815 1.000268932938473 1.556166137088238 282.6064597977028 3.788363890989792
0.0165 6366.362198943877 1.000268638512143 1.556086131796633 282.5457068647992 3.772907290545952
0.0166 6366.37159650804 1.000268342847176 1.556006102055499 282.4846226977396 3.757422488365848
0.0167 6366.38104504722 1.000268045948438 1.555926047767892 282.4232071930691 3.741910197590332
0.0168 6366.390544577395 1.000267747820812 1.555845968837385 282.3614602469305 3.726371131343223
0.0169 6366.400095114608 1.000267448469192 1.555765865168215 282.2993817550472 3.710806002677113
0.017 6366.409696674964 1.000267147898486 1.555685736665225 282.2369716127345 3.695215524526692
0.0171 6366.419349274631 1.000266846113616 1.555605583233862 282.1742297148998 3.679600409659098
0.0172 6366.429052929839 1.000266543119518 1.555525404780156 282.1111559560485 3.663961370625796
0.0173 6366.438807656879 1.000266238921141 1.555445201210818 282.0477502302841 3.648299119712991
0.0174 6366.448613472106 1.000265933523446 1.555364972433155 281.9840124313081 3.632614368892126
0.0175 6366.458470391935 1.000265626931408 1.555284718355028 281.9199424524198 3.616907829770415
0.0176 6366.468378432842 1.000265319150013 1.55520443888494 281.8555401865286 3.601180213544341
0.0177 6366.478337611361 1.000265010184263 1.555124133932051 281.7908055261536 3.585432230950268
0.0178 6366.48834794409 1.000264700039168 1.555043803406095 281.7257383634118 3.569664592212276
0.0179 6366.498409447684 1.000264388719753 1.554963447217448 281.6603385900538 3.553878007001532
0.018 6366.508522138856 1.000264076231054 1.554883065277062 281.5946060974342 3.538073184379933
0.0181 6366.518686034382 1.000263762578121 1.55480265749653 281.5285407765172 3.522250832752484
0.0182 6366.528901151093 1.000263447766011 1.554722223788078 281.4621425178947 3.506411659822537
0.0183 6366.539167505879 1.000263131799797 1.554641764064505 281.3954112117862 3.490556372542831
0.0184 6366.549485115687 1.000262814684562 1.554561278239289 281.3283467480327 3.47468567706522
0.0185 6366.559853997524 1.000262496425399 1.55448076622644 281.2609490160911 3.458800278690549
0.0186 6366.57027416845 1.000262177027412 1.554400227940702 281.1932179050754 3.442900881829742
0.0187 6366.580745645584 1.000261856495719 1.554319663297308 281.1251533037033 3.426988189942689
0.0188 6366.5912684461 1.000261534835444 1.55423907221223 281.05675510035 3.411062905502299
0.0189 6366.601842587228 1.000261212051726 1.554158454601969 280.9880231830178 3.395125729939187
0.019 6366.612468086254 1.00026088814971 1.554077810383696 280.9189574393489 3.379177363596217
0.0191 6366.623144960517 1.000260563134555 1.553997139475184 280.8495577566363 3.363218505683083
0.0192 6366.633873227414 1.000260237011427 1.553916441794829 280.7798240218066 3.347249854224214
0.0193 6366.644652904393 1.000259909785503 1.553835717261643 280.7097561214435 3.331272106016325
0.0194 6366.655484008957 1.00025958146197 1.55375496579528 280.6393539417821 3.315285956579279
0.0195 6366.666366558661 1.000259252046025 1.553674187316004 280.5686173687026 3.29929210010712
0.0196 6366.677300571115 1.000258921542871 1.553593381744666 280.4975462877541 3.283291229425947
0.0197 6366.68828606398 1.000258589957724 1.553512549002825 280.4261405841311 3.267284035941199
0.0198 6366.699323054971 1.000258257295808 1.553431689012551 280.3544001426911 3.251271209594476
0.0199 6366.710411561851 1.000257923562354 1.553350801696629 280.2823248479666 3.23525343881909
0.02 6366.72155160244 1.000257588762602 1.553269886978449 280.2099145841411 3.219231410487892
0.0201 6366.732743194603 1.000257252901803 1.553188944781971 280.1371692350789 3.203205809873095
0.0202 6366.743986356261 1.000256915985212 1.553107975031847 280.0640886843015 3.187177320594464
0.0203 6366.755281105382 1.000256578018097 1.553026977653288 279.9906728150171 3.171146624579403
0.0204 6366.766627459984 1.000256239005729 1.552945952572199 279.9169215101027 3.1551144020128
0.0205 6366.778025438137 1.000255898953391 1.552864899715064 279.8428346521104 3.139081331292275
0.0206 6366.789475057955 1.00025555786637 1.552783819008992 279.7684121232904 3.12304808898738
0.0207 6366.800976337606 1.000255215749962 1.552702710381711 279.6936538055623 3.107015349787491
0.0208 6366.812529295303 1.000254872609471 1.552621573761633 279.6185595805322 3.09098378646013
0.0209 6366.824133949307 1.000254528450206 1.552540409077732 279.5431293295045 3.074954069808139
0.021 6366.835790317929 1.000254183277485 1.552459216259598 279.4673629334646 3.058926868620758
0.0211 6366.847498419524 1.000253837096631 1.552377995237517 279.3912602730965 3.042902849632465
0.0212 6366.859258272495 1.000253489912974 1.552296745942309 279.3148212287823 3.026882677478223
0.0213 6366.871069895292 1.000253141731851 1.552215468305529 279.238045680603 3.010867014648942
0.0214 6366.882933306409 1.000252792558604 1.552134162259265 279.1609335083439 2.994856521448396
0.0215 6366.894848524386 1.000252442398582 1.55205282773625 279.0834845914886 2.978851855947898
0.0216 6366.906815567811 1.00025209125714 1.551971464669843 279.0056988092314 2.962853673944867
0.0217 6366.918834455313 1.000251739139637 1.551890072994084 278.9275760404647 2.946862628916755
0.0218 6366.930905205567 1.000251386051438 1.551808652643587 278.8491161638152 2.930879371984873
0.0219 6366.943027837291 1.000251031997915 1.551727203553552 278.7703190576079 2.914904551863926
0.022 6366.955202369247 1.000250676984444 1.551645725659901 278.691184599896 2.898938814825079
0.0221 6366.96742882024 1.000250321016405 1.551564218899119 278.611712668437 2.882982804648452
0.0222 6366.97970720912 1.000249964099184 1.551482683208308 278.5319031407224 2.867037162586617
0.0223 6366.992037554774 1.00024960623817 1.551401118525251 278.4517558939718 2.851102527321142
0.0224 6367.004419876136 1.00024924743876 1.551319524788292 278.3712708051152 2.835179534917105
0.0225 6367.016854192179 1.000248887706351 1.551237901936433 278.290447750834 2.819268818789589
0.0226 6367.029340521919 1.000248527046347 1.551156249909305 278.2092866075262 2.803371009655192
0.0227 6367.041878884411 1.000248165464154 1.551074568647143 278.1277872513296 2.787486735495511
0.0228 6367.054469298751 1.000247802965184 1.550992858090837 278.0459495581216 2.771616621516202
0.0229 6367.067111784074 1.00024743955485 1.550911118181868 277.9637734035199 2.755761290106315
0.023 6367.079806359557 1.000247075238569 1.550829348862366 277.8812586628818 2.739921360797924
0.0231 6367.092553044412 1.000246710021764 1.550747550075046 277.7984052113223 2.724097450229426
0.0232 6367.105351857896 1.000246343909857 1.550665721763329 277.7152129236787 2.708290172098946
0.0233 6367.118202819298 1.000245976908275 1.550583863871136 277.6316816745633 2.692500137134981
0.0234 6367.131105947949 1.000245609022449 1.550501976343123 277.5478113383346 2.676727953051492
0.0235 6367.144061263216 1.00024524025781 1.550420059124519 277.4636017890965 2.660974224509014
0.0236 6367.157068784504 1.000244870619792 1.550338112161162 277.3790529007227 2.64523955308045
0.0237 6367.170128531255 1.000244500113832 1.550256135399551 277.2941645468444 2.629524537210504
0.0238 6367.183240522946 1.00024412874537 1.550174128786751 277.2089366008503 2.613829772177664
0.0239 6367.196404779091 1.000243756519845 1.550092092270516 277.1233689359104 2.598155850060842
0.024 6367.209621319239 1.0002433834427 1.550010025799171 277.0374614249466 2.582503359696515
0.0241 6367.222890162976 1.000243009519378 1.549927929321671 276.951213940656 2.566872886646
0.0242 6367.236211329921 1.000242634755325 1.549845802787608 276.8646263555109 2.551265013158669
0.0243 6367.249584839728 1.000242259155989 1.549763646147147 276.7776985417653 2.535680318136559
0.0244 6367.263010712086 1.000241882726815 1.54968145935113 276.6904303714422 2.520119377096131
0.0245 6367.276488966716 1.000241505473253 1.549599242350975 276.6028217163461 2.504582762134632
0.0246 6367.290019623373 1.000241127400751 1.549516995098742 276.5148724480745 2.489071041896727
0.0247 6367.303602701846 1.000240748514759 1.549434717547083 276.4265824380003 2.473584781536248
0.0248 6367.317238221956 1.000240368820728 1.549352409649287 276.3379515572836 2.458124542683549
0.0249 6367.330926203555 1.000239988324107 1.549270071359245 276.2489796768895 2.442690883414162
0.025 6367.344666666528 1.000239607030348 1.54918770263145 276.1596666675699 2.427284358211616
0.0251 6367.358459630791 1.0002392249449 1.549105303421051 276.0700123998585 2.411905517932748
0.0252 6367.37230511629 1.000238842073213 1.549022873683794 275.9800167441171 2.396554909782464
0.0253 6367.386203143003 1.000238458420738 1.548940413375974 275.8896795704831 2.381233077271602
0.0254 6367.400153730938 1.000238073992922 1.548857922454606 275.7990007489046 2.365940560190392
0.0255 6367.414156900133 1.000237688795216 1.548775400877211 275.7079801491349 2.350677894575165
0.0256 6367.428212670654 1.000237302833065 1.548692848601998 275.6166176407495 2.335445612679414
0.0257 6367.442321062596 1.000236916111916 1.548610265587743 275.5249130931232 2.320244242938299
0.0258 6367.456482096087 1.000236528637215 1.548527651793855 275.4328663754358 2.305074309938526
0.0259 6367.470695791277 1.000236140414405 1.548445007180307 275.3404773567012 2.289936334392457
0.026 6367.484962168347 1.000235751448928 1.548362331707744 275.2477459057444 2.274830833103792
0.0261 6367.499281247507 1.000235361746226 1.548279625337337 275.1546718912072 2.259758318938566
0.0262 6367.513653048991 1.000234971311736 1.548196888030953 275.0612551815597 2.244719300797461
0.0263 6367.528077593061 1.000234580150896 1.548114119750962 274.9674956451007 2.229714283586554
0.0264 6367.542554900008 1.00023418826914 1.548031320460428 274.8733931499459 2.214743768186618
0.0265 6367.557084990145 1.0002337956719 1.547948490122947 274.7789475640569 2.199808251429405
0.0266 6367.571667883812 1.000233402364608 1.547865628702731 274.6841587552243 2.18490822606677
0.0267 6367.586303601374 1.000233008352688 1.547782736164642 274.589026591067 2.170044180743075
0.0268 6367.600992163223 1.000232613641567 1.547699812474066 274.4935509390501 2.155216599970752
0.0269 6367.615733589773 1.000232218236665 1.547616857597045 274.3977316664735 2.140425964101639
0.027 6367.630527901463 1.000231822143402 1.547533871500161 274.3015686404891 2.125672749303326
0.0271 6367.645375118756 1.000231425367192 1.547450854150646 274.2050617280892 2.110957427531344
0.0272 6367.660275262137 1.000231027913448 1.547367805516263 274.1082107961064 2.096280466503615
0.0273 6367.675228352116 1.000230629787578 1.547284725565451 274.0110157112434 2.081642329679793
0.0274 6367.690234409225 1.000230230994987 1.547201614267152 273.9134763400374 2.067043476231155
0.0275 6367.705293454017 1.000229831541075 1.547118471590961 273.8155925488894 2.052484361020777
0.0276 6367.720405507068 1.000229431431241 1.547035297507004 273.7173642040588 2.037965434578755
0.0277 6367.735570588975 1.000229030670877 1.546952091986061 273.6187911716628 2.023487143078764
0.0278 6367.750788720357 1.000228629265371 1.546868854999434 273.519873317677 2.009049928315068
0.0279 6367.766059921853 1.000228227220109 1.546785586519061 273.4206105079528 1.994654227682528
0.028 6367.781384214122 1.000227824540469 1.546702286517417 273.3210026082055 1.980300474152724
0.0281 6367.796761617844 1.000227421231829 1.546618954967584 273.2210494840145 1.965989096252279
0.0282 6367.812192153718 1.000227017299556 1.546535591843214 273.1207510008352 1.951720518043308
0.0283 6367.827675842463 1.000226612749018 1.546452197118561 273.0201070239926 1.937495159101765
0.0284 6367.843212704815 1.000226207585575 1.546368770768414 272.9191174187057 1.923313434500407
0.0285 6367.858802761531 1.000225801814582 1.546285312768167 272.8177820500454 1.909175754783058
0.0286 6367.874446033386 1.000225395441389 1.546201823093776 272.716100782994 1.895082525953433
0.0287 6367.89014254117 1.000224988471341 1.546118301721778 272.614073482392 1.881034149448692
0.0288 6367.905892305695 1.000224580909775 1.546034748629267 272.5117000129793 1.867031022126646
0.0289 6367.921695347787 1.000224172762025 1.545951163793919 272.4089802393836 1.853073536245998
0.029 6367.937551688288 1.000223764033419 1.545867547193972 272.3059140261261 1.839162079449502
0.0291 6367.953461348059 1.000223354729277 1.545783898808216 272.2025012376156 1.825297034745979
0.0292 6367.969424347976 1.000222944854915 1.545700218616034 272.0987417381547 1.811478780494416
0.0293 6367.985440708929 1.000222534415641 1.545616506597344 271.994635391963 1.79770769039083
0.0294 6368.001510451826 1.000222123416758 1.545532762732632 271.8901820631303 1.78398413344621
0.0295 6368.017633597589 1.000221711863562 1.545448987002952 271.7853816156693 1.770308473978241
0.0296 6368.033810167155 1.000221299761341 1.545365179389894 271.6802339134923 1.756681071593312
0.0297 6368.050040181474 1.000220887115378 1.545281339875623 271.5747388204171 1.743102281172913
0.0298 6368.066323661512 1.000220473930948 1.545197468442862 271.4688962001727 1.729572452860483
0.0299 6368.082660628246 1.000220060213321 1.545113565074861 271.3627059163995 1.716091932047969
0.03 6368.099051102668 1.000219645967757 1.545029629755424 271.2561678326609 1.702661059364342
0.0301 6368.115495105782 1.00021923119951 1.544945662468935 271.1492818124201 1.689280170660127
0.0302 6368.131992658605 1.000218815913827 1.544861663200267 271.042047719069 1.675949596999123
0.0303 6368.148543782168 1.000218400115947 1.544777631934892 270.9344654159112 1.662669664644643
0.0304 6368.165148497509 1.000217983811102 1.544693568658803 270.8265347661908 1.649440695052115
0.0305 6368.181806825683 1.000217567004515 1.544609473358509 270.7182556330575 1.636263004854128
0.0306 6368.198518787754 1.000217149701402 1.544525346021078 270.609627879602 1.623136905854701
0.0307 6368.215284404795 1.000216731906971 1.544441186634124 270.5006513688321 1.610062705016786
0.0308 6368.232103697892 1.000216313626422 1.544356995185783 270.3913259637023 1.597040704456711
0.0309 6368.248976688141 1.000215894864947 1.544272771664714 270.2816515270846 1.584071201431989
0.031 6368.265903396646 1.000215475627729 1.544188516060115 270.1716279218034 1.571154488337385
0.0311 6368.282883844522 1.000215055919943 1.544104228361719 270.0612550106065 1.558290852693747
0.0312 6368.299918052893 1.000214635746754 1.544019908559763 269.9505326561942 1.545480577144295
0.0313 6368.317006042891 1.000214215113322 1.543935556645028 269.839460721208 1.532723939446522
0.0314 6368.334147835659 1.000213794024794 1.543851172608792 269.728039068218 1.520021212464658
0.0315 6368.351343452344 1.000213372486311 1.543766756442879 269.6162675597651 1.507372664168677
0.0316 6368.368592914105 1.000212950503005 1.543682308139612 269.5041460583192 1.494778557624346
0.0317 6368.385896242105 1.000212528079996 1.543597827691826 269.3916744263146 1.482239150992507
0.0318 6368.403253457518 1.000212105222399 1.543513315092896 269.2788525261325 1.469754697522819
0.0319 6368.420664581521 1.000211681935317 1.543428770336663 269.1656802201127 1.457325445551321
0.032 6368.4381296353 1.000211258223844 1.543344193417495 269.0521573705477 1.444951638496508
0.0321 6368.455648640048 1.000210834093065 1.54325958433028 268.9382838396886 1.43263351485721
0.0322 6368.47322161696 1.000210409548055 1.543174943070395 268.8240594897628 1.420371308212209
0.0323 6368.49084858724 1.000209984593881 1.5430902696337 268.7094841829388 1.408165247214619
0.0324 6368.508529572098 1.000209559235598 1.543005564016573 268.5945577813612 1.396015555594405
0.0325 6368.526264592746 1.000209133478252 1.5429208262159 268.4792801471511 1.383922452157533
0.0326 6368.544053670402 1.000208707326879 1.542836056229047 268.3636511423882 1.37188615078377
0.0327 6368.561896826289 1.000208280786506 1.54275125405384 268.2476706291226 1.35990686042811
0.0328 6368.579794081633 1.000207853862149 1.542666419688637 268.1313384693866 1.347984785122653
0.0329 6368.597745457664 1.000207426558812 1.542581553132286 268.0146545251831 1.336120123976512
0.033 6368.615750975617 1.000206998881494 1.54249665438404 267.8976186584913 1.324313071178072
0.0331 6368.633810656727 1.000206570835178 1.542411723443741 267.7802307312726 1.31256381599771
0.0332 6368.651924522236 1.000206142424839 1.542326760311642 267.6624906054648 1.300872542789816
0.0333 6368.670092593386 1.000205713655441 1.542241764988473 267.5443981429938 1.289239430997074
0.0334 6368.688314891418 1.000205284531939 1.542156737475465 267.4259532057857 1.277664655155194
0.0335 6368.70659143758 1.000204855059275 1.542071677774302 267.307155655731 1.266148384893502
0.0336 6368.724922253122 1.000204425242381 1.541986585887134 267.1880053547083 1.25469078494186
0.0337 6368.743307359292 1.000203995086179 1.541901461816571 267.0685021646021 1.243292015137408
0.0338 6368.76174677734 1.000203564595579 1.541816305565709 266.9486459472913 1.231952230428923
0.0339 6368.780240528517 1.000203133775481 1.541731117138086 266.8284365646426 1.220671580882281
0.034 6368.798788634074 1.000202702630774 1.541645896537691 266.707873878517 1.209450211687537
0.0341 6368.817391115265 1.000202271166333 1.541560643768979 266.5869577507755 1.198288263166452
0.0342 6368.836047993339 1.000201839387027 1.541475358836873 266.4656880432966 1.187185870781572
0.0343 6368.854759289548 1.000201407297708 1.541390041746696 266.3440646179355 1.176143165140364
0.0344 6368.873525025144 1.000200974903222 1.541304692504259 266.2220873365649 1.165160272007439
0.0345 6368.892345221375 1.0002005422084 1.541219311115786 266.0997560610634 1.154237312312347
0.0346 6368.911219899491 1.000200109218062 1.541133897587976 265.9770706533099 1.143374402158428
0.0347 6368.930149080737 1.000199675937018 1.541048451927941 265.8540309752065 1.132571652834751
0.0348 6368.94913278636 1.000199242370065 1.540962974143235 265.7306368886615 1.121829170824842
0.0349 6368.968171037602 1.000198808521989 1.54087746424185 265.6068882555891 1.111147057817492
0.035 6368.987263855704 1.000198374397564 1.540791922232194 265.482784937927 1.100525410719547
0.0351 6369.006411261903 1.000197940001553 1.540706348123095 265.3583267976309 1.089964321667104
0.0352 6369.025613277436 1.000197505338706 1.540620741923834 265.233513696668 1.079463878037199
0.0353 6369.044869923534 1.000197070413762 1.540535103644096 265.1083454970293 1.069024162461463
0.0354 6369.064181221426 1.000196635231448 1.540449433293967 264.9828220607295 1.058645252839226
0.0355 6369.083547192337 1.000196199796477 1.540363730883986 264.8569432498069 1.048327222351083
0.0356 6369.102967857489 1.000195764113554 1.540277996425061 264.7307089263235 1.038070139472925
0.0357 6369.122443238098 1.000195328187369 1.540192229928533 264.6041189523647 1.027874067990429
0.0358 6369.141973355377 1.0001948920226 1.540106431406146 264.4771731900518 1.017739067014953
0.0359 6369.161558230533 1.000194455623914 1.54002060087005 264.3498715015352 1.007665190998438
0.036 6369.181197884769 1.000194018995965 1.539934738332779 264.2222137490011 0.9976524897497079
0.0361 6369.200892339284 1.000193582143394 1.539848843807281 264.0941997946533 0.9877010084493758
0.0362 6369.220641615269 1.000193145070832 1.539762917306892 263.9658295007488 0.9778107876693491
0.0363 6369.240445733912 1.000192707782896 1.539676958845341 263.8371027295742 0.967981863388142
0.0364 6369.260304716391 1.00019227028419 1.539590968436728 263.7080193434575 0.9582142670094027
0.0365 6369.280218583883 1.000191832579308 1.539504946095568 263.5785792047621 0.9485080253795115
0.0366 6369.300187357554 1.000191394672828 1.539418891836728 263.4487821758988 0.9388631608069513
0.0367 6369.320211058567 1.00019095656932 1.539332805675467 263.3186281193138 0.929279691080337
0.0368 6369.340289708075 1.000190518273337 1.53924668762743 263.1881168975123 0.9197576294894975
0.0369 6369.360423327226 1.000190079789423 1.539160537708607 263.0572483730292 0.9102969848430705
0.03700000000000001 6369.380611937162 1.000189641122108 1.539074355935382 262.9260224084468 0.90089776149001
0.0371 6369.400855559012 1.000189202275908 1.538988142324493 262.794438866424 0.8915599593422854
0.0372 6369.421154213901 1.000188763255328 1.538901896893046 262.6624976096435 0.8822835738920933
0.0373 6369.441507922947 1.000188324064861 1.538815619658505 262.5301985008472 0.8730685962358454
0.0374 6369.461916707257 1.000187884708986 1.538729310638677 262.3975414028299 0.8639150130955889
0.0375 6369.482380587931 1.000187445192169 1.53864296985175 262.2645261784459 0.854822806841667
0.0376 6369.502899586061 1.000187005518865 1.538556597316243 262.1311526906023 0.8457919555149687
0.0377 6369.523473722727 1.000186565693515 1.538470193051028 261.9974208022717 0.8368224328507894
0.0378 6369.544103019003 1.000186125720548 1.538383757075321 261.8633303764794 0.8279142083014858
0.0379 6369.564787495951 1.000185685604378 1.53829728940868 261.7288812763162 0.8190672470611206
0.038 6369.585527174626 1.00018524534941 1.538210790070988 261.5940733649317 0.810281510089309
0.0381 6369.606322076072 1.000184804960032 1.538124259082476 261.4589065055346 0.8015569541358563
0.0382 6369.627172221321 1.000184364440623 1.538037696463711 261.3233805614108 0.7928935317669107
0.0383 6369.648077631399 1.000183923795548 1.537951102235563 261.1874953959049 0.7842911913892006
0.0384 6369.669038327319 1.000183483029157 1.537864476419253 261.0512508724267 0.7757498772761912
0.0385 6369.690054330083 1.000183042145789 1.537777819036319 260.9146468544631 0.7672695295949603
0.0386 6369.711125660681 1.000182601149771 1.537691130108612 260.7776832055714 0.7588500844323179
0.03870000000000001 6369.732252340098 1.000182160045415 1.537604409658274 260.6403597893626 0.7504914738206004
0.0388 6369.7534343893 1.000181718837023 1.53751765770781 260.502676469548 0.7421936257677889
0.0389 6369.774671829247 1.00018127752888 1.53743087427998 260.364633109892 0.7339564642822058
0.039 6369.795964680885 1.000180836125263 1.537344059397904 260.2262295742479 0.725779909402597
0.0391 6369.817312965147 1.000180394630432 1.537257213084952 260.0874657265457 0.7176638772256899
0.0392 6369.838716702956 1.000179953048636 1.537170335364824 259.9483414307864 0.7096082799344801
0.0393 6369.860175915223 1.000179511384112 1.537083426261511 259.8088565510478 0.701613025827555
0.0394 6369.881690622847 1.000179069641082 1.53699648579928 259.6690109514965 0.6936780193490701
0.0395 6369.903260846712 1.000178627823757 1.536909514002703 259.5288044963698 0.6858031611173669
0.0396 6369.924886607691 1.000178185936335 1.536822510896634 259.3882370500058 0.6779883479565948
0.0397 6369.946567926645 1.000177743983 1.5367354765062 259.2473084768075 0.6702334729250005
0.0398 6369.96830482442 1.000177301967923 1.536648410856829 259.1060186412723 0.662538425347179
0.0399 6369.990097321848 1.000176859895264 1.536561313974195 258.9643674079865 0.6549030908446407
0.04 6370.011945439751 1.000176417769169 1.536474185884282 258.8223546416192 0.6473273513667078
0.0401 6370.033849198934 1.000175975593771 1.536387026613291 258.679980206928 0.6398110852223599
0.0402 6370.05580862019 1.000175533373192 1.536299836187735 258.5372439687652 0.6323541671123589
0.0403 6370.077823724297 1.000175091111539 1.536212614634379 258.3941457920718 0.6249564681610472
0.04040000000000001 6370.09989453202 1.000174648812907 1.536125361980227 258.2506855418713 0.6176178559484546
0.0405 6370.12202106411 1.000174206481379 1.536038078252559 258.1068630832882 0.6103381945439026
0.0406 6370.1442033413 1.000173764121024 1.53595076347891 257.962678281547 0.6031173445389514
0.0407 6370.166441384314 1.0001733217359 1.535863417687048 257.8181310019612 0.5959551630800399
0.0408 6370.188735213856 1.000172879330052 1.535776040904977 257.6732211099328 0.5888515039020155
0.0409 6370.211084850621 1.00017243690751 1.535688633160983 257.5279484709644 0.5818062173624962
0.041 6370.233490315282 1.000171994472296 1.535601194483566 257.3823129506649 0.5748191504761805
0.0411 6370.255951628502 1.000171552028414 1.535513724901461 257.2363144147379 0.5678901469485569
0.0412 6370.278468810926 1.00017110957986 1.535426224443627 257.0899527289815 0.5610190472104534
0.0413 6370.301041883185 1.000170667130615 1.535338693139303 256.9432277593004 0.5542056884533801
0.0414 6370.323670865891 1.000170224684649 1.535251131017874 256.7961393717054 0.5474499046645379
0.0415 6370.346355779648 1.000169782245917 1.535163538109014 256.6486874322903 0.5407515266609938
0.04160000000000001 6370.369096645035 1.000169339818365 1.535075914442575 256.500871807273 0.5341103821270644
0.0417 6370.39189348262 1.000168897405925 1.53498826004866 256.3526923629719 0.5275262956489268
0.0418 6370.414746312953 1.000168455012515 1.534900574957578 256.2041489658058 0.520999088750554
0.0419 6370.437655156569 1.000168012642045 1.534812859199805 256.0552414822999 0.5145285799301201
0.042 6370.460620033987 1.000167570298407 1.534725112806077 255.9059697790861 0.5081145846963441
0.04210000000000001 6370.483640965707 1.000167127985486 1.534637335807309 255.7563337229025 0.5017569156050375
0.0422 6370.506717972215 1.000166685707152 1.534549528234623 255.6063331806052 0.4954553822963447
0.0423 6370.529851073977 1.000166243467264 1.534461690119314 255.4559680191513 0.4892097915309194
0.0424 6370.553040291444 1.000165801269667 1.534373821492917 255.3052381056158 0.4830199472277888
0.0425 6370.57628564505 1.000165359118197 1.534285922387116 255.1541433071742 0.4768856505009167
0.0426 6370.599587155211 1.000164917016676 1.5341979928338 255.0026834911263 0.4708066996976413
0.0427 6370.622944842328 1.000164474968913 1.534110032865038 254.8508585248663 0.4647828904351215
0.0428 6370.646358726782 1.000164032978707 1.53402204251307 254.6986682759187 0.4588140156395626
0.0429 6370.669828828936 1.000163591049846 1.53393402181034 254.5461126119143 0.4528998655832248
0.043 6370.693355169137 1.000163149186103 1.533845970789436 254.3931914006079 0.447040227923227
0.0431 6370.716937767715 1.000162707391241 1.533757889483125 254.2399045098549 0.44123488773889
0.0432 6370.740576644979 1.000162265669012 1.53366977792437 254.086251807635 0.4354836275710446
0.04330000000000001 6370.764271821223 1.000161824023156 1.533581636146259 253.9322331620518 0.4297862274605434
0.0434 6370.788023316722 1.000161382457399 1.533493464182036 253.7778484413096 0.4241424649860421
0.0435 6370.811831151733 1.000160940975459 1.533405262065158 253.6230975137368 0.4185521153036648
0.0436 6370.835695346493 1.00016049958104 1.533317029829191 253.4679802477975 0.4130149511863059
0.0437 6370.859615921223 1.000160058277836 1.533228767507861 253.3124965120509 0.4075307430611501
0.0438 6370.883592896124 1.000159617069528 1.533140475135055 253.1566461751917 0.4020992590502679
0.0439 6370.90762629138 1.000159175959788 1.53305215274478 253.0004291060271 0.3967202650089851
0.044 6370.931716127155 1.000158734952274 1.532963800371224 252.8438451734945 0.3913935245658002
0.0441 6370.955862423593 1.000158294050634 1.532875418048681 252.6868942466434 0.3861187991611665
0.0442 6370.980065200823 1.000157853258505 1.532787005811594 252.5295761946535 0.3808958480875661
0.0443 6371.004324478951 1.000157412579514 1.532698563694542 252.3718908868167 0.3757244285284634
0.0444 6371.028640278068 1.000156972017274 1.532610091732228 252.213838192561 0.3706042955987046
0.0445 6371.053012618242 1.00015653157539 1.532521589959486 252.0554179814266 0.3655352023834179
0.0446 6371.077441519524 1.000156091257454 1.532433058411278 251.8966301230956 0.3605168999787042
0.0447 6371.101927001946 1.000155651067049 1.532344497122661 251.7374744873508 0.3555491375301055
0.0448 6371.12646908552 1.000155211007745 1.53225590612886 251.5779509441226 0.3506316622739363
0.0449 6371.151067790237 1.000154771083102 1.532167285465177 251.4180593634595 0.3457642195762196
0.04500000000000001 6371.175723136073 1.000154331296672 1.532078635167013 251.2577996155286 0.3409465529726075
0.0451 6371.20043514298 1.000153891651992 1.531989955269922 251.0971715706268 0.3361784042086821
0.0452 6371.225203830894 1.000153452152592 1.53190124580953 250.9361750991869 0.3314595132800752
0.0453 6371.250029219728 1.000153012801988 1.531812506821593 250.7748100717662 0.3267896184720863
0.0454 6371.274911329378 1.00015257360369 1.531723738341938 250.6130763590398 0.3221684563995016
0.0455 6371.299850179718 1.000152134561195 1.531634940406507 250.450973831831 0.3175957620474267
0.0456 6371.324845790605 1.000151695677989 1.531546113051327 250.2885023610692 0.3130712688100891
0.0457 6371.349898181872 1.000151256957551 1.531457256312537 250.1256618178317 0.3085947085319848
0.0458 6371.375007373336 1.000150818403345 1.531368370226336 249.962452073314 0.3041658115470089
0.0459 6371.400173384792 1.00015038001883 1.531279454829038 249.7988729988537 0.2997843067190459
0.046 6371.425396236016 1.000149941807453 1.531190510157008 249.6349244658944 0.295449921480932
0.0461 6371.450675946762 1.000149503772649 1.531101536246708 249.4706063460457 0.2911623818759127
0.0462 6371.476012536767 1.000149065917847 1.531012533134692 249.3059185110172 0.286921412595764
0.0463 6371.501406025744 1.000148628246464 1.530923500857566 249.1408608326668 0.2827267370218394
0.0464 6371.526856433389 1.000148190761906 1.530834439452013 248.9754331829703 0.278578077264059
0.0465 6371.552363779377 1.000147753467573 1.530745348954786 248.8096354340513 0.2744751542013531
0.0466 6371.57792808336 1.000147316366853 1.530656229402706 248.6434674581577 0.2704176875206984
0.04670000000000001 6371.603549364974 1.000146879463125 1.530567080832674 248.4769291276674 0.2664053957568407
0.0468 6371.629227643832 1.000146442759758 1.530477903281613 248.3100203150942 0.2624379963319327
0.0469 6371.654962939525 1.000146006260114 1.53038869678654 248.142740893088 0.2585152055949449
0.047 6371.680755271627 1.000145569967543 1.530299461384515 247.9750907344227 0.2546367388607215
0.0471 6371.70660465969 1.000145133885386 1.530210197112644 247.8070697120141 0.2508023104496371
0.0472 6371.732511123245 1.000144698016978 1.530120904008098 247.6386776989083 0.2470116337264647
0.0473 6371.758474681803 1.000144262365642 1.530031582108075 247.4699145682811 0.2432644211394244
0.0474 6371.784495354854 1.000143826934694 1.529942231449845 247.3007801934504 0.2395603842593826
0.0475 6371.810573161869 1.000143391727438 1.529852852070693 247.1312744478522 0.2358992338181555
0.0476 6371.836708122296 1.000142956747173 1.529763444007973 246.9613972050764 0.232280679747988
0.0477 6371.862900255563 1.000142521997188 1.529674007299047 246.7911483388428 0.2287044312196106
0.0478 6371.889149581078 1.000142087480761 1.529584541981347 246.6205277229955 0.2251701966805752
0.04790000000000001 6371.915456118228 1.000141653201166 1.529495048092305 246.4495352315201 0.2216776838939444
0.048 6371.941819886379 1.000141219161665 1.529405525669396 246.2781707385387 0.2182265999763362
0.0481 6371.968240904876 1.000140785365513 1.52931597475012 246.1064341183031 0.2148166514358338
0.0482 6371.994719193045 1.000140351815956 1.529226395372033 245.9343252452071 0.2114475442100976
0.0483 6372.021254770189 1.000139918516233 1.529136787572653 245.7618439937745 0.2081189837038467
0.04840000000000001 6372.047847655591 1.000139485469574 1.529047151389566 245.5889902386592 0.2048306748264225
0.0485 6372.074497868513 1.0001390526792 1.528957486860367 245.4157638546629 0.2015823220295124
0.0486 6372.101205428198 1.000138620148326 1.528867794022654 245.2421647167115 0.1983736293439147
0.0487 6372.127970353867 1.000138187880159 1.52877807291407 245.0681926998667 0.195204300416802
0.0488 6372.154792664716 1.000137755877895 1.528688323572236 244.893847679344 0.1920740385488899
0.0489 6372.181672379928 1.000137324144727 1.528598546034789 244.7191295304655 0.1889825467302451
0.049 6372.208609518661 1.000136892683836 1.528508740339391 244.5440381287066 0.1859295276776118
0.0491 6372.23560410005 1.000136461498399 1.528418906523697 244.3685733496731 0.1829146838702547
0.0492 6372.262656143214 1.000136030591583 1.52832904462536 244.1927350691066 0.1799377175861322
0.0493 6372.289765667248 1.000135599966548 1.528239154682053 244.0165231628906 0.1769983309378509
0.0494 6372.316932691226 1.000135169626447 1.528149236731426 243.8399375070329 0.1740962259080116
0.0495 6372.344157234203 1.000134739574428 1.528059290811135 243.662977977683 0.1712311043849329
0.04960000000000001 6372.371439315211 1.000134309813627 1.52796931695883 243.4856444511264 0.1684026681977512
0.0497 6372.398778953265 1.000133880347176 1.52787931521216 243.3079368037787 0.1656106191512992
0.0498 6372.426176167354 1.000133451178201 1.52778928560876 243.1298549121974 0.1628546590610339
0.0499 6372.45363097645 1.000133022309818 1.527699228186253 242.9513986530759 0.1601344897874409
0.05 6372.481143399503 1.000132593745137 1.527609142982247 242.7725679032318 0.1574498132701157
0.05010000000000001 6372.508713455441 1.000132165487264 1.527519030034342 242.5933625396304 0.154800331562136
0.0502 6372.536341163174 1.000131737539294 1.527428889380119 242.4137824393673 0.1521857468635511
0.0503 6372.56402654159 1.000131309904319 1.52733872105712 242.2338274796679 0.1496057615548919
0.0504 6372.591769609554 1.000130882585421 1.527248525102907 242.0534975378995 0.147060078230586
0.0505 6372.619570385914 1.000130455585679 1.527158301554987 241.8727924915596 0.144548399731766
0.0506 6372.647428889495 1.000130028908163 1.52706805045085 241.6917122182816 0.1420704291790657
0.0507 6372.675345139101 1.000129602555938 1.526977771827974 241.5102565958408 0.1396258700051342
0.0508 6372.703319153518 1.000129176532061 1.526887465723793 241.3284255021307 0.1372144259864775
0.0509 6372.731350951509 1.000128750839586 1.526797132175717 241.1462188151926 0.1348358012757361
0.051 6372.759440551815 1.000128325481558 1.526706771221126 240.9636364132037 0.1324897004331138
0.0511 6372.787587973159 1.000127900461016 1.526616382897381 240.7806781744656 0.1301758284575306
0.0512 6372.815793234244 1.000127475780994 1.526525967241771 240.5973439774156 0.1278938908177901
0.05130000000000001 6372.84405635375 1.000127051444521 1.526435524291597 240.413633700627 0.1256435934832891
0.0514 6372.872377350337 1.000126627454619 1.526345054084093 240.2295472228092 0.1234246429544294
0.0515 6372.900756242646 1.000126203814303 1.526254556656456 240.0450844228016 0.1212367462926531
0.0516 6372.929193049296 1.000125780526584 1.526164032045859 239.8602451795736 0.1190796111502462
0.0517 6372.957687788887 1.000125357594467 1.526073480289409 239.6750293722365 0.116952945799964
0.05180000000000001 6372.986240479996 1.000124935020952 1.525982901424196 239.4894368800259 0.1148564591639975
0.0519 6373.014851141183 1.000124512809032 1.525892295487246 239.3034675823131 0.1127898608429668
0.052 6373.043519790985 1.000124090961696 1.525801662515551 239.1171213585998 0.1107528611443863
0.0521 6373.072246447919 1.000123669481927 1.525711002546055 238.9303980885292 0.1087451711110009
0.0522 6373.101031130483 1.000123248372701 1.525620315615648 238.7432976518629 0.1067665025484091
0.0523 6373.129873857154 1.000122827636993 1.525529601761166 238.5558199284986 0.104816568052806
0.0524 6373.158774646388 1.000122407277769 1.525438861019413 238.3679647984758 0.1028950810382541
0.0525 6373.187733516623 1.000121987297991 1.525348093427122 238.1797321419521 0.1010017557633142
0.0526 6373.216750486274 1.000121567700616 1.52525729902098 237.9911218392211 0.09913630735776781
0.0527 6373.245825573737 1.000121148488597 1.525166477837623 237.8021337707067 0.09729845184874891
0.0528 6373.274958797389 1.00012072966488 1.525075629913634 237.6127678169686 0.09548790618664858
0.0529 6373.304150175586 1.000120311232407 1.524984755285523 237.4230238586905 0.0937043882705
0.05300000000000001 6373.333399726664 1.000119893194118 1.524893853989757 237.2329017766864 0.09194761697318599
0.0531 6373.362707468938 1.000119475552942 1.524802926062752 237.0424014519061 0.0902173121662878
0.0532 6373.392073420704 1.00011905831181 1.524711971540837 236.8515227654237 0.08851319474441506
0.0533 6373.421497600239 1.000118641473644 1.524620990460303 236.6602655984433 0.08683498664934297
0.0534 6373.4509800258 1.000118225041364 1.524529982857378 236.4686298322989 0.08518241089373277
0.05350000000000001 6373.480520715622 1.000117809017882 1.524438948768211 236.2766153484548 0.0835551915844901
0.0536 6373.510119687923 1.00011739340611 1.524347888228915 236.0842220284993 0.08195305394570938
0.0537 6373.539776960899 1.000116978208951 1.524256801275517 235.8914497541567 0.08037572434140079
0.0538 6373.569492552728 1.000116563429308 1.524165687943988 235.6982984072696 0.07882293029760284
0.0539 6373.599266481567 1.000116149070077 1.52407454827022 235.5047678698164 0.07729440052441747
0.054 6373.629098765554 1.000115735134149 1.523983382290066 235.3108580238999 0.0757898649374306
0.0541 6373.658989422808 1.000115321624414 1.52389219003928 235.1165687517467 0.07430905467885843
0.05420000000000001 6373.688938471428 1.000114908543755 1.523800971553577 234.9218999357198 0.07285170213840572
0.0543 6373.718945929493 1.000114495895051 1.523709726868587 234.7268514582942 0.07141754097347951
0.0544 6373.749011815064 1.000114083681179 1.523618456019872 234.5314232020868 0.07000630612942423
0.0545 6373.77913614618 1.000113671905009 1.523527159042922 234.335615049827 0.0686177338589388
0.0546 6373.809318940865 1.000113260569411 1.52343583597317 234.13942688438 0.06725156174150257
0.05470000000000001 6373.839560217118 1.000112849677246 1.523344486845961 233.9428585887352 0.0659075287021617
0.0548 6373.869859992924 1.000112439231374 1.523253111696594 233.7459100459945 0.06458537502994151
0.0549 6373.900218286246 1.000112029234653 1.52316171056026 233.5485811394013 0.06328484239615327
0.055 6373.930635115028 1.000111619689932 1.523070283472114 233.3508717523176 0.06200567387195447
0.0551 6373.961110497195 1.000111210600062 1.522978830467204 233.1527817682294 0.06074761394572653
0.05520000000000001 6373.991644450655 1.000110801967884 1.522887351580547 232.9543110707408 0.05951040853998871
0.0553 6374.022236993295 1.000110393796242 1.522795846847036 232.7554595435803 0.05829380502800133
0.0554 6374.052888142983 1.00010998608797 1.522704316301541 232.5562270706122 0.05709755225001273
0.0555 6374.083597917568 1.000109578845903 1.522612759978814 232.3566135358072 0.05592140052886882
0.0556 6374.114366334882 1.000109172072869 1.522521177913565 232.1566188232663 0.05476510168555953
0.0557 6374.145193412735 1.000108765771695 1.522429570140421 231.9562428172202 0.05362840905422741
0.0558 6374.176079168921 1.000108359945203 1.522337936693926 231.7554854020121 0.0525110774966914
0.05590000000000001 6374.207023621215 1.000107954596211 1.522246277608553 231.5543464621036 0.05141286341672013
0.056 6374.238026787372 1.000107549727536 1.522154592918707 231.3528258820801 0.05033352477391323
0.0561 6374.269088685131 1.000107145341987 1.522062882658698 231.1509235466514 0.04927282109715984
0.0562 6374.300209332207 1.000106741442374 1.521971146862792 230.9486393406513 0.04823051349770838
0.0563 6374.331388746305 1.000106338031501 1.521879385565162 230.7459731490202 0.04720636468176009
0.05640000000000001 6374.362626945102 1.000105935112169 1.521787598799895 230.5429248568342 0.04620013896291703
0.0565 6374.393923946264 1.000105532687176 1.521695786601025 230.3394943492821 0.04521160227396956
0.0566 6374.425279767436 1.000105130759316 1.521603949002499 230.1356815116645 0.04424052217842242
0.0567 6374.456694426242 1.00010472933138 1.521512086038197 229.9314862294244 0.04328666788177114
0.0568 6374.488167940293 1.000104328406156 1.521420197741904 229.7269083880932 0.04234981024200134
0.05690000000000001 6374.519700327179 1.000103927986427 1.521328284147357 229.5219478733383 0.04142972178017928
0.057 6374.551291604471 1.000103528074975 1.521236345288194 229.3166045709394 0.04052617669032372
0.0571 6374.582941789723 1.000103128674576 1.521144381198001 229.1108783668004 0.03963895084905892
0.0572 6374.614650900471 1.000102729788005 1.521052391910279 228.9047691469376 0.03876782182478086
0.0573 6374.646418954234 1.000102331418032 1.520960377458447 228.6982767974795 0.03791256888649724
0.0574 6374.67824596851 1.000101933567424 1.520868337875858 228.4914012046846 0.03707297301235879
0.0575 6374.710131960783 1.000101536238946 1.520776273195796 228.2841422549121 0.0362488168976177
0.05760000000000001 6374.742076948516 1.000101139435358 1.520684183451464 228.0764998346452 0.03543988496242854
0.0577 6374.774080949156 1.000100743159417 1.520592068675998 227.8684738304854 0.03464596335915039
0.0578 6374.806143980131 1.000100347413877 1.520499928902458 227.6600641291465 0.03386683997927845
0.0579 6374.838266058853 1.000099952201489 1.520407764163831 227.4512706174545 0.03310230446002646
0.058 6374.870447202714 1.000099557525 1.520315574493037 227.2420931823598 0.03235214819058128
0.05810000000000001 6374.90268742909 1.000099163387153 1.520223359922911 227.0325317109131 0.03161616431785939
0.0582 6374.934986755339 1.00009876979069 1.520131120486254 226.8225860902952 0.03089414775208766
0.0583 6374.967345198802 1.000098376738348 1.520038856215743 226.6122562077875 0.0301858951718095
0.0584 6374.999762776802 1.000097984232859 1.51994656714403 226.4015419507895 0.0294912050286942
0.0585 6375.032239506645 1.000097592276955 1.519854253303676 226.1904432068071 0.02880987755188362
0.05860000000000001 6375.064775405618 1.000097200873363 1.519761914727172 225.9789598634824 0.02814171475211366
0.0587 6375.097370490994 1.000096810024806 1.519669551446966 225.7670918085399 0.02748652042521386
0.05880000000000001 6375.130024780025 1.000096419734004 1.519577163495398 225.5548389298405 0.02684410015559251
0.0589 6375.162738289948 1.000096030003674 1.519484750904769 225.3422011153392 0.02621426131907113
0.059 6375.195511037982 1.00009564083653 1.519392313707319 225.1291782531156 0.02559681308558868
0.0591 6375.228343041331 1.00009525223528 1.519299851935207 224.9157702313495 0.02499156642139814
0.0592 6375.261234317178 1.000094864202632 1.519207365620523 224.701976938345 0.02439833409105671
0.05930000000000001 6375.29418488269 1.000094476741288 1.519114854795315 224.4877982625125 0.0238169306589544
0.0594 6375.32719475502 1.000094089853947 1.519022319491552 224.2732340923689 0.02324717249055618
0.0595 6375.360263951302 1.000093703543305 1.518929759741141 224.0582843165374 0.02268887775330736
0.0596 6375.393392488651 1.000093317812053 1.518837175575935 223.8429488237656 0.02214186641724997
0.0597 6375.426580384169 1.000092932662881 1.518744567027723 223.6272275029013 0.02160596025520021
0.05980000000000001 6375.459827654939 1.000092548098473 1.51865193412822 223.4111202428988 0.02108098284267741
0.0599 6375.493134318027 1.00009216412151 1.518559276909109 223.1946269328249 0.02056675955750579
0.06 6375.526500390482 1.000091780734669 1.518466595401994 222.9777474618644 0.02006311757909257
0.0601 6375.559925889338 1.000091397940623 1.518373889638434 222.7604817193027 0.01956988588733271
0.0602 6375.593410831611 1.000091015742043 1.518281159649918 222.5428295945256 0.01908689526124253
0.0603 6375.626955234302 1.000090634141594 1.518188405467899 222.3247909770374 0.01861397827731919
0.0604 6375.660559114392 1.000090253141939 1.518095627123761 222.1063657564545 0.01815096930753638
0.06050000000000001 6375.694222488847 1.000089872745736 1.51800282464883 221.8875538224937 0.01769770451702448
0.0606 6375.727945374619 1.000089492955637 1.517909998074403 221.6683550649785 0.01725402186148746
0.0607 6375.761727788639 1.000089113774295 1.517817147431701 221.4487693738446 0.01681976108431957
0.0608 6375.795569747826 1.000088735204355 1.517724272751913 221.228796639134 0.01639476371340291
0.0609 6375.829471269079 1.000088357248458 1.517631374066165 221.0084367509893 0.01597887305761524
0.06100000000000001 6375.863432369282 1.000087979909243 1.517538451405538 220.7876895996654 0.01557193420308394
0.0611 6375.897453065304 1.000087603189344 1.517445504801084 220.5665550755238 0.01517379400912135
0.0612 6375.931533373995 1.000087227091389 1.517352534283776 220.345033069032 0.01478430110389136
0.0613 6375.96567331219 1.000086851618005 1.517259539884575 220.1231234707642 0.01440330587980006
0.0614 6375.999872896708 1.000086476771811 1.517166521634377 219.9008261713951 0.01403066048860328
0.06150000000000001 6376.034132144352 1.000086102555425 1.517073479564053 219.6781410617117 0.01366621883627606
0.0616 6376.068451071907 1.000085728971458 1.516980413704408 219.4550680326014 0.01330983657757665
0.0617 6376.102829696145 1.000085356022518 1.516887324086225 219.2316069750581 0.01296137111037991
0.0618 6376.137268033817 1.000084983711207 1.516794210740253 219.0077577801879 0.01262068156975246
0.0619 6376.171766101664 1.000084612040124 1.51670107369719 218.7835203391859 0.01228762882173024
0.062 6376.206323916404 1.000084241011863 1.516607912987703 218.5588945433709 0.01196207545693705
0.0621 6376.240941494746 1.000083870629012 1.516514728642433 218.3338802841507 0.01164388578385175
0.06220000000000001 6376.275618853377 1.000083500894155 1.516421520691972 218.1084774530513 0.011332925821931
0.0623 6376.31035600897 1.000083131809871 1.516328289166889 217.882685941693 0.01102906329441885
0.0624 6376.345152978185 1.000082763378735 1.516235034097723 217.656505641797 0.01073216762096719
0.0625 6376.380009777662 1.000082395603315 1.51614175551497 217.4299364451966 0.01044210991003461
0.0626 6376.414926424026 1.000082028486176 1.516048453449121 217.2029782438316 0.01015876295103745
0.06270000000000001 6376.449902933886 1.000081662029877 1.515955127930619 216.9756309297421 0.009882001206282607
0.06280000000000001 6376.484939323836 1.000081296236971 1.515861778989888 216.7478943950631 0.009611700802686479
0.0629 6376.520035610455 1.000080931110006 1.515768406657331 216.5197685320417 0.00934773952331111
0.063 6376.555191810303 1.000080566651526 1.515675010963327 216.2912532330314 0.009089996798664597
0.0631 6376.590407939926 1.000080202864068 1.515581591938225 216.0623483904805 0.008838353697794161
0.06320000000000001 6376.625684015855 1.000079839750164 1.515488149612371 215.8330538969434 0.008592692919208628
0.06330000000000001 6376.661020054603 1.000079477312341 1.515394684016073 215.6033696450812 0.008352898781593614
0.0634 6376.696416072669 1.000079115553119 1.515301195179633 215.3732955276495 0.00811885721432613
0.0635 6376.731872086534 1.000078754475013 1.515207683133347 215.1428314375279 0.007890455747847311
0.0636 6376.767388112666 1.000078394080533 1.515114147907464 214.911977267673 0.007667583503777488
0.06370000000000001 6376.802964167515 1.000078034372181 1.515020589532253 214.6807329111538 0.007450131184939994
0.06380000000000001 6376.838600267517 1.000077675352454 1.514927008037958 214.4490982611395 0.007237991065166077
0.0639 6376.87429642909 1.000077317023845 1.514833403454811 214.217073210912 0.007031056978955893
0.064 6376.910052668639 1.000076959388837 1.514739775813037 213.9846576538474 0.006829224310950765
0.0641 6376.945869002549 1.000076602449909 1.514646125142856 213.7518514834286 0.006632389985275282
0.06420000000000001 6376.981745447194 1.000076246209534 1.51455245147448 213.5186545932387 0.006440452454710388
0.06430000000000001 6377.01768201893 1.000075890670178 1.514458754838122 213.2850668769555 0.006253311689719185
0.0644 6377.053678734097 1.000075535834299 1.514365035263978 213.0510882283692 0.006070869167347568
0.0645 6377.08973560902 1.000075181704351 1.514271292782264 212.8167185413703 0.005893027859961512
0.0646 6377.125852660008 1.000074828282779 1.514177527423174 212.58195770995 0.005719692223859404
0.06470000000000001 6377.162029903353 1.000074475572022 1.514083739216922 212.3468056282057 0.005550768187758528
0.0648 6377.198267355333 1.000074123574514 1.513989928193714 212.1112621903357 0.005386163141146757
0.0649 6377.23456503221 1.000073772292679 1.513896094383769 211.8753272906382 0.005225785922517787
0.065 6377.270922950229 1.000073421728935 1.513802237817298 211.6390008235124 0.005069546807489484
0.06510000000000001 6377.307341125621 1.000073071885694 1.513708358524543 211.4022826834638 0.004917357496813732
0.06520000000000001 6377.343819574601 1.000072722765359 1.513614456535725 211.1651727650923 0.004769131104266891
0.0653 6377.380358313368 1.000072374370326 1.513520531881104 210.9276709631102 0.004624782144455787
0.0654 6377.416957358102 1.000072026702985 1.513426584590938 210.6897771723364 0.004484226520509249
0.0655 6377.453616724973 1.000071679765716 1.513332614695504 210.4514912876783 0.004347381511669114
0.06560000000000001 6377.490336430131 1.000071333560894 1.513238622225083 210.2128132041497 0.004214165760812296
0.06570000000000001 6377.527116489712 1.000070988090884 1.513144607209993 209.9737428168709 0.004084499261876041
0.0658 6377.563956919837 1.000070643358045 1.513050569680551 209.7342800210566 0.003958303347195762
0.0659 6377.600857736609 1.000070299364726 1.5129565096671 209.4944247120401 0.003835500674784819
0.066 6377.637818956116 1.000069956113269 1.512862427200014 209.2541767852489 0.003716015215516496
0.06610000000000001 6377.674840594429 1.000069613606008 1.512768322309679 209.0135361362112 0.00359977224025376
0.06620000000000001 6377.711922667608 1.000069271845269 1.512674195026505 208.7725026605498 0.003486698306909067
0.0663 6377.749065191691 1.000068930833369 1.512580045380932 208.5310762540115 0.003376721247460714
0.0664 6377.786268182703 1.000068590572615 1.512485873403439 208.289256812432 0.003269770154883052
0.0665 6377.823531656653 1.00006825106531 1.512391679124511 208.0470442317531 0.003165775370050618
0.06660000000000001 6377.860855629535 1.000067912313742 1.512297462574676 207.8044384080234 0.003064668468586514
0.06670000000000001 6377.898240117326 1.000067574320196 1.512203223784493 207.5614392373799 0.002966382247660673
0.0668 6377.935685135986 1.000067237086945 1.512108962784559 207.3180466160896 0.002870850712773392
0.0669 6377.973190701462 1.000066900616253 1.512014679605495 207.0742604404967 0.002778009064465606
0.067 6378.010756829683 1.000066564910375 1.511920374277964 206.8300806070632 0.00268779368503654
0.06710000000000001 6378.04838353656 1.000066229971558 1.511826046832674 206.5855070123579 0.002600142125212955
0.06720000000000001 6378.086070837994 1.000065895802039 1.511731697300359 206.340539553038 0.002514993090794392
0.0673 6378.123818749864 1.000065562404046 1.511637325711807 206.0951781258849 0.002432286429298322
0.0674 6378.161627288036 1.000065229779794 1.511542932097843 205.8494226277688 0.002351963116565253
0.0675 6378.199496468357 1.000064897931494 1.511448516489332 205.6032729556781 0.002273965243375207
0.06760000000000001 6378.237426306662 1.000064566861343 1.511354078917195 205.3567290066957 0.002198236002038988
0.06770000000000001 6378.275416818768 1.00006423657153 1.511259619412384 205.1097906780109 0.002124719672997692
0.0678 6378.313468020475 1.000063907064233 1.511165138005907 204.8624578669136 0.002053361611416658
0.0679 6378.351579927566 1.00006357834162 1.511070634728833 204.6147304708178 0.001984108233791717
0.068 6378.389752555812 1.00006325040585 1.510976109612268 204.3666083872203 0.001916907004544345
0.06810000000000001 6378.427985920964 1.00006292325907 1.510881562687373 204.118091513736 0.001851706422649897
0.0682 6378.466280038757 1.000062596903417 1.510786993985365 203.8691797480805 0.001788456008265305
0.0683 6378.50463492491 1.000062271341019 1.510692403537512 203.6198729880874 0.00172710628938433
0.0684 6378.543050595127 1.00006194657399 1.51059779137515 203.3701711316734 0.001667608788501093
0.06850000000000001 6378.581527065095 1.000061622604437 1.510503157529657 203.1200740768849 0.001609916009318873
0.06860000000000001 6378.620064350483 1.000061299434454 1.510408502032493 202.869581721863 0.001553981423466922
0.0687 6378.658662466944 1.000060977066123 1.510313824915164 202.6186939648613 0.001499759457261675
0.0688 6378.697321430118 1.000060655501518 1.510219126209227 202.3674107042337 0.001447205478495899
0.0689 6378.736041255623 1.000060334742699 1.510124405946329 202.1157318384525 0.001396275783272211
0.06900000000000001 6378.774821959063 1.000060014791715 1.510029664158165 201.8636572660902 0.001346927582870125
0.06910000000000001 6378.813663556028 1.000059695650605 1.509934900876493 201.6111868858201 0.001299118990661283
0.0692 6378.852566062086 1.000059377321395 1.509840116133158 201.3583205964395 0.001252809009076107
0.0693 6378.891529492793 1.0000590598061 1.50974530996005 201.1050582968463 0.001207957516611487
0.0694 6378.930553863685 1.000058743106723 1.509650482389154 200.8513998860507 0.001164525254898371
0.06950000000000001 6378.969639190282 1.000058427225255 1.509555633452507 200.5973452631691 0.001122473815821931
0.06960000000000001 6379.008785488089 1.000058112163675 1.509460763182225 200.3428943274247 0.001081765628701539
0.0697 6379.047992772592 1.000057797923951 1.509365871610502 200.0880469781526 0.001042363947533081
